-83.424417882889372 0.000000000000000
48.131947466914305 0.000000000000000
45.445988181562349 0.000000000000000
8.909801543181475 0.000000000000000
8.849495003140852 0.000000000000000
50.527706560274254 0.000000000000000
36.244928567095386 0.000000000000000
6.004441244705800 0.000000000000000
-11.045809270240746 0.000000000000000
23.995158358207650 0.000000000000000
6.215864077029994 0.000000000000000
19.647686619230356 0.000000000000000
-32.522191210606003 0.000000000000000
58.637084653355217 0.000000000000000
-18.403199254576052 0.000000000000000
5.408139127478745 0.000000000000000
-22.530496888436765 0.000000000000000
-10.888636044422514 0.000000000000000
-0.454717433642312 0.000000000000000
4.743095341090603 0.000000000000000
-21.647744295538022 0.000000000000000
15.305130631830316 0.000000000000000
35.172601996959102 0.000000000000000
-28.767585099443941 0.000000000000000
20.699812993034378 0.000000000000000
-45.436349882989305 0.000000000000000
22.963906914614846 0.000000000000000
-7.975652850868292 0.000000000000000
6.040865760811768 0.000000000000000
-4.610368628244862 0.000000000000000
-20.303085293993735 0.000000000000000
-7.285201679360625 0.000000000000000
-33.520661042380212 0.000000000000000
1.738579006405280 0.000000000000000
45.289202365616305 0.000000000000000
51.728357192602999 0.000000000000000
-3.835776595785913 0.000000000000000
-1.132203963661021 0.000000000000000
13.086923123937813 0.000000000000000
0.726597458700756 0.000000000000000
2.187379347999797 0.000000000000000
38.204959195655320 0.000000000000000
28.253085011608828 0.000000000000000
-72.245226183327830 0.000000000000000
-59.286225969380681 0.000000000000000
29.888920198183385 0.000000000000000
-0.931637249717422 0.000000000000000
85.651066566805028 0.000000000000000
-4.697223808133415 0.000000000000000
-7.504983660060327 0.000000000000000
42.577193451716163 0.000000000000000
20.252418434163484 -10.026152190829631
-13.468527256851596 4.816007421084991
13.063187924560395 0.221681270753518
8.138635045177354 -28.823734880087574
-34.248824857871398 19.076580550912702
-16.191258354193341 31.845205561856059
-27.085121327538690 -18.221198897207632
-16.921776485743763 11.983980388941907
-12.693343442102638 8.219246099816763
-34.347875864724038 -12.191194995201597
13.986618012657321 8.364332386446332
10.478498502438716 -18.758818234407606
13.176599125579783 36.800518091904415
-10.812885779367535 15.532499192387908
2.602776509132780 -24.312515273478599
-5.121384508325350 -42.765132430751784
-19.721498025491233 -28.066855600233485
14.948961580506190 -23.162073005578062
10.704376003362594 -8.771863878331017
-7.109534093326243 -8.442158827993531
-20.070348003119978 5.623117292613601
26.819401702212406 25.985169035762471
-6.879338710867263 40.565126944573272
42.309561839281791 -4.967639459208080
-2.852669072002544 -45.063051702494022
21.448122000516847 -13.188432639160093
-34.379131460922039 -6.236253920544042
12.410869977310222 51.202224846648036
-24.173631935860424 -12.495215222280917
39.695004856472536 1.053196363002030
-13.252104310787461 -20.005980480067198
7.175110440877991 2.291267483195019
6.848627078012044 -14.250219193921136
0.485903999089486 12.595314084569477
-12.745913974902065 -7.889187819659343
-8.483322985891684 6.686460141911935
-23.474343320969222 -4.561630392757808
1.238942116591912 -55.910846228650257
19.242679609776985 23.813481095475840
17.416801224100173 78.369310227055152
26.609973188875529 7.073728481939115
-14.264407288509142 -15.632301217196012
42.217070806287907 14.897139263790683
5.716303564993934 13.961002213461164
-25.189671202924487 39.303886113467193
13.021210531107869 -48.460995212200110
4.140980599277788 -34.071497783075039
-14.198172288884383 21.931370880505884
13.399318424187646 15.104712115803473
46.450834681552820 -12.543424538511427
-24.070442094897931 34.917446586313915
-20.036883512412910 11.543724257866918
-15.094797408914303 4.856080157250597
12.045179808389847 -15.777829936576428
-1.281337923427392 27.738375010879857
0.647651174675446 6.883185539956352
39.549474761578651 -15.833893431170942
-6.614243853650445 -3.894873964476837
-20.073604586385155 -40.039190015891229
-17.268332623924149 -4.030913601304477
22.475508588291010 -13.893966692934312
20.728326601347870 -21.812112912092552
-19.048487144232251 -43.891394558772305
-30.566694561737950 -6.331358334766867
-12.150717444864416 0.553549512284168
1.327351125295973 13.079290513528639
1.339851633673536 10.557209074124243
5.447402679567612 -27.714575085420563
6.952095552428602 -17.474088495820371
11.766400933086921 14.887783824552677
-16.288806518716360 8.914678720968130
-24.816614666682735 -15.517880117867136
-41.136402375570526 -1.948582483289081
16.285489081442549 -34.176961000671682
-3.144062091364051 10.771058143664657
-19.132564571352194 5.772153759814494
-14.276897024216252 24.285511869921141
51.350576253081037 -3.459719866546751
14.036769134722881 -20.537888821801641
-5.572759580357521 16.511592938866219
55.795034775050929 40.582389604410402
-43.078931593674270 -7.310546009740340
-15.247816620043709 18.001937693410518
12.519598780616795 8.696682489741322
8.973876168265887 15.920317253442056
-23.965281487050035 1.417634247599797
21.912876130517652 -46.963614682537603
19.850163613216711 0.012369541893055
-2.544904056964250 11.837431481027849
3.489016362585786 37.801062468477568
70.855560396328499 16.552527865649797
-36.544649413501197 33.679669247855756
-30.789368711323576 -16.605973384938114
18.873953466879321 8.659681096645880
-7.316840207411555 8.807533455663208
-16.727022387414848 3.879782552459598
-1.871294998827587 14.423252022583231
-42.972423483219970 86.522939348716648
51.234154652271002 -5.252823284399793
32.389328666267382 7.140376843504501
17.241290041202625 18.862712058712408
0.407148891052968 -47.266020968928146
44.962260738547911 -2.163377637356962
-13.411137516460027 19.081485400734451
-13.619243216933500 -7.699385421426293
-11.600230288737114 -3.520136340569362
-22.056691158248835 -12.437147960972821
-9.439934553360246 10.434851988044812
35.294265383482525 10.425168696520656
12.637166208315781 -13.078865945198215
-23.893155847570821 7.062622966669050
26.841909818701652 51.128553736046854
24.067722320527292 25.589698936039539
-24.240051356733854 16.430986885083225
26.636700416438451 -7.426400470173693
-24.725820255447388 15.269210409418346
17.017261737997934 -20.892645359243964
5.254635573848207 6.226082754455835
-10.419208486908527 17.905050558571407
-33.490101898457077 28.371984262668715
-6.704416080855139 24.752155968225694
4.081080813886219 -25.512100270260206
-9.932583843802350 -15.926763600194732
-39.530469391502599 -5.284246217098791
32.146839824739985 5.659979527056170
18.241691784302343 -28.221597080489552
16.721024625252376 3.856864825462599
10.859697908836266 5.473381118098374
-30.272277360759443 -13.340171071859340
-22.605469963498830 16.558652211479053
20.051752219025616 -44.178630127074271
26.249628979526989 10.345126905366449
-10.612803364992905 20.670487167919774
28.936476363162178 17.592841790713472
-41.502437329635562 -65.142054702711789
-40.189872977816677 12.312302085825428
-13.881431884076838 2.257530906155329
27.742614017485490 -54.533584974367983
12.092956832812687 15.529129233276956
33.874072129468175 -6.128733489863221
-1.011270811148513 -1.511840162210730
52.552440043512533 -6.598896449262307
0.556776199052888 6.725086727031607
-35.153370546550732 19.535281868921878
11.412698633302170 55.046497432959946
25.586404510313301 20.047591632390134
6.829408485671167 47.594024145978921
-10.478357390281138 -20.139807822093676
10.968615345816584 -22.932748234127303
26.675089681686316 -9.700013792814200
11.906218481743016 -8.986886391377395
13.941177407782115 -24.706835398638567
-0.795017791838763 5.074479381875370
14.004677749640738 14.009589928223694
-10.911142856661051 -38.476557334791821
-5.267973670916979 18.314359632391341
-30.697820413787500 26.504673479382031
31.825142276749407 -23.182995928657430
-6.326404408242339 1.689599253624825
16.059707753430249 -7.291699416070537
4.092297446884793 -6.471112808310066
-22.873159620763690 6.538342842729701
-21.313897504253056 -20.506847601518182
-11.507649723046850 24.696452389090780
19.826168814601505 2.571633146058207
0.338397655909737 -9.318015475277242
8.440331766334557 4.998725991481481
-8.278937353463020 10.032030614601155
32.922359070093357 0.042569618819420
7.528760388309933 7.622881865948648
-7.900351472090676 3.789133706343259
-1.355599516200628 6.666777110820460
-6.564776344228768 -3.744984502304195
-41.205341900227687 2.321340287363253
-49.866482849709442 -1.278488534282356
18.414373109920707 -1.913846279846354
6.255368479014616 8.522132434367762
2.647514342756550 20.952378398374425
-2.435660655239427 6.470951044618857
12.773200372831758 9.272610689636258
-52.741096144064791 -21.252818216499325
-13.168728191270773 -28.604703930983579
6.994479908052027 -30.681808585416405
18.454967894534239 11.956504145954673
-76.916260635042605 7.297412548328687
26.623719944610006 -4.018647207598531
1.575787984517173 2.835104639529961
-78.011404119800801 14.320681841114725
23.160071495363272 -5.504116057278704
24.904012083571239 33.732213089282538
36.112653909726205 17.376781754381621
7.717759065049485 -8.274843973828535
-39.982126624435921 -24.586194758716037
-1.264159703190218 -55.262842478575756
-11.361177937853018 -3.199932840873867
7.196527791340608 24.564165228412143
1.678587140582074 39.725258236323910
23.560740356110813 -1.119208807928608
1.435400852969048 -11.250740826418724
32.864542453578672 3.935729487517293
12.224455586323872 -14.789745029091957
-28.121568251681676 6.532078166940789
4.321260366862352 21.428416808226554
27.061198124931092 -55.539161397737629
-0.683286681109868 -17.859678596494994
10.882356096306198 39.841022262886170
-5.061754979665541 -31.087870898696270
24.910002540631510 -27.569688766358304
-12.309328988894675 -27.922566867743367
10.790226697362653 21.217873744397998
-44.076402712301615 3.272643001120970
1.563282388047623 23.748903853814191
5.973898227181661 -3.321641632410965
42.053014376521269 -13.110749260346255
8.158436913963861 -14.282051094119208
-11.548294249402009 20.131987353191182
16.041999990659431 -32.299562319559506
6.568192496526296 17.275342135809971
12.084708051054054 40.515278380590210
11.366998253272060 12.988181867517843
1.716994089851235 25.597839038731337
-2.935670463193517 16.158844483614182
33.197394316800434 3.586682277652980
-11.569446779587389 -1.229999723309140
35.937345971310727 36.914208347268548
27.941698705949733 -10.192612936259195
-4.415467824812413 -34.022022977106040
16.924358294530748 -41.909208257741838
3.294884878027658 47.199420202441587
-34.607507660931276 -5.080841525674270
-3.927844227524881 40.866794155213938
-19.051098721987369 1.808537242342915
-46.841619623121566 6.945571149358320
-24.816736946649776 -34.345923236397930
17.785763870775632 -1.388130157892382
-20.176326150973960 26.108895894716202
-31.467507330507928 -17.019938663858785
40.608151950686249 37.033149028682644
19.066271730244274 -25.849501752451651
16.336400422386557 0.776823931221288
25.368898851337082 -11.153765706116973
22.367210188622934 -19.978477941010354
20.204376879355692 -11.220434700377172
12.092071734901305 27.951311979811198
10.182477313517669 -22.292952268842580
-30.498342316371009 -0.448128350154893
21.670248185958631 -11.480770287876863
13.707660891399684 -0.354739534107913
2.761488132560089 7.996907114224597
53.418065653490324 -16.793082026055771
0.512911469178410 32.859620321107158
-29.012489252466416 -17.975977619951195
-6.345405384762516 4.913847208503023
5.196981991998242 71.498848892031717
-5.437191490758310 3.571140805230517
39.585297799336544 -15.106414475702501
-25.345853768915791 -10.024543852691767
25.628851291193897 -23.676567981051029
4.836791623302143 -28.961757899109326
-5.037835881067227 -19.447442446601723
2.743800388491662 11.039569572393530
16.115674018447439 14.437122318496048
26.020569298303794 -33.322019958601452
27.590549754024792 -8.239330416477506
11.299423840028377 21.220806561735749
-6.781532000076079 -1.293828061373883
28.488933622165085 -31.156815118619694
-22.326447245536801 -10.401366223584082
-18.656951200204304 -4.978168045365972
1.429344309151085 33.183084355572113
31.541590961434586 34.813166849402684
-17.192713597645632 -6.305906464800397
-19.283481217609044 7.603056387496689
-27.027394468880093 -28.980525728599407
8.500947702258848 2.080623471740571
-1.046101724990019 -23.725998442826807
29.873244788863143 37.555409348499943
-46.369365984196357 -17.795780321828964
1.828901467356385 -20.747275122938657
-12.350383214441926 -10.227139067411050
14.572452962738051 1.810592167821392
-18.389036074491141 4.157366619272339
20.906393285637598 -32.360506304592697
-29.515193202045687 -9.475443469488477
8.421538884442828 5.788660456898103
25.999600722218691 -23.716208006105315
20.876881144038904 14.753759043759610
-17.507334689052808 -21.119531348709973
2.707038062013160 -37.386653930131871
-38.515719694755028 -6.479004196683558
30.944455633168396 4.765644371544779
46.515868728539907 -17.051027880724117
-9.021127573106396 18.111925086918330
-10.914274778032972 -29.550374128216479
9.451359170136101 -23.127018454226846
-9.937823485313382 -44.087324462491573
-1.252373787942973 2.002370072470681
68.551048658143273 21.659593783314129
56.460251596697177 17.133773352140967
1.097882789210607 12.898996631559109
-2.060288316945865 14.156816039581605
-7.213282109830565 -33.011051290577868
-40.565022627460067 15.714149993699028
14.604006991222027 -0.027766270518505
12.917783425053548 -43.192861949516875
-10.404427334021227 -4.425421538664634
-24.836463407588951 -40.530422620318163
-34.627081426968481 -11.111279454151829
14.583330582977286 -12.865663935493425
16.140060994410597 -9.856435203496041
2.527919330729580 20.632792594655090
-10.828363084106796 -49.036203480860060
67.199927628177221 15.480900921379979
-31.951597074248792 -2.647483811117580
14.478230649728577 -32.439568375636348
-28.748067614327120 15.680026059654864
19.523416173564279 -3.193519043795070
-21.235342222258279 -6.637833928687261
13.756548542863609 -44.473038062448083
59.903068795634667 14.361492752912865
-46.766282031062637 0.150113101209710
5.841091888110792 34.131947800939706
-46.568312931889196 17.999268843687865
2.846972314481662 -42.510162924866577
-40.677476596250585 -4.604872815134614
-7.139510424873103 3.782352421618449
30.765224721501301 -45.725109065083998
-29.099090749099346 4.217459319832714
14.467550587582304 49.686373990546791
4.770730078063326 14.537247137013351
29.776940333586946 0.982854230703289
23.906978171002443 32.669285357541426
14.757134524778284 32.681416688700274
-12.234674786154716 -0.929244465573456
25.829929572814532 10.254630359564269
-18.758676166800704 31.997104618037362
46.015108357794290 6.237541453733675
13.248612427279133 -9.036796722937224
31.332850990969977 0.635805935783144
7.203195560287233 -27.552638726906014
17.117634405681528 8.013611358764543
14.565301813821897 29.812269287214942
-16.298557437784332 52.276589579985519
-30.071369832942668 -6.063025541467866
-11.641497419892817 26.257110989642108
38.112635886909978 18.748153762593915
15.005026146416881 9.769706576334526
-52.253118952039081 -28.326194386758416
26.443481639617605 2.029783442920557
-13.108820842926795 -18.893968269816433
-4.744280253556706 -4.366715128626622
-30.077240665499136 12.845939035186028
29.897219355673233 11.291427638943668
12.141514394677854 -20.776134328205682
50.497119802149257 1.222767457281184
31.328892916140603 16.922406465515060
-2.658647407038855 14.220601235788049
12.332121105983701 20.497047451072049
3.948475796836992 39.213669286763341
-4.269592625602340 -11.988510302071349
29.848741698369736 0.549579056972004
-21.349632747437841 -63.779274538160386
-66.770812163788861 14.984070565889894
-6.032311440705144 -52.627828099260334
12.591087377176260 -37.658350065749616
1.279338885618712 4.378766068722115
27.708297624952401 6.984280621394971
-20.803489903699472 21.720520630822591
-42.993425899368788 -16.223615960723595
11.532999226783113 -25.228595566295066
-27.491913407858558 -24.714843443317069
23.449661706813711 19.190990516958230
3.320214335829871 28.707220356687792
1.226011299360096 11.117041417829652
-9.584226848089425 5.438923576810331
-17.549990389988075 -32.419328629137802
-24.590865674659852 39.454749154792175
8.470785628705556 -10.557580655561734
-5.057687144218596 -23.593676627705793
-13.702875302934380 8.105464420389630
8.762078617930221 -18.057471910335277
2.469102809037883 -6.179306271112040
33.464766350825812 4.084001433963000
34.318323658682793 3.560628900723232
-17.769441349486598 -37.048658908806907
6.634651381629425 8.101357693227028
-15.920243052778920 -22.561350546869047
8.860905051005595 18.878320119609185
-6.394743478606165 -29.409519538608954
-2.007608324670820 -1.888497420053762
-18.516254060643092 -11.215273291451989
18.949108429479157 -10.492888500420447
7.617027729132351 33.435431315135808
-18.557381820401492 12.383533586458640
6.358535723783830 -30.142234591708306
14.297228650848599 -9.336404915755683
43.878704332807672 8.074410744291198
32.285798616434413 35.541738958526253
-24.441982907455003 33.902195867676504
17.211846038837908 23.363330902322332
4.815846802795495 -31.203322317886403
-33.096592927575173 24.588449702157963
31.283159394071980 15.155341927087326
4.006252616740239 -4.319211528998495
-0.259267615963241 26.460086212661494
18.834796255265740 10.012045711871512
-38.624886427210427 12.697665575248228
-8.916455238491798 3.795161472649887
-39.214650645264250 -9.255863928701737
10.340922377986187 61.537845246832475
-12.171111143439697 16.532139235810572
34.466501528948505 7.130219612980324
22.933780289069947 -25.073890161180284
6.111313237891473 13.507106751002363
10.172762180833018 11.204063290669769
-2.923350538196200 1.293679995011740
20.807501664601560 -18.100695605876808
5.564511743632483 -2.359663852776754
38.699575655174634 6.018924532223844
4.482796210101030 -10.817063740377359
17.490500944569234 3.569325004142991
-15.078521108283082 1.501398364879020
-9.946324155099543 19.065530999292065
1.831259433112667 -7.911241250046139
-2.714672932477930 -17.638819944292340
17.235519959158392 -27.002817117435768
-12.458683988894524 -13.617669175136367
-3.383954215533818 2.630524311665617
-3.121864950890685 -6.198680497318533
-30.388046393855412 17.251931487017700
-57.351789864216478 -8.042216932631177
16.068922034015483 -21.223105547140250
5.940371251912056 -67.829763394850843
10.629024014827994 38.852313028279262
19.410691939023220 40.047833687345111
2.637622231409761 -7.514532911944049
-13.428726604865364 4.152592333618268
8.046056053377228 -15.347641179162292
-2.722669195593505 -12.382646202273794
-0.461851207963256 -19.181557075352721
3.880141279958491 25.857153403614454
-56.027678622388990 -41.895325076078826
-16.649233701277787 -32.278973735003895
42.739732113162724 39.382062546105942
-28.099469412147354 21.383398837260522
4.913900076673418 27.547336654680517
-23.276559496809281 29.290197186068518
-45.032608001463764 -8.429631830157584
-34.021979823918564 -23.747557420461884
26.311719144697200 -23.627220688658436
-23.084658979582127 -1.732024085384589
-10.141070157661467 28.052599462615184
3.619673668922909 52.928108445344385
12.699272094065730 -46.900722740761196
14.916672917041875 -5.735490249702877
10.975615916334871 1.996473031160900
-20.661992361708688 -31.312760726190572
19.033541301443602 -52.130598286919430
12.309805734474473 10.986224643055319
-13.300876744655545 20.825211388700232
18.790294222067750 2.952792063612422
-11.284270440693211 19.526408831915944
-2.795127280773884 14.013728707557389
4.152215235589305 -42.769492888118592
-11.603148664120386 42.772093419572933
-1.095727721844318 35.833118262660413
-0.173794889832631 7.187423804989909
11.854165828995283 -1.091195144533451
-20.810301667484961 28.642356353164960
19.193196386237169 -11.273119803439259
17.935819709336059 17.686901005480081
-40.259109307225941 22.502899387584190
25.516688970337526 -21.677588786622067
4.076406815705138 -14.475845866344008
-19.615501820009882 26.605242419697689
-26.879508992931360 -9.972472678675278
17.672209091557544 -5.149312996210071
-18.039906202031151 -1.742795502943699
25.075790202265811 20.339246046280955
9.371539268294175 26.649042005504707
-32.677979663666378 10.500499800693916
-12.333120718921860 -41.826277554881081
52.856263809848457 29.996124079368176
65.213488606687591 -13.738128782425656
3.043704267458933 14.128291559068387
5.851781194108498 -41.692902692203717
9.834704241018645 7.405072825513372
-9.053417776591495 59.815198402991683
16.682856962082038 -23.503486220971173
19.464040453323268 6.293809052734090
2.711572966828127 38.452893038286170
10.318597005113030 35.875297076921498
-21.305392801963908 -7.163779305555628
-4.462384761964434 -0.348302784429104
21.747460221710508 -17.471434453562811
6.154728152866655 5.880261318188960
-16.120056085290734 -7.768758680664512
25.825040987373985 -5.358018630705804
18.784669952007430 7.677491921178373
16.226127474522666 -2.522065388403471
9.591373399493758 -29.733713952414845
6.519612875135850 -12.027443769496418
-31.792265477705275 -36.781432308856694
-6.751372994498038 17.506962092739947
5.067328300892847 -3.061175815042319
-20.681725488689825 -37.533735174555574
-4.148701144404836 -22.540629648380332
-3.815911159398284 -8.966327767227282
8.292891196913564 12.545565544526047
-11.891044581592451 -13.345586763688086
3.759519605233403 34.455585389284096
-10.920350150610615 -35.396330044855823
-7.083110216495607 11.049983138399940
8.154650732220155 23.381483896978629
-5.048638460189025 19.731374097802409
11.688401424356798 22.811162976488315
-36.975829824685370 4.004385323347055
47.237529116376486 -4.647666493089421
9.676399661495100 -43.884683592272808
-31.409769889729684 -8.807420877554256
4.046140029023300 -59.228880610176354
-10.270777308241525 3.173649781159464
24.624683578059805 12.914701367465723
36.283108304743685 -9.818777383065834
55.385829052103716 30.986068946478586
-3.431852474377163 -10.362337471618366
19.088239701959921 -4.952836834675402
-12.956550110476124 56.520132974449346
-0.762476945672433 9.657431501850443
17.126707513136694 -7.877798041424654
-27.894514653529651 12.690158291450285
-14.498111203677505 -45.613156845114240
-61.630557784888254 -18.341982942102412
22.285357027236270 -11.091157797084376
-35.899100192579624 0.169484400540645
4.361119531028867 -9.789787464854570
10.928303887679489 10.936258872159272
-23.839335212518279 -1.449104035490515
39.218114436419597 -22.741510188668059
-26.138372540274418 -18.907142353650002
21.551545839633608 6.834019764348667
45.796019836977578 -30.959484951068390
19.556992033784891 -2.342429534146174
5.458849755703992 13.123752338456427
39.860920003846779 49.723515442894914
5.559922887475221 55.608646180999813
-21.142322712020224 8.935131693897890
65.663670025114243 -29.951551901962748
-14.142949560351447 50.099565324778361
-12.134626578822408 -47.458381382475295
37.896014085668199 8.049114699615645
0.818989243969530 -33.121280157167917
17.473485550001378 -10.585331434838611
-16.106677889412424 14.390381345662092
-7.001680497100945 -10.395944196789594
-39.726270790937832 7.161758941544169
-26.941570584652446 12.637565040754817
1.010125329029675 20.244528810902100
-5.209775836494931 26.496941403201500
-32.835526501156664 -17.692152424723808
5.492387032274415 25.401517068629978
-12.465313792363622 -32.057893606297050
-6.143262587427731 -6.128176108241895
-30.730883494806900 58.449944771587738
-7.174824462620203 3.024403884563814
-27.209110837916771 67.441723808501251
15.127728049131525 -47.995721248219908
12.089672767120055 47.446355893595282
39.627786301303416 -54.798410542856885
-14.179053478747807 10.433116374371505
-33.843595556816659 34.970962352408584
7.992792767184851 53.219997436124700
-0.858242045083080 -15.003972313240096
-9.252199798832347 -29.808925143357303
-2.259397531342551 -11.010694227267155
3.884096205045156 -1.258034413064545
10.078340249023897 38.876132433943724
2.395618707074286 27.457841773623894
-29.965712816982620 19.605487606963390
-68.284824579558077 -0.849812249752024
-6.232915772897065 9.948083202487744
-1.274952036207856 11.284906657621381
-36.177294463709799 15.143410020301296
1.655953113663068 -36.131940227503932
32.319379590230291 -35.267717871844070
12.313174157124298 -19.064533681018414
-39.449864060048291 -45.200178346693576
-18.367471941684368 -11.721868186368075
-42.437525575448809 -3.465835257117650
0.273219902616954 -7.770928889942006
7.947629028536737 -38.454648433247982
-21.312594473853196 32.664450102212577
46.511894298590335 27.698920860801778
-27.044076931100765 5.985756995889695
-35.627092665857987 2.229365124248177
22.561018821901467 -25.731638145575662
-48.193986448150739 44.414390843343334
19.483297735156246 -16.053051449242805
7.820013881973388 -51.838669769673551
-46.803917314127219 3.761839205625671
-18.241501120301791 27.424928063645535
11.543985679341400 8.662435909399056
33.392260019628402 -7.181867212165585
13.540833726990437 -57.644670220856973
-66.199886882559397 11.113611176912727
-22.844199074489911 -2.158250596061882
77.181281790656612 -7.397173376805440
24.674911600036602 -25.817689873886771
-22.754049332965543 -17.946185021870395
-17.503268547023996 19.750642916099650
-0.614362853700949 -24.362974473548292
-28.224229463348639 -17.361048596882579
-39.042193794589757 18.911985049311827
22.065015816967751 59.603621615980011
17.201309387937137 8.201669938000043
7.152847723721869 18.794097778613946
16.333463358008778 -5.940917158724769
-21.253173278337979 -38.866815575541672
-6.662538961023032 -24.454901943507153
24.062389208042021 13.520201237994977
6.111859870072998 40.070924422727764
1.954902569132539 9.573904516519198
42.063478756421524 18.564228157434879
0.205751246289202 34.723036587903941
-19.499299331376253 -1.949575279363976
1.107869753193613 -14.878713318123379
-2.850999672318134 0.218296931009127
12.765253561601316 -46.012389123620196
27.969111305849957 -10.148811814080643
-14.332711520780446 21.562788830977333
-12.421057592446179 26.715850404228409
-54.925058746489476 5.318190147414515
-16.881979317667042 8.200004570617054
30.507339123985613 10.791853769994150
-16.235855439993287 0.196891960136281
12.288367182903183 9.241319861690869
13.187116480521169 14.060474526715343
63.926845241316883 12.449871922352360
49.405637654025867 -9.790705391446513
-45.847255903902472 5.963199184487181
60.816078010533637 -51.332753811874234
0.307005448691690 22.596682357557150
-4.706533260198872 -8.340852058941980
-35.324431534590339 -24.337193181359964
38.313371695459963 -22.382250788253064
-14.373218685750455 -6.421108251527063
63.211310062142509 -16.081039875818448
-13.311031211657287 38.904184022676340
22.173910827266855 28.105533220531761
12.299319367038191 31.083129931231994
-21.635260376205501 11.564792955906423
-3.910560171371587 -4.112003902662586
-14.646673966667036 -4.037398649659190
-5.960957791681511 10.635903650568508
2.717764775673248 -13.579578698872615
-5.986282612669521 -29.653032394656851
9.439383107465142 55.336090056904901
10.992446565959831 -6.023944452137525
-19.429550182412893 18.664001359366804
26.607858583331900 -1.302836496483669
-9.610974383835121 -12.296587908874175
-10.820564378758244 36.336167078743237
39.032931684824440 28.899520320007689
-65.847872497057381 -0.337078177356021
-11.971955202436519 -14.545666461299591
-2.287244862184780 -37.283998565785794
-33.916364157152074 14.319039222529183
10.093741818864331 22.083812026528108
-22.419743692543616 21.180943784024279
25.812827953431547 -0.572153569193857
-21.809644883550106 34.543351292509037
-25.044891805149533 23.450621273047091
-44.154755345520648 33.163634913857834
-49.245030578051491 25.427899771237463
15.611541003536679 24.506949244850176
10.132579695757201 0.765080028592415
10.600735197627616 -58.712010902390361
14.017564403652386 47.862954210511774
-38.224449652015906 -14.367532886873121
-22.249008962066210 -12.394773640090881
-2.558365258332687 3.607482530289962
-7.776529472459559 31.872582523850728
2.300428417289016 28.236697415955891
6.763350795324847 -34.270124047164835
-12.656360429922945 -33.885196916181471
-8.667845163144690 -30.903821427746383
11.785414405849936 -32.537933855782612
18.478881563861464 -1.243998811468096
16.501589132703366 6.659473620402710
20.448545777227189 -1.947893646049184
2.457440550163693 -14.996633277920687
-16.605898020610073 29.029955859565270
-19.748831328182330 3.949727731840526
-71.963611849946119 24.314034175752557
24.975984957478900 31.548441145393586
16.517157401209413 -1.527372961085509
9.207747540773584 -16.839400498330409
-23.268114295902819 43.308898829887191
18.836779002558064 12.240589859287473
-36.382453495262794 25.222724593452693
17.181028773351727 38.782313469988338
21.605847734612908 17.623399634887740
7.798173481030958 51.324513584213278
43.645716899185594 -41.444724579849634
-39.324983688638689 -6.668907266905761
58.656407703881797 -25.193103827353077
13.552623929160438 -1.892584471670866
8.610095089466101 -28.216997708126090
24.958423457391898 30.667221292902649
11.679617376937736 -42.368151257285511
19.127298036992880 29.173610698880367
11.067445442024363 13.530623654902721
17.383577891580746 -5.151703453011530
43.056554633983730 -23.618321438550545
8.478721259718805 2.907206057481113
-8.907325383396563 -17.518819356113656
73.824351332468950 13.243484103527406
18.978983657156451 -28.906849662392577
7.685027291791647 -38.574551946425409
-1.832816910003302 -30.839438780326955
16.867586265009699 4.655751419183538
9.826152356587077 40.190522544406001
-1.424824909932302 22.633386676326069
7.761399961823597 -1.263442262999126
28.508274103583094 41.782791525992359
11.740214901789816 -3.222665446989304
-5.120643480399047 -23.924816723813816
5.904848837290512 -5.236740835553825
32.647144225938860 -32.022187192081020
11.273972997358186 2.156318812319214
-27.705975039294120 -61.383649123028960
24.968852389723981 -31.205909797392525
29.315644524757722 19.784155147175280
19.342015458166365 -15.407293985319491
-6.238049974560988 -2.195345257110913
-25.051504228632133 -28.726966850753225
5.031760864139943 -23.546049087017590
29.591178961802310 -29.529915581656731
-12.295082172680523 4.645927329714659
22.088236659081701 -5.431286646246379
-0.250661020502190 63.467343531094556
35.419647944608414 23.145842454154955
15.230722034036859 13.148313252386947
-18.849157043873515 1.800962865018234
-17.928383850448412 -20.071279452426062
-17.197390674828970 15.808226258998848
5.598327108385532 20.517609299804079
6.348009772398883 -17.609451400396775
-45.655406230285408 -26.037879666962549
0.066344068303206 32.360687485442995
-2.076883561542216 -19.840042720626329
9.605542386536010 -36.235171111001677
-2.680848417998200 8.737659032492481
-7.051659981196980 47.896724972983613
44.580810377045772 20.494545544159291
16.732109601420838 38.762556576631049
5.517970489688417 4.088827060176849
16.856872050557168 5.884950085890129
16.849893514195003 1.153286738124596
51.435916857095165 1.513120136290831
-19.875693222550431 4.834483971859276
-27.764132375379369 -13.190966991298795
-29.532265208917181 -17.926580564307876
36.303611129834508 24.017383333845761
-7.860172384454683 31.221988732556365
11.748712430019649 5.597520530996978
-3.768797677914633 40.050756679285215
-8.577277063903368 9.953402131678139
3.134385926896953 14.719698015660375
28.549683868336050 -11.473273262403103
5.053494073512915 -33.066838856646200
-24.885782616243219 81.707455876753514
10.718878999884062 -14.938938590277097
-51.116048356700638 -17.404732850850390
19.624243089074291 -0.407649268089650
-23.213279832731178 31.330466087706043
15.753708636624468 45.180353875909063
57.763533775897898 44.776104953616851
-51.109595760976049 -58.313992955442046
-16.541676318639084 -4.838963205922980
-11.230191838351956 -11.340155689257113
-6.736450021010489 12.251968403692050
-32.266373949940601 -10.055507028627090
-3.508319905573834 15.850633789715692
24.666575958444731 -9.475104504117619
-4.177929028490184 -6.362054211650841
0.979208470208919 -6.771798302777805
-41.772797119548571 0.593256576220882
-31.680778980163314 -17.024224311307297
-35.810961831271563 -33.912713213609834
-19.468907344526500 7.913847247850524
-6.909694599549458 -37.569256235240680
32.239284860781765 -18.172580325751120
-3.775068152411000 -33.322804225409072
-24.701003956026174 4.691171535048177
-21.727234743823868 -10.738974667444401
-1.319261634533759 -16.351757913009038
18.427439984992176 -19.687022549303663
12.546937214181259 21.902939807308581
45.474366741947968 -7.209993131062458
19.554560982428651 68.908316209125061
-8.528705881852545 27.337695795568052
30.502064281357910 10.744889693341745
-26.932009976689450 -19.812889972586486
25.134934326291251 -18.769722976342180
-39.329242256321109 -6.762640604488896
26.562601685828223 26.224467457151629
-50.328173915301782 -35.248866180633087
6.096641705457941 2.606951717228427
24.801234055929825 -12.164370234378641
12.965758923456400 -11.089492211228823
23.241633994883902 24.354804305428683
8.795265401765565 37.989876277977281
-17.180358895045419 -10.404949417910471
20.362789485685905 13.810596372652466
-11.103533019086733 -8.378998363746813
-16.955319119406301 26.053754725704376
-23.324603361507318 57.375870018077819
-19.643883155616692 -8.485819616179977
9.562067273604368 -44.906442462736415
-8.209817095025269 -46.114836300052914
-42.774493958560548 -7.033404769267350
-27.196008852686671 35.968727223613165
-20.231510800255297 -7.032215712142310
-14.567462543280497 -30.998921311846416
-36.925748826445997 7.332982718260928
-5.770437248542954 -34.637124793482798
-6.695143205299130 -1.618698537493064
-28.288344541815945 14.110473161788722
-10.740105989868512 -30.529972469749652
-6.784429284166515 -30.258023749913619
-14.804200403604888 -39.667374151831503
-9.214189109188045 -40.779553068859393
-5.458288707948903 19.513758929843345
0.266886980154982 -44.269889724130756
-3.492267941453532 -38.802675156740023
44.317938582576261 -56.827727838667805
-5.348538048250281 23.125432158858146
-21.102249279585731 -6.983431753172892
62.516920400103267 -19.511623465154852
-12.925089420678285 -11.508781910170610
1.038889632119236 2.711830343597011
17.104510765820205 30.438040935453046
-9.312968120402552 -35.817178494406008
32.686333544234685 -0.569724407189583
-9.691680672445925 18.288334380983919
12.004018581502187 -0.366702410620202
7.045182364117430 22.186054619043972
-3.773546153436766 -17.092174843797363
-19.595087961888431 3.118893661949734
-7.189426850194401 -14.117991490500179
5.051153841553425 45.564290800847068
-13.395780611600321 13.605781970754807
36.861961980080068 38.086988942196740
26.595757844172216 -23.269598674427741
28.407499667681744 19.236225877916254
-9.869145831153702 -1.954901663095289
30.157362800082172 -31.000308058671695
10.978389595204819 19.049390251292195
-46.336242973299861 -17.209569863199402
-42.296145431073079 -16.449583557047987
-6.206371983460920 2.161460523795121
-1.178709457706606 54.117297509709893
-20.630471528190601 15.239418796669728
-35.760704871566460 11.807894551082446
-10.405501086437548 -25.121291799746835
-5.637961134638315 19.533573253339309
-28.248430974025393 -7.581662626404926
-33.934970178684786 14.940771602674259
-1.781807920201295 -2.578418651014668
-20.040766465345207 -28.986561505145616
15.333730761203514 15.070639012356882
-41.641754570620165 21.923956312291331
-56.040489359768472 5.173635176605526
-19.769480661356262 15.343009844878468
-15.736142913908894 29.556313002060975
-21.721860508296370 -2.225345347070018
-13.258333808419062 -55.694394714515177
-9.119631297986338 5.299276959618794
9.153318899699087 -17.393319730751617
-4.910463100051018 20.105975673977973
16.959862556949787 -25.446023362173555
-31.020506435498795 -33.720917789541886
68.164164621076523 1.067723209592460
23.504187237320142 80.850502461696095
-28.375893084953145 30.811119914113441
9.007171630302253 35.614690319891068
17.323763090014470 34.482589443613719
-18.311238622861545 27.072023323320632
0.533221006554770 -2.904019659407197
-34.335685885083564 13.537623983631974
13.009266442595063 -18.527652959661900
8.284577087341956 -35.257331744612927
-20.727492221644635 -0.274257476751587
30.789135103874127 41.367676022635138
24.866275125439412 40.105002969116029
-16.770872636011731 38.771202594755543
-36.104847605229281 -4.025279601556817
14.253493119478776 9.741785770078343
8.201278077872265 18.760878733671575
-38.152205757223520 -18.214506951544735
0.883682085840338 -9.212319653254360
-12.970814363434025 14.500445596685754
7.409357152958327 12.228206283564404
-42.840154764245277 -3.260738292733686
30.491659964065835 -0.194185274164151
24.495087005509571 6.262005840973866
-3.381197541433581 21.462009884856311
38.778455164688161 -3.629136247692941
-39.426415733130483 25.275837163448639
-19.125885263370275 11.869047210411562
-15.511998163648444 -19.820428199393767
-1.599625645442085 10.592539290818349
-37.421190492044602 48.236935495667126
-51.165231513079995 36.947971753364079
-48.810341580871942 46.273784904472180
-15.429436453073267 -30.270741790757661
46.126797011260301 22.665209850098645
-28.248246558695936 -23.308706042549140
-16.360931132581090 57.511162874823555
-47.578769278486796 31.861882498218833
-14.696602286148524 7.651799896292845
-26.049387040264524 -25.989987322010059
1.122392010339833 -13.680954967830306
36.135828563123106 -28.876351152241238
28.823905223477048 10.985430789911605
48.691011329460977 0.254077409553581
9.626365985553592 -21.628411712307443
38.998383615160222 10.713805481792996
0.416129514762554 -28.341776025090052
-5.660518530064668 45.935633374657442
13.657380724420637 -30.745067137103305
2.275877842269662 30.585585835807066
44.333870811877063 32.176151195973041
-6.396698682067401 1.937449329541211
-8.665497124325617 2.907853798189604
12.338679506252550 0.793653765445067
-53.199031280723723 -43.386554131988106
53.302232256683475 8.992833189835563
18.817379942255371 -33.916161647225032
26.802646535567064 -5.528286527511555
-3.489641129143708 24.923904457761147
20.515117215006686 46.455229040504456
9.687859511391220 -7.146584412899705
20.401774328645825 -37.898511988970810
80.116756140727333 23.926783581879224
30.703366334606493 -29.480731300698785
1.552828042168567 3.493237005426174
9.097358731828553 21.798005300582457
-44.626809178669149 -2.523896089883509
-5.990660569703366 16.125386863308016
52.231982413085291 17.026812607916241
-10.433376998121574 12.518494926115876
44.235390118823716 -26.259180271499595
-8.905777354548096 -36.388845246646710
-4.542244218824131 -4.215548869730310
-5.166965965457712 7.714357111246953
17.642304798659669 27.512702665920113
-27.139192488163189 1.384962437330008
7.449058449818528 11.321183071272401
-12.710318545970921 17.004466453457599
11.633680640052082 11.727149898501672
26.067205252953663 0.598192322791655
3.361445947735300 21.253606485488589
-7.434606939431180 36.592192838049542
-35.947583053911210 9.959383649865085
26.766867988338777 -7.304119568532871
-18.797567490867745 -13.448266264150663
13.494248608599476 35.145823889826168
0.868738293959733 8.521851886607648
-4.911834581783755 17.897209561826251
36.556117240891950 14.523511570034229
-64.926942072075789 -49.879763356655225
-4.281832664413276 -9.278950667750507
-19.174395935896211 30.928649308905893
-7.592223735105200 -38.447484667468608
15.351723563706008 33.631279268790223
9.480160334408801 -25.300496451643500
-4.400102971650422 18.059252012321625
15.742401184976153 21.306236946483576
-23.885239192483656 3.373438921328342
12.371159106361237 13.949700471480032
24.360624047503990 42.258829989805093
8.745802185299791 -17.475168406638041
-18.101344159525528 -11.637197242342795
-16.325899137687951 47.927966117644345
23.327048886940002 -16.562480924946893
-4.069152370725624 35.441754898312496
-16.587621875653575 -74.617843696117802
36.217751410371569 -13.423634740326488
-54.343239041433357 -2.262852983863677
4.239098974109202 12.170587056598759
-6.334645051448176 -75.973897696797749
-36.077112475402160 -46.794504159504498
32.795332834753069 2.742516643370634
-1.527330566315674 -5.522435131830914
10.598734272422201 10.108161733915551
42.606848593450941 22.259707135408572
-3.215482257075126 31.922122872051453
11.234879276827950 1.261947569401316
-27.536413865245205 34.437815763249723
38.836511939575210 9.745882451583951
-27.970589064526830 -27.928155966415719
-23.706314542350988 5.142294871784014
35.125564555247792 17.141813139588645
17.310000550349987 -0.650281485818546
11.703729839159580 14.039989390393883
-22.021140054206363 -8.581876867420958
41.468297534312413 -14.501921432305675
-8.363631148007165 -28.627516406209303
-14.738770484498117 36.512141024570433
12.651834964813380 -7.977205504895220
11.523808447806106 29.164708674503004
-2.717601401730735 -26.629001047124724
-33.646906137021844 -17.759023183283439
-29.065387774829986 13.225517956115642
18.224313799558114 3.375403514811516
-0.520577937746778 24.442535813289744
-61.573523485625650 8.014667355228678
-5.083511140209571 31.476235717438147
32.148993432098834 -3.233366636682476
3.129582844535666 19.758508058905154
-17.934316105669165 -43.129769974998098
-5.724404111454282 10.048185264656125
-48.363594472320749 -28.339932418056680
29.536412998538673 -19.541911152492933
-4.407963369219785 21.325988753325685
-30.198858466414848 -23.708239801643227
12.849624217814171 -51.267222675554152
22.797640372544798 16.125455983963590
13.708717931203072 -3.098707244156440
-25.458752133339996 23.431482142411419
-9.127540066237653 25.549245114769789
-19.945090817486708 -6.222355816029842
9.076644164051272 -8.084376855819984
-0.924279109364980 -16.122768717950009
-0.302551252502559 3.795741244029381
23.971248197832903 29.247552147001475
11.795394212761229 -17.037318824359108
3.186629241859637 22.274028151110350
2.768053064325967 -40.916162219706806
-37.171552236040291 -28.576002193337303
34.556178587566279 -34.685527338132211
21.648544168225495 -3.245809693492711
-19.108802721473399 -34.338597883105230
-24.231279672621469 -30.841802211959447
-64.280079170131089 32.386430778155848
29.561879632376751 -22.098688776112649
-2.615905705755268 2.064967460459108
24.397105330363601 17.207113126020001
34.026908198111904 -49.586878205699811
8.755578405893235 -21.688919016579103
-3.193493468377469 5.927873636488272
-16.283909592715396 14.405192585408015
-24.730567965494412 -29.382823946045097
6.734181176057692 -33.774417577576983
22.422348263651056 22.660444789286824
0.399769396984796 -8.643734866886383
28.248983471237686 -9.797074385344459
-46.881181803677521 11.165837709485888
7.720798311088473 49.757451984142641
13.872611914693980 -0.118659165270617
-4.629574593181640 41.691438299347965
-2.623154415336613 46.495014021061642
52.862905814667158 -3.918270758834388
12.930867654016172 -33.901803858799234
-1.133752381698222 -19.692649265772165
15.329548649089217 8.480169281262031
1.502576898733669 -2.937008615693653
11.161246130067481 21.539041983208442
3.590189818110904 63.158599540847511
-29.001242761049891 2.767874671504624
0.897354457151847 -6.103317250460679
24.303409145607176 -22.873094830849229
-17.874962470041169 11.491667446863413
14.469877925719542 -20.184251247299009
8.593574301280002 36.435698090894881
36.994810422415036 -11.213452129553918
35.268924681161891 7.984617584412460
-4.510918331766592 40.237906399461835
15.049933719932225 -42.056171532422667
49.091927487740286 39.429100433440944
43.386920328091314 -38.185424203684647
-12.014517897158610 -3.597643711575647
30.441162425633770 10.474863937774582
2.469133835111617 -34.488606351304405
-25.218827338100816 -8.922980240291615
-13.558627782289388 17.694291155490959
-27.147291015210428 19.358662748504742
-0.889346869756132 -15.570231393245088
50.963346187721612 -36.127127292755738
-11.305568796876059 -4.666642530339407
33.941740259112116 11.376564769249137
-6.502720790655935 -26.649937955835316
17.013039614881354 6.850028735220123
-24.625625367293313 -31.286745359623556
-18.210446837275562 -19.768351367297743
34.927323721971732 2.044554694356171
-8.257947927378389 5.599822015685110
19.547739437599276 -22.510977024846895
33.671055701591968 38.700559599171733
49.363883645822987 6.564295312518752
8.446141705199928 33.843225675563190
7.388346076480665 -17.547742244841579
1.076757191189039 -19.987846524821894
24.088637309085467 15.134030439822764
31.275620156958691 18.776965718154386
-1.054980369251041 -11.140620180371807
30.353011908817088 10.938718926552289
9.740851481130038 2.426196939922496
-9.851418248425102 -3.638716202991154
-2.444375563323190 -2.723188861907250
-11.153756543447797 8.223929254297444
9.883274646376448 -9.319488660292027
27.243309769215827 -2.009001393255879
51.101697467834853 7.716111108017394
-11.564613199661467 -7.621772328783529
1.365011423119966 9.934884038479300
18.654294359837355 1.426702272340191
-35.291257027962267 -39.823320105402502
-11.285456507735494 -20.567585136436588
-38.888320852658104 -31.610827323005381
2.311167800962585 -31.036670562327853
1.705825545340788 -26.949541390169994
-34.312757254235656 18.570425278891239
27.225918887696778 -12.751232129393307
-17.104884909986353 23.653567387742182
7.492575804185051 57.553437172836915
6.561355798776956 28.693898878207879
-21.795276075496879 19.594517467353587
80.476415928966574 28.768655676909816
-12.269594397722477 -19.090565350455989
34.278125938505603 10.496110929732902
12.053888774824637 -16.618757489290282
-19.303551274443727 -25.906939395481849
19.541109840368360 -7.315731682292780
-25.135911757621788 -23.489315313656139
-15.255038389814890 -39.021568439763612
-72.281197104783132 -20.822756996101131
1.913240705324999 1.354318215645578
-3.449130263060551 -14.037875116450033
24.082160555445736 -5.537474299376870
-9.066396576103360 45.630675851612210
70.106982025220660 -62.388198509741997
5.087070097979223 -42.077556081645362
-32.576692438304789 16.440806373298003
46.428018407463078 -26.353617105831891
-5.763611190840437 -32.178726951213015
-21.070126195052058 30.237371561403506
32.026044915854115 17.050611784766012
24.603950876665678 -23.725442709422939
8.099489166009430 -34.388747986134760
21.398834292858073 31.232505979232634
-6.997310975036583 55.596374736899925
51.678403078941400 15.697649417556164
-7.474951580492270 -10.047745820848085
5.730651288277736 8.538824153218147
39.143065183983715 -21.515245800325353
-21.465389679334237 -3.418206974936291
-21.523366940914396 11.612918172680317
27.046237705975098 -15.316509903859412
2.591828743548549 22.793014061596342
38.444788961491895 0.287686891299944
5.424713811520763 -6.172683276601956
-18.670384106599840 -2.083270030301373
-30.859996376200833 32.569187494843078
-54.178863837012585 -28.732762061021230
-25.956195888981004 48.556500571186533
7.958440788659379 -16.265388435416771
45.945775359275075 7.681312825636783
14.988699028111892 36.525991275460811
13.604860882358096 10.382637057914422
-29.195562037626768 -4.062879561097151
23.495838135153456 40.040595415977066
-54.918216415386340 3.435107736202073
29.906660851614483 12.122107380818127
4.805643128833760 39.012833688126925
37.519013196416900 22.046055275658258
43.979857174625153 -15.403600993267855
-28.873090389385485 32.666292792815163
49.740676984801055 8.727996208525886
-0.399394134147492 -18.645759663503132
-6.218166557263491 -3.252682247265742
-1.805692320217667 69.749919596589791
-43.865672315899118 -25.876180123818660
48.945456833752417 21.218118293641954
-3.229578193808336 -36.607360201910126
-15.481447391222341 1.833156880184174
-1.573973303524213 27.321392642402508
-2.086163511364825 -53.935781284731135
15.012218208233296 -17.809116140326793
-13.922398758886690 33.875185475281732
-58.762454108164924 53.472974236889243
10.969172812104109 9.476840939802965
-5.630218338568671 -46.638259340800893
26.219796500127380 45.861129025818755
-11.509209386186386 -49.641979548450365
-8.381158856216858 20.379557782632919
38.015409273018697 -33.976259158244844
58.257866411958076 14.860593641137497
8.347241434565673 16.132245806529564
31.318554034250262 1.238542079498100
-22.855666105279774 3.614008551845995
-31.742288281170445 -28.815421781240307
51.176103031119247 -6.423807948985160
14.680977169096655 39.709344609339965
-61.478341733838668 17.697648261360573
13.696132694190343 19.886624289610673
7.266297383221364 -25.100569947545601
-44.729469169695896 10.117929661851962
-38.600981724963511 1.182319517072905
3.444307965564094 -18.222745845540711
17.126941130344349 4.595331617012727
-42.400051341619644 25.849760855414129
-35.629018617830994 -16.262699148220815
2.773296003584799 0.016512320068144
-8.009642070771417 4.994969428603656
-6.428001286700250 12.116314185008873
26.724951470620201 -1.274830584183018
-26.538949562208380 6.122119963584943
1.832113589306810 34.670848824316479
-17.805900885568409 26.796545022515417
19.771472199032289 -21.535059360558854
7.597290141461485 17.701789278106407
25.308674044049170 -25.091263084312097
27.895043743618768 41.086034804107065
21.319703685853749 -9.924752329711705
-14.901783641544940 10.843449502752573
-25.940156905433938 -17.602560238091026
-16.417164058202278 -1.414717710660188
14.397731653013000 -21.667818647829389
56.966294211613274 73.780340571673349
-2.230191506509232 31.519927024104415
-30.575625029863456 12.469874377461124
-26.834168257894031 33.716638488761397
55.004189577919547 -71.076587637756148
30.195793027526179 27.891671468995487
-43.254339662126654 -20.299251971875456
-83.919799353876741 -23.357993121889528
-11.441413913793525 7.827588250941591
5.004594280381767 -5.122873629119062
-12.443863825882683 6.039789274583931
-9.948745721654092 -18.308555918366096
-23.055020185603919 -41.721836061621872
-24.909795680030950 11.324919017255668
-19.805639418989983 18.503357440357199
9.947969741416886 -18.980858520549187
8.342410320022285 0.144770259087379
-15.439198769123488 32.633990544558301
-26.665973194864186 8.771675608128852
-12.174153167902615 4.076888704796264
27.719406958857711 -27.615660490002892
31.795974860273660 13.526117183167369
-32.851779932870777 3.212708828316388
14.206086255474347 2.260586412705955
11.961309133696199 40.865539253606244
-17.321123358460980 3.903804976218615
47.548143643705451 -27.748506441841620
-38.914066112446399 4.467278621239200
-18.232476577112536 13.488336522425449
-25.964780023618008 78.125575438767228
-39.221160813062745 -13.890057088561131
-8.463247012508061 -33.669306827923748
78.600321917230005 -28.520799483245987
8.960013235828171 40.316319627092945
-35.811466571348454 19.312524979987458
34.104950371596857 -15.226207590083861
-2.425204612207280 19.967575475075900
27.851560988165406 30.267849205057935
-29.010486047653835 38.242193208025739
-26.909670954648238 -55.599263366390922
-29.025648311629208 23.664277837810005
11.388642022566309 -55.631701990981952
-45.354411395427803 25.220584592434555
-30.339693133384905 -12.901666658954648
