0.000000000000000 0.000000000000000
0.000000000000000 0.000000000000000
-0.948420341644287 0.000000000000000
-8.331868101708357 0.000000000000000
50.470377417078183 0.000000000000000
-21.831030707084924 0.000000000000000
-1.211796065907244 0.000000000000000
5.847796504451366 0.000000000000000
-22.466013047209572 0.000000000000000
-22.331003507671340 0.000000000000000
-56.326733263475518 0.000000000000000
-1.471105828191627 0.000000000000000
-20.900533895199661 0.000000000000000
17.073636436608830 0.000000000000000
56.614823149033114 0.000000000000000
17.110361598308803 0.000000000000000
1.664245532306216 0.000000000000000
-38.648516567148192 0.000000000000000
31.453672110245634 0.000000000000000
68.670261133711605 0.000000000000000
38.564877853820200 0.000000000000000
23.417751709613100 0.000000000000000
-32.185188102542831 0.000000000000000
-2.465056175432824 0.000000000000000
38.436265109717596 0.000000000000000
-16.259766785849262 0.000000000000000
1.777910835896799 0.000000000000000
-18.047294799342389 0.000000000000000
-71.370261466311959 0.000000000000000
-4.331224196966618 0.000000000000000
-26.075476886624205 0.000000000000000
24.769835682729834 0.000000000000000
12.013574337252116 0.000000000000000
12.006335617351873 0.000000000000000
-46.318504602558924 0.000000000000000
-4.432889298164011 0.000000000000000
22.096871805107344 0.000000000000000
-15.101401682973103 0.000000000000000
2.646826885225568 0.000000000000000
-17.436687232283084 0.000000000000000
-38.452945937935397 0.000000000000000
13.421616111174199 0.000000000000000
60.806348613539193 0.000000000000000
-2.772757790225975 0.000000000000000
48.613914658208870 0.000000000000000
-7.191513438937623 0.000000000000000
74.987639386795550 0.000000000000000
26.307893360087714 0.000000000000000
34.622593648935961 0.000000000000000
17.304743299277010 0.000000000000000
-11.594421712511938 0.000000000000000
0.000000000000000 0.000000000000000
60.960686526426564 25.513658049602203
25.405013948531835 3.476447716387483
-15.955866951196896 -0.633919878046562
27.912585485855956 13.678875048062245
12.467382067098074 -4.074917886210092
5.217934443630154 1.557383405450826
-16.411639676279773 -26.910075130296011
-37.148927931710737 49.410000137311876
2.103988341931607 -13.978792045854270
26.340116683571541 12.009519350016753
-0.973016739350668 -21.420956605071595
-23.282371027125350 5.781075594376770
-9.412625449858179 6.065532885557590
6.166194128098647 -12.327642105740352
1.287734723955271 -17.645137210338500
-2.194611365787755 -5.052190989894559
-19.899223014629957 36.320409588214147
12.997196188545679 18.993070237715926
-34.425374424342991 -4.138299728537027
36.234118397199722 -9.269751611962116
-1.015999316397352 12.065574971040199
10.427109506632451 -14.262248772614043
-9.299480902489634 -36.070995511974765
-12.624444055152710 -2.132210269335813
-8.817057063557430 23.971960980304321
34.136156820800615 12.246596228129395
21.162882209716770 5.954936523005264
-23.000617287968371 -4.747642700743257
-25.086221604753856 -12.137248775263023
-14.506483115163951 -44.954328437061172
-1.407278745288543 -15.153621178456584
7.966700189019117 15.080913203605423
-36.017011769143636 36.070669699389398
39.211293975634185 18.626728594462858
9.710418606134462 -6.639028573988336
12.212065329344226 -14.021158450145391
-44.189286189869634 2.451004351106247
-17.512264187184496 15.033373054600395
1.918025029439534 16.240854512612763
-46.081975863942091 -4.109811103690015
10.189622022859092 -37.820996788492913
-24.984752510654623 19.209168504344508
-12.840180617052036 24.737982729788072
-20.036588613984282 -12.305644558269231
-26.326646075533311 -33.609058179322027
-10.793198812342052 32.606406384524519
21.356444814026172 -26.519614100538774
1.441935160740259 -5.043949360263766
-4.601140830100806 13.426479872815271
-34.165822213482201 -1.976778141183578
-32.566070608680967 17.707542931985127
-14.702633494612709 -11.314751822250107
-25.312283795738331 -5.901908526267935
-31.262585183198549 -6.401593747613427
25.635957021598379 40.374478291943909
3.465976411712441 -9.952321541213774
8.058652562019930 -6.432368016748197
-1.162908591374168 0.006531760331883
12.195923849375697 -25.883744002228138
-7.901461528430085 -8.816698977869983
30.170056512012675 -15.981477053011828
-23.293697830899443 -8.806287466633220
-15.144864309369650 -15.853077694769887
-14.404704093429094 39.784093562701429
-25.492718107881096 21.338772638691484
-13.434866121806040 39.967374877901101
0.252695673605208 -32.767049593986734
39.896989528266495 -4.830643791873418
-0.489682669052752 14.017365065273331
-5.986119908860650 -4.172257217282127
8.631433332831270 -12.021283550091342
74.669126402487308 -17.263162603059769
-13.452403883523202 -4.114614661807267
18.294776998652395 -2.569287917316319
-30.625389406517652 13.963807213554961
-9.630579400432545 37.163565037120755
60.535303557903980 -50.013387723794430
7.267663850938152 -16.401677866416740
-36.691474766326046 4.653861891318287
8.494487156679867 12.877269623921434
-9.377279055642262 -14.593501748767371
30.322731605159937 -0.813004460532978
12.179226572095509 36.508159471297965
17.429892850282599 23.750156873875113
-7.840912830587556 44.778645616501919
18.496111467033799 -18.069924179377178
62.875161596595788 -6.824200689894849
-13.941537190018302 -3.362358748422527
-19.714280178767392 16.103420657268181
-22.202234238830822 -31.393504548052384
66.761590763591087 3.697711466434782
-20.417927350775194 -1.264259748429341
15.212964300607249 -9.554598732571900
4.863721094834765 -12.138805662622474
-7.392772764824008 3.635308146866670
-33.781674050745814 -13.166928323604502
1.798736245984784 -19.329345999431542
-9.013148661830408 29.537319376836194
10.626528674448585 13.332137530866818
-36.013187641209683 -7.657191077613760
-34.418367721864790 5.351070039060730
-23.646732180013071 -15.100709809711550
9.246112045624290 -17.266682036142587
41.925449123145178 -63.307573231475857
-3.747946027182377 -8.305685854941199
-35.359310940192522 9.305767215529739
-18.838334069454646 7.942729397380124
18.170998498106851 19.249637278232196
30.033822875258846 51.935613408409303
-17.867874065451261 8.610454254403969
20.418964943776075 26.925645149537729
-4.041615365892908 -19.842882760203217
12.283276582343342 19.556748244741556
11.944969011455711 -26.171617293425776
33.778684986053740 -40.234050151803970
-27.984081261222240 -9.333050592262083
-1.742465700533370 -17.593224844593628
-6.145232779843873 3.130927966079177
24.647562218984223 0.058922785115549
-16.769836819556623 6.287394996712274
-35.197535755427488 -36.991183098280224
26.477554858311365 -22.741592329892978
-23.869297246804795 38.892027771120922
21.355491638961794 5.832147605436037
56.463702501511207 -35.082889093679988
-26.957704295995580 -6.749070891717721
9.844786876981921 -26.641312813322301
24.514549133085051 7.620265125212668
6.430887566707806 -11.236647191310947
-34.848815236958934 -1.891867351186949
53.026268004730746 -18.325164220556413
-39.084626494357735 -40.523453793414852
14.669093767398468 1.369669068675719
20.469556897138720 -46.678707484035982
-9.945953620726232 19.524796129110928
28.006112517058774 41.930236199663007
-7.030204424850978 -1.040667249451509
-16.248696226740929 -43.148426490204244
27.816403213618734 -34.437109874352636
23.210563621421024 -28.141425303438059
-32.412131153619271 -14.753770921074571
35.661335436334099 10.369869756831926
-5.002840209530230 7.795711903480825
2.495920823969176 -23.401025431189712
-2.838322076306269 -7.505204427135222
12.897280943021560 -8.088318701749529
-11.076770440543207 42.024746046957567
18.475720065755443 -19.052222472620894
-15.580130572373037 30.903423867758342
3.559044918588759 10.616668141912250
20.739196824024486 -4.137857621328025
-27.380533867375085 5.786197018292818
-8.563415653128585 -2.657501570682996
14.764182842439261 -29.986386765806124
5.164158540731825 14.065761424898120
11.738228774573280 21.356316880743428
-10.131774541978318 12.375485512575620
-12.045008330851200 0.780254155127852
23.636937640434926 -25.042618348509762
10.240737203957458 2.311412470235858
4.104524104995876 10.464482058722176
17.460601468811671 3.551281197888564
26.966497728664727 -1.980829890932169
0.650120930432815 -14.880594320569926
-22.279823642075012 8.978500249463346
36.966482652236721 -23.901758657235099
-33.335451378565118 -21.384914386902544
2.167940485372403 11.482636433902957
-31.296306909767985 -20.608685240571120
-13.238060539245966 36.960562316514810
-5.249942934211702 -6.340005170262044
-38.912575321728490 -13.211373090041027
-13.010452799846014 -32.929727545691620
-9.096275963281627 -10.722150630458035
7.741975772685286 -10.697190651817047
-14.493706527100791 -17.897444472501356
-13.325305265720504 -1.710136793604659
19.728750949397533 18.718833768649034
-17.997978718831849 16.651591204496640
6.293159119253871 9.887341819132192
44.817469162932049 -14.344762153144252
23.976250430830035 54.927976151944101
27.522918763296442 -46.988985822734506
-0.089292526366376 -1.467581397509578
8.221888187774351 -60.441203091723516
9.225717415778922 13.026283476851171
-56.291575807153556 23.717714747246013
8.866864599965563 9.282101899946362
12.803300948160327 -22.625193752006290
-44.721494002794678 -30.892432695782404
41.210036517529247 -4.265873000455062
20.542210998778152 24.417130095112086
-36.071645463366941 -3.099711328722427
-49.134711003064005 1.537695511576827
-42.206735478725705 -31.911588675829520
-7.982645764529170 -9.610102778013351
-0.898257179850799 -20.763471708333729
5.471591544223207 4.562227583018754
11.668024250192445 -11.278487282826887
29.892864606590180 26.202777574245012
25.921225183246868 -22.195136813947190
-1.045062069017482 -28.972759953761415
2.333301250789931 7.951967171509726
33.504885196340851 19.426020076802768
1.470225253006001 6.541471386646742
-19.055117175887563 -19.629598444883726
0.569916518324675 -9.926551464551379
32.560060268115564 31.488887043583770
-31.318687411566493 11.923143224064097
14.689828035598225 -56.973966983746045
2.433923262630180 3.169130249065565
-33.139277221058727 -17.372080715727687
-21.574469628693958 21.977582487541905
-7.228695096042444 29.703741322478159
-31.835771115026546 21.342333704812429
-28.343283921164701 -18.414968543710611
-13.018028333160828 -4.563585977511003
8.417471382916737 -24.019090855712740
25.303364868676450 -13.986842834381960
-21.657357656089889 37.639434867256220
-16.733718229068767 30.526762292065015
18.131445009734119 -25.082853988144265
-36.289082040742798 31.571301340790100
-15.298258711385113 45.072363963691039
-74.138268892384886 -11.545298923800152
-21.989785418658119 6.593957538202201
27.536871889062883 -28.094284166431738
-12.072878236566684 -19.232644426948472
6.723211668367201 -11.306518479241264
1.549621086612214 31.305474291738804
37.500868487065134 10.014168500159707
10.311161593576765 -17.150744571528787
-12.123402363624352 3.026601408304622
4.722149179086022 23.328287723350492
4.269860748607615 20.081998436580108
-0.067147425903330 10.418711157150769
27.030028081903147 20.921200469265120
-11.808654458719763 -6.664682071569887
27.129526300779496 2.113565491014002
-8.183309218809395 12.504606328369396
-10.617569806002631 -22.819121450280676
3.555064094837437 -15.543546884144329
-4.793883568174977 -15.503771557787871
30.361571216452059 7.521417077277258
3.282608406183841 70.595417639217729
43.907247849598569 -10.899224061815236
-3.765814617274701 -7.511998150305087
-19.182249539589428 2.154877746425795
-47.433834468689248 -38.330541584588843
-13.166102745525972 17.792112885319373
-41.777090228236510 26.504190131624117
8.611033698221311 -31.986621988828642
-14.209512372455430 -10.744460797747974
17.232064325991612 5.749035729297153
-14.219211785576517 -4.416108856692721
12.301288531415304 8.939413091170946
8.628038832638973 16.808261209550491
-13.036944053381388 36.797759291576341
18.810704539036923 -3.163281357587355
-34.705038182645829 31.807735376614051
15.397523089629258 -9.940543054793263
-21.754668357959588 29.746768976507166
-18.705294875855834 35.191524920794748
-25.841153925822301 12.487805321641451
12.817290314022673 8.923674096510309
7.124343650048335 32.040106141040162
12.768343945124238 -25.135635337796369
-2.205881805541716 2.341151107418652
-15.562626236875495 -5.908969902960595
47.417908416070127 -15.694143714137802
10.250868947931647 -9.276400858556661
-4.537554597611975 -27.273160117498428
23.277801682755261 -8.420478563032948
42.172603993726533 6.802258166406519
-30.750458319908052 13.630691677802227
12.917687666089860 21.886770760343829
31.125565576245162 -15.271038202575456
22.995474809095164 43.388544872011643
-10.035502135861289 -13.545287253092296
-30.054057553084306 20.978771799619611
-2.688007573261888 34.092637013915606
-20.768995589209183 -8.851863774803123
-3.033881154993407 -15.420691729819936
-42.698276135481606 -19.947220090006088
-25.557955174094626 -7.550811957097641
-27.061224996024940 25.346212251862728
11.698397169001792 -23.957359381730647
-11.340558429713571 -20.341768890243742
4.476482535925660 17.645941743743624
14.855031425267880 50.488476872197189
37.877210073441148 13.383423443749987
2.191529539462130 -25.507025836449486
27.526829947254541 22.246140279218977
-14.689553775669308 4.873491688933399
-6.588870739724582 8.333868123021928
12.308383157744577 -4.152877048042454
25.147807923810600 9.401934300728922
-9.050505616733981 -24.149425385897111
2.116803396400589 -12.695438191654214
13.835793499430913 -29.945095101898939
-15.576677978341804 -12.587180335897077
25.519685254046998 0.644191240018354
-65.131501060918978 -15.216216943437649
26.547368404447848 20.518994340244014
-2.865099387027131 2.990696301735027
-25.773598128644011 67.939651867451971
22.318866521223217 9.633944958621850
12.723767714008060 14.825028996764743
27.853542435290201 -14.670290479559977
10.776894975505371 -31.326892802275637
10.436993593428198 14.610337780319917
0.056108467126437 -4.195598439259795
-0.082314078621841 -29.936577382169720
11.810420060226189 20.590141160955969
-34.428180000027027 -23.336941567952664
17.495743652248024 -5.636645985580241
20.098076659462819 2.880453759329568
60.067486416045199 3.758034335747543
10.409509632130487 35.405883136130505
33.689883756557606 5.022188162374809
75.543503366862154 18.177886667788844
12.103002225481740 6.598388997349234
-10.631069825153393 -31.534150422624101
15.451204548269546 -29.398927122439197
-69.872267175052983 11.033927339084155
36.201104966832382 -38.778237066842657
-51.503115625405137 7.187062922650932
-18.426924665798996 -8.311872447039022
15.290043837843372 -22.568018901283317
8.767502995488194 -12.110050502294403
41.057562246337064 -18.157835552940117
-47.053856413241895 12.009655677830626
-19.959876646756335 14.536964011237856
-40.353140671014835 -9.301339220547943
-15.855889362672341 9.240395810891702
8.623095644960987 4.237623228573495
-10.126072549839567 -7.967395103623929
58.015771376829306 -25.378554159935007
-3.370257697747841 -26.486532324681622
14.055304982122909 38.587850847668605
7.048405542399394 -30.656565417875498
-15.359231157684453 25.549213507389943
10.327735492806687 12.136050677671326
2.214860781131066 -17.895211406553443
-7.437476624337479 2.049613627136403
-27.041525583245754 35.165641038430557
-2.701778198570903 8.299750650737213
-12.026767621539532 -40.814248640778580
3.947770444475900 -8.276280326473078
-17.858388605152530 24.503199960549367
-2.419772406773838 -16.066039323122485
18.978921983456512 4.068864658795269
-23.819087343584034 0.575693136404019
-22.756807476060491 -11.591630318553337
16.672978072560323 -12.747982242344795
-11.488820099745210 13.448867117186438
-25.186248776567908 12.757893217783003
-21.402374411617373 28.363239733382596
-3.783719595093770 6.905589274982762
-13.826055138066078 -4.505222713125661
5.929260816020700 -9.269468421337354
-57.479537344209589 5.113517495640128
16.915415537267723 22.756086253844604
1.558913425650000 -52.540124166994460
4.069927374019826 -25.084157452522529
19.595860416165706 9.815334888066745
26.702276887079123 7.596128733872816
12.896484343898726 15.272542909417764
-44.962381227409189 -4.584566373052798
-3.048840523353834 41.943107240136790
-42.278432409624379 11.559417355788598
1.604595665486665 28.555376831587807
4.948689440845545 -24.586040970270208
34.508978393871729 0.764837319337326
-27.167850787034610 40.676362440416966
-6.568111479272925 -8.270262113199172
-9.093532611728191 -29.054539666890538
38.891804746029898 29.614916217853651
-36.075843506785780 -3.751821645220434
-31.369235821200551 -8.129935965768349
19.862968286804133 -2.364680312750868
-13.951839020093374 -7.763695900596874
20.829645723948392 18.929305974646528
25.372165150415825 -10.561419168481644
-3.269510303513715 -3.062800144539715
-4.668548343761096 -5.872305437690308
8.284986889190941 -10.580013462158410
11.257189011464240 1.194760418583105
-44.238654434646698 -37.310431789278219
-15.388577546821129 -22.380207304573048
-27.863918056631352 -8.504057064672589
16.156345377282570 -56.126583560032735
-6.372401151565463 1.700995008716463
26.663284906309023 -43.283131567500639
11.616974238731075 -31.287645439515909
-0.323239020562380 -9.719777917106933
-17.011685089431744 -5.567664646938648
-6.218197094099343 10.731987141342216
-13.475572588755794 -10.550701602508363
-5.878276833843338 60.880339997957684
33.024220005930779 19.160586598363246
-4.875985351100200 -0.896240460638090
-3.432118523184916 -32.041270132113532
14.216634516058921 -32.294946422354968
-4.998899787438403 -11.800574533251799
4.050260093630582 -24.451924491337664
22.077791863351116 8.667167292242599
-25.865930838632448 -19.892279525904968
28.373219314012506 -36.487785506554474
18.909228671640232 14.618437345191566
-4.651031827912080 -29.179253926866210
-48.238667206383901 -59.439183766260875
22.417407604550942 -26.907019577144734
-8.503990348950973 2.409319085238637
-4.124185092630984 25.930169019789314
-29.609377090821742 -23.418491008306546
30.739033553225088 17.806756360343471
-21.687501478598282 -19.725209922381207
-21.452764214651211 1.938902764220170
-36.229551697004233 3.480960833843433
18.772344249192702 -8.293430720198840
8.434550251261511 18.879349409289237
3.593767101727611 -15.092137133247155
35.379039180742474 -10.189377947175887
29.585307342394454 -41.221327103297902
-12.262212889102084 2.270043509661273
38.465825808575637 -28.033681388992470
13.298231904637033 3.961053031778411
-5.538647483910733 -17.126733331493359
17.045973435751733 29.492620414534073
23.455548924001675 5.659647637677717
-20.178839597878330 -65.527434578152295
14.946446911985777 16.594208379548231
-10.303195486581398 -0.218522048217562
14.346504148945769 -9.765064316318957
38.597180753342258 11.183851730390657
16.691677846234231 -4.581349796663752
8.975776886938677 14.009631229534882
-0.861834271621931 29.012507746584685
5.934040665752712 7.064551415968066
4.404661506466285 -1.514599086686159
-2.440966552265224 -1.740635935654162
-18.935518098914596 -43.565041107685190
-30.459969677230838 -2.667967045653522
-7.203552203104201 -48.373957586175891
-31.305598440914370 -6.133891494461064
-18.294863797247789 -0.413909348371527
9.542210575497235 -7.310871383990080
-9.766897668064489 29.654937642727084
1.744904609166827 2.088556817995295
-23.458468946002768 28.609575880546682
2.620476108590608 -8.965409520712104
-28.496686547045204 13.166196738219764
7.311478056597196 -34.687802679930641
-9.984156665495242 -54.068146002570565
31.543114449285660 -25.391707589019859
-5.772328962026411 -19.382504435200950
11.544001555692111 22.887179007590309
11.758758155062974 27.715634001430338
9.774818405263034 10.587650433780272
-20.035701311022748 -12.064752534646475
29.562644962441553 7.283057459154434
5.620883910522728 9.531944380039297
3.327296176807502 16.701157566880369
-23.829115316960216 4.429655485280832
22.556330527810371 -32.401577656914277
-8.041251386456148 -30.937781162354810
-2.976472589932361 -33.061563197881952
-14.446544761541087 0.479663890129713
-35.555663683625198 7.847241616273258
-14.098390903506710 -26.825917982896673
10.355434414422417 26.043314449241397
-31.111969780169446 -21.055486847857622
-7.821341911408088 -8.100095207905495
28.661015910243954 48.369955427829304
13.748694871910507 -3.018350634029570
-20.349672122530222 4.873955182238916
-21.745032620589864 -35.333623936107415
-41.428577704737478 7.743175066091038
4.697079812310120 7.234235271245534
68.156310200933163 -4.819691617664409
-46.265656779298922 1.974185903218801
-6.708399908837738 4.239403012082667
7.673557082577903 -17.408208669169056
-18.819851723933077 20.653372332382339
12.125186620777983 -16.486721130563886
-56.784016169414997 -41.782691161406127
11.541719691429194 -9.909798710992781
15.398192771933735 -11.481403156455132
15.424773989617245 2.954019364710053
3.986352683154919 -4.364889718664621
6.922875011398750 22.005962257215547
10.083534727778613 6.815410422359916
3.849965547775264 3.637303774457900
38.531613858669033 1.142459506873062
11.703096443278186 9.066540239541574
1.379598826150649 13.786024137893286
-0.715877319533471 1.557107254185813
18.883526407335616 -5.722089813849610
-13.817266015496173 34.424959044144174
22.408838282732535 -32.535468733581446
24.035400931890020 -5.389111984102055
-45.397384416655711 44.221098410222218
-14.188488447515441 9.206022394461680
19.980023056460109 -6.367686682914127
37.009174079884744 3.758634634815087
17.430695250913786 -31.309004638165206
7.395287872817566 10.060303622169647
34.757396640306574 -5.543497325886621
-44.280805353209480 -8.884631814100125
2.855492563911052 64.070255914836068
-12.906522190955409 -20.470920068489715
23.305486759126978 -15.874544842608154
-11.459311261566713 -2.733011909439933
-13.796930366945089 0.699239006586531
18.006424306747615 3.563533540804888
-5.244928410885805 3.271854792500938
21.883986982527190 -7.880327660024393
46.121504047604063 -25.322117224168569
-3.524468118479244 -13.606166863907747
13.425767728147168 -4.994353149755260
15.016902110775318 -3.837631377096469
-8.941735098638082 14.110505440228490
31.527965441859234 -32.537259355537394
30.272812360932811 16.448791234145467
-28.372814595846254 -11.249980774214340
19.250190334875722 51.121466889264809
10.970577061005898 -2.919820516649616
15.215320847405369 19.331224228443553
-1.812661694383950 22.025160362442023
-22.041872866726496 -4.917695231722830
34.553814880697324 16.599937221277294
18.376647914021188 14.195531564743852
-8.631804768606877 -21.237077732364796
7.821924079934794 -37.633792079661426
-39.741236586053091 25.158850287284221
4.081281590383992 43.848850020780084
-28.141085249963155 -29.410525061578564
19.706528620068326 22.079486114354300
-9.737033124981068 -0.553965371130407
14.444615712323651 13.800730327347456
-30.325791812333179 4.323642811119820
29.452699168258242 -2.174363004843161
-4.028192258748795 26.342231788366934
-16.886481191958488 -11.108886529244252
2.916228930236050 15.428493320324469
-9.547485871177136 2.419404684200302
-25.140192013156863 -9.281081692699891
9.756793422988627 22.533000561752580
17.354974297470626 -5.698744069513467
-19.394707631719520 -8.821523824652981
-17.838710730861720 -31.836626218793253
6.569700912553585 20.228514334694502
-0.442213991880749 0.178127294741857
55.355161368203390 -36.739855253530806
3.826016123460005 -11.840496177610007
7.002233357442891 12.616691051026336
24.975451987749768 -3.470708456568065
-2.375496745809210 -15.419627625028166
-4.085982978687734 2.221768002506372
-19.654295979107832 32.536785900050972
57.531654743673791 -14.636115990839267
6.989273216898630 -62.259446696832477
8.033030058238365 -34.956300116478893
31.736345944378041 -41.134130418953696
5.142009331291616 -30.797855918310017
18.818949099809551 -15.967211854834181
-13.198775733682124 -4.831487598440240
35.532104667360059 -18.022243608736911
-0.272443268735144 22.300235452880745
37.681923737182295 -4.279869993715723
-29.573687114011708 -3.274757133947301
3.346968577944844 -11.391869699780033
12.812266313872893 -31.936258475602394
-2.517721039597191 -14.676897770977160
-9.186279581632602 0.051068148299523
-5.931894231149768 17.035750907159848
-13.167506032545715 -2.209611929537219
-16.411467279329155 -12.907943180680110
-1.005287805431205 -58.347027602815601
-13.796273439597991 -12.596450829322121
-37.339179728073070 -16.618874212313266
3.403998770630188 -35.737658436518437
19.684166756671882 -0.384669434198543
-9.868226313990617 1.430232340933371
32.762822800912254 0.076464751432586
-8.798469776268751 -5.923970019281602
11.387100187988899 7.639191097887814
-20.240111381981823 -37.314852390215016
9.950410124878815 25.136066000089155
-11.297874434145990 -16.875263612290350
-32.364898210215458 -3.766978631717160
15.307576865208603 6.433165113069956
-12.665262536133707 -1.200282046800212
15.472845365514477 -48.988333885107181
-7.783800338750680 44.154104843025195
-40.875559731694679 11.480936330055098
-1.488634602221514 -19.538133076851562
-20.224348189858137 -14.011049670453991
-6.046142358288923 11.271260723736647
-21.289475042917459 -26.079600785940098
53.221830053345599 12.644329497562749
-2.253079218709905 -23.482968007513797
2.236841026434501 -27.504893149660163
43.880281757731204 -22.393021500800646
29.719229672314164 -35.726456045549469
39.462034942821646 4.343902221377855
32.567216822914588 -18.078339196948306
-11.784213100604227 23.547999206774584
-7.209011492967370 34.430843899636002
-6.817613005882000 -33.941705684085974
12.169680729312438 13.460880983287112
22.424196192536250 24.466398321602661
-23.394696768941149 5.196850555217121
-20.310539578008211 19.364697470446064
-9.727230214996395 19.777822099778358
-41.289097225117587 -23.962632149431226
2.301344792161292 26.982452561001438
18.160644438528781 -9.938183411850325
23.401827684839841 -15.613030949743884
8.990088080858374 14.149657670470328
-39.865810486227154 30.395642147920650
25.746041535218154 39.982631932255998
-12.908498770392805 1.603576749507043
-3.197672985563667 -25.398704414814887
-31.666123591972390 -18.149710363723653
17.789413861154959 19.797619392286375
-13.899023374777219 5.767003779768994
-4.902196276569457 -30.367375390707750
14.949228913360752 18.011496447253332
-8.751038145718491 -60.011098326197121
-4.377181055932067 -38.848045240834857
-13.680818240188954 -15.018481543853637
-22.234845725748411 -19.283747202056599
-39.783576936140314 23.795028951486330
26.497002707950674 34.145494009093220
20.162380478189164 -24.924569901155603
-48.308566926329661 -3.196706005881825
-19.478767216744860 15.034192372841778
-9.700660281649910 -15.666712673229762
-9.920752608618756 -14.012123014314513
23.142888371295811 10.290326973941257
12.424200459042856 36.793366012736556
-0.468719469072015 -8.747631814815019
-10.146634800272691 29.873254909454992
-43.799570602565296 7.377941480140118
-0.862141246152674 -13.160051592161109
-5.017658906759531 -30.995668760747023
-22.869290264218726 8.207417192459546
17.748254323996026 -2.387315702064623
30.199631011066739 -4.681827544809491
5.935593600443430 21.971634748490590
31.465904019266404 8.770023415446076
23.693398129090994 -35.361026618879194
2.967518213809113 20.704663941693287
16.570153282800508 -13.500886882995470
9.763262610150228 -23.077002736108039
9.252360936178604 -4.707468322717114
0.806389919789329 6.519396475884448
5.026144265321508 -8.791661536026623
39.851307198694464 8.802752717333906
4.197988516840438 1.262170373602892
-30.778139898073878 -24.733747501663856
76.260471236450641 -29.582776510000738
14.625175594110658 27.971051966488730
-13.431294311994682 -35.061963263671664
14.341770937856545 -50.990819995492778
11.127163090669594 7.609134030733679
-21.087745714115179 26.285975119601641
-46.957247392220886 24.171418470750638
18.618712027937566 -3.073959768969077
-15.653973533598011 18.664104989859077
8.028149536153306 -11.864812685052398
8.090689760690028 -16.148615803871955
-12.070225211691097 25.239937520050987
18.166998614810819 57.736551244350984
-3.116759974046575 -6.518411367215840
19.048710937855216 -19.311289154600079
-18.269419621329167 37.681587749159320
-34.743593756363346 -28.085066815848517
12.804080393141112 21.158482713336728
-0.153606975397726 7.803757292517526
8.321425556537077 18.014664312580937
-32.479501801477362 -26.123225231505291
37.784903919773583 7.484558880582942
-48.827447918253888 -7.956981580615151
-0.012707402623412 -5.424806727144197
-9.784239089259863 -58.851997971671700
35.613011085285457 0.361187861262641
-46.935743359395730 -15.944366567405103
1.829168477200811 70.468568935682839
-4.711550081293538 -20.000287707947006
28.609858153485369 -28.089768146929405
-12.017374768320225 -15.873496392453912
-44.360488831591013 -65.044422366140992
-5.342918611353622 27.504985824721441
-6.766858183498497 -32.497169279215044
9.080017923512848 42.118258822849981
-2.442979251187066 -8.553666364322478
17.688129259035719 -9.588078585493900
22.349498142405778 -4.253610193943198
19.517899836035308 18.454676236756494
37.497616643186959 29.106576234510232
-21.073732913562175 -33.362740655469423
49.806207881422274 5.649670862555543
-48.138283467899555 39.628349716762628
-26.905151018369168 4.893903539333463
-16.756461696479587 -29.449600411080674
-11.756466592106767 -41.984828362763615
-28.401703480862270 -57.788186327154307
-7.027290161925021 24.430807006433145
-61.745570489380555 12.344770296096451
-21.011354259530730 12.288416853788302
2.141511795488817 10.627606227346345
9.771544862243131 6.084518601519929
30.768805827339136 19.930034465001299
46.936687862104968 -20.747683720425162
9.080124639353270 -37.849652211295293
-34.139328853709124 12.661541323496030
-29.518243391992293 57.759531066913702
29.215566513847239 -22.289225843732535
26.687295198220980 15.764253951934526
-8.857782988232282 -11.088969095317411
-2.877227205337972 41.986722850592962
-0.315342226030332 16.072006621895223
10.008123646967146 13.220622445115524
40.945594184983612 0.813338943378221
-16.979477215237257 -2.735501723409595
15.224228418363158 4.771951637305120
-39.774597523502912 -50.057624512184923
10.461138509813541 -18.466415484479935
16.327767564250749 -34.787841057786352
-4.482230653975027 3.326096923132754
20.093063849561823 70.497245212869089
14.221065513288158 21.971671787035106
19.992061717789198 -8.419005157734933
-17.254705475963004 -2.857091373066594
-18.745473103177019 -34.330458928294334
56.114495887215689 -6.524161881195798
-2.013828692586729 26.564060164059072
2.662530959530765 -33.884997622323809
-21.732587297649616 8.882580282573977
-27.831123155459583 29.243369773281049
4.756053232966923 -45.417059628296343
-7.726172688821550 3.555428950761952
-35.040592932912098 30.154282635502643
-11.201927754199133 -26.582630869364085
-9.436053654467463 12.398117127772274
-38.043542480031796 -40.025238730579105
-5.118324003941673 -5.732604037560769
31.706752359789817 -28.868907592959378
30.225861445162082 -21.831825149037776
6.922049725243522 27.927901379577957
3.473313893423765 -3.516430891463171
0.634239319464449 -26.034534690554398
26.190415183225870 30.474103446897949
-52.449288087020008 -7.133912661755691
5.956673368445649 -4.628572891559888
-6.582783804023348 -21.879660110237843
-8.792506295057914 11.970726265215808
-3.134802042797864 -19.282075103972925
79.011623277419972 42.825331391554215
48.459462953917750 30.308098144758389
9.969577902003516 -2.606559559536140
-34.987172029243368 -9.903863841939804
49.052550552767364 34.730848569730519
19.853264799922560 21.082643577313590
-14.827417915360702 -29.598489048903733
-8.863286746696401 31.700693261902504
3.115530936140035 -11.604637811174436
39.523159384890626 3.648268846552594
-13.494069204418906 10.692029358492501
8.316116622925142 61.011649140250199
36.945922704063427 16.822175985270739
1.184937231208756 16.393063262403263
23.765994643043758 -55.532030426101500
-14.265393200832383 -2.660368891121327
12.513463215155532 33.695236589653810
8.709427602723014 0.774590272122736
28.269446023227701 -4.787710626063896
26.409303353741546 16.050765035606744
-14.825962696233095 6.940765093627808
25.412324553548547 8.723089360174662
-21.640699297137402 -15.558774276650412
-17.388593924410792 3.020142051140537
43.948894019467197 -20.945060063456758
22.105302317582190 -59.174949084805036
5.045190317424102 8.910100841534708
-5.215711313652452 -12.941684283207527
16.705442506689060 10.322351728587311
23.390469880811104 -22.871752526584327
-10.339380326296391 19.346400090662012
41.418447359629994 -11.918238561241592
-17.451597599006547 -30.496684995673963
78.409711699589977 -12.396815265512751
14.399983524523833 -10.596671011616277
-16.225520971418224 3.613735765331903
11.959132315269054 -30.427279969778677
3.156619825529991 2.944877695132406
27.722004324887081 -6.302391105110889
27.275946218487647 0.651270545257839
28.232486485316862 -25.850529615712293
-19.555442836785978 -10.281801537643959
16.541675193494687 -5.225153672631200
26.575659759801081 30.410606475112715
-13.213024901418594 -22.882043300654946
-55.081726781882665 -28.770407953126689
-43.430390103400100 17.334221776489958
3.328393016360581 -28.813234888835797
-17.812779402860766 3.678799940895519
-17.884910031523663 -21.382139437856480
8.115412169713025 -1.450197118991944
8.352206880043036 74.329609105129606
-3.823783982611821 14.062189330657629
7.832633298473069 -32.311566249614316
-2.973226365501043 16.473328044775752
-8.478203125259920 -8.006153295816278
5.037005897785606 0.163638043229884
16.017721675892393 16.947045064300696
-16.089609036326934 4.217435568636261
-11.543100969226346 23.245333377417026
49.359293860717493 10.959608022636493
-30.685904642590213 26.726652292013192
-30.202215377266832 -17.692387792028729
14.367431966839350 -22.382282708665365
35.769076609226595 1.440346494433304
24.371695894563498 9.270308302934934
-23.936311645571372 -11.211600463301528
-20.595526363230597 -17.433170164311402
-13.374132399445985 -9.286302989214001
30.674572754433370 -7.701433959843722
-30.273491964929935 -7.131201100382287
-50.081506853082644 -9.341028132552816
-3.664409245172632 1.643140253981918
38.083349763787105 -30.947205127849191
-27.638418593228739 -41.228353323160178
17.752532335882179 0.360925219314055
-14.095530159903065 15.909176408449767
-40.888968865024921 9.417369390742659
0.208074068594896 -5.372368555078874
-18.541828602514556 -22.553153186984517
12.251285732503106 -8.341014116205109
-16.704186815845471 -16.596798627741347
-13.113893513354572 29.233002477329972
2.675648710865754 -52.864689537934410
-30.839041442347966 48.531893458560567
-19.739254184509555 40.143501032820510
4.935658452319611 -17.593785387160196
-24.541405473990675 -34.661581175998592
-14.725076701681360 -47.451526794558831
-40.603065866041867 -25.225596618541687
-25.929395595725783 5.387104740478292
-9.262129166229814 16.923558564464020
21.611315461801283 -32.474509758479137
-8.172964912138610 -1.182844753955225
12.918789156650266 -34.496706239952893
-23.222694694138806 -14.221887948928309
-4.759517721141961 26.913004127368026
-40.965313884151911 -15.582165148260128
26.243268920857687 -1.068473566114787
13.332212105192601 5.864223925193806
-34.121816148103541 -13.215171510276068
16.275130733273620 -11.526803000622207
43.955030123269431 15.903789936929874
-2.442091249231437 -45.326630145228329
-15.005564682295935 -24.700817103995341
11.218375305905315 -21.064488624353814
47.363783965132086 -4.050726578269561
-38.148858234510705 7.805588108308771
-26.259494471506891 13.965658655232527
-8.625398055000687 -22.468482182428463
6.844572097435826 22.321139648006000
-0.883207667977621 -20.252920893486564
-38.266544429844075 14.403940605874757
-20.489189169327318 -24.961497322853372
-22.086038884918224 24.101513985857050
-35.420076817783581 13.289008359572444
34.499045754256201 34.427893739273351
-9.089363631912933 0.899163274090865
4.841690420848529 -22.864229820105880
11.511273658289086 8.176491627274112
27.359754798618429 15.481354545499656
-6.536327152534578 2.635493483621144
25.996775148204165 17.362723286904753
-18.475007835009968 5.708039516327953
3.292727627518280 9.910151699762507
20.716859993649742 3.283485709496329
16.325082459099391 13.512014835071616
26.851521200915190 -27.651506929104578
2.048511192049961 -9.745634071361081
25.013298083526156 -22.356296085838633
24.239417561163414 36.485497209052909
37.530463543166675 -15.493968990260873
29.521508461492733 7.011902416184137
-15.918935306747979 27.530519665043492
-8.694267786747544 18.529323871420665
-18.150144596787982 5.604585147432255
20.361380565287970 1.303154820646398
30.977095317118987 -6.316539185405846
-3.063267368871825 28.780537255405044
11.522121059397030 -11.378564044207415
5.458986160801042 25.062788339066113
-6.738281287413844 -3.597690654327200
26.568970805670268 36.640674030992678
0.337026320868876 -15.474534900234284
-37.237693386197321 39.603208022163834
-25.114675704232855 -31.749926102766160
-34.573416435423916 -8.331391472682645
40.007391337719007 -42.372796769106522
16.800361409424259 -33.092027717066117
24.691794981041813 12.273751197203737
-22.327212632260633 4.546684662895545
-28.646462918138830 18.368678932392609
-11.217062439297401 -36.478625292888438
7.095970118796250 43.060751794960474
-17.072364566105726 -9.714159765775488
53.770983778019790 19.887230729178540
32.795092441928865 8.436805300939183
-26.830594112405834 5.119833020431946
-0.743944896264222 9.617848343998636
-18.143369912939207 -32.431616215258252
10.175822828612805 -31.190151836403530
32.513233837954708 -43.885079674051859
36.787338881230930 -8.772462786102780
-10.062898541915688 -1.727467010157282
18.677722683828570 34.561440506233396
11.771185014491286 10.449760618221784
29.246931931435498 -26.054198572435222
-38.248695155765922 1.252169608869023
-8.292964305302901 11.363684048909219
-15.012892690026890 6.693838069467268
-57.704527704727795 -50.473591825126974
-11.992728778450326 36.613361820348295
7.412587566821873 -0.826916943862872
-8.238382801955755 -26.986375708328982
7.628134178725291 -30.204323636497040
42.836863061451886 19.175504579256668
-51.841700520347644 7.055518197999559
37.406921530720453 13.980840773103139
-4.673484602452370 26.484691935608147
-16.743259947637036 12.870488476323020
46.796437910270441 -12.050098525353341
33.513620284668626 -39.423761054339707
-57.726311358051419 13.187091470257394
-4.057931306552194 16.307221719474907
-26.098742955186893 11.269287441257918
12.350149398030197 36.721109047034354
-29.278036035368014 -0.714307155791275
-4.760141404883496 -27.568877235677871
-12.354246530786671 -34.742014242016722
15.067297380419772 -24.626732973483520
-17.715594090808384 -17.626490425066802
24.935893615609299 -8.536156730106567
-11.460227808558708 18.491028879336813
18.531564964497818 -20.709870378203966
23.007011193213756 -23.987176441476883
-1.814030662590059 -20.434840897131625
-20.693215933906291 21.969907641009037
10.858894891149978 14.860004028556013
1.178490147838750 13.735545400256756
-5.591605450437132 7.193404173312083
14.351084760407032 29.875638128946381
-15.141939659854193 3.770434415978969
26.955056901355249 -7.361395855120080
-25.309629029828219 -5.073850842569744
49.586324386284829 -6.274659508952797
10.876052792913127 28.653959177233396
-23.764953112387815 26.387737514775132
-0.748603458423197 38.384883676561167
67.762910191643897 -47.402836599091970
-13.365416712236462 41.623200893756810
32.248992549661416 19.356776316665808
-18.682004191327309 -7.377131004542146
1.639989088263346 7.307785049063461
-3.916623457542854 9.987409635656510
-42.746815722982284 -33.348451721893362
46.674272434304285 6.388632177800850
-10.114308969497875 37.539236685830140
-37.468177627384797 -12.215228892202328
-14.100460606158730 19.238107163865571
-17.426864775432826 33.688102123341821
-0.175237158486382 12.699997621327270
-23.932915931223182 47.502242794155990
42.579419917888231 -26.969326756720147
19.150266698309402 10.823280299090550
68.717058862710971 -13.930774150085433
12.763920000962640 6.850125419467291
-26.952166009790748 9.137717969659910
32.176688908976352 -15.755501671394265
-21.975248581981024 -28.363658480487523
-12.164455650860567 18.051980544036830
-20.422695216794455 -16.572904474655036
12.163465014723718 5.497213615262143
-7.083616835886887 18.272334057989273
43.400043509784638 -42.822238035266295
20.954941012032954 17.345071491422416
-17.382965918650804 23.510229283258322
-49.818976258222058 -30.706542251576220
41.397376728276839 -2.554083955699692
9.658990162578259 48.262280471459619
11.301450335302107 24.839564992860588
-20.987238467401667 -20.850450695302566
60.039288965968233 29.667796702077624
39.190611472300773 39.776395610776447
-17.416316797423061 -22.853948146673300
6.296737052073679 -12.921991269347581
14.984089513443616 -1.269306218103178
3.100066128986518 22.719270915338218
-22.687198619399158 22.948949386752929
-31.082308390984988 -11.017771939084001
0.614104913639545 -10.812416641693021
11.713346411911585 -61.497664242899759
-8.560147419066899 41.963308732921504
62.951045010342185 -25.824353865567627
14.000717625276486 -12.693306403652144
9.538002108103472 -10.032439860815863
0.497563461680901 -15.014445646215085
20.574350799750217 -45.448722938731422
-50.355736981780282 17.513506694297973
-9.056438225710789 -36.038080764182077
-7.265176153867867 30.139225168520387
-35.378813575469621 -10.820037566039018
-9.734959818136764 -20.389466827144823
-40.772781488356337 -5.019805263981032
-29.918461596081983 26.373805315667969
-39.123007861004602 41.831391083592862
9.926923905266811 37.914932677816793
-39.528000146354820 -59.972853134697814
-18.109789785534474 35.814386543426522
22.540507301354946 -28.533950034672884
-28.590635949757921 29.963194316589799
-8.079633754982927 6.064767441192093
7.084321241101176 22.398287086973017
12.333163571251424 -0.072333805192110
-11.192641872242270 16.463365867058773
-4.896659516359272 -49.633296387649665
48.594540534545906 44.440346280623821
-34.160968005600743 -21.246519290446461
5.957181480280066 -19.983221653025385
43.419035852211834 12.910292663821917
-19.431022268165268 -1.908184033111580
19.803534972983385 3.821431343522233
-42.163729057712558 -30.983270745518727
38.950342439416040 56.515390291432226
9.547643846567341 0.526026456346304
-35.583269534541621 -0.137010410810198
4.502808107142654 -5.422217003391055
-18.647176742560756 -31.037310642837568
-10.611299483709857 38.855178955276841
15.238381379000900 21.532197446920748
3.550242578212497 8.150902473569156
-5.316713367866038 -16.190938180615028
-1.084621650616371 -16.840247809857789
-62.905111758037442 -2.019735334501901
22.094934892117678 -39.478974325089858
-12.157716307597305 33.092788634384675
-0.702825606331477 23.306451131305082
-3.090583079374165 -58.074878309562230
79.664205436920014 -1.190186267009928
-9.095722277477755 -36.501621875396943
-13.214560729891851 -51.528518790012541
39.300563618664988 -5.536973084133964
-4.005088898787474 -9.435318710405472
2.895914638822260 -15.996805775393696
6.459334563522683 10.945342037123256
-3.937483319164131 -39.093460313832061
40.213938413088933 -6.719352833989797
52.808692589264005 51.566052609067697
-1.273385244957424 18.043632457464756
-1.483149602834050 -1.371712163198153
23.878009608896917 -14.457929531690652
27.944187591841693 1.463359518220333
55.391842808932246 0.448582532151532
-1.441942464678721 -21.730271827233931
38.100634822404054 -42.574570920368082
11.810802937854067 -23.737804523860195
2.685939753448154 -6.834539889002272
-6.632672707678624 -26.023040045981119
11.219841248204702 35.387323102555456
21.489616484357974 0.166535963239098
17.799295396793926 12.228163914469009
-24.548316236715710 2.501683263141607
0.728426855849617 16.023301741569167
3.953131483886716 5.498437935998203
21.282861692481713 -19.853855657947914
-2.548388839894490 -2.759208147838343
-28.252174428254300 4.716026600615618
42.989008550707119 -3.268089624698200
7.718647800949554 28.324840692766053
-14.873679417245347 15.021492098255367
-7.330138640689501 -17.107829744326065
-0.441452391837121 -4.581629380766576
-23.734161569565451 -2.835550939628241
-12.011720698382080 -39.254657721796292
-25.976885926016841 -4.583720743826621
8.272016010587746 -31.048933943083298
-27.743225565332388 -9.735447109704429
22.359588181369887 -32.932360095169365
0.167225635946640 42.781899161518623
31.745484428923540 33.283817190651817
-16.667558654436444 56.223299343914583
22.795948063012393 -21.748123034639775
-0.717444533201522 -56.780186004258780
4.552228741526436 29.783557030251856
23.493073631833838 47.827813599289506
-5.044044204979724 13.506097753236874
24.652860495164834 36.460366771442700
3.205994633817031 19.957461350287424
-3.390582485856336 8.135474410451348
38.605349578618487 -27.182508950258530
-18.160387596086540 -29.833797119819341
-4.402831099706363 5.130193754893097
6.286698319334951 -16.505626110428789
28.390350619260236 -3.357132564228332
1.160543774944391 -8.657979801367116
-26.941964186900680 -9.481675066889474
-5.897708380300097 52.125800120317479
-26.238283491606857 15.464729568090144
-3.082773077625758 22.914146389133617
-12.696442190464412 -79.460357490358433
34.693594180825862 -28.482637290727425
32.727519844669217 28.001848675382615
53.121801221743581 -0.485447041382918
34.570850677576445 17.316715089340686
-29.352843292822765 25.355745771489133
-13.768803994018972 -31.618169704123392
19.346564315129438 16.938102686700599
-37.616933978356421 -16.262509625960082
-28.222025809264949 -12.729407065369616
-33.634719638936794 26.021235143475533
27.506185578373440 5.941466078610181
-29.632641065074292 -25.339449168040172
29.391050827607735 -42.127950324832568
6.647108902215403 37.966881015372323
4.817615930457835 14.538822131647425
2.695390264684084 8.540854429282581
-2.416601301539111 -10.555357251874637
6.639676044003486 25.930801114512686
-9.651886242235168 -3.587633203159017
-9.240233586723608 5.055489716120350
20.332610087016580 -14.445160478975689
-18.139491696853781 5.529351010641800
-36.253699463397979 43.907975430355286
3.764787096278233 -22.363830778663896
-8.748998428239156 2.498788224712163
21.303814759842322 34.616110176627757
-66.328163591223188 -11.198422331404682
-21.646044840314200 15.453414590855422
-1.511306458864663 45.140328906187364
19.515129055543301 -31.601459240584614
7.928327243296412 -22.985671806267835
43.832334273921497 0.645206695773578
-17.287509214825260 20.258587584443955
-35.569833540371135 28.059217091299736
17.203262086492444 -21.113949063077740
-20.151801998607176 -17.917821026268772
10.070855698137208 -53.608051992543992
-43.566875892903923 -19.512824833228461
13.896629626442820 21.906881992142594
-24.952979222307778 34.925869257890866
-20.326502976214670 -25.981996064760985
14.080048657317940 13.499296836346767
-32.912609231492155 -42.878963571081734
-0.687865343973238 -7.417087603232240
-32.187427036068186 -28.889445479768366
7.299568568818907 -27.837562426556847
18.502290781183842 -15.729856883232559
-26.460425022064580 -0.471805825320674
1.513987303864968 -8.027649635651411
-16.193618960214454 -7.884476705818053
9.251665395674667 5.608928681725155
-18.023409288926686 52.471175102240103
-12.062906986422842 42.014718110152643
2.505354543314863 -41.143619236773034
-40.232352393958109 8.178830312523441
-12.083007310165033 4.222856947609300
-26.695171130258579 20.197945064505408
72.035210000877271 -19.437717073288447
-65.663436801373265 28.844348007555318
-37.190502521179596 -2.047934149888956
-10.521001927458348 51.499107212116982
18.960076827025425 40.512900338118151
-64.769303132403067 -27.576299923958981
5.207126777241439 40.280766931092295
-1.115708070193937 28.819618647038777
44.353218916958859 -10.180109353333991
-17.324918209405404 -21.493672526721792
-25.805776470675340 -26.395165342013648
31.521783361315073 7.034522741482706
-10.006019170349504 -44.271832304947857
-23.354702125239168 -17.813939434822771
-86.806071878263509 -44.664944852137573
8.679782500768953 -13.467296524762764
-23.285808670513536 14.857944961761376
13.455429396860570 -4.743956021928573
-40.779428930038684 -21.390114395785300
-27.293511583531274 62.485088008329399
14.600205741909495 18.201175715059208
13.753878775801885 8.021682144839039
8.890244701898910 -15.058447328120858
-25.589856931421931 29.383403151643932
49.435860818554843 -34.208956863035390
-26.831660318790266 -2.408387650366929
25.700273306610576 1.233583725379592
-17.347741512506936 -26.553776264204743
-16.770451502224585 69.770192698731833
-2.637619991518578 -85.725425576399218
3.884644825140788 -5.650385252696347
-5.610503540685492 2.369759348516288
-16.317838602472055 10.739652290897425
-15.143629114436568 8.620633320309475
27.995647087874154 -16.241527170892489
23.694540285372540 -35.619512256155822
-10.153425670551512 18.348589365205491
15.559830939962819 18.173065290912927
-39.074211225280258 38.396954960528866
-39.388021190188262 43.401007987344443
-5.132878646065669 28.951522545010281
-45.332391032862972 51.187047272122349
-47.369144621555911 15.772682814337882
14.383535983375817 -15.971548636211734
53.366496427351315 38.013799671393080
-25.607884849263389 13.845360712462035
34.581331401563908 -5.476678970160034
-7.160092402705030 -1.991254285806301
25.406560049982392 8.494754622686882
5.360812520960759 3.520028464817033
5.866611291585644 13.542486860063056
-21.798774372588909 -2.479873718849190
-14.386272045888036 -31.100078278122432
12.576687486654791 -7.855162027975036
-35.742158649374701 49.852110197435778
19.111946039398202 -16.015917357697596
2.402282148713487 -10.691141740549774
-44.125904614801442 6.851059229226129
28.161556163186745 -5.802941590934880
5.584182776959998 33.545318969609362
-26.575659337968833 43.932651223802324
7.827786576592839 -4.009680838482451
-13.106208773599434 39.540469757014144
10.064224031146500 -12.718467422209402
26.947948544336196 26.818327808352656
39.856365138776823 -39.721289312415209
16.872525545001906 -5.847945619628858
13.268784077086249 15.336306598527823
51.310650635673120 -16.208375521699811
52.714858307753559 -2.890438972665406
-5.141424649359874 -32.849461573790741
-4.008327707800756 -26.410821976854884
-7.622057443447437 41.551467330345332
41.781575878341386 3.170472579979483
2.674629893842038 -19.716136366974062
4.695901258478020 -21.508179062832500
-8.390557227838285 -30.733182337672400
31.973909815652938 -11.194782641048933
13.082080759354918 -12.131967212286481
23.507666316958357 -40.459914995921494
-13.271445377754876 -50.200468582986105
19.412683906580188 26.140107362817151
20.838016910826514 -6.237606121553216
32.511460648751964 47.176576556152291
4.715939675674583 -11.597116586956121
40.742764227624910 -13.108888348822939
-7.359406360651628 8.331306349466457
-58.869170327066939 -14.536180480367198
-67.556947847069196 5.635633265750843
2.643673275915131 36.403387632590587
-24.545901726545566 23.501431974782204
2.706966622314165 15.272899107003578
-47.734256733524269 -21.750972665696395
44.338029286163263 26.989177089421695
-33.188226633737024 5.794857241743288
4.996263957797366 55.038544736163729
-26.828087835870367 24.914346203631670
