0.000000000000000 0.000000000000000
0.000000000000000 0.000000000000000
-100.185749799182076 0.000000000000000
6.605928308605191 0.000000000000000
-8.958027247198610 0.000000000000000
-43.066867123113148 0.000000000000000
-10.375858902923735 0.000000000000000
38.229967495981356 0.000000000000000
39.096068933573960 0.000000000000000
48.993165110769489 0.000000000000000
-20.229987705926863 0.000000000000000
-55.612437345265704 0.000000000000000
-9.098462852522429 0.000000000000000
-19.478426758708427 0.000000000000000
23.681611797051193 0.000000000000000
-24.357622819558220 0.000000000000000
-19.143749178479379 0.000000000000000
15.045721917592592 0.000000000000000
-31.625561937117215 0.000000000000000
-15.428067466239503 0.000000000000000
26.325067027654615 0.000000000000000
-9.717349613500780 0.000000000000000
1.905393093346082 0.000000000000000
18.388382217065967 0.000000000000000
16.873877657617587 0.000000000000000
-25.296929726035014 0.000000000000000
-5.570871977356258 0.000000000000000
-20.131295132590072 0.000000000000000
-12.255607853510057 0.000000000000000
15.586819136217073 0.000000000000000
15.549916547337849 0.000000000000000
23.167157865435978 0.000000000000000
-31.489527731673650 0.000000000000000
25.442614871169763 0.000000000000000
-23.085142189622072 0.000000000000000
-6.118006737437741 0.000000000000000
21.382472172756973 0.000000000000000
-22.274370564433806 0.000000000000000
-37.443822777179953 0.000000000000000
-5.301127517457139 0.000000000000000
-49.159597764236338 0.000000000000000
-33.560328322247841 0.000000000000000
-39.838344899299237 0.000000000000000
-79.904566022505861 0.000000000000000
-31.395986439504785 0.000000000000000
-0.449837930151226 0.000000000000000
30.009694579984796 0.000000000000000
8.320589846630588 0.000000000000000
-12.679532970658013 0.000000000000000
0.280970694803820 0.000000000000000
-44.085762223871704 0.000000000000000
0.000000000000000 0.000000000000000
-28.385598836423679 2.159077755055026
-42.763014836425107 -39.122166129162750
12.012107260983070 -13.740412091591393
20.312887551585568 -28.455384030860227
2.242111852007730 -41.587220579988006
7.933062234388571 -28.543869608157305
-0.827832378403025 4.968105099851100
-1.089369358764409 24.692459380536892
-3.481058492723217 -21.880321888152157
5.378777424686009 18.827292282147209
-12.295413296101268 -3.259037413641949
3.661820057241936 0.243226197843227
9.254426981925644 11.081979354458596
-6.976314498333291 0.300861774083540
-10.776337407283222 15.367429807538965
55.507525415455049 5.271683437837003
-12.192165033055335 -39.580891681782326
9.357695668434262 6.998799686006001
17.844327842235344 -8.662361353426085
-18.638719416616819 24.525473819607139
-50.969369518466856 15.887243709673433
20.866673999496406 -7.440664634741334
-26.037828652174543 0.927248764962860
-13.965955441242398 -4.322455738435896
-17.760933052464058 29.085887807679313
-21.351130847278267 -7.446756951854820
5.813846700646590 -14.608236546509078
1.426749354598607 -16.340470682222985
-29.473235628097218 -9.997179883862433
1.677323629650442 -3.498468418539498
16.874405615843475 -25.181579436511395
-37.876466073889070 -4.919751232384794
26.371610372310425 -18.966459101789930
11.866080827266927 4.219017648616666
35.720519948426549 -22.294469592793725
-22.498966480010157 42.329952392928099
26.885478226992081 6.814533146116860
12.536410804119498 3.537213628645669
4.527706910945799 8.250500209089882
15.916995965609317 -1.452270437565582
-26.955220684457394 45.267545416228181
-25.162634669224701 -33.619018327436216
21.319904189931552 11.853585966473016
-16.635254550412412 51.276624794528011
-11.312544010939153 34.571958732468765
-7.186297050725965 5.190763598697177
-24.330361073151419 -42.186295034436874
-23.750166785632135 -15.497306426361932
33.816223640273023 15.550285246286659
7.044927461038660 34.792911351413466
24.985400576477979 -15.902341958000097
-24.545410010948505 -7.570015619654392
17.497701034587251 -31.871711762078075
-19.217749452768299 -20.180269585899659
-5.873618209897714 10.876941769856613
27.310597563118982 6.895034791880780
-46.896057441933607 -4.651357698101465
7.763036060342846 19.254562007513574
-30.006400606309594 -29.584444363530341
30.302270564929174 -34.152750812212489
19.919469511648430 -33.880725473750815
12.102356618441208 -11.890313751549566
14.949423744074046 1.502828702493363
22.208096351169591 -24.767452689291368
-27.144322903123243 -1.140030882564011
10.380439332744226 -32.477179408713575
22.350780669581972 7.739591924270174
6.623023075460923 -9.604498024030432
-17.464844251928593 25.141563438408674
-3.090878209634990 17.621889567417242
-20.523530870198552 48.032776390511849
-9.964791957385582 15.971349767191823
-30.594050084046685 -13.095847273526006
-20.910058655852474 11.196051389296279
-10.935158923950821 3.541481452120526
-16.491889336249685 -6.065923250212301
-24.762410962076963 -13.393231225613054
-3.297856829264882 -27.699634279291406
-31.700357589938449 5.828353878372277
-17.694573934730524 1.629134185114650
-17.746798331114828 -6.195317903256902
15.326646636492949 -10.168339411608656
-7.296619846791876 -23.931180816656568
0.743334340219345 16.137109034029262
-6.553299296111212 -9.160963867296482
6.927070486191679 1.602829629021773
29.802955396031660 0.146172629170389
1.712229125626455 10.290472482741960
32.812943784394058 -16.815330363600118
40.844802480102459 31.533336742009343
-41.104813417658320 11.465273654232766
-64.045897434974222 -19.035588324295773
44.867836914956406 -24.602498989199983
-37.783258490509148 35.451619100665901
-34.290138086105614 3.265173192420454
19.105094321938413 -2.205598157593061
3.172088371875677 21.467192996753646
-8.486576975859444 -34.756372880103626
17.235138169834975 -5.211007520368263
-11.765791630385385 27.423935480276388
10.250018850234818 4.508007812295271
-7.030949435909341 -19.872188174646819
4.190966950408010 -24.692862467457282
-2.653376919012511 6.407530320461494
1.946154865489800 -17.620848032945741
-24.835533528987106 -3.983890637368477
-22.529907642872001 -9.631563347200700
50.016936346998108 -42.685999010740943
-28.178795008187144 24.835731482526228
19.489516107156724 -35.563352103726885
16.132686486323884 -17.113399014291748
40.654255603460129 -3.533776610791260
17.184568631478186 -25.990199336099554
4.395328676612279 -50.906574541791990
-1.063122599201836 -15.331642503541602
14.296873038000106 -32.810589021511269
-1.649239969161034 36.437570871450340
-30.627086895420526 0.698737821270995
21.710989584404167 -18.554073238817647
-2.231556112524042 2.235063672899616
4.302463310311573 4.040926923019779
-46.159401196551315 27.439922733406927
9.339085982245072 19.569762376905931
9.413957639571345 25.418713397531548
-40.473665377834827 39.532304254659266
-10.125317324831181 -24.630974913860289
15.567842749880397 -14.080546379269926
-29.125802302624411 -54.959679147072812
17.117932748949400 -34.146178784729067
29.761509516605830 -9.482326560125710
-23.868675769909455 -9.647986995302105
11.406208660992029 31.439648274149327
-16.709788553507956 -16.875368756163066
-26.314829746670387 -50.935089804321201
-10.871663462663298 -17.916404498022182
5.038938204381833 10.331319913819437
4.261860893979255 -6.659909048802094
-7.274995607897419 45.598917152899368
-4.544375687103274 -6.610692528225017
-11.308299194738346 52.040729352825245
2.075030339997507 11.769027015998745
-13.773965118945068 20.699247336063237
40.298447953145676 58.148560221878874
-25.633644596924071 12.302666065011357
11.984879013552527 -12.669921813697481
9.754038195403853 -6.234047627627368
16.192643021368898 12.234535746660985
33.650219314570556 4.947870430326565
16.301149570018019 -29.489832623495886
-38.752713429545452 22.370621447958673
-21.160809419505341 2.689286724366460
17.885242601028416 -34.605616273302715
-7.781731811256366 4.435925060708936
1.147946228004618 -23.634233789114823
38.004301249255228 -33.048398316425342
37.971204606576869 39.078339023746707
-31.922323714437454 -10.670972256937663
2.987927409687551 23.821879626353873
22.143005724340348 -19.200682236436712
-0.826306815926110 -35.970858011919681
52.116716101316598 1.511833821727112
-11.710905682931612 10.854172525203365
11.752968991549153 -33.948672160529092
-5.619259448477455 -16.287933402426575
-5.246462152873746 22.599875951596868
-67.132295887557333 -15.279115971606222
-26.601823656793616 -21.763804872472289
23.031096882091017 -27.185065711904933
17.717115524472163 -7.630775984319077
5.346390360228129 5.623909078802054
18.835684134125373 -22.300090796997669
15.316047076741693 62.403077346533436
2.978117878332478 16.225091937284855
-16.466706634153685 24.097934962780975
1.391172688905290 -1.160669381100073
25.854422468944186 -18.475773002388593
-38.722972248735473 -28.822086828550457
-17.364081994390059 44.175869798969693
4.250866082959739 35.459655416912909
27.890667940995890 -5.800595638483785
1.876197842677467 -44.825367152399352
-11.031846595182062 -26.198433466107744
10.680761958407988 -17.704313665972894
12.016184653650898 24.057351883962262
-53.329838399235875 23.684430326250883
1.478374136848565 -35.427600247820131
26.844112765590729 18.590285541052872
12.938587610119962 20.858608685342059
-9.064210624960349 -3.835823747434829
22.279760608359197 -22.808322522071681
71.086287169172962 -10.576021905059040
-1.546401622996654 29.069179786625739
-33.386694566953338 -9.838881892375873
-10.862846621959243 -48.377582303524143
7.832254771110466 -35.791248974848514
0.339843348599621 8.794849451992992
0.699694175199839 30.882394453608775
-2.320997025802442 -60.604025012078459
-36.436316183550865 -22.704622481231560
0.824082340623785 19.136960263712812
0.886922675811227 4.622018364868656
-0.873100796313504 -11.749489526849015
22.028952670411414 -15.695053714840338
-15.117970874684371 30.896158505713011
18.275771994172491 4.935417820859540
-1.831769684105921 25.554879040764693
4.306404665291597 2.325602828359802
21.519920811358180 26.612974280772015
20.681373088681369 -3.052529412072909
16.871739195153918 34.455058380029428
2.613201503370495 18.652323019914100
-19.854099966599698 16.326208407239903
-8.125740124995721 9.490787584104957
18.806837203437560 -30.980270571381364
-14.010461366848238 -9.538321580895143
-24.040395390956931 23.081536595870624
24.044076668088948 21.387416514550402
19.584065799655978 6.275909539042154
-9.389801377301600 9.206816564692096
-20.761972354632210 -9.242584746057501
-7.780563368265394 -12.159686312067198
-25.432691735680965 1.485841095451479
-9.257256218068614 -8.948364870185262
-17.899716530903135 20.071644118250127
-2.655323808891609 8.957934431503739
-2.504266946609963 -14.508806161316532
21.057450347130256 20.967960936570801
-21.473550540825631 11.150198015835635
-44.334629124870432 35.154102025919045
-22.460687672458310 24.463441350336026
-14.301544193519391 6.520352913845833
-42.921702615974930 48.461707866906721
-1.562789135394009 0.896582312800275
-30.538340155060947 -20.666165603923936
33.867141137922161 -0.875278556172436
15.400894455772068 -9.268470280933283
13.478868800296558 -25.860245619592849
-8.476079839791771 -4.359511424358832
-13.469538082791518 25.257014058628062
-26.038183148956438 -32.458680781715501
31.784876356513372 41.521161847666185
16.359438308265140 14.300324203654396
-17.413970748165369 2.167616045325203
-5.133721163357433 8.927381976572589
3.081754525492622 4.104856548931181
-11.242623475050710 -8.942116667580734
-24.087740458866545 12.032254589584735
-49.783234482779186 8.124930641674664
-11.017729332838295 -20.172821773232858
23.671391118813624 17.079775859445782
-33.736217798784217 -49.633543404898212
31.641867903688560 40.023741853783413
0.331470020552662 19.169500582137744
20.837548790314980 41.149061399306362
23.232595133139423 -0.003805721655765
5.966467998930547 -0.690881572982173
32.531802865596177 -26.638530412763664
24.103524683393562 -3.330178455492288
47.939898945553622 -51.147631207399094
-18.904463963470526 25.094620761212127
-13.441579203468018 11.505173110745794
12.951859569073731 15.754085607319556
20.852558597846375 -19.552437398223812
-27.316965785329984 41.953496636283475
16.468125819362044 1.236252873864368
-31.887501191955195 -15.078655311630348
-10.007029218329471 17.844902511059210
10.616625550993136 4.175542766869722
-20.224786202016819 16.179668364478644
-28.277916215478374 22.482393728131516
34.878389107045436 -8.022923627222017
18.255924267496503 47.624030296203571
25.720176684940682 35.614149133482442
-22.524968317700424 -18.564670049690662
24.595788542908512 -52.318591706352983
-8.052115833473080 -20.776305213281628
4.862623801561446 71.207310989264471
-3.269519160746652 5.485926363591349
2.875233952296062 -2.973313178552301
-47.521332795799694 -47.031984072140013
-28.859647854555252 12.877908710695676
19.836763377503928 2.576261145340509
-61.523242086966924 -10.424463377490909
-8.288768460458730 -16.520606490111767
-8.670968042941979 28.178305544924967
16.439615007208769 3.925974921031468
-11.445033842995205 -28.499032963773484
-29.550171648787042 -6.799431684247167
31.365751531227936 29.308852126057104
-11.287525861614064 -19.917366623006583
31.388214261197977 11.355579992221891
-46.545846424155492 -0.533463934358867
11.540907770358702 -9.374014258063808
4.577560251463105 -13.806237031997483
-6.757854811740708 33.615208155550825
-15.137718038343035 24.435510881038361
3.465550398717872 -24.928528043046178
-11.916777887876565 -19.078826918375551
4.962374139745070 -3.443183741059693
-1.984140177233209 -17.711168328027245
-13.082523038563647 -14.648694668635793
-16.409495960948735 5.066670269223564
7.967225398149544 -11.780723254492440
-5.999392597070845 -20.951018756838891
8.402377224190323 -2.741355890404265
13.412144372167781 29.679712361912930
6.955282484631502 18.802295155981955
21.928127521771099 -1.070824725500190
-52.255652514656155 17.829612048598449
14.940774233889851 13.171287043141298
2.057297314745957 22.778023853510710
-2.205522654615413 3.776891996028736
-21.262361141683492 -42.440042068183828
-52.197606445833365 1.627750164662674
33.732496629315740 29.136534635783214
59.305925184770366 -19.909932507652126
-3.650757433299019 -29.510043462965751
-9.907980517720226 -4.941386661356278
-4.439352985978476 4.018296119318300
42.805887208744110 25.656320679039020
24.812196713671412 45.798780865587474
-27.540775396704486 -15.870612347037584
44.608849984296185 -31.860393605329310
-20.841983289889438 -0.051785064277703
-4.361056950500830 12.343246182853274
-0.525174828633766 29.655926815873883
-3.373612232755072 -20.976475800670585
40.774304418469107 -9.682470029906735
-8.621170041257367 -23.745423750230575
-33.634779212950484 -15.710221319831522
-0.391472535003472 2.700480978440975
-6.219486777373092 30.356557985406265
-3.844743632432463 -40.937472166006977
5.190338501008361 -16.432182877655332
-12.261232211699193 12.863826299135367
-17.773654956052013 -31.548720382998447
20.541347610992784 -14.024596115426611
55.633977687115411 8.301555422580901
-30.025581444405294 -16.391839149245648
49.353991726851262 13.145218729725828
-17.120272119944158 -2.985048807022404
0.567609836403765 9.025610326208445
-11.937085878503996 -6.035564671133789
4.046735227720574 -25.461211023835745
-31.862398613667921 -9.096420456083685
-25.375106094540659 1.166200679047553
1.864554668789929 -44.735800019888337
-34.130371877686407 -18.602525186248808
2.551517907384921 -7.035192179352105
-9.891542321986265 34.931596255856626
7.266555695413771 5.133619696229104
-0.136624250636841 -4.507648128193497
-17.062813017547150 -9.589967980156775
30.361982902563028 5.547070590326453
-17.364525776237649 3.951783013579800
-3.104401978345209 -25.861964341624368
2.798923746209914 -20.532970085521285
42.125563760849317 -10.009888123450731
-18.608705130822255 9.330007642331294
10.571467087618148 -10.594086980994916
-33.124192095514438 -24.581731251877553
-27.183470819061377 14.204565842378321
29.247233347570358 -8.785182098370129
-1.858406475078028 6.875152517673211
-28.229116232469167 11.830450605390347
8.173884020681220 -31.614358156737460
-6.487593922747924 42.047503559159622
0.848120104702064 -34.047906819331686
-34.288917701900530 2.819279278540017
-11.170361013426211 -20.612482398944852
58.743138302160666 37.210251537583623
3.867838130691799 -11.716291237086711
3.626264231899696 10.430706784764267
2.467907972351032 -1.607305967842959
28.253436677699170 10.253054004186181
9.490012633074462 -11.451489173302704
22.906580974066394 15.341630771979814
11.379037185335061 13.332705312323098
51.934801215622286 5.911430167920154
5.899120561535595 -27.279155214163033
12.176068524192168 4.711319311725849
-12.667841826226582 39.593690568847521
-2.417072651571301 46.644917670297957
-17.590810485481697 -1.031049735348801
28.300719979217249 43.497256933138644
18.416833790018117 -57.913065120702576
5.184397781941792 15.872147879487283
-6.221310957649283 -20.563171108929641
22.855423608851773 -26.053889180357629
-16.514200430299983 -15.124825779183048
14.953909763105118 -4.580731707236306
3.362023630609581 14.785695412297017
-17.826303769087570 23.811781208507696
3.163582822756052 -12.232474790514861
-15.765145224993315 -29.391165197565048
5.006784626524183 5.716940512014396
56.605351242190423 -5.405650941590878
42.074106075016928 -6.643405757201671
-50.115542819061005 -12.676821854839398
-20.814642456859580 9.301232662092280
2.343924620266556 -5.421175113648816
-7.418925966023793 -26.921302478043945
6.455021405317240 -22.659310782275409
-5.065257437960012 11.407200972860311
-40.774079136925209 15.107207170726134
-2.667387345703618 8.614539180383554
-24.028070840159259 23.122181405967776
10.247307551054252 -27.055405293522330
-9.861529434783229 1.286411082746567
17.403629302585401 -19.065533591852422
11.327655285447104 -18.388642247728132
-7.205270979532999 -10.939734987147398
-13.409289511424507 -68.383319787697118
11.496498759514591 -28.509517237055622
-4.526619211001401 -31.006794577274373
-30.118226011846314 -49.313905827897401
-16.385081193015317 34.091789345882404
-8.553434298291243 43.508079922588117
-21.755261421373163 38.567131707833482
21.320598286750382 -15.289509990968291
-1.889820110098813 -40.157907340501545
2.926417036830686 -1.817446545711502
-1.777139786534924 -13.631964996654997
22.897813807319761 1.993868155166872
10.741676004872586 15.860764608162938
11.776021606889531 -18.520795180823491
11.182034132608095 -14.414833846618986
-1.345431671105808 -3.242783372122312
22.302976915751952 19.138473157168448
-9.864222709202078 -17.650018134919883
5.619811177526672 4.258253379848532
-51.058166160353792 25.239803589228210
10.018336187398676 -0.168294399095238
-24.728097368299419 -45.321227681769230
-0.497454717141561 -2.644072035698812
-16.926446511656042 -8.502943081299296
-3.891228838741597 5.063045374534253
-2.272492669298533 9.189959010673475
-22.016120807600434 -59.711078139610201
28.165657527266852 -13.089203806147788
16.641394041899083 -6.439327413505629
-53.206181075630653 -15.867919436160635
43.524254415510299 40.294150629231453
44.006987031785854 -18.178173613271518
38.345728368091173 -2.547879873647921
-25.990091268433208 -19.461890017820032
25.087322259422958 8.348643307405140
16.100133026250177 -22.364767203559946
35.575549741590308 8.016340075330776
-10.521440269597393 -16.093102920219195
-7.308015524512938 -42.234279929614473
3.673995667121086 34.578022512353783
-45.495317933435402 -39.276862691424896
-29.991075047528522 -36.775416925218110
-0.447927510182264 -11.765112260423475
-39.691234036861530 -29.669942728215290
44.009936353688168 3.920751673498040
-9.924345834007395 -14.788541082474703
-4.272346192169615 23.110939244661534
-4.141579250628179 1.286144801046283
29.264972569797941 -21.701734000023638
-4.648428072253801 -15.562238894789699
1.378270948370542 -31.066484493478551
-41.605291189994595 27.479552303401075
17.101273418384586 -24.923705205391034
5.900074087524288 -16.748500845585319
16.910462197267371 7.794264751629888
-7.884901633001996 11.498006696718509
-7.534082432613470 8.946031606416833
-26.097709521889492 16.496923456398942
-5.678969842297840 -40.782575216634498
-62.626037823269648 12.807001370884540
-13.471808492528158 -9.721476603402214
-24.034940806448208 -11.452291141262664
-23.651546484084758 -7.962047813432548
-1.199163836684323 -46.209870922862819
6.697139996869221 25.768928790114810
1.947671885575712 13.842334921669547
-2.776820620840803 27.731446897087434
24.663301420763467 -83.323888395718313
-13.250764510095779 -34.528822317777767
12.254658034018668 19.658612963378115
-43.927033155114245 -24.670850135042041
16.542659658186352 19.579493981987614
3.452323043949581 30.456308048389719
2.297051038153198 24.522640080547507
15.381012241550428 -5.446743657701998
35.249394351572597 -0.945779236026775
19.130725800578848 38.484192258368132
1.261981550044947 1.565802518818891
30.941315506375538 9.590095403584632
4.356470280783616 -64.584036049158016
35.357603299793411 -12.428919781963986
1.320151908332720 -3.150055671698708
15.728281073317008 4.580257520987752
3.695047562832924 -50.120067168028633
42.817773006366387 -22.358763269017281
-29.964067675191668 49.890643104502956
-27.765542036405723 1.583779254651241
6.329675261930834 -21.284057096097680
11.305780663363802 -33.212845003753614
22.419335766966146 -10.980377092833811
7.359470545918015 1.790494444019641
-30.687453461232717 -15.260442899166426
27.343437722190618 15.223422339437894
0.554660514414040 25.682624879312929
36.160505889528125 22.334758625789341
-6.084642607881880 15.033979084454256
44.094461101967738 11.915764082000639
-15.223632621409482 -18.845881117324328
57.977943904529170 8.530783843923301
-20.623095157931349 -0.011305104014045
10.019634007461921 -33.090686485447591
-39.833219389687905 -58.680267387813878
14.544702980261469 36.294493199509397
18.583797976714873 -30.621543439054889
-48.758204665306948 -16.226919139034369
18.861952631914015 -9.383374564146719
-45.827831017916324 -10.656249161066610
-8.436153623031837 -6.116123417808561
5.407935793888053 21.955642129707329
-26.356125666205095 4.087939184742376
11.037950555107559 -0.530804217239293
-59.471839461379815 -24.042692958703778
-37.372858145163477 -18.825043430904245
15.855613221310785 10.361361366179258
28.674513427761287 11.633122093794881
-0.342884157902178 11.069889295335757
14.841024475517870 52.365223233691822
-36.752319196822612 33.914060030744828
40.799850040880663 -21.051794524643213
-33.926042037746598 72.825713161346457
-4.148309415643403 -13.840763623391032
0.423510283553649 -11.349007575016362
1.774147522060069 -23.950982103970329
18.201342444601686 -10.492737220976696
-6.720727994030272 42.484392009968644
-33.324592428750897 15.552021473218337
-44.858081137505856 -25.852267077376428
-22.786629515273891 25.061465082853921
-28.098831031355282 -16.057017384567299
8.280800378647299 -10.734335524468532
-16.216761823280994 -13.714189388856155
-29.474768079025345 15.197919377105205
-24.332442862180720 2.884166044649260
-24.417772407417061 21.553809269948861
21.007629022212058 -34.522588660008530
64.586388270015973 37.398382196763585
9.243314282665638 -12.262001605916577
-3.458524274837490 -6.531538855802217
21.619886551656101 10.923482400150489
-34.243711709256111 -21.433638285514078
13.311491570365751 -1.874028690619864
-38.819124765768393 1.635572113158569
19.084673257659745 2.595723715777165
-15.582957439584646 -32.249419253707323
-26.776036248711858 0.334702163799374
-24.431601622635970 15.389146842394522
-29.912954855254110 31.736525728452566
16.478655121934036 -10.248313845407694
13.326439176471593 -10.117374469482447
-12.406215461093389 6.578087023456828
-47.079559020104249 -4.931031474528960
43.983280599193733 -41.118497073713243
24.606214379580535 -22.032061766611584
19.471927047922399 -28.064031158395117
-2.871302717775469 13.316681949261344
9.453360546595933 6.812703863470250
-6.856927172193888 -9.513094735299299
3.359408570734462 16.131801444600278
-22.662682924976533 3.751025576557188
33.508270924677895 7.011520599186208
-17.052652867064459 8.254202693992211
-17.520591607702503 -43.468404619784536
-19.516642520695246 4.162574956603548
24.114972457263288 -28.335776151271720
1.288880971351294 26.883459132811300
2.610574341042132 3.692682010300156
-6.021652861931576 -15.318340491185788
-16.829294798208146 30.651735686961480
35.632596009168424 -18.521428778999709
21.961258704969897 20.032883211101865
-27.013876195485405 1.627402318686422
-37.040794419941214 1.316258118750106
-19.909320582289272 43.379081630146764
-25.234188175435222 -21.442406111284864
5.054882995493224 55.997526753168806
-3.310970878448249 10.579206345929396
12.660730587748372 20.596837930922774
-22.849177271092838 -20.712752544220407
-35.787911364761776 -20.644112426628425
23.391788296444226 29.135670113201268
-24.566507121683774 8.245230680920988
-6.493487766015452 -24.288575647900220
-0.490415097337655 7.486392861074515
26.815364801714054 -62.357876107001807
-43.693743468376248 42.147495762060622
25.362058752226453 -4.021715409347146
3.910874706854034 -38.828131277534688
32.867578967343299 4.284257937542255
36.323576215585433 -30.222289833255694
16.877617306826458 35.184835435357023
8.481042236485406 27.944097190116960
-27.471514255344843 -7.502985381670035
56.696515693296462 -36.174629086883265
-9.432395792885714 18.181000356402404
-24.657843084844522 -35.707617141150948
-10.017760101611209 33.659242026435841
18.585234780392973 -35.462025452104356
1.052451408864558 0.859061387097522
12.827736945733484 13.539154277569567
-18.961899354369784 -10.825947648845219
-28.920103113364728 -17.986245785565966
-10.040229389663937 8.843118486642599
22.812273316829156 13.006423162857200
57.246347372733915 45.559400150510555
-2.410816654578460 17.181270910616526
36.620838864321875 -38.386847552383571
13.349361431127914 47.580273279151939
-6.682946661809551 11.490018935836979
9.117629092488514 -13.945224707784901
25.310282269221780 -18.065676426751946
40.327376210159585 -27.315789095738303
48.890818632998297 -7.543427947043972
-1.362922326301516 5.579853354047159
-28.099816243957122 3.390227566821212
-45.618751806213922 22.731100929648342
45.502008601942684 -52.099391020847435
-1.234203832881738 -24.735130193544215
34.492788110461220 -11.334696517758443
24.567739031409495 -31.647195693981050
38.633696948806104 -5.882128300839755
12.378631844088581 1.644772501176219
-7.561768644390458 33.626350058658240
-14.442779139825239 6.170106839070498
-39.270217635239753 -22.773882101834605
-36.200012680948454 14.382914027423006
-52.753161281817576 3.972887233647237
13.137659936561745 3.157120247675150
-20.793774527452694 5.554332188214868
18.860359394068333 -17.038229985228270
43.276261324382666 -37.489554125006251
-29.720957596630598 -6.677639947611616
-10.938187327353608 43.850047834905439
19.855508353704654 22.055361102358432
33.773233374946834 -36.425813550013828
-6.391090808393669 20.300293509827533
-2.666080265043730 25.844174101101711
38.756200526074025 -3.266121816475819
-35.765053654314279 -50.153967344419655
-22.469693143527049 5.847948175946524
-38.484957415011927 0.133915339732651
-5.164148251412607 -1.015700566542086
-0.921282911908331 40.635530127738043
-23.658204312939393 -55.631981418340331
32.139843797471350 0.355030295337409
-34.952979464536433 0.543972075116034
9.680667154470097 41.484223787520008
1.830889244642544 22.204613746832958
-31.153209479961173 29.948553528146984
-30.500909883629479 -20.916451622220475
2.828187596331247 -10.300956148813604
3.750403972893258 22.378608055633094
3.129835486807644 -47.990125281512078
-16.373264325858287 -6.158149413793300
16.772863090434196 24.691845914664146
32.310885933217570 -10.852555892071850
56.787033398733584 24.151744706007921
2.006416315635685 -4.312072338249114
32.563227100595533 -48.831175639969807
76.266186711449848 -5.217280188973263
43.535223311241616 -8.839535985513432
-29.206507322166704 27.527294342655264
11.782488049244352 -11.748570024503286
-23.089318442818907 2.284785182020017
-7.381497772534878 27.602786360705760
-12.084206131554129 5.993752001868650
-3.087311391719060 -15.931509804944630
-26.804465358869376 16.407130389556126
-18.730096701935437 -16.015529845476618
6.828703031848430 -12.488313911189797
20.953898562781294 -40.608812503263159
3.963661266091456 -31.759198799848498
-25.661472626578590 -26.386820741245025
28.044223341652103 -10.393405981910425
-0.756022180350234 21.818128145910162
-47.234467934245629 9.878183307097675
13.086651133318822 11.462087062030495
19.803355583126816 15.399127947365974
3.056964980461274 5.394811151226397
-15.849340298501190 8.451478291382353
-1.414712255336454 -26.484331344398583
-4.276963281712164 19.968124313711606
-15.750588295921659 26.793377823357662
12.617134075803326 -7.342362489899970
-12.668247433900177 -14.369113353173294
-11.594043296638675 -9.720988028683008
2.574069025114207 -44.596063694863211
-34.352593314579750 25.368141914076453
8.958956030877106 -13.029730217950178
-21.809213572792988 -13.266179839230924
-14.321738042648574 -16.619086137394731
4.716806564683315 -52.357461582806209
-14.489217391948971 -10.511051987399146
-0.031697899670831 27.639707749848881
0.481464849218396 -14.860448465600397
-21.493172781285992 -94.026291228008205
19.310846298900252 19.423119374137070
-24.125833826294421 -18.033894895077331
14.434846927422988 -6.593761943013693
-3.891329523968707 -8.759233020840961
-2.593272041467293 -33.656589210843890
-10.052036449985588 21.354861691147011
-5.311485172514351 -17.213817743209280
-47.273373038964927 -12.705231345466439
-20.776254612848255 -38.913859792928513
9.162497372364960 -28.179759570721846
2.089457336749454 -3.612927449746593
-7.943840445347855 33.087460609106365
-6.394636481937711 2.428626195712862
2.509236714370643 -20.248217107807211
4.291275663402243 4.421679245890674
26.620481972076643 -36.249239783268528
35.460711123088046 17.640031068117874
18.886522833694510 6.040253429792359
-4.731722868514096 40.683418275502866
-22.542272257075904 -24.888032333195920
11.079521834671720 4.879585800397235
1.145264157888557 32.680454193148350
7.903879032882704 14.237370595731715
-10.775826187781528 -25.005795948909039
-36.293334438534082 -11.830910298338841
-2.884002998957401 36.148766977575782
16.074289718143220 1.847106624275845
-29.969348623124077 -4.083266867513674
56.723059558087364 -11.530772021391440
4.989087605777544 2.975846520412228
4.576854643078705 -29.542953826672186
-41.136078624646423 4.844021619383951
-23.466993378872228 11.666616116699151
-28.008906674636822 5.356514897195093
-11.338226174740125 -33.088874793338839
20.656847567163375 8.590073589463758
24.155572418193152 -1.860474713645119
-16.854387044949892 -26.177891534910042
-36.606832343812947 -12.004826431825151
29.704428209489439 30.058775947989233
10.838828720881843 -38.465093061211306
-20.902548779168246 16.606188758455545
-16.882668780794443 -21.923515185719396
25.848245474795583 10.554985862466914
9.049121271427744 -8.598593433408597
4.563308136428968 5.232709100310545
-28.683010271934666 -0.235266220324991
50.264318995903878 16.296901744635463
-6.453561224904611 0.833115075730126
-17.999150143106348 0.289621570100243
4.097093458272086 -14.531528653423980
5.432429411130265 -20.596123137320753
12.603054802742886 -20.333273790649383
3.859446833845952 13.674044351083802
5.561437802972120 -22.536869349900162
6.886929548104021 -10.088829603831112
-7.455743740317136 23.264755934285049
10.034943652591432 29.424043924087410
-8.906448552294794 -13.442443803025908
-33.470316764432198 0.670002045047067
2.134910728350312 -35.696449359643509
6.100349665629365 -36.831815241733445
23.159381952483383 -3.323998438104603
-53.741944875308938 48.934850364443342
20.712721879883652 5.566352113155226
-1.124095478206891 8.114387523505350
-1.688300114581015 20.887413747219295
-29.294777378933642 31.460778167935544
23.921827482330631 28.643540048227308
43.737856399101588 15.260879917651213
-39.176873597420339 -30.236261194811945
-1.292944686794641 30.374110204805927
8.781689865155515 21.689978805453311
17.761193110525301 36.303427238326179
2.339736976084970 10.265539881916901
13.929530376316698 -18.806191747361886
10.385803095345727 -22.954916964194709
-22.339429723658423 24.408841239407121
-7.133682342441774 -41.293589364565030
9.701302033019987 8.712359658688142
38.742790157174291 22.311927847795463
17.923053911403056 43.463649383685429
34.203538237700478 -14.183901274847681
36.533074594071167 28.659517049766809
2.387708510048045 28.885859750724695
-7.394738248654066 16.457528210045723
-11.040364873321488 4.559519621111584
3.733554639534887 25.014526372390442
9.384243036529671 -14.818187564711584
-7.316436950732423 19.943692918513051
-2.578271962746221 -48.659627457770796
26.855513889457292 -16.940243539870146
10.100397583624805 38.039367159899015
-13.253568052775593 25.242432502263913
-27.622226524093335 -30.919480520480125
-11.343824110009640 -30.774777196230040
3.359570054015948 22.724629180762768
-23.845422845626775 19.230121659412436
23.816365574548357 -15.085603831617659
-8.462670712318882 -34.518294768997116
33.395461367377720 -27.694593489979422
2.141577036694741 0.605095017950996
5.490783899919396 -12.727744516706029
-2.015231405821822 37.473232749293587
-75.608651302109493 -17.156447083222339
1.661676615522515 -29.659560412366393
10.577235523087502 57.838140651399037
10.536951141474070 9.698442404059099
7.054271058894948 -9.825921568945772
23.917899178917679 32.460215733873035
0.405254010764184 -12.959706447452522
29.545797259291636 -11.321515177250781
2.570613187304870 -33.973911731625016
-12.386447764995888 -15.385747923092344
9.493605583556825 6.144679640456832
26.318121647223382 -35.682982515697582
13.579396775434274 2.985496966283417
16.175660340150017 -22.400695021233943
-23.999360846948132 35.109140558873790
-26.263497421641780 -21.745716193737721
21.235745234990411 -11.578979014046269
-36.299623971513583 21.213752996438085
13.691370021131508 -25.478960797795491
36.800951007126599 -24.767362270557769
-11.917554975386068 -4.068240231322146
-31.784887182155465 47.011073963763451
0.983439561636204 6.520816961971335
12.358538194182517 25.865761560756781
55.649640401911775 13.147845569445733
-10.049574447443449 -2.873336260165785
74.080973948096130 0.692426913243679
-0.143215959752216 -0.217462499552056
13.682156827217707 -6.032370928929566
21.190498545371870 -22.962672899641785
26.320579590424828 54.680290709070952
17.510166626036078 -2.285921528573022
9.869177693185998 -19.856553623112351
20.935001468171905 -11.728534711961620
31.309143591143602 11.087347340509153
10.623326785171257 21.152271617116757
-11.796458039623468 11.456841603533549
-5.986636144045218 11.609485436620155
-18.748246259345844 37.725748442335266
-32.660895754374970 -2.548878721288295
30.697008878843299 30.789064803031422
15.000961167316587 -19.879506961808811
-18.509686392474116 12.445206580592920
36.624244775217342 -18.591384748345774
29.389355772095044 -13.471026734339654
-4.916110095046462 0.793919383389430
41.897177529603326 3.518442468172697
-2.635976014336799 15.998981413763184
31.009233677092727 -1.902433419629467
22.864282088095678 -14.395531379007123
-22.596432272208840 -58.700502115175013
-14.741851732953650 13.440156208765732
29.593574554030994 -28.396272042500733
17.394716717824451 -1.054910304275282
27.610857464276972 40.707501572191639
-29.583971561144327 10.504236416367416
-0.848557288341217 19.543010782585419
-9.524787140325174 -30.592172121349268
-23.913996724818997 13.907206117624170
29.207152672793701 36.694611825842181
-33.371499986718163 -15.522431748625934
30.859180456282854 -8.441858372679981
-23.639879214561031 43.764992632205086
31.409262025214613 -11.378559623885582
-8.364974049141059 20.877493609463944
-41.798376836714219 14.590492627776962
9.484904696010902 37.985304035311451
-3.612349158890609 -0.839883662190471
38.374772236358069 -7.272394523094682
17.280978531683083 -23.688976040578464
13.899315077253911 -1.944458320028532
2.337780549257447 -23.819570506634498
22.572448664376449 5.928689648671712
-45.513657389297521 8.255190442215342
3.210779152431717 29.452379800653532
-6.968274176052332 -1.588103076907863
13.319970668676580 56.495801001379121
-29.415148304645463 -23.252586107025216
11.724126313471677 -9.087746250827886
10.433344278733900 12.439960642874269
19.647124708089549 60.609997674891616
26.157541817902374 -43.100214884205329
-10.440095919224007 -15.818228416746690
25.897606106031496 4.004325842629604
-24.773976913781656 62.981932056430189
76.860445825315693 18.789754127077927
-9.753183209139513 -28.347223912861981
21.619373861214502 23.482869996602808
-5.422548445426735 14.361774493459135
10.668241937778511 35.423061902889202
56.674048119305809 11.080309137954210
-9.704484479207938 -34.542613726628694
-5.489484632829763 -6.422881177116823
-0.162713578204884 -2.298596689107352
25.456388750744082 -57.957862892774457
27.680045762604482 -16.759873939318034
45.053587255906670 19.720280169982235
-12.218424897037801 13.643324346241229
-20.566950266162813 -2.983147958401140
-0.694741221546562 2.439539018923118
-15.630595454251884 51.039144936690988
14.577754394650322 -24.953682414808465
-19.266477872219465 37.462490241823467
-39.214927585043171 -0.757904096349579
22.813026257292364 17.415081601750536
24.194065711556302 -32.151523621216242
4.513190894983333 -12.656042437509175
27.417833530133802 -6.325626370904212
45.447797975879070 21.566155550955813
25.168855455905486 -18.930885198498810
13.587745201417086 -82.044560942730584
25.306623406207351 -7.894738194098091
-34.613098609029791 13.378939678806208
16.076298975918412 -14.426086267426582
-19.574891663293030 -39.340060957485910
1.296745401992901 26.327819939528165
-42.843939732787724 -30.839053864691312
42.526734734951233 -14.823946887842450
36.338735852722927 -11.168939218894035
-32.927317815058124 -12.276237202757049
1.316059309723584 -21.638305364367145
22.392295598355901 -9.230005125854085
22.923053194993024 3.945819187461662
-40.727460093527036 39.636874418454795
-1.216268817558412 -19.562331972440131
1.002984106466009 0.490758540554871
-31.520111817486896 -8.743932997610775
14.539311212608121 17.941542026647316
12.456048977948353 15.168180866708566
-27.160110921317528 30.545284761248634
42.000568968028212 -55.288708792991585
18.463546918446294 13.020013664888248
-3.209625372736011 11.042222844946174
-19.876082774174083 0.166802686954674
-50.623885119021850 14.905633376639967
-9.951324662189599 33.481245544984986
-28.306595466296361 -32.715950377451939
18.300370405539088 3.746352067420808
-38.399776546578074 -11.261339591055828
44.988544164095636 -5.585093832191562
-12.231503820450692 11.007719859875261
-34.343897432715004 -14.397761229306658
-0.396321747733016 -16.728249912215638
19.945094888562046 25.105927705527947
25.351906659375835 -17.203107456713546
4.793452246011099 1.272727375177243
-40.058856633167487 29.051551758734117
-5.987644899627126 8.514157266744144
22.820698257759478 28.241173068636808
-13.766288037804419 -10.690213212056321
-0.258979666124529 -32.585725788189357
21.014756548251494 -31.753150351644475
-24.455214949324773 20.013172135453747
-0.919452948499239 4.250450203013533
17.818301503856286 32.539539784695059
-19.800151622744011 -3.502730643888465
-23.936012086372273 4.519168766234822
19.885658438403592 7.962760470208865
10.809137557951424 -54.458972916095910
-27.981766510757843 26.159576070993339
5.443880270949793 15.417368576871826
27.352853573087877 37.425908212625870
55.802419476635833 -29.852204793750982
11.093649811167756 -4.551580493552494
-9.755632285399026 -12.351072290059093
-9.022612932677674 -17.230467708298939
-16.033165407249829 9.681972136647593
11.452534801915776 1.438068722516423
-14.110942343265830 6.557794498900745
11.731881796228967 5.718809611705781
-15.482850815539184 19.300763203621596
-26.230722631487275 -17.355839656386461
-20.069909501285352 4.601888416510218
14.557789016341010 24.428574123239507
-16.153084341045666 28.537823349985409
23.434025283682104 11.251365456763972
-19.422283891419930 -48.212034483460286
-17.509074856430747 50.883007587894596
-3.435408981202791 -9.881262272605481
-20.453948879029767 -15.987508148864338
10.686281094459718 31.890828844173910
-3.186703053668828 -47.575021623756754
-4.352214730930059 0.699014676600294
15.153015718781772 17.997043402430833
-18.637698233514104 -4.290709093093414
0.040342091603746 -26.096006535961799
-13.543595645758280 10.536952227401622
9.974625035188062 -14.057330200986218
-16.119526516919112 2.313095503850950
5.555778354574029 21.405358430006117
-7.071480392332218 -6.463931411698665
10.342190838236622 26.435487389431568
-26.625435822020801 -9.581188368605449
22.141450656365407 -24.230467342469211
-15.669341753151464 12.680533749532865
-38.336200219295591 -32.090510613941113
-23.922741924564917 8.150351053018866
3.271803439740427 52.108961517872594
-18.208357243812863 -30.617606393424953
4.173131098336022 1.627374393502206
-4.462053605002560 -16.601553622513848
33.022170119971115 -23.543693589575195
1.600873566418547 -13.328553932990109
37.714497830568156 -8.617811394665303
-68.513405186006196 9.788074509891810
39.464876201202046 17.392610493953526
-0.225847634309536 17.934767366079537
26.471984721881824 51.817337993503621
-7.325736891496122 -3.855725011208284
45.104316868280499 -36.342685814341429
8.534630654984809 8.813698642434824
-15.586213896426056 -12.286772952233241
70.111588524080219 3.893213650448993
-11.481301689358064 31.702562054858635
13.554203839832791 -12.392952748469739
-3.811421765489424 19.711128745611440
14.673916192319274 -16.560978142977362
28.169479108415214 -28.236291578361065
5.223156846714380 60.266559595002754
18.340247683846147 -13.732503748419814
24.607327791305412 -17.942185550599408
-2.351592486476576 -0.083884566419282
11.777362407990802 -27.006486911867785
-5.995548041553765 -32.288293349233811
9.395675201273699 -7.223740316150251
-10.459690003576133 -2.628557226161423
3.973735927947089 -18.378809225484005
-14.509234163587230 8.477424508950598
0.230653191252142 29.592144344668259
24.827936362895851 44.533606531885610
-25.932672246907494 -26.790811962172413
-43.091564950470826 13.330112219073069
-41.506509294646335 32.333964239853721
14.441477749030941 14.775439269034019
-38.833818487261468 -4.360046104914260
-35.407701629603075 5.105770903578071
-13.218108097030230 -16.021220699281386
22.056401602092809 -8.590401988842942
9.003790238549563 -9.258975196968688
-0.261174310989693 -9.956727030464540
-10.670493687682669 -47.370330135738662
-8.194749696142120 8.457140288872054
51.722390944952885 -4.370585325895449
17.136723634477953 0.476620142955629
14.761808899853424 -9.005930958751710
13.360350121283528 1.109009759108195
-44.072324902159366 20.481142313473928
-6.671274058448581 22.599241672532074
-23.658410411572969 32.109760478716169
22.910948218221602 -32.955410056002584
28.753434321137185 6.483072631255308
-46.970449435709668 -22.619607058672294
15.348537791156946 -8.931955887057978
-8.555153548373839 -34.631829662493402
-19.383882429184222 19.279944493718517
12.501996758206213 23.697429744157983
-20.485053863064966 4.007574966343880
7.429513877703626 29.086245758394760
-22.852491858663349 15.474168775871735
-55.033215543919120 1.634056672499288
25.751387234224207 12.559241338903107
-8.661577888009836 24.611613857989326
-10.943308642190589 12.842019339288662
-16.183166600301035 -34.847005708976766
24.706702379434610 12.228633796407095
11.476291877979337 23.405261247233085
-40.076986247172023 -12.003008784627234
-5.359122605612442 -50.597471621336140
40.599192888857999 3.311109206080634
-10.802448063565270 -21.196559186698519
-30.480069513722629 -29.810317423304699
-41.375419905425268 18.041535388540190
28.750904113324058 -6.668797602127214
-20.988021881918225 36.852013892328024
6.877803109012380 -14.432816414961060
-13.249991429181106 -11.476993606397809
-3.910508247492641 -9.705244567702373
-2.138705198655624 8.558666530836685
-16.967685043386538 44.297380398661439
-13.793282328973602 -36.676654928692223
54.873350979819442 14.858594379128522
-0.486257988897233 10.743527629404056
6.569864346797116 14.434891496142772
-36.501327988563901 22.772194584662966
-31.043284994414805 -1.252629627838160
13.609927399943217 2.053282266373452
39.254809039391276 25.245937979628568
2.382364165891873 26.642066073771232
-13.830386885075461 34.519322047901952
1.186824842839994 16.298194179375624
-8.851226853579160 25.364070611216313
0.672171658047317 17.187421650386849
15.507988360573105 26.158047164371268
-17.264774010141597 -7.791571979486300
23.162006309177062 1.233865683516958
62.739870802557647 -4.460749121981829
50.771060331098695 -16.530058342265821
-7.481944795804977 -10.934597278145272
-20.920453180957242 16.846443082639038
-23.011827234029049 15.965266557724732
-13.520745272324623 -27.807058369363030
-7.358928465399659 24.421490661987796
-18.544783542980102 8.663284547345912
-84.456143763924189 -19.082224433959990
-34.517339837290379 -24.146158426163414
-0.282251462162385 11.993525679888537
-0.601765079378340 -18.284134168233425
-15.456823352363905 -4.425778242322437
46.090835029595397 -44.441921553871303
6.630673174656135 -59.323189630377613
-6.718063804501710 4.657947934799109
22.205850935156633 -52.420890183351993
40.536217498367783 7.064308867971961
62.787936401932576 -13.996956307649425
-2.057941721701555 18.059361098855202
-19.424341599557906 28.468950138732801
-24.995864658836510 39.734260543322826
-22.580067522847671 10.054760474553765
3.714462903854810 11.494836002642600
-2.577300017363495 31.563204899715320
14.092378494792214 -20.945605948111119
-19.004976810543663 -33.871535185598532
-6.825704810401096 -40.344891301556679
1.061334530446801 7.245117468419012
23.037294788787193 -18.972129954676241
-10.591524513101300 25.423199019960173
17.641508887871076 -15.427662259670875
-57.610058792676121 -24.645537944270114
-3.077956306208584 4.956648955164282
2.251490897991537 -24.481463282011866
-2.270407317190738 -23.910561193679161
-4.590856379186249 -21.551202110914662
-33.202750380298809 5.280761714466753
21.148151271930651 0.135517267069539
22.069691214890177 -14.670096017750067
-25.917930780421631 27.037009118994199
-50.005340692353514 -9.171099431668953
-25.195598182396719 6.273127878726117
7.308014056646342 -21.296466099307136
13.816073060152581 -31.334529826245056
60.169409566049460 19.332372676592993
-29.452272241181060 14.290265579572667
-14.978873673141644 -14.684924512751090
36.199546951130323 -18.134202140471736
-13.180620328922107 18.977530850624511
36.059683980054125 11.100335746042180
5.356864295643089 -14.955310567251189
-4.415994483210654 -25.306915694686886
36.742155393461189 -46.124618724096408
0.667069936848994 1.485994212946304
37.619945199718494 1.013321405281741
-26.321455953425712 1.467889059701306
-41.185274556613550 3.508033151723347
29.420184039881505 1.134625046789620
-10.280735422329029 29.663259456440169
6.803471978397316 -16.934289422069558
-26.461555374128228 17.006024913597876
50.947757320017068 -43.152027836380434
3.522820483579396 6.896570400918470
-43.067722726671285 61.229583385709617
-36.021243058799726 4.229140367965670
27.479588353740059 -37.517812375589912
-6.222037605373353 9.822607725183087
-26.468715827261228 9.092083604952522
-14.478689538188544 40.646655799363337
13.865274750194164 -27.888973115436102
11.763966361186718 -1.009717265021742
8.563722388072174 -22.994329827631603
-21.145193904825163 -38.399932837596459
57.463292785691110 -10.467738454953212
-16.072120405804284 -23.171312382947725
23.349357506384802 -33.679388903028020
26.501731089610796 -11.087533305914391
5.300714856784609 -9.085097617401900
24.530873088637165 4.342171388757474
-14.952762918782241 -1.239348029565140
12.456069000118021 -44.476350001873406
24.194202727357993 -14.986378893308292
4.441163295358780 15.045408107013490
34.005140482784853 -21.205334637452641
-8.286208516189275 -35.792127538745696
6.475181777462274 -18.883406882556546
-43.006897225047929 10.855623231522438
7.984758800513694 -7.665489825268900
32.005766718511872 -4.635228311848975
-23.774912650881163 44.420292541238823
42.987687439774113 -8.562779788462997
-8.976788204312848 -25.847885462183164
-22.725428049183748 -4.392106929375267
15.864458605771215 -30.881843745846073
-19.915648904129817 -71.720136546874855
32.613036413450764 41.431117114582690
-8.610220159308968 30.998827866223685
-43.516897820520924 -7.236949267045216
26.857914953646844 57.129028578441805
39.339044367594482 -4.904901120546632
24.938557808578317 -9.709567346051308
-21.720163037344605 29.752396151598330
-28.399917444859451 12.035584017611066
-18.318712687906093 -34.025958770989917
-0.096423434212459 -0.992035698037943
-6.181450233643886 12.785517874764274
-67.729336298989438 3.053110168237198
-32.592917330872261 -67.654425099870551
36.996574564567723 11.479494417548242
-3.677653678165827 0.208595532410879
-6.842132243515390 23.710616031648076
35.904744741314978 27.839703066277714
-1.872377357115283 40.867491104473032
-6.019444574914513 -41.732313874317271
3.203527869041684 7.211136417715738
34.169033654773322 24.212880333860213
38.220890149290710 34.265193004240544
-11.272378530927138 14.324229745975847
-55.500972902855466 -11.462761203781946
10.648259663862405 -19.567743316297282
10.856252817717612 3.080601657986960
-28.603726460385353 -19.797823605176088
-19.433664524862838 15.214181131147347
48.348340877496085 -18.063094975267866
-29.501668202629880 26.067432572448844
-62.997725258561900 -4.438350622361673
-56.197943854922620 -0.400589389752024
-69.432609219482003 17.499228497848886
-3.729897151620774 -2.649585750865667
-44.639158934132254 39.554747121992456
19.386862501848086 25.594952246352278
-35.236211796550570 56.900784214110367
-33.031457435899817 27.408767136902799
-42.355423500191847 46.322399360036535
-15.939661446446097 -49.133016172382973
25.505862397770894 -27.219573361774408
55.978591647171562 -52.883793132049547
-32.348809072932134 -35.655918246429934
-12.432988002305224 -28.460600731412132
-43.579157584017736 15.992366488671044
24.667396314057108 -7.681738802927039
8.008219408482365 -40.794938402268905
16.265904388069455 36.776785194001320
0.691591626710780 -21.938081990735565
-29.486952032006098 -56.895076867088406
-30.363312259633631 -6.450833978822160
1.390811319795445 -8.252290177572847
-1.318942999256986 -21.341834024799297
48.656970971712028 -45.218451625231559
29.040219979317076 -18.839572792135911
-16.856888226435402 21.597252137202794
50.968787625080338 15.577095278066855
14.053524452639811 14.068029731014830
-27.310724197707071 3.491512773894372
26.475504710182953 2.815339150253712
-6.144871239262018 -31.237742678169237
-24.870270961179074 -8.810079238795982
38.070198020405776 -12.646928182166123
-7.658833838633891 26.460570917482169
-30.307648363133300 -1.971794403948335
12.875306813178016 5.145733532281488
-4.796368565087691 -20.606522206379122
26.629157078803967 4.754112472464770
-16.462980053066921 -5.734988024970388
-42.123464102757396 7.005104902994131
1.857419011249904 -9.093373242718183
34.087571729770879 -38.713341322515241
