0.000000000000000 0.000000000000000
0.000000000000000 0.000000000000000
32.703621223194098 0.000000000000000
-0.294823374027954 0.000000000000000
13.062421067381067 0.000000000000000
23.781613903784745 0.000000000000000
-0.357293893168350 0.000000000000000
-32.637967925907127 0.000000000000000
-12.150678031046485 0.000000000000000
57.688780628635584 0.000000000000000
-16.091968427405344 0.000000000000000
53.638909944712942 0.000000000000000
-53.979522333501130 0.000000000000000
4.512724441344786 0.000000000000000
72.638156195912757 0.000000000000000
36.278339729250035 0.000000000000000
59.585433288680598 0.000000000000000
14.227039240607292 0.000000000000000
33.640118540839680 0.000000000000000
62.965309136476584 0.000000000000000
56.371571218611258 0.000000000000000
-44.252739167424963 0.000000000000000
20.640255333695379 0.000000000000000
-12.153860547135961 0.000000000000000
42.915335960828891 0.000000000000000
39.010167048162657 0.000000000000000
14.538919563213119 0.000000000000000
16.315391524730071 0.000000000000000
48.782090735137700 0.000000000000000
-9.787780981534775 0.000000000000000
-41.714735419173593 0.000000000000000
-21.191562882751583 0.000000000000000
4.236878084672859 0.000000000000000
-26.169535142200726 0.000000000000000
-26.413355565225334 0.000000000000000
-37.481568715364546 0.000000000000000
-30.931514385309256 0.000000000000000
-98.424851292452260 0.000000000000000
10.633793681062885 0.000000000000000
81.773978240468224 0.000000000000000
14.318633681235058 0.000000000000000
-24.071059577663242 0.000000000000000
43.236105448269313 0.000000000000000
-12.247596693893444 0.000000000000000
23.460758852640819 0.000000000000000
-4.539875060394113 0.000000000000000
-45.103609583158246 0.000000000000000
-40.300761930702897 0.000000000000000
16.816509475315602 0.000000000000000
-23.904879151163492 0.000000000000000
-39.005194414846237 0.000000000000000
0.000000000000000 0.000000000000000
-11.675455250225127 4.579741403560623
5.377294695743518 -28.609616822853269
-56.489680942720497 -0.186183393692684
-25.012329097524695 -15.467089943318781
-18.012188579893245 -26.972963059301343
-21.045107821493719 25.134689289639745
38.100039760736088 -17.333533645671913
15.693433247569880 -34.144794726936304
-49.363266706833521 -18.854327543049326
-9.160098355313206 27.950204995388070
-15.205839532077832 -7.576894914993972
-1.263557291448552 -3.170709094226682
-18.505107326768879 12.733857212135261
6.595736888890862 19.847009459486735
22.647839688696813 -27.852796618186350
5.679096584612034 -12.910376007306114
4.115874629554096 3.187485602037444
10.649818218961666 1.800459502502419
35.262554692190811 -43.116063011231155
33.565103414902893 -30.469504836163846
11.456941136858578 25.630511221712293
9.947171454851107 -7.447201816464569
19.808999089879951 -1.597722917740582
11.894587229712426 -6.947227800542267
5.390043285409631 -0.102181508693098
-18.737562832095687 20.558711348176285
-2.559628851891628 21.109147438148316
41.043954247455893 3.009610737816548
7.432769439507915 4.438377649356019
-12.418324684866688 -19.722962620106731
-4.340269890958194 -38.945774082292317
-13.999075660187327 19.763787598087735
-36.432525310527772 5.016847273349509
15.922163308667903 20.526971108729327
24.928049456202515 6.230437646956126
29.560216845659912 -22.244213165998495
-19.745677707009680 -13.270987585858482
-21.200376854310601 -1.392051047929688
-28.715049284247279 2.581478808466172
2.472332763906740 -38.696905121577366
24.925089737867182 15.089741120983053
8.748684298444411 -10.373920700263900
-50.685990853851337 -15.009640083454276
33.275048962305213 9.102023982556243
-22.584221534573963 5.484191564296300
44.306907807069081 39.992077122931711
47.612894380228845 -11.873149269547913
47.841944594822806 -10.043152160709528
-5.865594298486535 10.830555099740828
-33.197777290497264 -0.309038014135187
32.054446428347362 18.660630765138674
-0.878518352379583 -22.916575641664608
18.289162245541846 -27.287533450007501
-41.802662469785858 -13.791698583045122
-37.089776700590853 -0.135452424943400
-18.328533744073173 -31.739421015911823
-1.242047962998457 -10.829715839168118
13.396495438078352 30.835341974000809
27.707190645812997 -1.293562788540400
50.653587485749874 1.632603939871637
14.253863679354920 -15.573828432028089
-4.341111199430003 -8.207029320043624
23.021828241940369 35.882310393349734
26.162919121017850 -0.343762782280328
-5.071280360485685 -42.475718881230584
33.614450934003479 1.033561675213341
-4.081688056162195 -12.753968503173155
11.138579909204767 27.425156635545886
14.848827558266159 -26.543974107777956
9.037172277831171 -24.737276752497888
-4.932995280464703 -20.660406544959560
9.931448184585022 -29.560991572720965
17.558788872055018 -2.891136550343725
-1.471265678047051 1.046506810481236
-59.538074449540794 -4.391422819768022
-7.565381979160553 4.547126002535451
42.897600468848132 -11.885483078079330
-43.553229111203592 -20.769303377892875
25.928698244447858 -3.278211040291526
5.233128389561274 10.972304141175284
-11.126076187590042 -25.159726290449061
-9.049915128723731 7.680160908985774
-42.476313971620769 17.950689486164460
2.599694806621825 12.404036633334478
13.903774504616383 -26.494047326075925
53.676350018413345 -20.817129395598972
-2.476112406793918 10.436049739351835
4.972184360124127 -12.154400534126193
-15.555901586759926 -50.619308161647936
12.963431820683953 -18.441768217470944
-41.202545256290961 -42.201782936441816
62.942705151940842 29.389841828046727
-37.354340378891187 -12.292585856133256
-9.824315120065263 -56.092783713945146
19.396570269494624 -38.542309359616176
-25.730553295657945 -41.895221709498500
-60.355794910451728 28.451710003378395
-17.298557655417515 -50.940744933212727
-30.831846934870885 -45.144183745176939
15.018782107761350 -32.929742013107457
-21.773675266470224 -37.917980289973315
-6.938609457168421 -7.571944999051923
2.703426557213584 28.766144894776804
51.973061821322631 -0.746100088792023
11.343941699082794 14.233732480664782
32.091574939469886 -7.484922940893590
-31.887640341879539 -12.047841050810856
17.262087336966975 -10.887331461639597
-11.364798272050097 18.796236643901857
-26.854120053988289 -19.543119183958620
6.407955781265692 -2.662900312857334
-24.786776332833181 -40.220207230853170
-29.998064494904135 -1.497322368572885
-16.205682608971365 0.775327363030650
16.663816955379065 22.185660102853802
44.193823618875868 24.747288495044049
-9.316367424077422 -3.446839043677368
24.217891973845738 -14.341347936081663
-40.691974944483931 -2.598873371159172
36.407080769122615 6.803565544063559
9.043478680139602 -7.916905463256383
5.085761060169822 39.199503053450130
-17.793101307304788 2.908443651013167
17.415131658988582 -58.819348681475724
32.410119320719524 1.713380345029068
9.373148734435647 7.751856171568000
-48.470671978833543 -24.333416334516841
5.249516357130242 -45.176432273971599
-4.064300983211452 31.429958466275686
-11.800795048581602 24.765974028970650
-19.867098482072262 -3.298164174269528
-4.843150745926335 -23.972214624551160
17.842168826819915 19.532637811260088
14.738182252173912 50.589451381835104
48.323861109465369 38.461988084906046
-2.014879111358914 16.992636669761694
-10.417288322767146 -46.027197767640004
9.833959935768132 -17.036293099509358
-10.330607237789827 -8.961367642387874
18.226936113176972 13.954648480724012
-42.480414675270275 -7.239602789576693
-9.477508086337123 -19.853405296492120
2.305928776894908 10.250606064991318
27.624777344706143 20.701495834833548
-4.333092239805827 31.229276428023734
-38.621791593888950 -4.958357992595807
24.193992318610036 48.225916502279340
-14.458896814731753 16.915593770113759
13.661699672020102 33.117253611542530
18.190041038612978 -1.932615410768579
-9.833752233121906 6.373661122587787
-30.645270044821480 -20.866457467101238
1.399306379629988 -6.346015665012033
12.337531829382669 29.264628865512268
-9.495813070635803 17.971574712461496
-28.199146904774938 -25.881234020585662
6.063669623102276 -23.257242903185059
2.631720425917955 22.818071121502875
7.770509080833140 -8.409341178364606
3.721034984864043 -10.160629888239747
-6.435938688967992 15.729051450091392
15.237987363422654 -19.722422985482812
-4.051124442646966 0.720506564027821
9.766754090152983 4.531007032151217
-15.137252132701891 -3.040316085908288
18.834472407911832 -4.314631602671511
20.162304953911956 54.322425116533566
14.780830108217247 23.027043180774335
-0.676330997064161 -15.093721885927673
22.767074878629749 -0.110744728856842
-17.461493650841184 2.810970878837555
-4.299259728657652 -18.322981033332809
3.808241570075993 -3.856312018094406
22.676037719398618 29.928538058732546
58.167291340960112 13.828048745642739
11.431430436490933 15.177320594338864
1.554079669923410 -10.453025236364105
-27.605184311238386 3.723540887565901
4.201892264662234 26.695519019515352
-9.570554930176602 -0.505441216000123
20.178196906311179 6.504811560697132
-24.032182240876175 20.611060810928848
24.098314515696590 -45.172140451903942
19.286749815611806 7.494942919896785
-53.561502644417786 -49.086462428248616
-27.830596594261731 24.581346078830826
-3.306187607542066 -16.086576922386286
24.223214866078020 2.549436512084165
52.194691350890622 21.762206181996131
-44.224739575792732 40.150436756331722
6.671235973103967 43.352325145319149
-32.527282963591951 9.351942798260092
-1.560210455626630 -51.562132141758710
14.215301174333543 -43.791554651184676
35.305908542262827 -9.492004783828641
42.325773334711300 -25.215569569479086
12.960196390742212 1.403554509420315
-27.533919541457099 4.568952628769588
-9.372377480561331 -34.950938770318622
-22.802402900457878 -17.195738052352937
-30.112800193379361 8.710710343074611
-15.006743716855746 -21.715743871638630
-17.519254647665981 10.171369678737062
12.988326339798155 -20.971006115035131
21.041123782843812 -9.298265255433446
-36.783000247178514 10.408495406994236
30.299689473785897 -5.089418285216547
-16.674962268700568 -38.054869766208569
3.088670399972199 17.313083968536599
13.970489545192072 13.839459958276574
31.425446666992446 1.432569756044909
-1.215856180000525 -8.146547332262790
-13.877798207627352 -12.678862193484992
2.398308494035335 -5.349768730832744
-14.926444133432890 -55.457690095827871
-17.715979764508557 -14.683255847449905
-8.739968312182690 31.462629218227455
-37.087417106245582 -18.887896475404190
-24.785193928376088 -8.531231562484001
-0.254600551551469 9.358959348525600
9.197172185189093 17.470438584001641
-6.408161702847409 26.475246489399037
8.504019401955334 9.100658732157456
-26.852563540754058 14.473749407319705
-1.445351356859908 19.370122613237925
-26.002333874695278 -1.349699067476096
31.658443581135195 -11.746953181284772
-19.752452508533995 -46.876520091133784
-13.848295676095882 22.081126502428585
18.107025842767932 7.953175876209626
22.534641401287530 -50.626106246455130
3.532238296529838 25.284435179882166
-45.589982847533790 24.981511661709916
-10.723400990088292 -56.095363480570192
-14.409770368415129 16.409448937191083
25.014427815291171 6.337272432430201
16.315059959422555 -19.870488069820226
-29.199278786119809 -63.680587406615381
3.504056803745117 -40.237701785050149
-29.147445397080773 -3.448455030514185
-25.536141199678234 11.197974605982457
18.626420389014744 3.585610341870212
3.212702070891181 -10.681113923464983
-9.179845015604442 13.782856606578548
-5.580772657851564 -7.172130679621604
44.967027495716749 -23.576457333725134
-71.648750426592684 1.977421463566153
-7.170021622192905 38.384224389432468
26.580076834963627 17.488829300867963
2.708862626330152 -0.671072521109698
18.957222364946443 -7.399813980791676
4.661502926002229 -13.503414895291844
9.444122923559686 -19.536160388310879
-27.802142864806445 -26.201759162537996
-7.259626223291415 -2.510204826749451
-29.781486631774765 4.625047349778193
-19.358125441549365 -1.049143643514959
-36.480815124712372 12.495071451381161
-16.134968911262284 16.309988829548157
12.241376167123667 -23.523498747102440
32.292719729354701 -0.788162476586717
11.384154599678808 12.623061335288595
23.104332175532274 4.201914784220065
-22.456375669274529 20.422864330619500
19.814674983414100 -17.306454528268290
28.978662195823180 -22.639265129507990
-5.949959955494380 6.012571051369338
-2.085467271223924 1.381437913420775
49.689459347410647 46.486503127485904
-8.963624350978623 -31.631962903373896
1.478302099646590 -10.870272353748668
-5.215137705918635 -24.886213472174070
-20.769781849309069 -8.813833970358653
-9.016450867659174 11.568701226734124
-19.267320193518934 -5.446193962240820
11.400343205020357 -13.756753391554112
-32.095540709308132 -7.078401988737356
29.048037580626708 2.303894015931372
-3.623377380932943 -50.337007306356497
-13.319753685673266 31.319705249543073
3.066905479930776 11.331641325055744
54.608718518450601 -24.691271980516525
18.085160046990708 -22.425296369079650
-18.131754254778656 -19.312628412445672
33.486645493559983 -23.194494640810991
-12.311351420537823 5.748883010172153
-21.272713327763864 29.524760918898224
-16.110363173542634 -3.179618899861222
-0.004316640468306 25.928082922922933
36.605517413485373 19.143880334336835
-28.282070205253664 -9.708362376541018
20.102005555405899 -4.627306388444345
8.455560772655939 -15.563045743596138
-2.259263825596053 -5.825294597112686
-18.945747107687300 9.362824629716240
-10.667069502952819 -14.159235912335852
21.993893603435179 9.928542091399553
12.760425876477383 -40.756289600358272
7.144215188293855 -8.452406096492973
-16.051436528667278 46.879862309589726
9.861048756566015 4.473810508401388
33.622296133818168 -8.506187504303348
27.857174630189053 -14.068941649356114
-30.957654449146240 0.731088848917258
-3.181521094609669 -25.769951748498009
27.262259631418690 -11.450338992638789
-17.221437279243382 17.922889839626400
-4.048447231391799 1.710295707434367
18.521894741775309 3.515535802072451
-0.299856173438323 -4.621910832310856
21.475713355514433 -23.990052328742550
-42.552287506002742 4.694909190516417
31.281690382007820 6.030975337702333
-64.755537842104488 6.379497683064123
5.579007511667898 -18.489613910309878
-0.822030191647994 -19.387645506563892
-21.944812031629603 -16.208492004586830
-11.434913340145519 19.063363586118960
61.514404298027145 -32.418547529907684
-2.103294956025094 28.870227635481815
-2.107269893080862 16.380044630325205
45.825064390710104 -1.987326514707943
23.043348803882399 21.985928778256213
12.401891839468828 -18.436114709103318
-25.807603360242432 -35.545877653406748
-32.324585097657156 -9.153380239137967
0.876713969078791 -22.361398325018417
30.921357760541305 -50.584037494719965
13.273061206466533 -1.228886085518870
-1.149970266019814 -73.047153211398268
10.433013901574942 6.733094815917211
-18.589215002494878 42.408680035789544
-15.390634265495981 1.561248482575478
-17.487752813130410 8.323073004829952
28.931724576699537 22.046114215065220
45.443022834927852 -20.191026229638425
-14.020753531399976 -20.607130998439967
7.988928289461935 -2.907953269129063
13.992927416824724 30.938794976469040
-10.883411618013911 -8.807850783566936
-26.498114294122878 10.705219843927175
1.754450693140797 -5.000539005781699
14.104630614137903 -9.345399643092945
-19.143738982586822 -2.782741530063624
-35.904851750443953 -35.447120084931868
-4.463758461164428 -17.956340541552301
-22.997749800500806 3.881407795725522
-12.433648603686294 -18.549493927335433
-9.533507513733461 -10.610992280175296
-37.064696119360697 19.585003085325194
53.543687433425475 12.597433304314292
1.301084988119177 -43.020651139310111
-4.988914173317201 -7.414480012754552
7.066998901000906 2.613594643606145
3.386724748973262 50.815178584054522
22.218263494192744 -30.549834883391124
24.213349659815737 -0.278909714758891
-6.386935947190202 -46.431980460923327
20.382453395316325 8.830739425704785
-9.552368467431538 28.864871298850954
-15.010541626171314 -6.221263209653927
4.878062418210046 -10.592513468610573
-1.166814308844184 39.300039828754372
-26.803616142118521 35.864949272401887
37.024047507063621 8.639810946741356
-29.261883612236886 38.006591961891971
-0.466344789020558 10.762953699714298
20.941878860017514 59.267174880287435
-26.350575617742443 -26.268027292643747
-13.237159342773658 -28.219475155433091
17.097420148983797 8.113886750677246
19.715351256133502 33.599298943700816
-31.102881226165636 -7.223956200571252
44.556920811365707 -21.487032410041333
18.904939025674313 -6.306784762479661
11.661617466311942 13.965313716820679
4.462865489908214 -5.857572949021370
27.913899219414080 31.890261569913047
-21.813233812880330 8.000254007935578
0.340812512216773 32.776002652207083
21.038584136616919 19.568883617740074
39.998040452483806 17.501635316179964
1.837987999556767 5.317340846588158
0.797303547623355 16.857507760592689
-3.926818105274819 0.211553746883335
-2.124046475319477 8.401026065856023
17.161668966649955 -14.021373868145302
-9.869644911769946 18.022776629948631
-23.875935834951044 13.968020365634640
42.503131645823572 -17.058783209437390
21.845650378755511 1.424193562789321
-29.284791054806931 -17.966198271554994
10.611145112314119 10.465663074012671
-50.768032713567223 8.022395570394059
14.497073312572534 24.060396581247474
15.983461313872812 -19.993773359314602
-3.154941546786632 13.269089789597333
-15.100871746140355 -30.952666113748414
-34.396479024838456 10.398323632869864
14.341119549379082 17.083775115674566
12.801350055438661 22.110497778417965
-3.887447890098892 -26.430668524116882
8.166585827598208 -28.281367072294842
-7.297385606579391 7.251007834759886
-7.269551530451472 33.543127745300367
-18.758223337395957 16.994092987521555
-34.437008467698980 -36.675823095794925
-34.654834416951289 -7.449745479628044
-19.275650599318247 -24.857148706173195
-21.692245056287835 19.524042227646518
31.905290828275984 1.210405338570047
13.362935730088559 5.053883036683088
35.098241275603343 24.398331607657198
-42.970305677006813 -12.494004600276206
-0.535637041433942 -15.362768425898414
-36.193000042281177 -7.453926067829803
-9.344103680340046 16.279316694163128
-0.586875328592479 -2.122259010795820
-0.545453395524765 -23.128689864445537
25.264999720535435 37.949762632142019
6.823594275423314 13.118385946742748
-42.378445652530260 8.198025317704456
35.325106326684875 -22.974994824245751
3.087030714286275 13.457526605143249
-12.649448379402290 22.574121577315690
14.610590543720756 4.919237178614224
-13.364313957670156 0.441092300410116
13.144956185196129 -4.273452152966420
-10.940194872057592 -37.912703737471148
14.194865138802664 -23.693335094921373
3.608491344136507 20.273318807771272
42.312141777986376 -4.534844494435778
-9.456893096002416 0.947614614913191
6.029039776837533 -25.002928715954866
-12.209643989299616 -2.292337067538150
3.424458914861003 -49.006217250432577
7.927335602927969 54.479247529577606
15.518160181047239 -14.611736553385230
31.317150421946245 -24.022977197068631
-1.722271529652662 32.899418037733057
-4.070576060023960 -24.868749183262626
7.777871487954232 -11.053273334430006
12.898318365457717 21.205560217834208
-32.627415545077511 43.205735449950588
-11.550712312871855 -47.098598672471425
-18.511476581357645 6.345133884446104
4.398267723303560 21.259070052672460
-27.974019893205288 38.561643007619480
-17.218830276664267 -30.902394021857152
-19.224091911585344 -22.770033559191791
-9.002800620147037 -20.868359501639944
10.411533490259153 -14.517575213003941
-9.055758456523527 16.419042196540154
-17.618388619364911 -23.100715671005020
4.633849458501139 15.221582766977587
35.385562079312528 -23.921191552768857
3.473235088655715 -27.037700132907254
53.568292335289250 -25.111472925936340
-3.733395084014670 -2.894425683473587
0.104102098799387 -2.974591902200672
-2.988330578719452 39.096401905777185
22.908648313397759 11.415600600776406
10.505663276711251 -3.202218438347704
-30.587034755914676 -2.762051766192923
27.772217590640498 40.566402866988213
-22.004065358437504 -26.929696688976051
-17.374031860075487 -33.733999584921101
5.326425566959970 0.212120301348005
3.973374544994825 -2.083438705996469
7.617554001788658 31.756626276351604
-7.086495026195581 -9.735494969130311
-8.319518882154588 8.503805040695360
31.078032283265681 7.940641351110281
-48.062761909598706 -5.192603163599395
0.081732327433421 10.235652565050945
39.870526311702356 15.725748245166310
9.915068215383462 8.797791719345460
-43.394038578508045 29.480156224404464
17.854901523488447 -25.131039287578655
12.025603629860706 24.462853269709392
14.712738755198281 -34.598447737247213
0.496560279796576 -0.542884369136809
-0.065958759623968 16.774428098927011
-7.129674134365593 24.163522788670836
-36.064817169294166 -84.559704538561490
-39.254788793572587 23.246488803706089
-1.524672664736182 -2.323628886275086
-2.850311968577944 8.689532768271246
4.731867102618460 -6.156199360056018
47.721759997614313 29.026039115144858
-29.803052215813196 25.792554684154446
7.738795368252731 -6.472844803411520
-6.200952831731502 29.626603194594395
33.026897290064475 15.021274893509906
-8.303027202163108 8.403880278085138
26.267466782011166 -8.419680136743168
13.120877222046630 -1.242059939041138
-0.541749011258645 17.710373996995799
-6.661573668078188 16.601098357292173
22.202838382102190 -4.371819123102289
-2.120247001159499 -8.043736573552415
58.428991742483092 1.882898113361231
6.437137577101197 -25.281504754054527
-21.120930480470840 -4.933383533305222
22.562846856259739 13.651678159355860
34.139155059336325 11.637137036527418
19.332982911086944 -8.636996975133457
6.697688815159784 -6.599880336934953
4.483855302076369 2.711221757936936
-17.200023082066558 -22.005217446750009
-6.360065602381371 34.880162825989025
11.798715052263244 27.399187481121373
51.986903115368008 27.254665062426071
17.995303004049582 16.166995590269252
-26.291052364426012 -4.107424876315292
-24.060223111190972 4.647126329164313
5.019027814041180 14.985333577195137
34.044921789048658 -23.742516049684770
-3.523342510063751 -1.975024078189626
35.549777956712433 -27.013294288973508
-6.230638105815116 -2.997905715082778
22.893032152028944 -4.271663333245474
13.240930612929908 -12.950929469270314
-8.704246622208622 -1.163135924035045
-0.955745016715052 0.624718101039821
61.133341909278627 17.318692055219071
-0.608360849780900 26.846741889512728
-6.045742320573101 -22.391979709359148
-24.273201102213243 -14.719208096716860
-2.577489921339142 -7.705333934225950
-25.327872231169518 -55.137924546448282
50.126824271203532 -11.944075078978651
6.729946706771853 -15.337488413916837
-0.737527622041361 -6.772394813327414
36.679804248384208 5.706821601126335
4.081131032807088 -42.098074272393376
-5.343821278660970 10.512765230273590
6.071231748192739 8.523110784246152
44.297748615559932 67.035021386052236
-3.407266812908333 0.566855816730914
-6.209172263933909 -23.281655405097990
-3.325332160021773 24.190218418667758
15.657380018995298 28.100396449216863
-17.450507102987768 18.495605580271889
-10.776147034162644 -19.729004359534695
2.848506616521287 22.503897734641420
-1.606233633663473 -14.252298948587386
16.067962803605976 -16.420689355926889
-18.273082215140079 10.101784527088785
16.859232453032423 19.912822973792878
5.018281729352537 -7.051315583041175
-17.430977917599868 -9.362388961479827
-3.786805268034799 -31.767606098975765
66.920281968082392 -6.220690099118968
-7.778315487247449 -6.765441211822670
39.942583861753654 44.517230419657899
-30.821088883307517 -26.236339373386024
4.673579156879925 -8.197595159023924
1.784359621737491 13.159749317087156
-14.135109978561415 -15.162472287216405
-28.348081124856314 -3.606672525686426
-37.612806748517016 33.657080399902007
-50.582977369266999 17.230440073551442
6.133393010325091 50.020003901877331
40.626611409098615 -27.688441651871226
-27.629662053235641 9.251239732899627
-24.318886564128455 -15.575637947170581
19.271880632919018 -9.913858687193894
-19.308286360990110 6.008026944780437
-30.316051827203840 67.674324459694532
-0.596339751176426 56.044626265276527
-13.344291095413324 -7.260913711584281
1.824626204729777 12.821732569459126
-25.624130074833676 -17.929102279925448
27.576759680200844 53.243610067198851
19.209363428787110 -10.086254318256465
-8.962510929640501 -4.854611183694165
3.596938102514087 -13.221991213139592
-31.762963773879747 -15.810184998198865
-24.948163889441844 -7.096663827696293
4.922210815257111 -18.691914750161601
-15.344369443215474 15.657597729810004
-8.597723225230329 -8.867694720942106
15.243798618297173 4.493108024737780
15.354255575578305 17.231958204390565
14.494481114338921 -9.294259020679549
-17.244159909330829 20.109656621418093
-1.061136549269639 24.566803562369358
1.799193724944591 -13.429753761543159
22.711680723771167 1.292629584522719
84.054131408644338 33.398472727720836
7.881784517970120 67.051067876264838
-19.756591909879425 10.001871162791842
5.938009452054760 -9.220363440633115
-20.155730823297038 -42.493518049172110
1.885528437215938 23.003211123790759
4.718485969537266 -46.241659645384161
4.517848795624239 22.121769830374966
-25.337238868603542 -6.383249827591235
3.232111969321128 -4.512356223626148
-21.102249750399871 -25.889005577801022
-32.400801193279108 -39.847302676866043
22.382079003713752 -1.629260088908795
-16.368343206138537 -31.245792219305198
-29.488753808079711 -0.809951092280467
-54.196580657236105 -26.133046149884574
-16.991884094576747 2.102205656661673
2.328166342460410 2.474475136447889
-53.038784095937928 21.804096102029575
-12.839381258945961 15.276553498536131
-15.413076785779914 -3.035834563707018
-36.512579954604945 -18.253951317729744
-4.924824283646482 11.473876711342973
22.146723029742780 13.861263513630343
2.777631434841433 26.294666010649248
20.710947407058871 -1.973572549742250
33.966710419476087 0.924943477437766
18.374398165690177 -16.501202584980390
-27.939486372640552 2.026140165415495
20.468575267969378 40.626813618253927
-28.936434906092529 -24.825239429219533
-9.524801344327456 -21.073777912855267
11.567201003504655 -19.514883477023304
-33.450913153242432 20.037323842483225
-29.685931471060908 22.408573411904847
-40.418377969865418 12.575977890546069
-33.083224712610196 8.260599460254426
26.776134045286518 -22.161100948565629
27.223181485140227 23.791677327296096
8.618177619078935 -35.533438245814430
26.924963955762617 -9.736831026368472
2.407432430642702 27.929061803060780
1.567945623550609 26.783253223665206
-0.897804248973257 -3.284388144988653
-4.984720661673098 14.582827185323687
-7.764694227113522 -42.660351070624493
43.369619912293189 33.252372560791926
-21.595628366404576 -27.004836586718231
49.977666530711424 0.692166862711336
11.912169230039432 -51.303928448267676
43.117302778511451 9.905969767623994
9.670295922740241 43.173106995670047
10.675188889853507 10.705528190179665
-25.946395695711175 -58.980403514836730
-12.863914068113306 8.420278445304302
9.676022232638324 -8.974807461168590
1.620071271222983 -22.744350550826766
-14.380841115040582 -22.754532100990151
-46.993736678971679 21.685877152716586
-12.251288596298998 16.090068246803209
10.472603536153512 18.999029090703189
22.864415626404732 4.131029122204875
22.779669415789925 21.212334513783599
8.052907937385376 34.788311471155360
8.709839232510376 30.418675640255096
-26.426182848370473 -10.512790393289164
-0.875839340086918 32.198802760370185
8.569851113649090 15.345325936645635
0.645978961318966 -11.516667851695063
6.009845134872078 -20.718778106493048
26.042274282444481 38.785509112433751
10.274077699296619 30.097234797291200
-30.035422453893961 15.620488856384403
17.618287604661521 66.953954771132402
26.256520647258270 44.711914116400251
1.971953456743093 -11.802703877927179
20.280705454401733 18.851877008161061
-26.141925203632521 30.616474132398555
22.863015332226169 -0.631279215968060
-22.992979340440876 12.879985488710140
39.844008425587170 8.146136373259203
13.940818132535243 -16.497151560489772
-6.422074962594670 -41.171108279981603
51.034147932566718 -4.062090864735434
74.133289833820626 60.090200137837627
20.916344593500437 -33.005473529733479
43.492812455555288 34.088444902657152
43.061237418222710 -1.736560956038293
31.581891394861337 14.318768379115772
14.537008057348846 2.281928544832424
-14.814211159779260 25.888427107706381
-1.633949717459630 -39.618578925752502
-1.659235012905718 4.326507120782839
-6.977875617289606 43.935286167589751
8.870547325973380 1.587586335820308
-38.567068326785410 -12.542688524445195
8.967393849548504 13.462842418586456
1.187568911998929 -53.393111053900178
-4.395386123499545 47.738936272814726
25.365119004311637 7.508572648332614
-30.029357828225585 0.947997061639388
4.186529416977253 26.919613176454508
26.004476373922046 10.853000939073567
-24.695568779877636 3.698012936948224
-19.218060778513919 22.208826322036199
9.949468491077582 -48.637366418694782
15.794027054014993 17.993367871320608
15.005057252624278 -23.746104700611323
2.624451386387383 14.780805177423678
67.538553833092351 -56.076776261508527
-5.365959302589410 33.300130285241003
-36.603926364991253 7.302244334808405
-13.468408397740715 20.591900315975380
-20.871133113478969 -26.743882022831006
-48.134125277480472 -3.601292080426169
-21.041100063556879 -9.672473074253247
-3.652820061084886 8.811675451800198
22.479573869750727 14.226740905992681
-26.277277257643249 14.354617811117938
-12.774493689624446 70.554292510076252
-20.932991395711273 -32.987450374683526
8.276708803920538 -43.880024518998631
0.819910042837182 -5.439687291647806
12.615155685688533 12.617487922152781
15.162076828797883 8.877293222973435
10.126279904141839 -12.054866257399205
36.570443328845073 -16.094516822875487
31.574601252390664 -5.353386564518965
-13.080642535646520 24.899504855202306
19.313858002933042 6.444352210171852
15.705539459771048 -19.626167158311773
7.524195136902777 -7.475852096984502
18.929659911673252 -2.082926828481296
27.785059320724393 -14.537762825257209
-26.003821821157018 -26.509311865315166
-27.735007744998629 -29.317933390033726
-45.789354482646253 -33.668960146509214
-42.766384512518314 -33.318998391421154
-13.093724411499061 -25.016207042629489
9.588186882522969 19.348790321218871
-5.888805095798157 -26.273276887730248
23.999847847717426 9.002128943381642
27.810185821767700 6.459187041926064
6.649734649777796 18.715776007529428
49.351583191858367 -33.220193307672332
13.091820718432221 72.589361722554628
53.482131159340661 -2.620819783629079
-14.148061361865047 -14.354150256461732
44.114044517981469 -18.387458497721560
8.543849251474573 15.458439193937023
-65.452503022674307 -11.645475794659026
13.713165821608879 -14.672149468449753
13.000905905832887 22.285707846767444
-22.663361722236729 -24.348311039894920
-2.299959007768780 25.156277574675673
2.581865962038634 12.972697269287972
3.607953497149768 -7.112198349554004
-8.473258710465236 -7.346845229443021
-24.036609495923635 -8.178215400796196
-26.678877519227658 8.480840247449393
8.570955792783799 -14.259645072875562
36.676005365496302 -61.130075621809176
-30.277836028306460 4.245213607938120
28.397582926720141 -14.966263463990156
-15.648515151657902 -15.094121040388268
-20.701260645895886 3.327713750527557
-31.375988654058595 18.209285918294174
-10.450657608983448 -20.268753322213577
-20.621745863691391 -15.057009238488737
-11.452252126981184 19.714870292402271
21.738778138206602 -7.240739150111311
-17.456754934522554 24.596371308545368
28.931096513445592 -30.553243641057684
37.030031228240695 24.638967519725352
-11.856020559494455 41.080891460302645
9.270586657966939 -29.357359474665461
-5.840218050924650 2.204040814828048
-25.395201453201750 -8.585120621123565
-28.151637781090205 8.708654253292220
-54.462312385783243 -40.781331444325232
53.622589144405502 43.699144741928215
-32.876656949012279 -47.055119141945845
5.849579012282307 -14.412391105915900
-38.149693667261928 -4.724796469565335
-14.201306322544824 -13.353710996435254
-20.805635429527982 20.695210852941585
59.883287901312563 -67.266482159453872
-46.280118388141375 34.262809970961662
26.298073844742010 5.132862509233542
-15.872401866459684 17.913557283106194
24.750395766429417 -4.052933175014022
-14.383931086428925 10.473134426762245
-6.787122530274158 -2.630405033536164
10.851542209194765 9.066842462262311
-35.423050945347654 -11.154758660402502
-29.061291704432808 -17.248719440880947
-42.107327516916655 -13.938042190541179
-14.643152021280001 5.561561508065996
5.790091284582133 -10.461543333975447
-4.901525756823321 3.510849151850742
-1.385055957729177 -22.986438619385758
27.303412528566454 10.538200869119553
11.234652858393714 16.426595240114576
17.900315064316604 -35.819458435072676
0.395344962381834 -3.613262570799254
-28.953125632294665 -27.338832930345191
71.938133049936312 61.743159669829254
14.688049232517798 -34.630912467428928
32.790478103519980 -33.930368893459409
31.254983200782195 41.662585934556461
-15.506757919174042 0.880407648637759
11.283587719079705 -12.883862342531669
31.751470751857237 -47.812809423709297
30.161618976557705 45.971466298272873
-19.253494596187242 -15.989205998221582
16.954322417056353 -10.038583988149066
26.878661706226044 -24.856605767374461
-26.685623060652475 11.314747366851911
6.076926995624660 30.136375302868679
12.168230048322563 21.288346091831873
8.402628922754548 -0.599768443281104
15.412582172135973 5.326581997614496
-4.126646424476123 -3.353524267536079
14.850864182699736 13.380219526612956
-18.224547346575669 -35.237157897303049
17.734067288203192 -7.400295523123389
-27.569502717597963 -41.953368169088385
13.520840913103905 -34.457790666337324
8.294858688209255 -28.716061088428365
29.389679775086620 -28.604853146787335
7.130627386765944 -36.015871857081081
20.035641672303964 -10.578414931725757
22.196041948091104 11.451367695867688
-20.908044138028476 -1.649256691269945
-25.977684960850929 -16.739448793563003
-8.795148629939883 9.284317130909404
-8.664360930265032 17.131554028418385
-1.200403628895398 -3.451289552568111
-9.991662502046623 7.863877432045211
15.353182379471964 10.993075743172813
-3.578621738580540 -32.254509762547499
10.200549130705188 -7.921347979079217
-9.830935703090308 28.123204697056376
-18.574839396272861 -3.107148280373923
-34.441167769997868 31.045796681692970
18.778092107072098 -24.290465062996216
-53.456784596329584 18.941841359541758
-10.457462458015147 -43.054737139506599
19.208130487292678 -2.366274525441570
14.597188379594149 -43.913364137451055
6.015505118960185 37.532321382845510
6.789858982351799 -10.579689079987828
-4.364723857884592 20.757725565668274
4.499365722700375 10.935835036151536
6.487834369221690 -35.130404685403242
-0.588884372740630 52.560727055315482
25.244981844083494 17.484365227649899
38.077540330307578 50.553110634071132
4.069987806179636 27.122274970041339
5.935401863704493 23.150308855128607
31.571613989556553 36.302660036834119
-17.208400006063037 31.284771024345389
-12.858769935306604 12.671898490063999
-16.817139670131144 -12.120089824182424
8.415620990108811 -8.159906557320594
-65.082412253810475 24.405092800506718
-23.305871005656428 -5.306676890498886
19.187642943865171 21.413811566099877
-36.541945456894098 -5.592708479487563
-7.835286869640773 -36.956988561081147
41.045425281436408 -30.528254370696683
-3.497282847146541 14.381065245518217
28.571917509251808 -19.015926402720599
3.248214121471414 -11.080190570830093
-34.865149348827913 29.688187547345255
-30.089995664430027 2.757001725456856
-22.737218243380617 -10.916194836317178
28.990809791517567 21.445822502553114
-15.319299851963439 -30.467102936268315
-22.804728337714032 -11.117869465574138
27.937920960697074 -6.699135400527057
46.368748370118510 25.865113274309319
38.859175636129322 10.709114129767725
4.153849891426941 -5.052256709978519
-8.818292580318698 -11.156576568533010
-3.240696197136471 -23.104620920119618
2.032006800426551 3.845953132532219
-50.911697283389138 56.250080687849838
6.955085306073260 -34.072597728462497
-16.145409823361231 -13.592543269001558
-24.000145890704243 15.543092105981636
-25.020146349436555 29.132760378465495
8.003973400156225 9.717508694971668
4.567199236362640 20.339905571517843
-62.509446382807113 -23.354593269071433
22.641761101730275 -2.957629720283478
18.179001611216059 -24.461607613755877
-32.556186797141159 -16.132541705117195
11.385366872028211 10.422003617281927
2.705018424542201 3.280446020931295
30.878228338949796 -28.339890881826673
-19.452447085900843 42.041710862251406
1.998371642630831 -26.036443623868230
20.560393436779560 18.921316821434285
-35.817923280193718 6.083919575225043
-16.227419400968007 20.070853133337536
-41.062910794103480 0.407772815114085
16.156827250314127 0.640614063353213
23.186618196763554 -32.591183534698835
-56.962012163645831 4.856666809781376
13.024197823328997 6.356370135960034
4.718802748725358 -1.612634619053185
-8.527994928329068 -6.279879457726933
21.827453600587145 26.804523870673712
-13.487540455572530 0.429080470420985
-31.467116483240464 9.709176192828423
-18.561344993439501 0.285812541381374
-1.972899351472478 42.582880405425549
-8.694390602358672 18.077843321445449
-34.158068697229723 -11.287156596464296
-12.959109248458986 7.201437569139552
2.955102381200614 -21.344981686825374
-19.909751147180440 25.831731672723581
2.793466687650140 -2.823919706111089
-26.829136877199645 -16.332269806750837
-42.596669215784914 3.258473652215597
-10.072255659051375 -14.645634285295820
4.232099950701143 17.920589993647049
31.673699009806608 -32.815811791923743
-25.976263283991898 -14.623779547442922
27.747761090896265 22.749195934284167
34.515759979147568 1.937926829594891
-6.373775081701695 -20.756093935325300
-15.959024998357329 -27.686671812831189
43.359818549500233 -2.330584382450771
-35.120073593780262 25.520204041942957
11.478653886899071 -11.710391059050824
-3.781787442885621 -38.954900033151503
21.003835705503302 4.251707396927698
-24.814775864388793 6.221073374328107
-22.548472772396654 14.615882013480913
39.541147264893013 -50.996378572562676
10.322012396399181 14.731136571798151
-30.807944144619885 15.726632601674124
44.893205773526745 -25.538887157787691
-8.132602075838594 29.314524530352514
-1.184849172240017 -22.846354508411899
42.092376168312192 6.634233486342351
-60.802105049690887 10.549539988664637
17.654197497048671 12.260659138867663
-30.486710380517945 -37.076951099769083
2.830285592304086 1.441867147909074
16.473318612454090 29.597955525815813
7.640883751760600 0.946964645151529
30.920417544439918 27.095253963606158
36.375962269551714 17.659014594062416
-26.185545179434843 -32.366741418367788
1.428675759628842 -26.531312030403285
-53.376412762118022 31.474395881145441
-7.718798041182213 9.654910561860397
16.306137222381313 -29.599976372761521
-23.161845796500760 -27.280534743607980
29.530221611161355 -43.631361538277545
7.845380784920253 -30.908294476762990
39.541507608057671 57.044579378274030
-15.390318207059961 17.990425524746502
-67.427639103620095 8.072403285100270
7.541899091501188 -52.546726579218230
-6.116091821882498 -5.552971376207073
-20.265869503803156 9.864778303709150
-32.855555405621573 -32.220687074897249
-16.349144905493212 -31.562829510470063
-30.494000998857004 32.692045113185117
29.297061662668618 -11.133169391054226
20.288167692888813 13.788487693994480
-56.716610274571657 -40.302298450007747
-25.789183306715131 14.227287652335399
24.547387859815451 -2.977338082337988
38.540652644298845 26.403873363699315
-36.677273508336562 -8.740785380803008
16.810360904171961 -14.572002514713096
12.802380039931528 30.069777144419088
-6.102785581782787 67.718980854249779
2.494796168264413 -9.026941643315460
15.956799729289436 1.691339979391637
25.846228853727716 11.111004023536974
-3.290717484284172 -1.700122437768476
-17.439957810746908 0.039378952508517
17.291744757564089 2.747555243731262
8.700333687750076 -24.314235371549277
4.348762984320945 -3.106884705732327
9.928717716611009 31.124791091669472
17.846108759118867 -7.469167535565872
9.919361505873441 -33.285520489418758
14.434234379360918 0.791837808443888
-46.279612565311041 -11.588892909758213
11.409035653036737 14.654101882940335
-22.387275316193389 -16.409934846576295
-10.578377759657712 -3.004795159619872
-27.916702041983527 14.755158712460554
-11.745515367511421 16.042201217765403
23.644250143393613 -8.119110586110358
41.267810949990753 -8.814447522615012
-32.905945166135666 -5.939695992746787
8.768973543355987 25.786924706320519
-41.927308645050452 37.658432474624384
52.091001192618904 -29.925265956368982
-12.930384461136676 -53.668922338939161
-10.424750208302074 -25.975325027144919
-5.900345858133832 11.699599130699388
5.260301381999468 -18.198515535920031
6.594681135137685 -31.296576550102206
0.933982960894376 2.946691689633113
4.387526715888860 0.326274670354335
3.124369963270256 5.339877409139944
35.346653442260951 18.793698619874320
-3.847808708949465 43.402600553948204
21.281155965419604 23.209122021611179
5.763823771619237 -9.134490977391195
31.379346866502839 -25.180780988328440
42.565608558477230 -0.403367860538784
5.439524654720784 -23.122768418204092
-26.731909639281071 0.960602398761905
-26.905078009452900 -15.626997445644422
23.530176919991128 -17.883003006801811
14.726653188311204 -13.942510212089420
12.481899098960119 10.048071798740592
-13.185645000811684 25.534730742231709
32.613419071584637 -57.422165160827213
18.757965893074726 21.264341660602391
-17.481578619602413 12.007069209172732
-29.586952293462375 18.304404130401604
-21.697406793224175 -4.322864735111923
20.867294429614475 8.420986824292026
-31.676898597644978 -8.224911348827732
-9.640590610673158 7.752581730360105
-7.391610964169735 7.437415180882220
-17.674759810460920 3.898846003784445
0.411315826664309 -18.728622196484714
41.504757595915457 15.947514409291669
-23.730257404552745 13.616565980373359
-23.528141544324352 -0.112658213271190
-11.272282510852158 -7.764773965263134
49.116555635069936 26.286756849337610
-12.421015367992140 -45.118395424325016
27.575046655167515 -43.255945246975273
-2.967429356578892 18.576199234949186
-31.883797175197550 -31.775779244040059
-57.755063813756273 -11.504840220188397
-28.428949169918837 1.523804980402196
14.134983463744168 -1.193363246464475
-35.499676224147628 9.138530101114991
41.649225118073076 35.438232386026222
-23.427820153732668 -23.230291748336729
3.797349976674838 3.822801504026376
-26.398281553820766 28.209647885414924
32.250711363329067 -27.224553712284688
14.410972859641078 20.952062478926177
1.161788371865901 46.737866729168722
15.494126580017113 16.928178627685519
2.247802308610084 -7.256570387910834
53.462029720083727 9.298722769632741
-47.290872659710907 10.521227051381397
-8.698616354613169 -7.267260862736530
16.456542098120511 18.527344953742844
-43.872202038789915 -0.079763792449858
-12.416101123245813 18.355548583704003
-26.688692235553479 45.368354794417797
11.876160020595199 56.293452695449801
-8.516178023021657 11.056782404626411
-8.536876235724966 4.294801068339977
39.221152062667706 -79.505384814128590
64.852295097862324 11.383885352789498
-20.318173856605945 -25.532319227470904
-5.713006514842125 -6.425447053370710
20.398755270136689 -6.521221141896767
41.818039518545028 -15.634370989633512
21.934502449834145 3.793634677495051
-37.311917662477107 -58.049441422019378
-11.130689456511549 43.269046283247221
49.005810612207199 -6.893765889795578
-56.696180072450623 39.889345495504067
18.089229926596307 23.903336504514272
-10.074343272728404 -14.631970107932089
-9.695503920387980 29.307762331890586
-31.238923931291357 4.465638493900942
10.794113555457477 -22.236469626758616
-8.121714811172486 28.590481979837918
-53.696972060186866 -14.610530904964614
-42.732216238590979 -0.419185157892455
43.798296858141825 20.239305852620674
0.269342988416092 -46.469921390171862
22.463796538717066 2.249550310033860
-2.286586030765816 18.896379342000891
14.898790125867993 26.421892560935390
22.759538739177589 6.524912320014743
-9.036463515915907 -15.072064617218375
10.843653073346889 5.797537472365479
60.765739709001330 -12.336647022000269
16.111330083531222 14.323834710283652
13.703103287547314 31.153543881350060
-4.535625320400736 -3.834060089507157
-24.013666208412666 -18.572170567596991
-39.192839795784174 -36.907429321644095
-27.222048287128754 -21.266872373476804
-12.037647630329388 -33.910425414865422
0.267442328449466 3.774120094357322
9.425378307397073 -6.442182749079484
-17.575390317947274 21.257431204510080
-41.550927465322452 -17.371097212975549
-15.238768477019095 -30.424385526732259
40.768116607231505 -6.139873442963864
2.311780559739750 32.773824019667060
28.543080787229840 22.298971758096179
-30.747149479045149 -23.589604987284648
6.432622749037932 -26.347430587142576
-10.268460162681233 -5.812258855007120
25.346715913686722 28.305750601593882
-6.455524452850423 -32.854809085528025
-40.299710702156837 -18.876123081813169
4.168339162393775 1.458551631252196
16.160553333077662 14.945072997154734
-9.688777363212116 -4.031796965451165
-1.166432809949812 -13.096671247418145
-14.210772444892608 14.535873031400429
0.921951623242302 3.311948103619602
-14.921212589160916 -6.002239049057223
-19.425918851290199 9.293363123190911
28.366316703195903 -29.319160073045023
55.428425757397285 -2.360666090319280
23.860277787991372 -18.761613149651961
20.564403428984487 35.320886929547100
6.429766654052906 4.209902883019792
-2.141980043604712 15.900553769450694
-16.476031558877477 12.483155664929910
12.022300809789032 -3.080516785693322
25.355786013746059 -15.798967212457930
-22.702742252432483 -0.010414641268650
15.293853677299861 -19.762783757859548
6.753566133491754 -60.844342571587795
10.441359823759194 -13.419310495166865
38.342047615072651 8.160720254883612
-65.269140534903144 16.009926829645533
19.206830739480480 -35.283287830727630
26.842006510438910 -22.088073101074240
-47.489469630477693 12.231431199090984
-24.594758813943972 -3.140352491546089
-71.428691740598950 31.741725399468177
-37.776393302932711 -6.710578301914700
-1.234723058207590 10.642736663387659
-47.764456241973768 5.299479544088331
-47.973639680609821 17.667950644033841
23.909603397271109 -0.279332190001649
10.368932077878508 23.567927006595990
0.544812860301630 1.950135947465923
22.134812892891194 9.679430540057275
15.824816539611954 13.464335495114323
-30.512546378491265 -19.206536907866461
29.670511152091166 -28.453197045864187
-16.155553621217294 34.369203752104568
52.093286332339844 -39.099150976393155
0.920459793595777 -0.350653245331351
46.328619307975046 -32.463146160209675
22.621829345771101 -26.841749587446493
25.613957985359111 31.506023629930024
24.511679760029914 20.690930041581968
9.522187350646439 -1.249264865659952
-45.776809831767558 26.629337983221891
8.097680938557529 -8.070116925795485
10.977244151428033 26.416803892364726
8.251459590371930 28.114184380396342
-24.888408022058570 -29.628664375197559
36.034295230764656 -30.023185142332604
0.673812093015267 -12.968203664400880
-10.029245382352286 -66.043324863821752
-23.706363946245538 5.633155132462102
6.444653893183457 30.177095274643154
-0.503072507133524 17.691323105094416
47.294512268990069 -16.460486830419605
-0.533683011621459 10.984001111473043
13.237951088873885 44.517241229650828
1.037782350746568 -7.506109824587837
1.706113031260265 -31.277723741431195
-26.377439339315035 6.029056567184976
31.916689032133753 -22.246036632877210
11.527891393273388 -3.892188841284055
-35.303885500625505 18.106267920135849
-15.948513246709600 -18.280376624011669
-0.356371779174325 -2.359372326521854
10.396084704585920 -2.523041202469738
43.019364930982221 10.028160995267569
-35.582516535896964 -26.572754287060267
-1.416830373522792 -14.736087252121271
2.042106916400175 1.238182381558834
8.188866442613945 3.920869230298652
-45.081372328693554 -7.999664394123810
4.807546124466504 -11.413425447394610
-16.840767351319300 -21.546566779692032
11.652791850570015 -29.843718033042126
-35.623383520221388 2.458272995404992
-24.755868583887342 48.549251917906979
-44.741780625765941 -25.703912662716593
-15.747215724448170 -3.895052461902133
-5.440553930810619 -22.615186266964695
31.356219599485506 25.986044323549667
29.641835558344763 32.935607493789369
-17.469974772479013 -24.200217514683430
-15.046383189880029 14.360808074829665
-17.445759282502522 23.662661656298031
23.609619642305386 8.718620905819252
35.679702983228069 31.478649555270405
39.309261763615858 -0.407340025309894
-5.914606157200357 15.145235974769657
-0.985004887724167 -20.921045029451445
12.091896668652415 -31.766004347518702
29.874690367051009 8.760668813976231
19.657175880536744 25.180832953222133
-42.393281563623354 11.476441477101119
23.215964434270226 -5.413661888007534
18.161319704495757 -3.935782514955149
-11.713197766037897 -5.357432094118216
28.577985294814408 -14.906273842670377
-31.382062087441206 19.568069057168000
24.013099454078255 20.442261550763110
5.022107319482136 12.098677567393311
-53.591526143191032 -21.565088432090722
23.895315409492348 17.474320085059585
6.541855785518545 -26.862543325139889
7.883023549869804 31.384396190983502
11.792816860442025 -12.118581572139707
43.820475902209168 -54.230160312182377
9.586974403092071 -4.391361943791770
30.320725032403303 55.562434060353638
18.203646826316351 17.204910083690091
26.237291264586968 25.874165460388792
34.135866919721877 -33.101698612795545
13.801378938732066 47.671908739559171
45.118789985918930 -26.795553659074557
0.853674516611579 37.061997213792722
-19.034963126831656 -3.875687132846986
15.702987386849692 -1.584192214887512
-16.050090097709713 17.255479700487811
10.830685756931281 5.893921894321036
31.691197911303977 -29.002324851222166
-1.380147798693775 -22.203835490359914
-21.020975216444629 -0.928679598418112
-6.208133446933743 22.134891325624228
-4.432988395245133 -19.220306582612935
1.797348158913622 39.536297084826941
-15.440946874729351 -66.062136350092047
-22.453772087096389 33.569571482132410
0.006324892943249 16.790212270472157
-23.914424076593406 28.797624774519715
-17.875732657574986 -12.051893292630334
38.906398497118701 29.384890538080484
22.194079382690049 -41.980528116522677
85.638491062658474 -10.587556337217340
-27.581251133450436 -58.663874853267522
-10.201710847366801 13.506369938442084
4.055763465883000 -34.765270612494696
20.622775123810332 29.100649513472490
-23.101771687301429 -13.226261191467890
-23.633209542703906 -34.594442379048012
-25.577375393539810 29.437844659862236
-17.179655259473677 -27.290432383535524
-9.551529716947767 -17.222779573499647
30.222333124439189 -25.799597666907726
8.974731610266398 48.343727832569584
-11.109119502919697 -13.018695236531533
0.587414398224024 -4.366001920709716
-16.262848765931373 27.921361277565342
13.104077266336557 -6.956990837165108
-27.439989206026361 14.962671921134781
52.264275194047976 -41.643213357723312
23.066894130466761 21.513684973801336
-10.606866492126670 -17.479584475618424
30.665030543871669 -13.021969356851448
-33.839909932541772 76.150594760989335
20.184893674220223 22.758382045611658
20.256622434480914 -46.137279313011796
0.575729476010376 -35.587700070335039
-0.037437106356110 47.845675625114936
37.592632569155633 43.160165841424337
-3.695414938032172 7.301631918577709
