0.000000000000000 0.000000000000000
0.000000000000000 0.000000000000000
10.705561018146607 0.000000000000000
-3.440471060210195 0.000000000000000
-14.888554637582059 0.000000000000000
-33.279394240908758 0.000000000000000
3.537514821573316 0.000000000000000
-21.336175000645291 0.000000000000000
-42.060670628676228 0.000000000000000
8.152966614503500 0.000000000000000
40.966885706067181 0.000000000000000
-21.584882837922382 0.000000000000000
17.687574744216445 0.000000000000000
21.943458763845147 0.000000000000000
10.807729207302909 0.000000000000000
-18.289463213842332 0.000000000000000
6.193563633231492 0.000000000000000
-37.123588423557415 0.000000000000000
-5.966857188997023 0.000000000000000
-45.965253666331854 0.000000000000000
-1.072070079843156 0.000000000000000
21.832507041517871 0.000000000000000
-8.865688810751843 0.000000000000000
-26.389733290313544 0.000000000000000
-21.350026617866138 0.000000000000000
-45.527235452167780 0.000000000000000
-43.982931898710667 0.000000000000000
-9.135796570343416 0.000000000000000
11.220803739116976 0.000000000000000
-4.370139510573269 0.000000000000000
12.685167603573609 0.000000000000000
-1.522803410834285 0.000000000000000
8.933082823996068 0.000000000000000
9.159218133583641 0.000000000000000
21.141650602636357 0.000000000000000
-10.830136087490875 0.000000000000000
21.867049724017832 0.000000000000000
47.140656693770602 0.000000000000000
-19.664687351989215 0.000000000000000
22.683512614217509 0.000000000000000
-12.332405889795671 0.000000000000000
48.867027746939598 0.000000000000000
-18.685300884982230 0.000000000000000
-48.303851309407392 0.000000000000000
-58.051417912576653 0.000000000000000
-0.891085969230899 0.000000000000000
-1.098724122520258 0.000000000000000
22.381021435141232 0.000000000000000
42.587462192489163 0.000000000000000
20.721731950253321 0.000000000000000
17.434883811968977 0.000000000000000
0.000000000000000 0.000000000000000
43.218555190724089 10.319088358459235
-0.110999605830278 -0.598188370551136
1.370031152262126 -8.748534672993047
8.418377166479237 -35.143475162317998
36.347333234101541 17.983787552848092
-35.965919617685103 -20.091814155962165
-32.757954511915621 14.137537715680619
-23.499292193461564 -5.396406345057500
-10.997185124770922 -23.374028421909564
-33.805300108915638 35.669789087326897
65.719471581576244 18.533396424784808
-11.011243475885921 26.221812076118816
32.924166892865536 -9.909187108104701
21.812422700134864 -35.394329471534768
-16.164611654162133 -0.708818366346235
-0.580240718576123 11.250714189517350
4.582308149361570 -33.615101340949451
0.785692507143041 -48.282593681432850
19.445810064224720 -29.596043117305872
-35.667471883772514 18.746340036755679
5.771459033316403 25.974181839650594
-13.571894401257126 -19.685353016114906
46.551717592412395 23.219953011140653
-19.242289245191674 -3.768689108180411
-2.053349767836368 54.457442500196301
-22.032148318660678 13.731119556787077
-11.487658734285148 16.865814830298774
26.237991026352312 -18.041470432400665
53.617578553828899 7.668546870986296
-4.998595897547886 16.354813071078460
11.728430339690638 11.566537994576089
-44.119229434988021 9.224791952062260
4.819440045495858 0.408095671643244
-5.525083615625670 20.594257703965400
-3.804320306682824 30.172023261744293
-7.737778809026960 -1.334574381781089
-2.393716530886340 -25.528049835363699
14.752892623127300 -6.255939764277403
-9.526506407965936 9.247727745398475
7.357980736107107 -10.981798189405781
19.357869615871813 34.777114106602291
-18.796189992367704 -36.911004777306289
-38.731394503834849 -19.321344226488005
-15.406036893715774 57.014833080634112
-36.190917929239191 -6.906284857341815
21.013654393170050 25.300938092104833
1.906863911553388 2.385858344593384
-10.762919241412378 -56.400422723433579
46.738129919717238 -25.023672071927489
11.649841548013704 -4.629719858215831
-36.371279781855478 15.043981536120482
-8.592729572963279 -8.545136632946146
4.081667754136613 -4.265109811566415
-28.697604310142758 29.803443174976135
-2.436540966165134 3.998440257130779
10.171485737383959 5.333914583594678
-48.285717960923598 -26.051270781357605
36.045393108597068 -37.612772806648927
-37.687965247943133 29.398585466771650
-16.857212457884920 8.991641955152772
-41.383989308300968 15.246465107545102
8.108981293373915 -8.579482203790647
0.714164983292709 26.729347562107236
12.907210781594220 -5.064315935937185
-0.430339438653153 -17.425077516408368
-12.728379882663265 -11.745835666494607
-4.983861877953780 -28.438101677600329
-22.234058361622612 11.794206486003141
-14.286439727211162 -28.561222186660434
-7.765437722678313 6.761390586087912
14.130117453827928 23.331681747044769
-12.973888620874558 7.588263874486993
15.603070747057073 26.272837658313485
-1.403021300209328 17.053965502086896
-18.722979249508235 17.264588574139374
33.949260570868603 39.964468527250588
26.135395283195727 -10.858283048862591
-49.343607371295640 13.494768017194133
9.037550705931331 8.613504580689467
-2.525236189926024 -41.278771622306778
0.030830061551138 -18.301222472417145
-21.344765918797776 -53.508266093840092
4.154567992970666 19.090594486303814
36.551717888267838 47.533990405760171
14.126104263447253 -5.313009147903037
-31.832515306604940 -16.208079015558503
12.509067829930629 -4.489902063102988
4.319987408483530 -21.918708164402407
24.389480788528161 36.389130589997905
38.120281196598995 26.618283857156690
54.397610061216106 -9.306665301612558
59.808454170770091 9.702554898010112
-31.693705739949319 5.892574481734053
-39.253624349618889 -9.138845378031540
-14.160805336025378 16.655038957585880
-10.295832701477913 -5.612963020827517
1.957177257173667 -15.084389258741028
7.323750842399602 12.244129474451887
-17.276270796261969 8.369038770421493
19.351996166029526 7.770788640881642
-58.741966109339423 8.142841549534598
-15.566073403697857 22.396729736224689
-8.728367856508894 15.551162254097164
-51.553615409992759 -14.385942938756676
-38.209665829512367 -5.981407669189998
-44.255232439274181 10.157189433667501
-12.859628373216466 8.810045458487252
-45.633414508720669 50.521503736281801
22.262811634530028 -1.727369857876632
0.830017827740822 -2.892730378110614
16.147335259768173 7.351090605844892
-33.286520645686480 -12.064020670427951
-29.133218405070746 8.100852039210576
31.795937769672655 -20.171907836331734
-20.457597467608213 -59.604354184575243
-14.280605627090004 33.363565893042498
-35.382331689672711 19.185671830168292
-17.166751290198931 29.288187638002796
2.904141803619078 13.222290049305206
10.209325714837053 -40.712726675693965
-28.185529655624052 13.662484088579433
16.738430439262562 -18.582666758791330
-12.490032935584040 -5.185439638126154
43.366205417954092 -7.324701665857783
-8.633341103031736 0.292900953569213
-15.415145526656850 14.194729223593340
6.739275587548874 16.500183666605508
-56.823140154098290 -26.518653138372343
-21.548539275608043 2.395617724542489
9.769703820773307 -50.176221185077068
38.193119528828355 -16.797451000388094
-3.913089192572638 -2.463775938507494
60.848696414363602 9.936033259839085
2.849565878830605 -69.416559831411547
38.971339082553150 -24.520450365659340
-18.120920372722150 -31.955843445633906
43.366711719812649 -28.619464188045441
29.535578863222810 -25.130273319576478
28.740689331876396 -37.537673660581220
12.180705166023326 18.030456879244309
48.040605938214689 12.582029530070956
-13.035493896193749 20.889463949159833
47.071767254521809 15.857487168773913
6.538806509752781 -7.443991920412428
-35.009589444964796 -6.386547466771316
6.324384132111636 -31.458687837219390
-5.094726016263883 -51.412266335277728
9.331881732029112 11.727377872903091
9.987649317361697 -30.639160841002653
3.194842218308898 33.903368098660302
-18.930542788630056 9.616352406445465
-1.989718699925586 4.213457275156545
-8.482050693461028 21.030231422513143
-28.254481336924972 3.266522879960898
-48.589823793402751 -10.450423823656374
-20.562493443631091 -11.368157451253913
13.403615103568878 -1.240694925389369
7.796036340962168 29.201774302931018
22.050367178746146 -3.108617191739044
-22.868953929698673 10.520290390898891
-7.045206210358461 -9.554185662825070
48.960747371264567 16.734803489399134
-34.256602267642094 -33.354312242026246
18.888215322803021 -12.209972876229534
-9.302935464056972 -34.914266583598270
9.038375789356861 2.079409401971399
57.349179105746160 6.616348207002522
-10.080980552858954 40.971332802097962
-21.395197002574850 24.060647724479196
35.268785887006509 19.530410276620550
31.016793026182214 9.116962974651715
19.432624282174707 -20.664396560345153
23.351448321095589 -6.278817663703800
17.264372086827105 -5.598714034799501
-20.494811359093834 -17.652262639084832
-17.583234847839169 -14.341504267688775
11.104155492279151 5.415964873273232
-17.521623230626091 -25.788866037577638
-61.788833475783527 33.141062964458243
-39.652579128198141 6.317555773564686
-2.122448597660298 0.519853117860304
30.482428101720057 -36.957053286641397
-4.733672946730914 -37.024649177923664
2.569069951319698 -24.424908573471804
18.798505346517334 13.596031398871066
-8.125333816602899 -8.185847488782571
4.772374885258168 -8.490026426705059
-42.351810101075458 -21.285314667431944
33.125778083482977 2.221504399340736
-25.288794573824379 -0.103823051993949
1.012243076318808 -11.096777478767292
-27.450364700963465 -28.235588278564144
3.657590467167625 5.656368934648482
-10.807705314234180 16.800640590984358
-27.516983394341835 1.332256787513830
-1.983187470078301 39.236977419563900
15.338575461226004 16.238980795695358
-14.790519111846157 46.234603380895500
-24.020359409263996 12.643548602474404
-23.495921210449339 -18.795899393357612
-1.319040658288030 -22.296907130349517
25.821964133575992 -16.688453087712841
-5.057434136608628 32.878335312854716
1.548723598893296 8.116634674580368
-33.696617745086535 -33.432198188481685
-34.342540210198784 33.750551386338472
-4.592177748270085 -13.386706747172733
1.630571121268553 4.370029622480354
-2.032039216989453 -24.280414804936111
-31.952523038253080 -39.588269095608659
-17.643547711376751 -23.092818878822051
-28.655519302776664 21.423857725838438
-10.982469072174286 39.474119050429010
-1.362107069912244 -8.273169179593815
-6.915111037751065 5.536014497520064
30.570598016119895 -10.403263257952243
5.361120847438460 -31.880049358367366
-1.926471874124888 -14.123555269648103
-10.961694266513659 -8.234934588590642
-30.646005603741749 0.949917587133846
44.490338881450683 52.150019167265469
-12.903198172622600 7.492644426410311
38.524863805590314 7.188991401517296
25.952578761609939 4.211183989927849
-13.200811605801643 -8.609235399886428
12.399200053640191 2.426217290141589
4.972979381625776 63.400147003989311
-48.253938152339089 -24.467765269214826
-2.483842956414908 -10.333236649702743
-22.292737496887700 4.189102163203690
-0.335537651497498 -34.598947709409764
26.118549547782660 20.380098164208039
4.479098831521249 20.896808557867615
-8.621334549199570 23.215242866042438
-32.977120394065018 -22.658569528990871
12.622410283190744 6.663671455437654
-13.322289737224342 1.758227293150320
-14.099788865523530 -29.863905584270153
39.531454119505824 47.845569842389416
-9.306687226795134 -5.364677654670452
-35.777155270740259 9.942229240177562
35.195650999887107 44.216134107135161
67.427136706484276 6.514971905190714
-21.593751514946049 -4.162296118926419
13.807250557836198 41.899276747014014
18.729780344681174 -3.759413476355350
23.125918507530503 -12.850303326186465
-41.962213100942805 -45.991626317827979
-13.213597367536977 -7.787057820840602
-51.912172601330340 -16.678198939696617
0.972869319285596 -17.888049221143905
-9.712490559754665 19.491686499855252
-4.233219824463139 -14.113785334058250
-13.018998334260788 -35.021216756587293
-4.156416640882718 30.324794123743303
-7.632850783872964 -3.094433047991448
30.192264322865256 -29.875882864624980
17.386448514353177 -12.596336797564536
-25.997062405179005 10.560604066973861
-11.506196778158435 19.496849309680037
1.758287273206268 15.516477400551047
-21.019197799690389 -0.787681323017429
14.764038537202479 -33.310645386093519
-15.811964580044139 -7.448948094277116
-19.965706524962620 17.005554838321324
-50.539770474002864 36.062239673522150
5.653622617003276 6.427028013916609
25.677024095283947 -2.437111541510468
10.983340403748572 -38.752818349293783
15.055867302718369 -17.201333237942858
-0.325490431331631 -15.064456212897190
2.232233450572837 11.139052325699645
-20.136339813542904 -1.474909868575185
1.470195599518202 -9.763253858781681
-37.151213694162401 -70.647970099851364
-14.534019183834396 12.541927051540645
10.543256564691456 -30.522703066802702
21.645054976962374 5.827544762370787
4.883900973004479 9.267852891555060
-2.269161929825658 -6.753278480380520
-3.032938242247405 44.069919721531662
3.732368977879844 20.921545902962780
-28.433641393512708 12.331886231729847
-24.070084782040354 2.094504761930206
9.601563387357974 25.489544677034765
26.375992533258675 -6.737167316768725
9.548992395923255 13.352408492611223
-9.548336300700392 71.670226745712398
0.619509468859481 -44.665924887219738
-3.639896139646410 -13.340009631509677
5.960279811119690 17.336536545709283
3.828095679559357 35.451386518287457
-4.492031558236715 -11.687846151594231
-25.469286360804745 -9.358549799391721
1.682771206554689 44.524507455010522
-5.914851355641814 45.387017383303345
-14.888870265032530 -6.862607676102813
-0.802084108287876 17.391579217354174
23.726986190703723 11.703655465039400
2.214820672280457 7.748572032414961
-8.981774723818797 -12.539070127998299
20.418293952257901 14.986130759590633
11.023119085178182 28.239474271152833
-50.001103633903533 -29.782644218666572
2.671413543564376 32.408604709756943
-21.727179243422015 -18.405607665702330
20.235577464570536 7.685091216722698
46.315579290456078 4.100007801212097
22.534806741664561 2.176112744378070
-9.927339471833806 2.908847616182466
-15.325096019398035 -33.558874751648972
-15.769217314395055 16.773183926015033
-26.042277771644223 -17.450326615995067
-22.980798186656624 -37.897057192854213
-62.546274846070027 1.293324284577331
-6.335470817655682 -29.485493028039539
-23.285500628662287 -21.568103543040984
-3.057370631321931 1.013032908984953
-41.642813720610498 -14.344215474991431
-22.697896889028971 -20.902118294814933
56.876526214764979 -20.984338823867400
40.732348356541735 -22.228396567154288
-4.573209791777622 36.115051149155100
14.414320078416930 -4.192388880996464
18.820858310884354 -45.707733460932722
-7.352201837291719 -8.804244046948906
5.617896904427514 69.065617944859000
-24.316429513353977 20.755536954207301
-12.093335493682453 -4.759171965217384
26.245982752189043 -2.703768756666861
32.195042858869307 19.615160456493506
-2.581946162996726 -39.493847774566390
-17.100371495211530 -39.161140813290970
22.489219382965981 -25.737178403451537
9.798092077726352 -3.230317824185643
34.882171882942473 -11.859165888315379
-16.854132751626480 19.843910272960809
-22.204232224703137 -9.054844165320013
-3.535754309089379 17.095174219771867
-4.340606475295498 -8.005868262117342
-11.064197975444888 3.894439107485510
-40.043798092652473 -16.453795259046814
-2.924367357745838 -26.341575749493504
-3.278999110918478 12.944840842853525
14.098494601610899 -13.336700272990010
-3.040440866553507 -17.014036886284661
-14.997765207209234 4.724849450849085
13.824097963041162 5.636189325968052
36.598339227572531 -2.167028961423832
1.096297380513830 43.484830947467351
-13.610732274016744 -38.116863798286623
-23.101582470604576 15.604721032122617
-6.637210601449960 -25.513342180993867
-25.475288601205992 3.707780360844070
3.569394251489844 12.832332627679925
46.192621168467497 -0.133259149614556
-13.941474716839030 -22.447317628515918
-12.829909878504877 9.723042722137901
0.184233102525786 -46.203716067976586
-39.735854155696750 4.465930035444488
10.582226618082707 21.046958133903779
56.567591388134332 -9.179732317686154
2.318922860090200 -8.687401932027717
6.747066762840226 -10.604410711136497
52.317717903722134 -26.822744228411821
25.754492925005529 -7.734769484190846
0.213498645389285 -18.308781579639792
3.770080889093987 16.008140333257046
19.709152531939470 27.789648721879836
-27.460375675770070 -28.082901021880872
1.766006589648110 21.896805026152848
5.139791719951768 32.475983387190190
-9.270953005088025 -1.937994754921348
-17.516738141703144 -45.408092299423600
-3.257235064349316 -9.526187791573721
-15.047676191275805 15.855373244353625
-6.982976422975052 -11.750975523877752
-10.693144946262262 -18.582524148751709
-13.035705852597873 -26.076941330251184
42.006410100821483 -9.432154453767552
16.821287214859105 5.929286505932975
-6.412847107420510 -0.163356890895200
-13.775442775896890 3.422731661762536
-3.159718194242576 29.390215785310936
-6.254948403741293 -8.826919064941562
-46.625048095902201 32.169361201539481
9.208094444075412 9.731202943220442
-7.720673295604626 41.467425026787446
-11.381300544594195 14.115693606610121
-10.943824761461077 58.918516256787733
-7.608835511326173 48.501640229879868
37.502770077839656 0.058483328123523
38.160559427941791 -12.945614501105728
6.383256718589898 -22.416109712566399
-14.761880227586238 28.975292812053016
29.642602909483102 -11.196357089641646
28.783016558027292 2.866285217656828
-17.307495682823870 3.613902006401475
27.378190083618346 10.143059508836062
10.032106225766608 -21.710136993080994
-7.780147653987933 -1.193083142686869
-16.882124752028595 -0.039432229586862
22.201913951958474 -32.796085139224459
-10.129487667371215 47.658915462953402
-1.316805750315265 9.162703564416908
-0.540683232529270 -6.222774481134016
-17.732659448518532 51.579927565916776
-2.176010754326956 -22.895550057921792
0.419167660544494 26.156375474003468
24.823386137267747 -19.002201846980146
-15.229495937043087 6.592457589067019
2.275253063325056 -42.315486880689932
-22.298216479701075 -4.401132924416679
-23.393829309714825 36.515194580057461
14.593198478348508 3.805429819155829
-8.835740662840280 7.643212612585815
0.600032893034694 11.039876769505595
13.438742062030707 -12.287295942108763
-13.121825419018128 20.982998123065855
-13.999235257592344 17.199905498558401
-34.788626619750808 -19.762091906941059
8.657206929338088 0.188655129780972
-17.816749236650001 -6.875919002698228
-18.401965036174225 14.271735768799399
-20.380581696512959 7.298834104870323
-31.279618871420908 36.896583950849625
-6.817888937518488 3.741236095468301
19.041563681093926 -10.045837477140235
10.484536890682756 -45.715636804019411
37.132026364699861 26.252005818922164
-27.924543614968179 3.045345686204136
13.754948442219293 -8.518911409850292
17.807706304998142 36.448848618544602
-34.673864177107674 2.522199894280666
-2.923736010531355 -10.374548643180720
-31.221172834828529 -3.059453867936458
-3.269311131440535 16.173733930811455
-15.940629846736259 -9.736029352273182
-7.442554028632779 33.782128014533363
21.663094064257741 -18.116098106926501
-8.276098025943881 11.190929104998251
-12.793650605673198 37.114945942405122
52.198490129979319 15.469889176861880
-7.444408829604638 -14.788550754365149
-22.904939019921137 -0.506337025317450
14.358949586798230 1.826785136297293
-71.154155803425667 -16.346447968703309
-22.531813485865488 -18.430380712553990
-9.064682225228507 -25.451990876694268
-4.101050182352070 -17.195606398686184
2.870426277326420 -9.481911142377610
18.266186356509923 -16.404864685816435
-10.056573220531115 -0.015517261510270
45.192839580436377 5.697733581363269
3.368750813569773 40.790599985816122
-28.530189222939342 -31.056480549254925
35.613566748941544 38.381817965705523
-6.708843618377334 -5.168117779905427
16.323460492662601 46.259042962652465
-3.007844364829026 -6.459493168584078
-12.491509481924249 44.521478498184599
-46.526570710920723 2.445094687138843
20.300356567264217 34.889954244186569
-17.187813408592334 -56.198158954413437
-13.442470433504248 -23.243504139110748
-1.575004205166012 -13.513849098800318
28.773132775086925 3.972290560117873
-3.947251821502708 -10.200442212689142
-14.484612632349249 -20.760188437453969
-4.953218847296487 10.392134571614863
15.166277673149922 -12.848045661705793
-40.951012238701331 -15.498835258807700
22.000385360573638 -5.535781880479698
10.278801061368110 -12.274295841810682
4.714451926988252 11.447162811297391
-15.865249642370769 -3.722537371596526
-35.716385497204023 3.972681079904218
-1.003017588278460 -36.613564219551371
-22.281468832348249 -16.908199961767682
-2.971420163486060 0.009041094676714
-17.422138240160770 -7.360299947603360
8.405495060282117 18.684816396026108
-15.212096889788034 -44.157755479993156
37.873072411462090 -9.908577084709425
-7.516205251698952 -3.838471610448384
-21.413954343658926 16.607053873645857
-9.697011242959753 -2.950161338219004
14.256501996527374 4.911144119187598
-16.423427990048925 -9.374485216533243
-13.984877434458898 -11.956304863821245
-1.867194906086260 -35.822366257894529
33.958528794479463 -15.213933032522780
11.874464176097323 24.701151106762250
20.636295637476199 5.064758699835066
-8.348854680594540 24.629462084655238
14.258403778283727 3.488706343013676
-18.986141145413885 17.142400698731620
-17.144179407756212 -11.795484759521869
5.211611331815292 4.631145808613264
11.654154943424340 7.082067281555445
3.063558081210188 39.911338255575963
9.920551055296025 -8.478253608450732
-10.583891066733578 8.111700896087513
-7.405332173886657 -6.428685122731383
-5.373369730316579 52.949549891734215
-26.632251525712814 8.735179113933921
-23.723197760433727 -11.269136331221256
32.708200270070414 -9.274186000178982
-26.495074318291323 -14.883149452539731
20.082695503330729 -48.757361769250458
34.637172271800075 23.813865526981253
-40.378951294964807 13.729931411863257
-47.034977816164627 14.183338299791037
-10.590338428916429 44.521955433607133
4.691601558013248 -2.479397044158742
-48.056711834377246 9.466207849795982
-13.350103935117428 -12.947637557267436
2.146051341343491 8.603308953064444
-39.235941150839480 -23.804116662330681
-22.665861444679884 25.479576102108837
10.121214620962604 -23.391590022068925
-21.157524269494328 -71.692847940918654
36.240665994037855 10.005482680394662
30.461388474893898 -20.171772011647853
2.717515439081211 -0.743203917183185
13.256261307821550 -10.708216115146886
-6.146149634509869 -3.535810559580708
8.307665773916936 11.569163615549904
29.974896949597081 4.195337072302305
-5.642720547089820 15.012501995841488
-30.955613862744091 -31.609843372716028
-0.580675110581952 -37.919087889805745
20.894775814071089 2.424305324685778
32.032002160103751 3.512657701508738
0.024742092612714 24.035122206431474
-4.835445668062075 11.781368561421688
20.179420481220834 -22.709670907967720
-15.433869433103103 -25.710938151641727
3.071052421499230 -10.348465671578500
10.705664075941323 32.206368281413987
8.705520620005505 7.337742559937809
-14.563894910543439 -1.505891880880795
11.199082931568569 -8.790307421540950
-11.398041828617709 7.683562287997451
-26.577716867670961 33.922837689266764
20.862474082311159 -45.342794109390951
13.592014010192061 -8.793369543597416
16.222364760230153 -47.026462047327108
-5.010726383899379 12.058402028610486
-18.170365401359696 -16.371578613472277
-22.113017416804020 -1.362100941359122
7.507211897359741 23.683393849083227
42.096909957315617 20.958116403433579
2.854119549299640 5.553896116737358
-1.675312701052106 23.099199489166562
-13.246499014717292 -66.970295999207750
-15.347476483461957 29.380923222606025
-3.380499662420558 -4.929085016736576
0.047553779919032 -42.901049122066766
13.320365141099154 -67.033359214723816
-19.277219295165299 -23.265229531262971
-11.275911474640610 -3.526197406609083
-15.247900062767323 11.793487434088469
23.530544700544812 34.657199074557894
2.123469069663060 -39.228854873590471
-21.669080042516956 9.168954401127923
-15.889780847281783 -65.070936342015059
23.743656529044443 -7.174804337350160
30.889122008038818 19.133626660863364
-36.184517529918452 6.028948527477792
-12.774460125769510 -62.263318871367368
-19.571984070787458 -4.985942520677268
-16.107461851037208 22.597499330609221
12.792975997048108 2.901750907271017
-51.469011558109131 -35.552482225603583
26.377292424042629 -27.372717778900270
-18.220168867738998 3.986540758783032
-32.202753586874010 -15.675617959342601
18.502783689791212 28.286693662371245
26.126055989231929 -40.629258436321237
1.111965182725525 -18.067781284435089
12.652059752257703 7.137434747049942
-38.259859319682789 35.552870337691928
2.554264640298851 -11.124885266733719
-6.825320191178692 -14.851608047004976
0.909674349562056 22.765069527195095
0.823354747303382 -6.138166476368620
-25.773043061386385 42.030455364978359
16.602584050291071 21.785158479228958
-6.583536452416989 -9.926098302121964
11.273973892453569 29.576480132307960
-43.687498345491548 2.787170135087416
-21.936115816687600 2.183301417321287
32.181016250633746 -54.104212072108389
-6.795052948727351 44.278276719613494
-21.754033719270804 -20.511803134645458
-2.197275898832713 -34.732160452033078
18.256525649686992 -10.600949562781214
-3.451591516102554 2.547545562643424
-5.692897992944509 37.005332583939889
-39.967859225220529 43.332837940216130
11.595864094180129 30.970592326190680
-36.815537801834509 -36.800617832532133
18.860958365445342 -35.935903843981137
12.999949125843475 -5.946118940871160
-12.684434474667627 -18.096964792990018
5.332650487264908 24.045408639828263
6.648711571790701 25.202367293855232
-12.959133953105319 -25.346741944990633
-16.569384579774070 20.032781142199063
-6.342667447020338 -3.598630662123580
8.610667613159301 -27.500939099064841
19.847880745595152 11.477388576895684
-14.352157424074697 -9.970719230020309
-41.338435031685059 5.102993962173592
0.794956510752130 15.620823219942986
17.685343644502908 30.842136948577028
10.784406792444400 -17.374028968467886
25.122562489008395 -14.408044709105145
-22.827485981260178 -12.526687498401508
8.538383037463568 32.096513935102415
-28.356802758002829 17.285358486435896
55.282992574384721 9.704575710842015
-22.787958515527933 -31.480226464459239
22.660827646436527 -37.407539425503188
-40.458923964218116 -36.220087130894086
-28.003428769076336 5.188694156042204
10.862224909555213 -10.417597280733649
-13.066671639451743 29.616897891274423
-30.575573469124762 21.313770693475711
22.431862916631804 -29.996633969430583
-9.517403594379362 -33.700218063503740
40.099973847240548 -17.457768681384476
39.120144868766737 -24.693919924078639
24.386607298305854 7.416791080378029
-63.934780377956621 -5.108291200781720
-3.719247525901088 -56.578955718388123
23.889962871948139 30.996713882883313
-16.780967856210978 21.914126425182157
12.842479613572118 25.140657768762658
9.115028030239966 -15.716988111658770
-21.838452693600161 54.681883692377575
-25.445225180784647 26.498001365793193
14.699534632933583 79.385808460031200
11.941915105461026 9.938852879992185
7.240324807562040 -10.065378809405429
2.381478466808357 -24.721896565526151
-14.296767810360787 -40.936732200340309
-48.630124139349753 -46.573450200692164
21.230638149536265 -0.038796161034702
32.587881620846822 6.769694358712610
-5.153756858176367 -20.655993906957050
15.475271486163006 -46.672835192456546
-9.547231449744780 2.313460516743167
39.360872219850620 -6.155770758280340
0.267670490805728 1.600251269390631
3.153650840186359 -30.121045520612068
-25.924869010780039 -16.387078698966882
18.816723694118764 31.507455846715654
-2.777892764313524 2.324587168954056
-19.776456870944180 6.425511286502084
-33.123148882254888 -26.572860001923559
15.183555039294575 -12.080738803715679
-4.939653986467504 -22.494333329656985
-10.174277932128144 0.388364061354679
-1.864330072238774 -15.626978878082896
26.397446869940936 -38.310006831812842
-27.386961991009979 62.330797026056672
-15.656824802331814 -19.460419875365719
15.281454695985314 -16.901896411301440
-9.827222651636676 14.626261243591443
-15.000634157037821 -5.898536093387637
69.158386135213334 13.644867502702457
30.811990106159371 -18.466886639986740
29.267097251915562 -0.792290781304125
18.056802333145974 -5.668463009827034
18.391720580645899 -31.539878190182115
-0.761860986333082 35.359320441787659
-22.179360785789402 24.559973134916024
2.150677425109207 3.254098089836501
-5.567030249624306 -16.908731669814777
-3.106691090678967 -31.129403388583821
24.562209575047941 29.440195241295523
-5.708037610817214 -36.529807144115566
-4.797833127424997 -27.095945996725803
-2.277324265147465 -26.725364953574420
6.896257820136584 3.458138590805880
-8.813981385780012 -3.837922896668457
22.778349164496618 -3.719602006566180
-17.900617030458058 -14.958888137565173
44.716031448630957 -5.041320424091360
18.587127159402751 5.888138482873821
16.000375310382292 -47.080872532277340
10.660531557801814 1.382723562766903
42.372999262112785 1.538097500715119
34.523430089181396 -22.358282814617841
2.488840026497336 -5.535896337578366
3.397110415473250 19.823679955707082
-11.864240102157298 3.896022575093826
-4.222826104858503 -25.255011884104558
-0.214330713075807 -2.648234671195543
-45.650809074896678 26.257956700844638
-20.474950137232582 -4.625494135593171
-11.568814865680320 12.955928031112434
-6.824745530974415 -10.358002167877137
8.959687678569621 -33.504913697823319
-35.735980480223354 27.612827657007646
11.377123577807199 -11.063056204875050
9.934591916856460 31.765838614796834
-54.689771640497732 -23.873005901718091
-45.499185703203139 -18.904178090626317
-32.794203058788582 31.410345402841042
-11.551529962065731 -15.798440476930201
33.436096414777403 27.055503889914718
4.678866072520121 -16.905488624737785
36.971915848935190 -11.973795577916633
-7.249282927383429 -2.494395758711762
-3.467847851468119 -1.737091516633580
10.443534093540201 -12.392986256669806
-40.695578761419846 -15.456170593012862
-2.801796825009345 -0.196454190555203
-7.630627457786073 11.702473116230829
-5.101913809935211 2.549897180596977
3.685226537534867 12.379992527804927
25.544739462312180 -5.761183933234458
24.601565717172530 4.185598647534120
20.704868791755001 33.932562153636688
18.787864065011060 -0.301365567828286
4.178304429792012 30.469113303480942
-23.871732264898327 -29.329604489760953
-30.339834955321415 -11.633357319275289
29.614577736245202 12.981903868528665
26.173490683240878 6.945135295464701
29.981370526039544 25.203071706717015
1.177107131461027 -2.570918815359351
-16.727599954416107 -1.206169676116663
-36.324785143889152 -12.871170388165316
47.253525263507306 1.076801956630407
19.579800912881584 6.990824539466320
-0.156393653153311 16.469951741713565
3.540141810188116 -9.903513420167515
5.916382147751800 -19.848216942158235
22.198674742700305 -12.774150117912075
22.854406748334313 -12.461816828204295
-28.758198099686702 48.687635769106038
-1.679153061722178 44.259581549899856
-13.737965562472489 1.441510690463259
-4.885262453758219 15.107006726013077
-11.611235359307399 -25.593373392157048
18.783251219151250 -0.583854848171011
-34.224748875374679 5.983108914515592
3.883221782343472 -12.299996188588086
-31.079676680859961 20.569282424954281
-2.234718522662761 -18.331918757954433
-4.073682712154467 -10.000775223760069
-33.697218491334837 -20.514224581733671
32.015126822009606 -20.100268344177685
14.396637510627723 -34.666907383112921
21.478268216915382 17.882013022226467
37.431290566228114 -17.865738605085809
-14.422376865542041 30.802252899300765
30.349399549292730 11.631171662943771
3.468708186823768 30.688985036741002
7.865427375485129 -24.113546326625826
-7.728935388629146 -30.166362927966283
-22.413434025273471 -9.396627951276880
-3.054427524456040 22.731269012497155
-5.355817637708859 -26.573905485386931
24.549856599330944 -0.777543021578375
-3.601610042545925 -20.233528288885712
-10.365208888268350 21.390994722108385
12.235503937990430 12.068764238834767
13.680980782151851 35.759863307860016
-14.617239002358287 8.737663831645520
1.140880494176226 17.568565749623978
6.855862557972001 33.852122410010331
6.070804209269998 3.366544499729593
12.624663504720120 -32.462341276918806
-9.093573835616047 21.988862378590966
7.414503994622621 -29.114538102379701
7.973461856008736 -25.836059672957131
29.512888952434196 -5.728188745078260
-10.553803195933392 -9.947000609115587
8.550502378882628 14.694526310720077
-2.150307707652598 18.250922735404032
11.008968638545875 10.353114140415695
-10.112102628930700 12.060626946309677
10.665947867785359 4.099354149008673
19.820594854157235 23.203334335366982
-21.394841017844360 -37.795093567088557
-5.671217169738015 27.018810934222117
0.899074544927333 -15.567998741339650
22.321033584587017 -18.538726554130914
14.451871558278803 -8.663584307838255
50.514939072798825 -7.465305720852039
12.170764926223091 33.229462892946835
37.929872793544185 40.581399592404388
6.863699016755291 -17.871789718355576
-25.618118210590712 23.256247877050860
-19.266267675646379 48.319959264948082
1.955503474819220 9.123774622252325
24.118187791734769 16.950037156278526
7.874269925307007 9.141109883167756
-16.853967751270648 5.099187674180395
15.228451524666928 13.063259212529200
8.273051001286332 33.139338768735513
-61.210825687100417 1.947099294641179
13.606215698677504 -15.748126284041650
-75.102933326965370 20.775649580245727
-12.051895553599421 39.414419342216043
-63.442930405735474 1.567757888136834
3.666814990996013 35.641292931308904
-17.642417857301059 -6.342412675047238
4.783426618358019 -1.461593677854359
-7.444371750235122 -2.724251145653474
1.582006367223550 -21.759462681284521
56.420749153984161 -29.436740426815437
-16.811998921572162 -2.588490246498647
-22.115587579900396 20.350686820656726
-18.480230198062692 23.178827619233399
-14.968521450408618 0.788889963978754
17.442911463851967 17.931829642763208
-30.275221432044944 -22.636515015723372
13.964844227020796 -20.071628842345877
10.430361524759352 -8.657071387271728
10.220485330063472 24.304214261621304
-22.159542686398982 -34.146629756174619
-17.907013336656512 22.600166297228036
32.064899957418980 -25.622802027256537
-11.827092704666683 -8.817090578630793
3.896872835179791 5.151775484891703
-10.127709413789328 3.418021233660389
-6.223622926850250 19.357450977723385
14.199789559082225 -7.721912788466840
-15.872723067891126 7.090386559837423
-12.635712599100911 12.811168566874278
-14.551895763100534 38.197600958115103
-19.697607918129549 3.652970338792290
28.308620941080449 4.602145365673906
-30.949814678024108 7.287614685774555
-0.799331130822376 18.267141337098241
13.599601325552300 29.259454073286239
-16.200676980142454 -4.385405046684620
15.162924137242809 19.646684513029850
-5.110533223193198 22.014685051911378
20.638766597875875 -25.839094093945359
-5.967081016047743 -38.209669947922748
23.143703565710997 14.294512582191338
-27.241173432754259 -12.130198377085099
-26.888426731364682 -18.134151367230569
-18.219239454052527 -22.834427532630080
-42.311557768029665 -16.731347176548482
1.734626011222344 -17.080550521752290
3.889896581517911 2.047092880542523
-21.301438580087925 -1.113679704048916
-33.552937057673809 -80.308031569888868
-6.356074586490904 28.705965392200159
6.376242606653182 -34.977923585616679
-29.270925991948964 -0.519883870863341
-36.130307454920612 4.638011911627119
2.736833138835523 -25.593777767908474
-3.421120199740655 57.439463489083082
-6.642279401603678 -3.714637658094017
-6.350903358251746 26.289132445984400
-36.745438008833396 -70.827885904875757
26.432474988148915 -58.565901640054811
-28.392168449997609 61.660218339469829
-15.850399256496019 57.741224439258808
32.487943965901110 -5.587180763277738
41.937864518698355 -17.653213313053055
-2.599863307488365 14.814147107294614
18.145185032277038 3.803799607892728
29.855225420717677 -33.438666886919044
-44.294225899199368 -6.965911122677896
-7.427980543900934 7.629415895036261
-3.309307131992075 -13.224016142620510
-16.023596679567504 -43.781779050554498
-41.661623213764486 5.797600460297496
-8.801701385079799 -14.297326709830875
-7.729528729664068 -33.828958102369960
-1.250562668280792 3.775082875963097
-4.540235860915494 4.352418215294283
45.577598570696040 27.306963672144054
-39.021945824713541 -21.030065746404759
27.940928119746342 -53.999282345143492
13.944823360700525 15.188014919057890
-13.419510927753993 -2.649442697546931
19.352133224811102 -17.235481702601966
-49.892416843576392 16.323408403797526
24.185046656962530 -33.273270532596840
15.904381731180765 4.508602261939651
-17.007857282884324 22.881402584123496
13.716583073258242 9.383182128674548
-36.621832685271286 3.506243893323309
17.774815169335195 -11.734276059591860
18.232180805271046 1.922961042652241
-6.094825968178694 -9.251788824566791
-31.385894897195797 -47.598222259259181
-20.748607084380449 -33.036909244968705
0.857596945854654 66.592660921477702
10.873711090467937 -13.252099280303746
4.118795655079400 8.422698380166722
-6.627349048897589 1.825711131737785
-14.968180383221931 -22.424333931492857
-0.955283812605847 9.090647067887508
-15.892907687097319 27.737879519759744
1.168451830770444 -27.755607961688945
-20.616635787582688 29.586088400806599
34.552518558285186 -10.556839570731594
-31.416435362297960 34.994439376625586
11.836332480404987 -8.159094048324151
-24.894530640771329 20.149205198866170
-11.475094346406470 14.274997856993723
-1.379502987227422 -20.967515259243623
7.360326142730869 6.784105957824216
24.764684598634695 12.690309331361986
-34.747516880293574 -32.914303708773488
10.164771193363743 -8.539016062471861
23.382989744188304 26.652357872062328
37.403819572774417 -23.068435863847217
20.345170692548159 6.216182365658751
-0.854161618970199 -39.943285591187752
-33.274539920855155 -23.976182376052233
-14.778735312444898 -31.428717407184330
38.695731045380576 20.843365137718664
-6.399498798038573 26.686130299686244
-42.708160452773761 18.667911539928681
-0.094715973561492 12.206803430685657
-22.840131095742841 43.046051924514387
-21.620370392174745 -14.997338413176298
-6.720141913019883 -20.634160802332591
-39.583132605935205 7.129330154301871
-18.861749444319738 -5.347870699091735
-5.188493496467077 0.753405429416143
-3.274897565402250 3.472558433093145
12.685649499246271 19.389488282975442
-18.810905030386603 -12.443108618198469
11.430604814785850 8.257357954577454
22.977273749345986 46.187891206293934
-31.730987727184200 48.176920063100994
-2.439154161812766 -15.512882289042871
-3.591844520760079 21.176634441100994
-103.585455963358029 17.192717399013642
3.939863466180281 -8.192639794790530
25.732519440357873 13.034787394670756
-6.205517303771460 -27.154416724951250
14.951200130750602 -47.227008940996612
1.091446450715312 24.921680235283127
44.981323624612735 37.091057276142088
15.820039749678473 -16.185557417024757
4.839064491756075 32.656107212943233
-5.856241771111527 -29.111879446075189
7.233505448565946 4.798807217935725
13.875023084923949 -8.253005700296944
-1.641000980520339 -8.405674331838462
26.246394664812822 22.628772921853198
-10.460423146001757 -2.357281992179160
3.222524288279339 27.213724453418909
-3.267471776104745 2.080307994189125
-64.209951909209977 54.055800235460268
-19.380208392764967 -30.635118003181983
-47.572783370529656 9.686690513890884
-17.483845565535315 42.263951266483581
-31.168455411679542 -6.074795119110771
5.762164718275450 -14.006502740071852
14.263772671536653 25.637700045259304
31.921650636745671 -12.062118546104131
32.019898059709803 32.247745006248451
-19.195730009304963 38.827437313556338
18.105747876957921 -50.974347592964868
-1.594644078378189 -41.167757775122325
46.318790271354388 12.208052289434221
24.317217300138971 -40.510704028964554
-0.886163692915971 -18.217370322762623
40.713468147996281 7.023714875103522
-14.718688294637866 20.734807377653212
11.523973662573894 15.635527860538193
31.483049833041452 -1.765881853082093
9.897454706829254 -25.773134493052495
-18.275187649839857 -56.997341031993869
33.992772758814553 14.638904469457819
-18.916379442408044 -28.324573589016296
36.762243129891758 21.078300675083767
-22.229983506212228 26.417763934815017
40.979898417651356 7.602141569785398
-16.389166525212250 0.481010789240050
-2.385178580088307 10.452829244484169
-35.058563341205790 10.140352233215090
-14.359776261591092 15.797388392226821
10.719150017200288 20.873448557236699
2.696574835233982 -39.375065317373071
-33.170364810795242 1.582913936738589
28.774082693125774 -22.282286484093493
26.780478579516178 -36.751750108953416
-32.016790299350482 -26.814568367113104
-31.718212133500394 86.984841587572063
-15.920915361814464 -20.457926639083741
-16.133983760253244 -0.587807103169371
-3.962775789050711 1.410246753471956
-6.360635810996778 3.652175286576298
-6.018579837134630 -4.938421313537877
18.907580836990061 22.286019140196693
24.469593119035572 22.058722902447919
1.596096551765632 -23.412084806692764
-4.562577883037187 8.093066194379100
0.825200707836168 24.840610032570517
40.719405999198962 24.008714162995350
7.791718414025999 0.276044349483270
12.345672320352024 -9.782580574227666
-36.406561115300960 47.719321670123328
11.152300897670290 21.643202755858116
7.849006624399493 11.194239222381990
7.924423936701520 -36.222574715151922
12.896379129169080 35.924145678670683
-23.642447370621817 -6.681313991336048
16.082282217091031 -11.859228067560808
5.029712537044409 14.440957356692056
26.138587803287031 13.517570881746261
26.243346607490817 -24.002665700958257
-31.558984079127725 -42.612642556485113
-26.505076652612829 -3.485874024853342
-15.738549750909998 23.476048065993382
-18.404395831452725 3.701548361335409
-22.236517944740186 -15.299919780227379
29.709889988297018 -59.094153016569564
6.355555466674665 -13.804983232421803
33.154317516837708 21.199470282849767
27.612157128455706 54.605511697734677
-36.568164804447989 -36.447695232181395
-9.784105798675377 3.884828492388624
-20.360887290597372 35.174871551165332
6.597248617043446 32.533699759989119
-29.267723052327234 -9.182370065677738
9.894664250013079 -9.200678834528615
33.784535727807906 19.731783276869827
28.648456506310737 0.637778265686817
-0.452051107938013 -18.070772175660345
12.399843653038515 -0.705742224744725
-3.806249770558736 10.172760469253999
-2.720027068058441 10.724182043623969
15.973084391262701 23.270959948344490
-0.115289485143852 27.858704092963020
8.718649601437910 38.641001861782748
-8.938815795476518 -13.754673028923310
26.732460387114063 -2.838594795232385
-6.371673413918373 11.552288688412082
-11.919719729207074 -15.163123467536753
27.505644514494001 5.197371224422191
14.531675379858363 -16.877401117739357
-31.919123534590309 -17.774606208161821
16.126720194072757 -30.266651990558398
8.384335327595970 29.044928219931894
10.101530896124640 14.802002678120012
-21.937065740218209 -4.331570470166811
1.250149688709520 -24.507641080369968
-22.283706631737306 -12.922639008193855
5.259258693526074 43.096725614498119
42.909594458664955 14.398868323981592
20.123748956665999 -47.495882512628768
-28.444746167320492 6.740475555172483
43.715185911871444 -24.503733899365329
32.832124551532999 -8.004444502575126
3.490716088647903 35.249404891370361
4.112794578619358 1.558079756331310
47.201339206140261 -71.738467111459855
20.983786942658796 26.606340980705870
7.687413319405854 11.659813957380758
-29.041762281816542 8.551745742032615
17.627838159604984 -44.298101485320693
37.371760752156533 -38.437325230037366
26.372332213460908 -32.481045718847454
28.846272776183135 9.951812164685865
14.220623852481033 -15.592167962230491
-10.052236507199405 16.364153039811857
6.047351481433763 42.473116188891055
-8.758256867611372 -11.393680462123184
-22.939917246529518 20.186193737752703
39.567741141578225 30.925876323198260
-20.830836190658069 -58.836356040455989
-7.984368939298940 57.688720573089341
24.317695495429970 9.926270234751261
21.977566254131606 -23.701285591024515
26.486936644031395 34.676770433007235
-1.919968386006414 -24.555599529562667
-3.389175487625355 29.367164676074044
-18.928154652775319 -24.013288462207250
11.886142123620337 21.595360456023194
-2.357373917875691 -19.675958772861698
29.284012638119005 3.847284543167053
7.582339819622871 -21.104509402392765
39.348828055038254 19.369212573936231
1.039324200533339 15.642700132120479
43.613845523007924 31.903898099889499
-32.298094214273966 -26.434272658370734
-13.672862727686285 -19.885369345891444
0.035338273032982 17.009034373568564
4.539825614094520 -8.163567285362946
-16.230538485494876 31.716212022562711
3.942451085777509 -31.449599222233225
52.892705410575033 9.965243827643897
2.351380930901824 0.044820175525361
-20.744165395432116 15.561290994907434
78.157670769260534 5.963706749573934
-29.442094701691101 14.647281732344078
-30.532007893017720 10.197125767703275
19.546893613131576 -35.146246617965609
-7.708116241046477 27.938323105362276
1.931099885447768 -12.974494936855223
35.157712913922545 -10.209628776227744
1.523027820944866 -27.416592873279644
-10.525195263485385 -15.189032900543243
-24.395867325354256 24.981711635313435
30.095685742064020 -10.555419078091150
-30.249352089013033 21.361355303548386
2.326539613654344 -2.803416837185984
-15.050351360090028 6.957450586498457
3.023899099930354 12.975925972564720
33.585018568138992 -3.744930638487712
-0.346756959437440 -2.267446337474684
-15.428495571009265 -25.176199071373176
3.322732283877064 -1.578672739964270
-14.041803131449690 -54.676820762168354
28.039748748234778 22.597380851081081
-28.581913540163459 -7.956094940514388
-8.103046286468729 17.580473441615283
5.400147728982442 -21.764481981479790
-0.242560263572573 22.533118129496316
37.049619941747032 3.843748613712652
12.534646978032418 -25.099511788231737
17.463453411217060 -20.532707664404139
13.214703745220158 -35.795196665281516
-0.111002028866289 4.737760025149428
-21.485866054119189 36.044082838342106
0.820103627364453 -42.828421579267250
-10.528643150208342 -11.968917464020274
10.655757949062991 -29.485197324702650
59.306923992915181 7.850164128893981
-8.338664474775966 46.060906355443507
14.205618228961900 -19.322897760159304
-3.650137081931667 1.854599014822548
41.388847444810757 -1.370053483764105
-15.435959457527614 49.382770714077978
23.147259482253396 42.426896705153119
-17.402624990649393 -18.541878450258373
6.845436749626590 -8.784974776333456
19.399476805996340 -20.730540284735735
-4.827807100178704 24.073569748438310
16.646582029770904 8.977068106733748
-97.072862268347393 -82.040791739613056
9.381765305431585 -3.385421329225827
-10.427683812113640 -20.898587825085929
42.494542920709698 -38.302806073619230
-2.147194303665322 5.534699366617247
-33.373176893995073 0.749542277050563
32.488616558839041 -13.627802212735466
10.987508952510646 33.190415223982484
-0.435623408745337 -21.983780926208894
-6.011656644132599 27.179985829292740
-31.154827706959214 14.022555392341284
0.447263220125216 20.233202469224459
1.964010515020790 6.147201922870424
-32.644162177548800 11.531558475480095
-14.645860703834748 17.962911607384708
0.017827651119006 8.689279464121480
43.761633056361752 44.428995462564231
15.768181987602551 -29.607736988672986
-15.445831212070964 18.169174743386343
11.440795092028049 13.120585868605360
-25.264671253164806 -12.862215684040148
-19.021900150020674 -21.212342862431125
-2.097332393700267 36.618781243057704
-6.921087610081050 11.154413352996681
4.541427256308448 -33.987038900711333
31.079168276789076 22.867734923651472
-52.220373309664687 -2.298367839860780
11.855065111876247 -0.626144809081431
-33.393376284279825 44.874910743593915
10.988321096643656 -38.722720329942995
9.660300114937666 -3.564846758973200
18.335301947123696 -69.250032910386821
-1.471546794709080 -8.673616430872340
10.125368867244266 10.835275959823468
22.990405619739423 1.361322876630144
26.418324896714065 14.608519359345797
8.856735717262127 -3.061979758375404
-14.738631418859343 31.759809684892858
-17.226672133117358 35.565215474060977
1.486285905155702 -16.098491960583178
-34.141033833529633 -20.359706473364156
31.069421548838008 -2.062719683438536
-5.159058329157674 -38.065345392353358
1.187380587818619 1.562220289187923
-41.278546761448091 16.687228716160753
-9.646736930916385 23.797078687767911
43.278610115076347 -12.118539926483194
15.923675840423636 -26.977942662888719
16.280347515928710 27.645669203151474
-22.431382385811069 24.447433950479269
-7.189471555265427 -37.801603330597494
-2.639097542367418 -12.134394787959437
-28.801782829144955 -12.186535104469016
12.471627490142671 -28.648279365607312
17.390399134746193 -3.211957251757251
5.991424628318276 -7.342705838001139
-22.470374787855842 -8.133951385887181
26.299508576252709 8.424375214267309
10.849737739895804 -6.575086297372988
38.640290825236420 -25.114336742657709
-43.961104692106979 34.871230543045591
-2.518055928024042 -23.873801281688358
8.430752394642044 -6.668037039588042
-15.602290759938594 -10.271981417810267
41.410742928403771 4.454484735250849
-22.569076407224745 -14.688515454419116
15.762375720817991 -3.276774442810346
-2.396878902658411 -15.703441237596225
0.566509093982269 -28.084306407819568
-9.276508177734746 6.245680263646985
-73.664519599100458 24.052853050652043
-10.891029822343858 -3.142787467601311
9.513915007975603 -31.330139086993334
-48.955725069226673 -20.264271559197766
2.930306363465086 -12.028521146826099
-2.452587885798634 37.547410425475370
-32.657683536211536 -7.061411616214863
-32.596969751562746 -7.236827154890904
-27.942807487742961 7.660651831747755
-7.488429948599816 35.886228987845833
29.097032875749903 -15.962978560625718
-4.919094215831781 -25.782826567647874
-16.811993663060022 -36.003922533683919
-22.522252199005091 31.680486153725091
10.704306978755451 63.551360756447309
20.900271599320440 14.406961479278106
-18.552949857780323 99.509390956829975
-57.048314879519587 -14.089240972374485
-11.061760112156215 25.782629011465730
25.665889234277678 9.804261001516215
24.844689068327053 25.413662505940668
-6.171085829728593 6.213951972700523
22.627739022115737 14.545169658344285
-7.762724318440807 -9.644352245447735
-9.040233155788886 -4.468024013950622
26.528636041344015 8.110077290248936
18.972631954939313 -47.076772414579324
41.021582109787822 4.405634086349757
8.940124156866933 -9.158665172995798
8.121539964349852 -49.469953889817290
16.781760659520629 34.035790663808591
-2.094756679278455 37.900352405651788
-25.118991246055355 12.020139043079922
-19.320114109913572 29.306302269244380
-5.798007460163840 30.220800355064576
9.964309497885214 -7.071509753811414
35.017374221765152 3.403134299910481
-9.768902606900197 -6.993895273821000
38.854309894993911 20.983677512393900
-48.338231061673952 12.749629049328959
-18.979031255953409 16.618292679566856
20.507778476150047 -6.494131678250716
43.204762502444638 -35.155680677085819
-17.719809325431019 14.916507134904226
30.605426529783259 -12.951152021857590
-0.120914757247740 2.119493687097770
7.510647597822548 3.618395306178549
50.578256612446225 20.905005721101976
-37.442087381804164 -38.100143338518400
-0.994652528709299 21.579859185048281
8.700768183604424 -4.021657588667859
9.823832028290830 5.446607358480717
-25.841428300574545 21.609159389294760
-39.967402358411235 0.761283382378349
1.377500332684661 8.513709502016882
-13.473073141712185 -30.727377735989727
