0.000000000000000 0.000000000000000
0.000000000000000 0.000000000000000
12.680256695538750 0.000000000000000
16.180796194834915 0.000000000000000
-26.882378505737741 0.000000000000000
-6.515920693853020 0.000000000000000
-24.132159986890482 0.000000000000000
50.547558956183011 0.000000000000000
-31.928293033385835 0.000000000000000
3.434253222277145 0.000000000000000
38.640934461831264 0.000000000000000
16.138945539627034 0.000000000000000
5.414930098846452 0.000000000000000
17.670347571345236 0.000000000000000
33.751401001888048 0.000000000000000
24.075564583668445 0.000000000000000
-22.970834905912206 0.000000000000000
22.562718797828541 0.000000000000000
-1.152905515544903 0.000000000000000
-9.871184282505384 0.000000000000000
0.734744148253955 0.000000000000000
-8.329639443035546 0.000000000000000
10.337728643814707 0.000000000000000
-23.569351596794416 0.000000000000000
33.540448931165031 0.000000000000000
2.839734666134419 0.000000000000000
57.599544605825898 0.000000000000000
-19.231171803172824 0.000000000000000
9.625148009724597 0.000000000000000
57.619152684033054 0.000000000000000
8.391176956107042 0.000000000000000
10.724627700248609 0.000000000000000
44.568756309434946 0.000000000000000
-28.259070753916365 0.000000000000000
-21.630474744133700 0.000000000000000
30.864806537201410 0.000000000000000
-51.052454228059105 0.000000000000000
-53.526279206778007 0.000000000000000
2.086264289050008 0.000000000000000
-9.406350876151711 0.000000000000000
-18.763625476939911 0.000000000000000
28.191316466063387 0.000000000000000
-35.944680568509071 0.000000000000000
-33.216174534500382 0.000000000000000
10.225765925073182 0.000000000000000
6.800075884356067 0.000000000000000
5.254369104242922 0.000000000000000
1.218490509099854 0.000000000000000
-18.764777652978726 0.000000000000000
38.906997842393331 0.000000000000000
19.752912995649599 0.000000000000000
0.000000000000000 0.000000000000000
-23.061352955353975 -13.096352246669358
16.463139154136140 -33.060745315220231
-10.350229443728946 4.245793787897855
-35.409969970673536 -32.816472203530033
53.589886804212483 -45.208837077570557
-1.616007288737375 -8.604643164227895
7.270550421085030 -10.016438133049959
-10.129778390400645 35.330847740242007
-31.728536317699664 -20.734438463115268
-29.176653656747312 1.253288253551236
-20.187352136267357 -16.575209663433927
-32.623276743533651 15.433740779855745
-16.644526381076755 -24.454123865516721
-7.222083709266347 -52.213440588861104
-38.989355814877662 -6.440561199300125
31.937381125793763 -2.370237505239819
-22.835298790224421 11.974305078746884
31.644794522524361 -16.303761264998421
7.011726298082733 37.602423330261267
11.262355250820836 12.825365074507285
12.770922989370016 -15.147636416623186
-12.686755153764720 1.330500250431378
-22.984506406517742 1.509975713549967
11.288616420460828 -0.798104120899709
-47.332867328237953 -13.657033941583652
-4.712816103144422 18.186504545685974
-14.514967604147227 -38.488765518410474
-4.636505683269095 4.912422422977142
-41.214573476245704 -14.814721103179352
2.036691315954477 24.410325538793103
0.719318851969228 -24.349466173551793
-3.232884352153749 -32.321015765368266
5.666803059841921 31.028128725655712
-45.625776398658346 -28.783034987074753
1.377971342897195 -24.451871502346954
-6.398811516436790 21.558403401925887
-11.228456530947236 31.875300369101719
0.718135612441669 17.530964483868381
-37.443526174906161 26.901859644695715
-9.420551436434961 21.541763310602356
27.732618005655983 -14.008232528493517
22.646141814297163 19.145783796782808
0.290109745853066 -0.542932421616580
-29.087216273254974 30.647080326803355
38.008474562267452 9.267002155555089
19.911424903101082 -38.418077515847436
-0.662172985262678 -65.445683540124165
5.988848298145604 -0.318999914994382
-31.134458727458643 40.965009877636334
4.478170557169352 -3.784725828234135
-15.697460079363388 -10.304874555151349
-21.688418476555139 -7.503542498896206
0.313166980932438 6.565991993305356
29.827867063595008 1.486401451546086
5.717255544857355 17.336691985853690
-23.468325925386047 19.482887222703933
-42.073072981185625 -8.362933837550333
-10.421314527266521 0.162114075381418
-20.821642933666308 -3.237592972751900
10.145340355330434 32.851650085639022
-34.087565658906122 -31.421185111276223
1.960935180513435 1.003940108750779
23.856250242186377 9.946064893980740
-5.566006168732713 14.611119798804681
26.855989790462434 -18.273883175297108
-15.631321037564753 -0.593534282774299
-30.833716906809862 7.336764097042061
1.188398942204586 14.973446142281636
6.518946949670224 -7.244990335445734
-15.509876047697135 11.835389677656316
-11.876098932878445 -10.909767504807702
-0.477513252974102 -31.016661105974713
-5.115101958004810 -31.079124002228795
-1.906973722668721 33.415201821692719
-35.849373375916088 -5.892644016637346
23.130435028429883 25.876742384501966
18.865269997688451 28.066744772942254
2.994296909785400 17.850841415581812
9.243710194517782 36.883188268101883
9.748273966623952 32.139281305253412
18.519465363463546 -9.970340050560218
-22.803349946218159 50.033269576593092
48.864884310021139 58.104835389271678
30.829565382498654 -12.493935175252391
-12.650800237924861 13.002022026026403
49.571273919446952 -0.261595881735784
4.214655373461571 -2.933519191095026
-46.537649745083925 -16.976620635930146
6.445508169689134 46.969657395216011
5.448336388704318 -29.099148779750845
22.642206680306078 11.009714780601598
11.264725614136623 -35.335726399633835
-2.956141593329051 -35.589751353475528
-64.120297690142039 -27.507222477984367
-5.381372334120393 -23.555346500293815
-18.493976364157390 72.680136913721896
49.033725886042767 0.055007543213734
-39.093549525838334 -0.232190105801583
-11.732957584968053 -1.903898163123889
47.989924374576646 34.023945079930307
33.722970859449376 -6.243652500707712
6.803710236111903 15.815865824602881
-3.251479124398944 16.554118644937535
-0.888195002771453 0.382793419638412
-1.725243483496596 -8.886348512782556
26.303759664264973 9.819836993574645
7.374426907317356 -4.714870691880875
-19.954015894694123 -6.054017774629484
-8.375721485707368 -16.778340322522283
-20.092274225414556 -5.599211631209308
16.123711923516368 16.096951889596294
17.336882179588748 23.013846822090880
24.208257553475438 -12.884798164496702
-3.686382625752879 -27.783271531358817
15.959271980621269 11.168365132509230
6.348268591324313 36.832140240172180
14.484444069820189 12.401149964660588
-16.033247240896042 28.515933630223671
8.650503898910204 -10.395806880579070
6.405314911028240 -4.712763439247652
30.450076493913599 -8.067317361489041
34.031851062996587 38.677414336321057
10.615816315428491 -10.477308687860955
10.883169496640942 -6.969363123482276
0.403836347508552 -27.564111505776257
-61.687390409952648 23.527007659000258
-15.482599271154713 -8.294009715232431
-42.991151571633118 20.387934232638706
-42.964521210557322 0.384091218406977
74.424546626567547 15.270017573537825
-17.486628042805965 -38.097054455101485
-3.683749546454853 78.445437219815062
29.154718668610411 -21.967775819349527
-0.231838903670616 33.092625816479519
28.422885772154967 46.430021434597798
-8.523857427305769 -22.561498492128493
-6.245622533668991 -2.860017168854364
6.360341031758967 -15.861764881906266
10.373234157390149 67.345698089903706
42.294555658815050 -52.822034163184391
-6.397533702252590 20.639237926264208
14.082252839845033 5.903011630477807
38.418224888505200 23.464590928931340
-29.477743623147081 -12.680840551496672
-4.826122741791014 -21.190034310725704
13.583525785407302 -13.828529044731004
-21.541279810448007 -15.736737287971032
-36.183275967737252 15.176397936104751
-10.781393182368982 -28.668607475938810
23.619471206990621 0.999463185149981
11.970870158499615 26.682245649651712
-45.242434787013856 2.992987806306258
-14.193216160415574 7.261490454245012
-24.264120646042144 10.221954801511922
9.826858146260243 -33.997081951191554
-23.759685432980614 -15.730231158009154
15.518353364307792 -9.836173738096244
-14.882147389301160 -35.305429545491194
-3.843797747467073 27.834607685074271
6.103881786577343 -4.162690325686644
1.477813672663329 13.514713034099952
-19.676725429948039 -16.453653465642283
8.828108074254919 10.610964870887109
-11.532173094189128 -3.397634833780176
-10.473351189530444 -32.846965825736561
3.996362596802105 -15.270934383931609
11.543019525684956 -15.531204190219096
4.340473493012947 27.711895443201751
40.450253015933534 -13.374488303485453
-1.223278818083018 1.705332663860803
19.365399168711910 2.182023213988317
-11.725364757376997 27.449401079978990
19.968913651274061 -12.158212981699569
20.608331024671045 -47.227602702194844
-6.162295848481292 -45.534306544427203
11.013899877865736 -19.135743444871771
-22.327368899760302 6.206993529169447
13.842718628146352 20.362813105656496
-1.657151883708002 -39.477092218506883
6.618902913296337 13.350954761514631
-31.623029371703467 -54.090272133667661
3.604716919856083 26.059734875008772
-13.268177106872356 8.805684986404126
-29.327829431939847 21.283639944981502
0.295240830926948 -20.419499826241108
4.588955560783129 11.073819197522882
35.137132978732133 36.842289299808748
-18.431842454975236 -22.494729629283452
42.856522790449944 -39.432326724800966
10.393304123298885 -31.818522495406910
12.376863777163315 0.453702590686234
30.604115071190584 -36.568973091651557
12.011491594676563 8.687301863769854
18.769770137747940 -2.090498102349506
-24.048812136338153 -34.960686490310223
2.820497772340158 14.608322770318889
-21.100404636906784 -15.956455559815774
25.054195379363591 -0.260663212399529
-13.647288477368857 21.440415784397015
4.774426113727723 -1.411529733808570
-7.122674170896004 10.595157932148489
7.249904801868900 22.906095265510700
-6.525995009133548 -23.500316546771028
2.088868222049188 -15.070666915173581
-12.260527371023198 -38.342928613943428
-12.186657818184864 7.920852248513939
26.389617720086129 14.890370623379033
0.409631463181457 -39.285544360866631
17.562122790380265 -15.868919575961554
-3.131103805518051 -5.492114895917534
-12.656441290599846 -11.451191519087384
-31.197766666271246 -12.295113113498870
30.071057137038249 -13.390260944078701
6.895741227028289 15.720336367532804
-9.053664723751867 -4.121637482505661
24.268436376537259 -9.172141905885411
21.246452598274882 -14.227271203191213
28.275833117105254 8.558891924029551
39.143427935395515 -31.729353730550340
-11.517053101968958 -10.995081529020384
14.431703220850780 -7.049641489464308
32.847817786197339 -30.097251008698702
-60.423184393805691 -23.367256759174822
-7.576994491714877 45.098064666730401
-30.678487711966369 -28.282298299203156
-43.345608093885879 -45.440236496732865
-44.713536191106940 22.862920367580152
-6.200248676105859 -2.935603404426975
7.285150764738140 36.126488331791855
-23.030427828815380 -0.162990313059362
-53.534374826350422 42.352188581372282
28.359070384894352 -14.438719969111164
4.984860753368351 -42.351888752804548
0.179094601645351 19.660968261456670
-31.125460912786341 -5.710079276447393
-27.870288402770463 -13.679435286341194
15.200812448633677 -3.012432003638295
-7.774350417980227 -29.236191812412944
46.062515854307712 -24.439747967848309
-17.923875713329782 -23.782595417650494
5.901678140444458 -38.380338647785720
19.787554433469126 18.571011108220521
-11.817397591598766 -9.044240201893816
5.940668908003004 -23.377797411020268
43.850424772525813 0.517159635055214
-25.401468233680852 -19.661187925302105
40.269320580782143 4.112573248338323
51.226851528949425 -35.723471218535728
24.636484160753565 -34.094455733554490
-25.234991694440652 -27.584072465236119
-15.249264951252981 56.062260283276352
1.153636976996275 -11.396412560352822
-10.049911661484566 36.367772942184480
-15.581045398750167 36.001231660825596
9.686102997176345 -16.457893772392119
25.806732098255893 -36.210814493582191
-9.607273624857319 3.669140434554303
3.738790439098894 24.032198455898225
-5.943125607516246 27.634468568722586
12.618722076226229 -10.782602660090253
-26.644948800986459 11.395187833448514
21.031130158725052 29.343492415913005
-6.396375526149650 4.444195687097285
12.753670810362392 -0.055463101875241
12.036795309283685 -17.838869359334172
6.362613721840727 6.599468526870736
57.359972591723292 18.504061626901322
16.131368654281196 10.474297641742393
17.932264956784753 43.668169999452068
14.289272348207422 13.630604106026796
-0.150624182326336 -22.885251695756281
-6.555333526124128 -41.323518174987264
12.445253075974831 24.040626850699930
38.310229176638735 -2.484813925715840
9.022473530825405 -14.546917881838217
-19.816883681292811 -25.974688445004205
13.107987286244459 1.924507790636210
-12.406449414392227 18.064532998065626
-28.094950594413135 -7.793704067543956
9.945587372595936 43.794829780112842
14.277161920802619 -34.636332797473820
31.901435892739922 -33.388689464127673
0.918661638439575 28.956957964992416
4.516569698192885 5.462203601004619
-31.328634984140681 13.658042493872657
-0.974865479999631 12.635688403990610
-20.474901211425657 -23.497583377995472
21.172516978131217 11.746963959029983
1.479703809450393 29.208510708134362
14.732506288389621 0.856577239498477
-38.874931147518211 -27.850436177603012
-4.306541226865622 -10.388360282281065
7.694609768575141 37.493524751182271
-17.918479471683529 -14.053620677198067
-16.390958065276592 -3.404511484937253
29.654301075794994 8.061267116623934
-7.999767775594201 6.003342106010218
11.357945258311075 -5.315806634951148
-21.445518026170483 -3.976073772121731
15.320354245804172 39.548015206736984
-25.327935790844165 -21.214738092795869
-13.582375977830951 -9.769885236272389
7.435935158565553 -10.146351972864689
1.681979714813057 -5.873842847132936
21.552570202914012 -25.381024966246617
-47.124415981827454 -5.964899984973933
-16.105478256749485 -7.308305240865211
5.419980799598540 -3.305228787594575
8.146478049460843 -10.197406663573576
6.887652504607357 -8.004647904438897
-3.141983747615925 19.648826080917516
43.511341941078229 6.720671824957050
-4.414390100062819 26.803807281107041
-20.647354765995601 10.419254827780508
-3.296533530658807 -67.043531777880730
18.902996758721571 24.324611313216078
-41.966066493620517 -17.436467309857580
0.351528502687638 -25.235709111318528
10.378506867265004 -16.564962107718983
-26.265897069754217 -0.726879985876923
-14.305437805136776 -9.310726549710774
28.367595561108065 4.817725955939004
-29.835110916823332 -69.475461005440906
-10.743658919320797 -8.959974042864463
-3.456518105390486 17.790872993107534
-2.391081749085653 11.547896942017745
-37.022978688191614 29.385409045421447
43.414291787058467 18.750189581295455
-16.729940700598689 -15.171609476579524
25.290118964111510 -0.871874027618082
29.362607435265065 -13.401542059480573
33.244920766906333 -3.717676609119729
-6.069281634321394 47.547981326667227
-2.716924632988291 -1.244147261441243
10.828673893258227 18.768682589921063
-5.012005694894197 -21.097214166530357
11.220707065221845 32.683272085993401
14.369082289821383 43.789399497949269
15.657769024539320 -26.355426815303911
-4.927445016367963 26.035813934765503
-42.799772441749759 -27.541533625442078
-14.989378887074135 9.776058055914177
21.399603321986383 -21.365585154398577
-12.027698523614902 -29.167313273499857
-4.736665099715884 -9.620229901774112
13.625790608833096 -4.057584794439911
-4.586606564421191 -0.174162225063204
-10.325599948729220 -3.008359156933698
-11.777003108696102 -5.536300608448093
32.972521993094809 3.564764133885073
5.317747894270475 0.540353916738413
1.097913684345852 -13.726436590796046
9.127474561632880 18.551012202721999
3.047406375548532 -39.307913236947400
1.027877207683876 21.635499052692474
51.043909266412562 -11.860998602548216
-44.087015141521022 -19.068592034445281
21.769835557448946 51.103739919746396
-2.654675377090143 -27.748723116957567
54.891530006447773 -3.121722200922164
10.598416155699836 -0.113808688882678
-41.732259392836980 7.537599329614395
-38.190195865923215 70.439790601916513
-35.689320539725315 -50.701667291432841
39.912007645537827 1.186637536209955
0.903188269660144 13.492010418539621
28.296349675107138 -25.576842366163532
6.884187008042910 -29.083625045895097
-4.236511685534960 -12.280385134897497
11.657953863839200 19.004529136297418
-1.204622478997940 11.875813010465826
-10.614469559424167 3.702795275965543
-3.987313448101337 5.849075481215297
1.189305653071536 11.971504254375500
4.584992814380389 32.635968291801490
-23.898921839426350 -16.519522076416123
-15.368979760822695 -37.822817377802117
-5.381887789834865 -26.324443025790561
-21.016259303487054 -24.804712359200124
15.309631893148106 17.207669361586003
31.331976136698213 4.437607379881146
-9.603030916211361 -4.667212041281842
-8.174077607886371 -19.203189963187931
3.915498629815467 51.862376206811462
-7.138358560383505 25.671780309276222
-26.281424496950695 49.666642917614375
0.830475083294169 -2.416696657338025
-39.507581718728552 9.991375918665032
-10.104481689590399 10.651035271217625
1.132170847160738 27.800962012508752
12.910308836785712 -24.847951769304537
-21.790677273721744 -23.222991846604970
-44.548475387577980 11.598368484631807
0.392414908245053 16.563702868076813
27.784977084764382 -5.670816804297095
5.269434280317779 11.678216376394804
3.063616152902973 -22.951454312092928
21.777103000063999 -25.746715605065560
8.766183082001957 35.427803678078057
15.362433628897996 -16.316727073182083
5.905535971490351 12.499910978162143
63.169955099533553 55.601980360406259
-29.219605665724448 -19.285898028426399
-5.836653519716991 -0.805429500113302
-17.778562998704604 16.478325043171296
-40.726358870173158 31.514700720443862
3.982449313482322 14.108963967722728
21.553485549040158 53.167184488519538
-25.384453093694333 -21.064216724688560
64.149949639846866 -10.617333950043282
6.633075620009738 -3.663737808105877
4.640912075054720 64.992110963720535
32.471359969287960 -6.786496943905110
26.537576395265418 -0.529182963914009
2.432691230593826 -26.212730660872307
7.277474671189011 -13.415724264674896
-25.362515041632285 -8.620967206058014
-3.921523172248717 -6.791569982267527
12.337993249278689 16.957590461632986
-3.799253015982917 37.197266407500329
-16.743413314290144 40.842247222013349
13.886659265552412 -20.763480633527855
-35.689047086393401 8.016646380517953
22.459073385923325 28.218072067188942
-7.108829963438227 -33.828841851813785
-3.907094519481022 4.890049747373091
-12.305055820393560 65.209689716239012
35.187753545047393 -35.321409194681245
-0.852713946050609 -7.410083799932767
-2.757138225703037 -38.712002087019428
29.550857121030976 7.649277921610119
-1.128089486681100 43.422251270761151
-11.825782625195506 -4.504251666282118
-19.522115543449264 28.662265297749151
-7.695911572405095 18.704024158899635
-20.739293711456959 -37.938958398648836
-17.008207557226271 -37.599518897630944
3.072289767486417 46.625608294212732
36.916059803334115 -7.856866323790311
5.452577205034239 -4.066780609772720
7.756647612003587 26.059629700400681
7.036094873794934 19.146976479290377
35.417484848888009 79.839109119628887
4.536258582311938 23.655803104633993
-32.715037966086875 0.660734694266383
-42.566725412610701 53.798658745061317
29.613234287235798 -52.062745418470776
21.103691810405820 3.928225740080380
17.666747752220868 42.364537903469341
-35.577717791837806 -9.526126097701287
34.111568242375185 -7.349945318755875
-2.029360300044059 -13.555006049997239
35.494188125377768 11.457434631806670
-43.064347692821961 2.652372437533316
3.345669158959629 -2.531250664369373
-4.928633477131625 -7.020085917136679
-23.903589796210198 -25.868163939644027
-13.427053125468195 -23.090612899934204
15.063101184376487 0.212665100500838
-13.670409542046757 -15.913063957229205
10.188395020069027 39.497924681458549
-19.091720999729375 -26.110439009936893
25.292570948599923 -29.562839928468136
-19.148656970174780 -6.469112779097173
-2.833283174957216 -19.381928828208519
-27.055182217951820 0.484653753953628
-4.326417353677689 31.021985192751441
12.449560997971206 10.109192076986181
-0.212390753689815 3.599344718282410
-10.825896098377626 -20.102761618638375
14.215569585105698 8.331849627261336
-22.760258150338686 5.731747270777769
3.436065605375055 7.358819607026340
16.772919408025803 20.652354374110523
-24.563880655667155 -14.622118476661667
-17.361659946170434 -19.212380338133901
-5.734076741426207 26.183892690029307
5.534090760136428 -7.855624934090240
-47.230617465751287 3.971919709582208
-27.950030986305546 -14.251906180901649
4.295386177982156 -2.987303309289041
1.470121073552270 -0.230321357441430
25.330462509030124 -11.770634945951452
-26.783034353775502 -23.666294774708980
3.817524555168256 -31.185395010374592
-13.448371994793479 -18.446386038353026
-2.732975452431809 -23.658972908570988
10.472037714235256 46.517676056115860
4.046734085986388 18.482005161993754
23.384567213448126 26.440817884049959
15.300428855330676 -42.175358384088646
-2.744544708826069 16.620797531939186
-61.703533580998382 4.092483282289437
-6.811393919019830 -22.946082521422660
12.599256512768919 7.847508941655629
0.177382477919908 -19.367325780796119
-39.328672208360452 -16.904927230801789
2.100647647948199 26.437457790479318
0.578506734056580 15.278289768167074
-9.227606573162804 -6.764729245741411
-36.169727834123847 -5.812402588390634
-14.984251232145649 -11.104452143612747
-18.119946082107248 7.992073502254744
51.215399066638589 22.449066086197963
-0.455350307938282 19.162293095916731
23.867579315503026 -17.757271281757593
-10.859384252723645 -42.219534713537200
10.058899171964528 -4.197730880513028
-1.261280105167685 -12.563998908713906
-10.790486425036862 25.034160246303607
16.487398699456328 -19.837442406299164
6.817695248660659 -28.453756193847831
-16.625887903401715 -2.010806679578891
-20.317700479093361 -2.880255530928770
54.810743583357983 -2.644439093292052
-27.973872885116648 -4.550176779282710
5.873122782185247 -42.176729682689484
-33.528355968996983 21.234814081493187
-13.505944120930254 2.243757568083997
50.090733426703366 14.517497833685123
2.568872063394445 -16.873689992100758
38.135063692099443 -4.494885892499917
24.756566036983205 -23.436686701134118
-25.469369981124874 6.289698717262041
16.001211318957576 -17.531479081830803
0.034265557511029 -52.716395042715938
13.835343377334929 21.665092853027467
-20.599215141640631 31.854961268626543
6.490884894744972 -37.758677134321211
-34.034226839386967 -0.598819360911508
-21.816465283091755 12.950703202297261
-6.921078818463924 13.311293626415308
-7.628524219921148 -46.765475228450704
-4.565652795252384 12.899575406158588
-18.759800515953739 -13.121072285547802
42.748149499337842 14.017614051382054
18.888933637992512 -6.645124100382841
18.259051557700378 -35.197097371901727
-10.277337927851455 50.942328355589652
29.718552583881291 -22.841232934100585
7.537884465089275 -14.515820563000313
-16.879864083107591 -54.957765565394396
-26.846403381738739 -5.918926202795821
-3.546497247767414 -8.909523737714087
6.307600259552995 -0.912064637255786
-10.287458371797321 8.431586305555513
-3.418974725686078 -38.459628006690131
50.948960218625388 16.205962501522126
11.956659560113714 -21.997104538978174
16.195124996363088 6.928798401843518
0.728000278312425 18.068172266968954
-6.346597023067688 -11.991811744575385
11.312204325634935 7.737263966942090
10.552540716156928 30.801788036605373
6.298918124432064 0.685229280278308
40.496516326170500 -13.214473107933387
-23.810084699584348 29.167581494648527
-17.589459028054563 -7.075337138965996
-15.065382152233052 -8.398934339324715
-1.610558847315154 -4.176359382031580
-24.663134557640429 25.879196590227934
-9.284847735798422 -41.561454551734229
1.223874395770966 11.421533772093920
45.578913148956197 -4.474451802784965
-26.841169266738643 -18.393643457231860
-5.966677585329782 27.933227263957836
21.325473089641850 5.514310980659702
-5.073677515636374 -15.314547386062609
-9.901472954739724 -25.030403274187943
17.977169602096691 10.163787236067655
29.338822136661250 19.659538246103985
-13.164101142662433 -12.515733031872060
-11.004368895266904 2.548461817418332
23.869134519372551 -35.907012036514736
-25.757062795878905 -17.923611430777179
7.912958892893233 10.584353396176859
-10.236237719517328 -10.368963074305473
33.037414289442829 -26.061607776321480
-23.807961766560734 30.888118598224722
-11.847495151819372 -5.112450030803309
-33.096532622711415 15.154685702971971
11.252772516275265 45.737493090138855
11.577781232590716 11.649921362048495
6.280619803249328 -39.441550711313660
-39.042567441340701 -14.125607726452026
-48.481560186323492 -27.229977644113109
1.048159920538818 -35.888287475020803
33.357361475638321 14.232980625878865
24.740030729331966 -7.677602905482114
-7.433146824135692 46.912472947870931
-9.755553747969971 23.375997957855720
22.374747895456011 -38.988582540110819
20.287407046734270 -18.942115404117576
-14.175044845783109 28.632556206158473
-33.557176181035572 -11.788457007472344
3.224758360129031 25.037450202247427
-9.727233284742251 -57.052282727676563
-12.827364987346753 11.786260611766995
5.641587072545054 49.539138604523103
16.727759121996492 -7.794673788003950
3.999734210115823 28.615306554545747
-29.363413657065323 -5.365739762244464
21.874372097089388 18.442921033457974
-6.919929856021461 28.153454414187379
1.663497848850783 21.645275428714996
33.796588974272375 34.823698451079110
-25.206633692074341 35.155202365525867
23.563074926134767 -6.661045570988384
-54.097033115917043 9.884308042677182
8.909639200229696 8.192525186274368
-20.505338291029943 -24.285907406663434
6.669627695730130 16.283233435199488
13.991993269949473 -26.895615031034708
71.551977234129467 -7.528909905660292
-15.196283948290594 16.712617479052749
-40.274221473532599 10.014691341718105
6.567377836240774 -23.481506322949876
-11.029312999383666 12.405229984659933
-30.406498637045896 -24.723419834312526
11.166902350287771 6.457408301837718
7.711980966480057 -18.558676643238670
11.373177097518793 6.191836878232354
19.574264591257311 7.806315525178229
3.475257051309555 -15.447792336663417
16.415688713864942 -3.783555942618806
-36.457799644654962 5.002749100519980
-32.093738159127277 34.312298440085883
1.929176751421783 -20.579445642067185
5.338023308042819 -21.289015205707781
4.907039993427783 -3.782074972335407
8.249742749224245 22.509977944356237
17.876533845584138 12.442084841195527
20.741924638284299 -26.537161073014762
29.257946496975791 -30.282554061159601
34.425005359669811 7.022667589958335
19.626370125441852 -8.600227586255734
1.024072775491807 -35.157234181207905
9.667861029726152 3.315003212961862
-7.792865700587759 10.930932534381864
5.376573928230602 -29.525770557701634
-34.843852467701218 -14.566995614231219
40.181653099227141 11.698267479228974
41.395223263032207 3.134183091519971
21.407648012830919 3.100842134307320
10.794208122088923 -4.137444314956093
1.881069663510761 -7.308272482659339
19.313761519452537 11.991937626358302
-12.118765149740037 12.983775883579218
-14.894978776145408 19.769476186910687
-6.670291810138322 -52.444568061477177
18.071976819044945 -29.065642179630728
-19.501874572451865 11.719945820043742
31.490673365651318 3.359049739184032
-16.636046088566289 16.648922030276960
46.473612863475509 -6.470950297582025
-39.556377134629869 -8.870978510048191
-2.285390216312860 -8.481313833401892
-28.024809597259484 16.811337708346013
9.484819329918729 6.838056749928044
31.116298570512303 12.215926513243936
-9.318350879544882 23.310986452834520
-9.415213655936332 -1.853057988598392
-20.009891652934925 29.710753567456468
5.790272190792804 -29.357768291229704
-53.106500229520869 5.797435516897614
15.911298704189671 5.353539769211854
-32.249260929591735 13.371127228774320
43.117547751195090 -19.580619322879716
-32.359601944359795 -30.046581786419861
-7.136142155673205 30.442763137543057
39.243096142362958 21.947897314890614
-1.429462622631628 1.060667935335044
12.534557567155867 -3.237621864456346
-41.535188230587757 3.694841435029724
-5.112778572612074 -38.151712107379019
-46.444633823178258 -11.905368322705735
-7.489670883704462 -20.410453431136787
-8.060057701194838 -11.583472944426525
-21.597834421135452 24.204423672270824
43.267369273024606 5.308587653100843
15.741380983864371 14.203550701753784
-9.956220383263304 32.315050006381632
-8.452566409593322 0.261013302303930
19.932803975754904 17.478376437097722
25.664463698350104 -22.743342799071840
22.264778766170092 -27.099655999550031
13.727881071910220 25.823994241513223
-15.822659217220476 14.195718010999625
-19.416773794347709 0.904232254722508
9.219870097486156 12.029284370694674
-20.373554210597586 25.283982969204722
-10.372819614341333 -9.200634675956177
-20.115178307898454 -5.334586082989675
6.928893225006577 3.120488725862503
3.722602399356544 -32.754301445139951
34.223947423471095 -9.444286523838919
27.593873617106642 -8.210242823258106
-15.288064367466038 -13.300513728649163
6.701012816706375 21.959644609958648
-1.928888142324601 32.519805693086958
-5.950110970708882 -44.625634483393327
18.001966458654838 28.925689054271452
-52.038536112685200 10.044384888116573
45.687033498233127 0.735812505642469
-16.124758319789212 0.527320884234718
51.481967113125975 -8.036052347083295
44.199392176391981 -17.091630574873001
25.599974302296776 -18.122503078053501
-21.503555011316625 -14.713690250996285
-53.015331926915977 45.059652500031959
11.859249462682707 -1.948500162932396
24.223504556879849 -30.063113144237061
24.688648068233572 -36.343247977948813
15.276224570092261 -7.019826638606528
27.498850822552392 -15.006835088938210
-28.971103854065582 -12.719718832338573
19.813573099405005 -19.709272597549500
2.216001596125883 20.078320556583250
-27.623530641167015 -24.625469572534168
-36.162923142669534 -56.505766401847872
-12.874716654231500 -6.773974673264180
-24.102842556287719 20.680478581845939
-13.507932915837097 53.221678890333948
20.714837842288791 28.786351920010425
4.955171147583668 24.393810500343236
13.021499839555718 -6.776705046754909
8.827186019417512 4.158313415103556
-21.045535850354433 3.049824574222917
-19.305181366832546 9.266852965981169
21.776163197595341 -10.178223319308856
-16.734673648871123 -1.739280154695976
-2.444028064710122 -15.841840964502230
-13.634120325296928 14.977602134789947
37.218274499462176 8.495297927493789
9.866835373112835 6.060171588695016
47.894742623470336 -0.017316989780345
-38.156180456627375 2.072127260544891
10.820711253648996 -30.423269747924479
-59.656768267558704 63.780167439091940
-15.602006601532565 -37.514419558040828
25.742064405393027 15.868442616683078
-41.998687188864338 46.443111712765351
-20.261399258245049 18.478609234971806
22.936103793229371 26.786045495106713
10.484089610767825 6.046515608742213
-66.629468429991221 8.754552104793429
30.845022732352053 -4.945235874683776
-33.669089299281694 21.391182150389966
4.605519365920592 22.799983325889571
12.905895421753748 9.764598288890873
26.761344334416556 39.463902585538378
6.343113026534063 2.177499030356566
-41.597638795312946 -28.139673275283322
-14.267315359519063 -5.780992939051625
22.866384345422006 3.495725545780027
-8.400367701104239 8.955396313305624
2.992940525370558 -10.211892603508703
-10.144176287497372 15.007671182680362
-4.991020862425086 6.058283303854485
18.827658544469848 -1.042758385165725
17.206214067922669 20.760124853279702
-13.437057669503989 3.737711632883600
28.300710554802023 -27.576663938068929
-1.588647597925159 25.483511568722218
18.098418055185469 9.733234124514713
33.186520208928528 -8.997130542445371
2.891278693621915 -1.432174525529786
25.164590909174112 -6.030177692332686
-19.629136041314798 -66.811339319895026
22.114424211497525 8.551870654902839
-15.487111266881541 -21.944556724195959
-39.608255669584977 24.662480254778821
11.936936073044041 3.047857381443916
-22.551629922565706 15.923085867822257
20.238077307896074 18.299803617688049
11.092466047382175 9.524928507193481
25.829243485154212 -31.257747516799718
-46.544988238473557 -57.278956687810492
20.541912315689498 25.143874133692847
-0.111507926666681 4.566667162680512
-4.236538572049426 16.113783374361162
-2.747653328069311 -16.195702667963445
0.431911801615567 19.620735083312198
-3.212334402017440 26.736665377300081
36.941002131710718 5.305521656921498
-36.992397133397510 -21.059837938210023
49.386459754684019 -18.561426530785443
9.258343440673350 -8.617630971986214
24.282652857838244 18.379299260461313
14.041490430462737 -53.624481096963031
-33.558523181299876 25.920514834995089
-20.096302256516452 -34.924170351999798
20.792686759089836 62.937561280130460
20.299781264994333 -26.067740390036629
-45.878814161217910 15.160796437620823
-14.449586649733975 -15.592580667790891
-28.772418308819400 -1.750943700676685
18.575580378114843 5.948530917209018
-13.186603050440635 36.896264725118890
22.880081081185399 12.851939151451425
-48.983820235461863 -20.573424932833749
21.480438755681956 29.001905768530442
12.450529707871734 40.000144910763943
-20.689505543254153 -14.181187549082072
-10.473804493431791 2.710533498939225
-29.448675664155044 7.699955006218519
-42.158634459825777 -9.119583966904454
-49.040421804611050 -12.995215825219411
-4.646906359564723 22.480735929665919
-25.607898890514406 -19.308008210953336
11.520710654785926 1.102433548503794
-15.186327568934740 -10.928750795999091
6.124384224070158 1.886563460829579
-5.755630495890405 -2.213232835153460
-6.113061931800011 -5.192615560952239
5.681644981943028 -16.986667292990205
11.654012415351389 -26.752965822371408
-7.775246017978143 5.673471297508365
14.483368134295381 0.515774163454685
-29.664654832032838 -24.551596364875294
-14.977960902049778 -15.585962383901752
-1.097647046714043 1.218150468982338
31.322038168130227 -17.069276645581574
3.176856749262577 13.652382932468905
33.989600865447493 7.901735043201541
-24.094375191853462 -23.954501442016664
12.023633128031584 29.349716459238476
-25.720546735962710 -43.765648549841458
-17.701071073492137 0.594777625429932
9.259527952748959 49.152097045430466
65.279639054852453 2.557123043272186
29.226523807576058 7.199911460393938
-16.379658018753798 29.492892952089008
-9.495544208046562 23.974040339792239
-25.181726473855051 1.297409329655941
46.115501067078981 27.832353832831359
32.077478654773785 -47.071484761770144
-28.137706466332020 69.932959328509341
-10.780986942151239 8.323374027930194
21.746615995838763 17.847504988804712
5.654093640849584 10.258359721457762
-7.240487471452407 25.460103690809728
-55.408514282004028 5.598414914466900
0.481979307426635 -27.596025214262291
6.525502026542776 6.949211699770111
-17.876352671504186 -43.457452274877738
-3.465543913261943 -8.284228664762043
4.421307295167048 11.286187623229354
-0.789422088799564 -1.383867282354179
-10.979352271360458 -29.047269353094816
78.982350817504638 0.112679108425065
4.472311692591696 -4.823348777485976
-10.675921758622025 -3.646531429972778
10.497742705878865 -23.564779232977969
-17.789401274438983 -18.294113189881170
-6.810069578373863 24.111966134882515
-0.630554706839276 -26.116762714931159
32.692578542004291 32.912423205015649
2.316142355411874 -55.424033315278571
26.816996732594042 -37.503461820372166
35.744086302108400 12.050976007900587
11.785480097187566 -14.025343236914173
5.507932853593834 -24.389130956610845
-8.034419963117251 19.632143930336500
-33.354642709253831 -5.199022014540747
10.087847646896186 -1.582104455056903
-3.907385794906476 -21.883655120303128
-8.691920834593631 32.766875433008387
4.264083385401398 1.619618497564930
4.858449019404740 18.575287057427182
18.673170374059993 46.087393376352544
24.881319833268364 -10.418526309772307
28.754379153344672 12.485785101363616
-2.056227169896918 22.276866701379571
-30.488838392529374 29.237784991749123
-36.791849948174878 -39.164092372804575
-2.804885212860099 6.302404875463656
-3.214302602824828 23.517939083834499
14.056467756369543 -0.636268660924559
-6.284978236237592 -33.784067829585709
33.568494935704862 12.405296381654701
24.526020252751749 8.081951883193877
-28.750743678618520 37.364171235967326
26.832337400906692 8.915509602178458
-23.865582493481874 20.481782403517126
9.845663812014223 -1.177558939377356
11.932147867160394 40.568869587252848
8.955416779180608 -8.049575111530038
-0.370317782642589 -15.674554122481837
-16.300041036283336 -18.656361891364121
1.530702680776794 5.794745949749586
42.196856759636610 6.036431993040089
-1.542958642217087 20.681965816232857
7.669954703564108 -9.923614754765639
22.078436253845727 -15.709592720773593
-31.114972650051396 35.673849894628752
-7.845583593054186 12.278561265699389
-46.502766930454960 -15.552547044925070
-51.418037365247038 58.689424178373883
-15.594615964099296 -48.512540605138355
13.748879133370213 -10.088816441243070
-18.726436868023395 -26.564791037675214
18.165148632157884 -21.915256374780217
-25.771803797670771 -34.472679843766478
-60.267728363398881 -0.960682572096512
-11.917484892553743 40.197927207023326
-23.442635262505068 -7.540702840534093
8.558850645287659 12.675780443093677
-15.148945326377275 6.778959582564842
-18.930471441229727 10.053058095714936
-23.306435087236135 33.635900670874044
9.120054970588143 17.439677714106068
-2.059879959477430 12.062685426646004
26.320033424657947 17.128315772810272
-14.409565631190464 0.536974376311145
26.971782573230090 -17.928340648402735
24.495408819988647 0.641685628378173
2.757278060142765 18.086382191796503
0.505474617589025 39.361266102008280
19.761780030335725 -36.889755285523698
41.013775092505945 -2.756156414317130
-15.430667989577552 -8.161613380905052
9.727396990504108 18.835954630192226
5.641118666259666 -54.711928637115591
-16.513696634045939 17.074136559127460
24.661776523044573 -3.099514454481947
9.552724720548488 -9.366007507225692
22.159951781673513 -13.262075816332228
33.560976009735739 17.559282752408880
-19.312712696089797 -3.532775550586141
18.948555779801865 18.770555662284799
-13.632919250846557 50.843244227759548
12.936681793421132 1.199623167752709
1.937306218074328 -25.788897999532139
-4.785570083593609 14.478208406005059
10.047859288365210 -8.230744098610250
-24.431491346305805 -35.540754352274469
11.066690849496494 9.757467460579960
3.375774427729966 -7.392743772004963
-5.917532680274007 -7.801653244507671
-25.835381740305685 -19.756937832443516
-8.122427512007640 -3.757547513342484
-53.556905365331502 -50.746110461610861
49.519012735154782 18.217885486994220
18.183425015751798 54.868949115981337
7.213186173898959 -33.243396337676486
-10.980406454072417 -33.142490908342538
-13.582634656480748 -3.484082558633706
-1.882485348391741 -4.116126033052141
21.174235814409151 6.807260703407066
-7.117133564777979 -14.882996433798146
-35.257495414836903 26.894365896290260
-27.175772933705723 -2.778053852486716
-22.172551294753120 -11.799307990068058
0.659187977352618 -16.489671583992180
-4.412880841679341 1.364177275004067
-14.323228129460350 17.957979101030059
-43.340866577117140 41.682305418520265
44.388584995331868 -32.663600286655274
-22.694582959730091 -15.422229049636885
-4.910151453585415 -1.218556395338047
14.369505650472627 -7.663982614941239
-23.175136130207122 -12.356030087513398
16.722664186867274 -34.347225583300883
19.426185423598206 -14.628986088541165
-8.681864548135129 19.964259371802072
-8.140707192985746 -20.850479043320462
24.908264978446752 47.148037368867314
-11.464792941986882 -16.482458521128592
5.851167523220538 24.162112126239798
19.366077506629431 11.839396121232722
-17.707008300417293 8.942061515807771
69.542276699855066 -8.475846259747467
-15.353388095034830 -31.346951271406066
36.382191049680102 5.272737611381870
16.544409475417581 -23.996796887357760
12.477564792346909 -20.598572630408295
-23.234621444240087 -23.210765970396185
-33.863075694632755 25.950139489094454
-4.707654984361648 39.781305722251986
18.428197167475215 -4.260807642665454
18.114953273487348 5.082176534044672
6.916637264126323 22.158450592153457
28.987111595329729 19.138876595667323
-32.792444419325818 28.467393453396593
-11.236831653949130 -26.737841893229010
-19.566463229929766 12.840752021585246
24.994256562969866 -37.331120983724041
-0.083556280304162 -9.803260585383615
34.110803333600998 33.178847523950914
75.816920520943484 4.364848113667190
20.240885080438645 32.380729662978901
33.560520288540474 -7.130357077082349
2.113310889982284 22.432263306883907
-25.994337726676367 -34.177080864301665
-8.221926053564768 -6.115505818553762
-6.483143741085083 -3.249910812017584
-23.540131547178156 -36.862402197985062
-3.717716981205900 33.541144020790078
-24.931838479657451 20.971330184985451
-22.373913172038776 15.771828279148210
-8.047165657465065 2.271762243765649
9.721971326420276 -19.794654142569566
-33.545025003514972 22.004604379839051
-3.716810772030834 -0.660268926160343
24.114952162263751 9.492063417363569
-11.969048248073310 33.760028610261969
4.334152801769103 -2.519757510105195
32.723513970345877 -17.149136575796163
0.596613264841930 6.140689316775913
-12.573514305389681 18.919390398331242
29.958972230464607 15.929208289674017
-46.098724534898800 -9.272435316509164
-5.139999111377329 2.107944167801081
43.132103931120142 23.950258147426723
39.367245126506042 -14.292835722736243
20.256818890440744 13.842857722495134
-64.329021066650427 8.471964239036181
-12.924072354015443 -8.893908571236464
1.395431286842590 20.938826441000234
6.880980583592438 14.512952117943202
31.440359734488709 -47.320937751703397
-42.372793612484514 -2.018471066470779
30.802740637318223 42.591856320011146
5.258596573542632 22.353043290753948
-23.742844139413190 -7.894183346421610
31.785089435699327 38.104148640196037
24.348509786845174 11.987722716198983
-18.505470200900771 33.485111709141762
-14.241799734438020 24.833744838372937
24.774828519291916 4.209496768578647
31.309017868857431 29.410131430108503
18.814450268883991 -41.489821320235670
1.156481632831240 14.581345944188978
-16.263207482584654 -16.906956941550948
14.971996620654416 0.037834935460500
-14.961657644176391 -26.705329591978042
11.267805182025461 -19.278122204386694
-3.404399212274644 22.513136688564529
14.113509672856607 43.321107737530930
-17.608459987219938 -30.618312876959642
19.084244565728913 -52.843231516013347
-28.421500872087066 27.025392463167027
3.081480893406911 -2.840599540327609
-24.420563181446497 -2.920954501298912
-22.507383348712310 42.260935146066529
10.440113717251153 -15.553831039624574
-2.722693909476043 -15.106446924979204
19.017042045400160 -20.374307058547259
22.605524776313942 2.378180463340029
14.944540548841079 25.886775174531067
3.931261825254734 -32.023099940407327
38.078214808163246 56.685212366053335
-2.523092898559968 17.653978190343842
-25.410779199840682 25.495181718700110
-22.241849018357144 17.912451938070419
6.932788098139354 20.388458249866840
-18.138251246511139 -36.304161107932600
28.972210492412369 9.216167869557868
-27.000687167559622 3.859420398694614
39.436121871863008 29.021851602520744
-9.860551321336617 9.235182065406201
-14.153304710855693 -10.339363782067631
1.266287869163323 -0.093832314685284
11.175330876751772 4.159737288469272
23.959246596514081 -29.159336903156824
19.808162654447614 -30.406039006947768
10.180221009740915 41.165665378492378
19.054236369550644 -40.314713672478824
-3.069042529481355 -14.092265060255864
24.256672202989080 0.292316518110155
-12.125291964598118 2.975421322701172
12.938426904302045 -2.870924269483060
22.566327757550027 2.585237612699939
-3.483159454848381 19.157492540522028
-7.660957036222293 21.176757524753022
37.814334037249481 -18.910312330736954
-17.252105328740178 16.210683478131418
2.044564127275896 12.088479244838162
3.088075848659166 20.444420361922884
-16.027411876546985 -16.418728824479956
28.046689663361157 21.241579830365460
11.651965283325026 6.513263065605317
-5.679080286848941 -23.506764456262481
-45.483562305429444 7.419269526905814
-1.834960388360626 -16.441992164769363
-13.325792751221407 15.893805222383151
-3.905125777942938 30.805325594921154
-0.865496306148228 -15.629865108469216
18.267445748878966 -22.702536694023333
40.423038132167960 16.373561421182050
-10.500529381417742 -7.961358305190040
-14.121996218694123 -43.272789633032708
-18.081591600514678 -13.798286685932196
-32.805396008951504 -20.694543682589121
-0.896177404269013 1.021582186228617
-9.289819054343468 -21.556205145801218
-1.945439773616172 23.533155476536322
-21.381253817250368 -36.691590184690554
1.473729151654862 -2.679708647578327
5.372414943997565 -39.493026173527987
-25.213296675006269 5.341595476384835
9.685652353071196 -8.140318293219787
17.640525268407718 17.000792023562148
-9.407103731425957 -22.120206739282875
-26.883613985910440 0.579871730502050
-50.674516773343527 -16.102403648330899
-35.438187984930060 -2.141009279295270
-11.758637248862172 31.265220593878478
19.513673613042833 -5.397977488643781
-25.118678767653098 27.649231600764168
7.122309880245021 14.087581598784640
-28.699268430467423 -9.324581552515470
-31.591929355565082 27.190696914928587
18.645280875287149 -18.452340469943810
-17.641385570805063 -16.339085237864946
52.703178924742133 -43.464709626513169
14.684876331282332 23.267886483857968
-20.083526087382605 8.670167753239932
10.944546971335750 -32.248486933510208
16.252378455720265 2.555458474058637
-41.859017687718193 8.268975033867662
34.674903493070865 -11.240822417041610
39.062939866883696 2.073089299288688
-18.188640425060118 27.471035321167619
-14.210626642088489 16.241677592249093
-16.635329098511654 -19.877862423088381
1.496251712890813 24.581488353943900
-7.898193636299968 -2.053241965676678
29.165346783413636 3.113237488484113
-9.728105487009751 -20.789755948202419
-57.619091359638276 -12.932183415849293
7.667750842694875 7.405368117244582
-22.155516867223326 -1.579721476867744
-20.860482642899100 21.336984221004908
-34.852195025815419 3.984546561647877
-32.760539102716741 -22.123741945004948
-6.835745887914618 27.589235556957231
53.391781101294164 12.777548026357916
7.559010208757537 -34.224704577519994
16.040136806975568 -23.969593399254336
-5.325824303882692 1.095917275337022
33.394377783117811 -24.182816478284511
-14.467560005024955 -26.647499760279814
-5.996619122275523 17.068662030330572
30.011380456342895 7.707090574827518
-27.647708529493862 -25.789956641031040
26.403289340035172 24.891826790690310
64.145102728151173 3.614845055283175
2.434790274545239 -31.914830200509886
-6.135377456646398 -12.392005162851550
-67.257895812455303 3.679094681709335
-10.981181907085938 19.109118073416539
49.601389420752056 31.828710405128113
-20.174113761715819 14.514624761206651
65.488276908560934 -24.103147554980268
-13.957292910325306 48.693796973711201
9.947154605943659 40.851481775228230
-29.793735420763063 15.938382568348285
-12.933316387344188 -35.613099202361106
-37.750141974095889 -18.444477812689342
22.515006470354038 49.057385177304170
-23.503949620409568 15.003743141395200
-59.204668891373146 6.896958488885547
10.475445510217337 -28.305945229408369
1.221620788882944 -30.630302645596210
-34.020687841602225 -17.968889223726350
2.784527380940272 -9.996163764762194
-26.401457314431852 -4.434076701108185
-25.702422824983699 5.792517941709302
14.532967821151511 -3.829305592624535
9.173821796367440 22.230357772737115
-9.153493599916958 -13.397098930660260
5.987497297419138 42.007197074473886
-70.539228315870375 -13.048007774449262
27.864115335216251 35.586432245777956
-12.352487450012514 -0.165838942685214
15.603766372097320 15.911168055229391
-10.855675605949493 35.356533364001145
-17.086563516843647 41.119896194549497
17.816992894526862 -37.561435276262223
0.930689421359950 -1.224057871312291
23.071292156391873 15.307632383251926
-17.536686539613704 51.681335436125657
-26.184605459177448 1.301125951623271
59.012868136677575 -21.969084011801595
1.943487314259191 -37.909190879831641
-28.143613177119505 37.792110788799697
-4.827922861027303 -2.540210186962742
9.689198767717327 -44.336231903579026
40.664871652789323 -21.230105230643410
27.117782240537451 44.795125210733168
32.829254272256300 -35.686528556984051
-24.046992805854131 -13.253129299478438
7.031140702777497 64.955434178703129
41.053284481919796 33.141733518263322
2.735526774272127 -28.719239847293135
-26.011341680860468 -12.617636563212047
-33.787630624214486 -18.590202544339856
-70.338514281121476 9.924519301264731
-16.056165293222040 -2.290831372425790
-7.378938024635888 3.722109954635056
50.540101772440181 24.602675378661015
-35.388411514497150 32.518462334518233
39.330913619764544 13.629273335925856
-6.479352093362190 26.989892109876667
-13.845521229174166 -9.216539359153396
28.872797445800380 -6.116791304531445
-27.224135757200099 -4.568619502893704
-37.141784946378834 -2.676813989035036
-12.038395659235480 17.942937155331617
21.951115472380362 6.322738783421515
34.186928761861331 14.003895380157914
67.645760308008036 1.047969300647933
0.839984433945224 3.933646819575378
-35.427319743805207 33.708261500351796
-4.662817769382904 -74.697152148017992
62.441834750727551 1.614331587125411
-50.142567068755611 -5.907015845511349
-2.626686504786726 -14.847601081611375
17.463309777138360 12.340992900581337
13.216553930466477 -1.853934609267814
-39.459050636885401 9.838670464916255
-3.113261547832973 56.909093730120851
34.478864793437289 31.009044801662991
22.627087430972971 6.005923057671661
39.246891990260806 20.342345067613266
24.667163286654368 34.808397035809861
-31.520684680575307 34.442674804320021
-57.020628669500091 -9.454884251170798
14.914113012172217 -30.806916198696651
-21.214417203570406 48.629963383122572
6.757261389678392 -69.739262799387689
-23.968729823275439 -28.224008283180716
53.621274085886945 10.627985421464178
13.075740275218934 4.723095412009561
-16.423060111106640 2.245025517260925
10.188088550911806 0.265254297918879
22.591066520397678 -28.171937867628316
17.270487410193471 -30.071164381929655
-39.741003976438847 6.571524392827914
-15.452547147151012 22.068296492207338
-26.631633781204862 -4.690118648520876
33.061259133853241 -15.514875409317630
20.444507530387977 -17.488296549074676
-16.271385444118536 -9.212990010855513
30.648956039911074 9.061861775596729
3.156928519371212 30.283815104968170
-58.429115335238194 1.916721899757363
4.015172817441755 1.767306701189214
29.333499229055530 0.527167207814225
-24.354545782401729 5.796571372180998
20.727240683940554 -2.221946564182522
-5.264268933818860 -41.635838358103257
34.019517755051872 26.852497495833816
48.464053958841049 -6.222767162001516
-63.419524287006048 -16.541239672895024
36.333478984169034 -25.193420769157999
-22.645061271645741 9.687007495093763
-13.043360143889876 -28.965995302366078
-27.212024628722240 -4.866428135828084
-12.536602733847463 15.385469376069636
-5.150651038137664 0.139780381083466
-22.201919149544608 14.002177505051717
-30.780162665251666 -66.479064663168757
-16.883060587264691 -16.611882559418337
6.594123937276213 15.124960696523916
35.340490720843100 -5.070530944409362
47.790056980927304 -48.613300545195031
49.901106846168339 43.874305384225408
1.113510185026546 -8.265555748707980
25.353264229360818 4.945446762999526
12.444072381537602 -28.364822512821171
-2.855289102090227 -41.704216780013788
