0.000000000000000 0.000000000000000
0.000000000000000 0.000000000000000
21.508246388368338 0.000000000000000
66.225962457141307 0.000000000000000
-18.360947336888660 0.000000000000000
-29.188019169914494 0.000000000000000
1.028146307516183 0.000000000000000
10.473130222816678 0.000000000000000
-55.130683819726038 0.000000000000000
31.948550738880716 0.000000000000000
-2.773861439004869 0.000000000000000
-79.820346110004181 0.000000000000000
-4.889372363454372 0.000000000000000
33.058914730121167 0.000000000000000
-26.570092560316965 0.000000000000000
-60.881989561770510 0.000000000000000
-57.484222666719589 0.000000000000000
-17.339994183653371 0.000000000000000
1.417526473616336 0.000000000000000
64.067195811366901 0.000000000000000
23.147602394498421 0.000000000000000
49.361219146345398 0.000000000000000
-19.124606227605806 0.000000000000000
-27.424009224264502 0.000000000000000
4.744516000849230 0.000000000000000
9.588540960066064 0.000000000000000
29.742878471226920 0.000000000000000
50.661546691914687 0.000000000000000
4.523082278531795 0.000000000000000
-5.826723120439000 0.000000000000000
1.964430886409388 0.000000000000000
9.560049049782394 0.000000000000000
1.733846297457286 0.000000000000000
-4.645873528722816 0.000000000000000
-9.536643372879393 0.000000000000000
-13.157978392390239 0.000000000000000
-35.129121582326960 0.000000000000000
-15.355524184106477 0.000000000000000
43.195452237590068 0.000000000000000
-2.169288471289046 0.000000000000000
15.386569680716510 0.000000000000000
-0.973023754210172 0.000000000000000
50.715616576331108 0.000000000000000
-1.066297943522003 0.000000000000000
41.949264799641576 0.000000000000000
-47.942990037696994 0.000000000000000
11.350979242303559 0.000000000000000
-3.432379245015702 0.000000000000000
32.771464901389436 0.000000000000000
5.072776840866362 0.000000000000000
-21.460282329738995 0.000000000000000
0.000000000000000 0.000000000000000
-23.329405510262127 0.897846044819494
11.505941904013163 -31.386367463763730
-29.430218002441297 17.214530306513609
7.488571859597096 -2.198424102695325
25.428125697280450 5.416626625751064
25.147462301174947 -12.336711942332560
-0.227213117159208 21.517973915128039
-35.800690409895232 25.295428529887257
17.991009549526243 0.583794376963604
-5.417932314939794 -7.929725174021448
-0.066745431196772 4.611149413382275
9.238969870065384 -1.416279861933457
18.355507960207518 15.060473484745389
-18.768499254138433 24.751031086750281
3.274821357282955 -25.247797530920497
8.759453851308006 5.650052514360380
-5.855484361470320 -19.831819324048876
29.214894284750059 40.035723832553302
-41.025030600367444 12.627595824495224
0.272434709872792 -7.044640270799015
-18.177187939084106 29.762228253764185
0.671586620638698 -25.282815308148198
10.692470698548526 -31.915304591015392
-8.521645526767029 12.151369366137439
46.663619888857895 10.029374252396380
-1.816002505859867 5.568867736319031
-30.192510632563369 38.771534469305934
-3.020440819229573 -0.898560684491933
5.648415774872391 -9.779783368508584
3.460416120753017 -25.721708244675515
10.208714016303960 -10.218054503910492
-13.716375885273077 -12.137300070056479
6.588548394882192 3.236224626083271
-36.873771897573853 -39.257194602178849
8.286969264910311 -63.582139953451893
29.368412264566057 22.895635381455083
-1.371966456159234 -18.443264607849251
-12.601526098891105 12.996592240988299
-5.218400309836968 41.758374260905782
25.628402066316870 -6.308960289178676
5.295685222140138 10.128534618854307
31.000150137195394 20.752430493768721
15.742313915752717 -23.623576642600177
-21.785513367407727 15.080713954052499
-23.811877953059078 -54.125586280368054
-14.195349585073094 -1.723911311586668
48.881050251150690 -17.949104313039420
48.576508789818405 -15.952749202522325
27.573953397024724 -45.337498538576789
-15.724627155664660 2.594021486292118
-1.325223683618205 7.618950745840933
33.887901440814723 1.508131288689320
11.974912051045417 7.728110436586226
1.506061422933365 18.434043504902586
-33.151830231160552 21.104421912029093
58.877856837361918 -26.238626160843207
-39.008423087822827 -38.130711842621736
-3.143709882199038 38.626323482672596
37.187172919976241 -8.634550335102388
-11.119334813015852 -24.630617190087243
-20.365771610612882 3.063721167839475
-0.077258331315178 -0.293332788274966
5.502834811198345 -1.008576182934651
-3.869429817344839 12.805327182523490
2.808387750679290 10.039643658468281
-7.187761609330973 24.043123459482537
0.253941857093332 -1.073383614311213
25.341588134124940 -25.014600451035552
-9.138357215256192 32.193690828232121
-12.447776957115556 -12.398998839648621
-23.486736164417799 16.583247540704061
-2.399903463866751 16.667106035983480
23.112383918662982 7.911653375351064
26.786090418515812 -11.003877882023078
-2.904362776491891 0.721639685701769
3.837240411547370 -26.302889852996802
-18.302581955209032 -5.727348230852740
15.180925133731417 10.482997918027207
2.604601526162651 50.766463644535186
-35.089179012740473 -19.812994078918575
10.360005669577118 -12.522693826744732
-8.473831995902742 31.875600580906958
-22.600278097787413 -28.609682422965548
55.243110616965851 -10.347028537384286
-9.062593860196849 -40.664938769148918
-20.813711407921346 23.049726503509337
33.539473951999362 -50.856206014586341
30.583436166914638 1.313197309826499
32.893410758996112 -10.790894447725972
-3.241190964533397 -26.390587063441526
37.192982456021319 24.374167216824006
-20.663185021658624 -36.245924829474752
-63.961891005750097 -9.732012716176113
-67.294923774125095 17.997183374714513
35.620474873277175 32.888584332050769
12.468570398263571 -29.612211586861001
-24.489337655882434 38.153175016034268
19.491921779930191 -9.176914565366967
10.044797373296920 -27.048304742092203
-29.386002883303416 -21.420216280034005
-10.240197462062584 -5.892115046427125
-21.788940773251849 -39.090786664605972
-26.489543787899532 3.681521261910440
6.135052784094112 -15.092553089717864
-9.282144403181091 -22.038712977770462
29.749206157890765 -10.500461020341513
-17.823450803070891 19.252229516532363
-1.267580183106723 17.788758775754886
2.695446127231470 -1.002803990079581
-6.660047318492741 -13.134082919752659
7.393517181371325 40.361497381143479
-41.489973920861914 -9.207021029748118
7.407874221541308 22.824560279449830
27.942985252957325 -14.072247269677611
-13.982520601186076 52.968132642294414
30.771423844587371 14.604658561820088
-17.717572734677962 13.473336810481259
-13.250130658425231 31.998798708366923
-46.431105244972130 -5.678698976334525
2.499607497483776 -18.224819682590461
21.014667513514887 14.474577459236560
18.033391759526054 -15.325842083511732
17.523621389853929 6.710153614141688
9.100539522694461 -0.616463212753452
-18.904834604522183 -1.613210162204847
32.632919288520384 -34.061256510105096
-24.067699941258038 -64.529154682317753
-1.859009710700083 -2.168921512863915
-38.960887561731255 48.649406770996968
-5.138654284158543 -22.083278697182244
-3.810425085246254 -28.001311417104315
6.127623775509113 -4.930289687024769
35.123161679314329 -39.950472045607739
2.277252224802307 7.649763852280155
-9.358928871930289 -5.263637868028114
32.811613378454595 -27.900892260109671
-44.369455896563700 -35.478527953542667
12.331602020903830 -1.995289464531634
-4.127995622942278 6.777440091361775
-33.081804676510416 -2.987589676303576
-10.292428414055006 -21.827796377435618
-14.507853172074453 35.722345919393987
28.672832821199066 1.070544510535458
31.426209979407769 13.475305015714561
-13.222699903472076 -39.078734549652715
-8.644829935348803 -40.331798284274953
16.658662319055683 -22.275362400663600
9.782426247966537 35.490762014433692
49.983454430982604 -7.342806254284005
33.173174745926843 15.482051143395621
-1.535207587956515 19.095071243042891
27.090586134014096 28.284155131314780
18.969804685035292 -11.782465449973476
20.596003040232898 -10.871449327391103
-0.772380381299658 1.687073624475219
-11.263316222458551 -10.163472125478437
-5.654249578008979 -14.108362750683433
39.063926032235756 -21.024871350611708
-6.265958308327288 0.948966044712107
0.395166388582510 0.635264906064615
-21.741638745062144 34.807946944341118
9.349633488246239 41.012120678768518
-33.157058645270354 -20.848734337041215
38.510443524384172 -43.209672394506903
-17.624687291453945 -9.919142754647867
8.396227844138297 15.884346297722136
1.417007782607503 -5.160499749523527
26.617213300087343 10.962997183464848
18.034289682721298 11.521451589371718
-0.260223826357792 11.149092304983501
54.428996709469004 -12.000068087130517
-10.149338659580836 -18.424399508173149
-2.196827386812109 -34.472805943434842
27.585166458833530 13.703839566009888
-19.235915756756249 0.610479938206278
-14.624846760154458 4.650337912521429
16.276766255264647 -6.940561365559381
3.281535366467008 15.768333912194807
0.233864810261468 -2.862588280265322
59.160430751332541 9.122495608312464
4.278377828711430 32.729275377072028
7.152327700689098 -10.975179246501400
12.222564838422528 4.974014188705238
-1.966314731163081 -10.015075726116880
-5.813410245752373 -21.812773935994180
10.441347334770743 5.852768651422942
27.040992872796409 -6.562328813291589
-23.303196406080438 25.688382300870924
-2.343628611543301 7.149082583733209
-10.603308103653360 9.081532988967320
60.387290952454748 -32.931475793891323
49.444872661400161 2.284631528737761
19.082906969887667 -6.565412269146628
-35.381222242530384 14.526951706708463
3.008156429935128 2.744998486131657
-30.546576312458129 -7.531257688837886
30.383456521499017 1.365589757585199
42.235141007418818 18.220512136898048
-24.480946938052867 1.011573893105742
-10.728885568297779 21.949428537481531
-13.546002694927349 19.460361277423303
-19.602871464185164 30.053936703438524
-32.809602248032633 -22.387024383634504
17.854186190076863 18.175534622236942
17.016916100942943 4.612917406576084
27.423670909937449 -6.306337372669479
-2.924949637482411 1.978237896698417
13.532434447171527 -12.157883843199507
-10.402119184711479 -1.986214764031045
37.702643380180923 17.475676209949864
-0.442649005765338 25.955725014282070
50.941998550583314 -1.159098555845862
-5.231512743227426 41.818797376706627
5.961235842579614 6.203624155618303
13.234424429389790 -10.103657043737023
0.703036358629350 -39.752426975218242
-35.236918468446355 28.646599846879631
0.845637783787734 22.561020118830889
-39.228612999558806 -10.169746419796070
21.398497602172203 7.860996004379038
-32.452116365388676 4.503235946566222
-10.964978794294137 17.226453331067852
-16.184142856018042 46.337807997010579
-0.008038955832883 -19.874344542410924
-7.590621259443385 -2.531276258890871
-10.141288990705338 15.436051166421109
-7.097733294665508 -13.849537856717150
9.725552060673822 22.875824252212070
-52.472821847051257 30.398504876487284
28.426572737990643 8.476795433027609
56.659962206536989 6.224630096150416
1.698684270690273 9.405569988994340
0.669567047002948 18.166903791636873
-0.413527381239994 21.340479697652299
0.045346964225267 -25.678437079168855
-10.745130518438236 41.358212461693221
5.902591823808745 34.793330615368660
-40.518909028942801 -15.765825210992343
-9.723851536978064 -5.209265666332271
12.028815122763898 -22.741853496848279
-6.759217054832602 -16.126720620574279
-9.383178403299960 -4.422831604078594
21.905994819246978 5.120618882952769
41.101570778868663 4.736032435255409
-29.844094096135830 18.110545586773988
25.345757094716880 7.014716301084610
13.703372022480547 65.199557750576858
4.088608013233959 5.818255229234633
27.371680070093017 1.506930238751676
-6.398848814641591 -4.288462794999683
-19.196645483390409 -22.615410045543442
-22.797610801878498 22.592877063019937
-0.337529164324379 -2.915371393204923
-13.845437509241965 -24.118459055829053
-9.012417047082097 -6.613883668391619
-12.182514898569048 -36.093064001616732
-21.223524620037693 -12.381872587750379
7.611396124312982 40.771759799946210
9.435548563785277 30.610414883834071
44.191383211697939 -23.933989532366528
14.419046607984892 -15.672930718130322
4.451757064428304 54.335957449074940
24.046807548880487 -6.343032809489872
-18.812975354234062 -10.827265408876082
4.948721964126214 -5.541655285392021
-31.876824520718692 -46.476649530496957
-20.568934669739807 -14.119957816878177
16.409090152259775 -15.510982995255404
-23.800188736663763 6.227581179582039
31.926419057458279 -30.774457627983963
-9.916723651131953 -18.298200537082700
-7.092809991601813 3.697472051993048
31.810146376366486 6.798238517928597
2.770817998577052 15.347377760316569
28.082618467661774 49.738644903917496
17.460090399314961 -40.445939219460008
1.606561078204876 -10.955391032202677
-38.325302697458284 25.942876913517871
32.584978973139798 19.284508247874605
-32.490705988232158 25.719770140464835
30.470855965770760 -42.338310481899171
-9.274603737904053 34.015934416329529
-11.444089429068399 -16.373056536900002
-34.099149993248076 -0.141335505980878
10.082992695678575 23.654103450094563
-0.664319321917175 -21.733660203118454
20.855678207745243 -18.274373371389249
-42.047936139009671 -27.660971877657865
1.479511171406972 9.960095579874075
-50.376197896113240 14.400127278356843
5.080639417494618 24.723101208374739
-2.674411677576943 9.076129136698540
-10.683169420696922 -1.326484584839655
11.439928259474012 -5.724282462972406
-9.778939893373007 -31.238490852747976
8.473206197877357 -9.280681066047975
-1.450469697416427 7.240312922425200
5.070277613838095 6.816129396218748
-21.236547921996280 4.848505687114684
-2.099054545618545 11.626344791581358
15.033403233666268 25.203972058264839
-16.087557838997142 -12.409424173147229
-4.470697273819073 -20.283108512343777
-21.897846419781509 -40.191557621928688
14.091752062384295 -28.050963292292739
-27.884939519184979 5.493993852572643
10.995985204181316 -20.600460891034807
14.619896645188675 -18.262215123593403
-29.587680819313128 31.048171398972105
0.728071024375428 -21.525972512386126
-15.468164515834957 43.510722728556395
42.957319514564880 -9.050573000551758
23.924726752539328 -14.553786355639948
42.779941417245382 -18.283350395393963
26.096657810080572 18.797423587885969
17.268942228977785 -23.702688963302592
-61.878260793011989 -1.104154277408924
-14.583650746098892 -9.597841562110979
-23.681681312478826 15.243830338844669
-8.886091557444118 -40.351851687618272
-41.521079594576577 -44.232316248341611
35.837379439593555 21.816708655767574
-15.186296768944937 -18.797303730515896
5.610661113351710 -16.650873958220270
31.094780038738588 -8.170778552843299
1.183015788437603 -4.671217389490574
-1.144317569217756 9.390780506323427
-37.515728426326525 6.198218932885851
34.078842156707701 -13.434382240960078
8.103895208115642 -31.476824929908830
-5.227683468887987 -4.338190515065725
-11.030698979614453 33.105485350445896
-6.451880708492834 -8.888049438515640
-27.704748014661174 48.057309669216693
12.636868291578807 -26.247409750627398
3.748309339856453 -35.797499950701201
-41.040631385497129 6.001275622907411
14.365732946920751 -6.620580677164287
1.968293671891719 16.826296552129449
-12.616855420054410 7.936707778085460
8.611545724878779 6.324074012692636
-10.519373795790894 18.618206126800303
13.164426847160620 12.495202410861879
11.911893740209072 -4.860267742813519
-15.998217161005531 34.321781667776492
56.842180731255709 -15.591032293517602
15.039039366497986 -1.771790686749440
50.340063515461750 18.480387291758277
31.421405402137726 17.793232696346728
19.532851279247520 -27.276439611693565
11.660320140973390 -13.750329537875034
46.973704604487580 13.942190686203380
-6.881936388762808 13.969177287776271
6.708597464443164 24.942690735374768
-6.232464657103775 24.352186376273885
1.392317192137545 18.428124512649010
44.430821906411268 -34.750666010085055
28.850134916624786 27.301778003018416
-18.018045371827188 -33.439993815868526
7.489864744967820 2.392215889955088
-19.129774172685714 -3.503004359708011
9.786054795657883 12.644666421752037
11.411953892342918 -0.937591712220509
31.311534223953544 44.858319840177863
21.770480843900572 -20.253481614014365
-35.367312287065793 -19.933437730261510
-16.241725226269793 37.163902250398060
5.122595751076235 5.060389386636673
18.058061389751902 10.372503063227400
7.263646705736261 -35.862866097511109
2.651146962252468 -8.191668046077046
-4.232643880287396 -49.911962852647534
14.440309853687658 14.498267373668069
-13.345953441895656 10.609143224014838
-13.459619230022623 3.075034861137781
-6.626453181106483 19.925426445082895
10.299576979194272 2.299032371897857
19.074444232052496 -5.132466214198254
-7.715952001687895 27.139047945092155
-30.079090054762066 18.754912864523476
-9.175310153863091 13.963715469726331
17.280930828245289 11.381281312918743
-28.188133240279331 1.956688430234893
-37.035035509314774 -84.364499832403936
-11.082006768411823 8.248502881862931
39.786042914115527 -22.822338349373226
-62.461862829200392 17.153770913021607
-25.175998065636961 -22.016093941075074
-5.524666641944724 -14.680311598361406
9.939217295461427 -18.523185647863656
42.119398868934347 -7.663124687300418
-24.167040885295499 -18.651696031709626
3.640366964710033 18.624912080859083
-32.478357900640908 7.415642707321469
-21.310609952797268 -39.207139230066915
-21.325704473161661 -26.329353618040656
10.526723021811760 17.528027658951633
12.316535911370789 -12.190735211312999
-6.396329659927826 8.713705790214462
22.409288621614273 6.998574241032160
2.400825437404031 38.047550324770903
-14.091729436137994 16.721777639292565
-7.920139995535344 -17.924961410969242
-25.096637721589190 -24.849909513115481
2.186464318611429 28.513217248121798
-2.507374227679223 21.223512748416184
-10.488795454954541 -17.893236679971505
10.324226764856016 -10.554348478321030
-21.538202783718621 -42.091274331216503
-15.554327895790340 -49.986705918450554
9.913284342651286 -48.003772996773364
-26.143933549347384 32.396097377730037
40.783444107088847 15.154107772506158
5.918975304914860 22.130162576075005
25.230676158193560 -31.613532988577116
-44.530982650718983 29.089317704624218
-25.874001084336356 0.390080666670165
-23.643430441700481 17.626811406426608
-2.079612514608894 -8.397267004407865
-4.052849209314339 -22.263203205871871
-5.808805933515258 10.952438054304066
19.903965686226993 38.956788168449556
-1.992871436999760 -25.636125631946921
-8.139990456323739 -2.608378870500458
-18.152883165811822 -26.052666805247188
-29.106971402805957 -9.211457889138135
25.266388914592135 -19.229829809785386
-34.754874137010361 -1.296999659796055
2.601834261238920 -8.706675279501161
-38.612919467922040 21.594122728275359
-11.482358370474044 0.815936598006197
17.046765542274869 -15.981171718782402
-0.932357233322774 1.875567862238807
4.151985523434700 -17.568743758656826
-5.665936720658439 -6.592577622086527
34.407162831060269 -31.396113372270495
8.005943395246669 9.420976175555801
37.041648650418672 -26.537816281308199
-37.303512601045298 9.387922500215641
36.329832622380891 -14.193156098430798
10.542301464292008 43.248729728755549
-4.162215633119369 43.663044956344528
6.765640500138055 10.424092473437090
6.553800156084614 16.481974081248495
8.765480637774619 -15.293565874230675
26.051674580517474 23.350010727393503
-1.261534729564930 8.877532431378757
14.125880029255891 3.881423667378702
-27.118194674978554 39.610004830126464
-15.022597124550447 43.200946972677976
-42.213721448617690 -42.507066387726482
-19.668139874055459 -2.838240354986481
-11.237671090078027 -10.067329045474299
-19.809150010930193 -26.274396626498238
28.098813712377659 13.347857822842983
35.907436279321658 -7.137656363456006
17.895773222869689 13.918997446979334
-1.807663404593126 -18.346058235114771
-21.486273612397742 -25.828049018367050
26.768674326011030 9.504234057771145
-8.395334535425462 -38.675049293757219
-17.597903557263482 2.845088138460401
33.672432434519138 -8.826775461472382
53.090429382684050 2.736834788659978
-44.702882503995085 21.370271419622814
11.556976606665728 41.523270002554256
38.380311607383220 7.714107396435113
-33.317683429366504 -2.453812680584078
14.539931663755384 -23.735747316080985
-7.326863204589502 0.663699400016598
-24.268603964035275 18.395912814644035
7.511296275942966 -9.887831640414641
-43.772667657411496 -31.775682260158131
-2.538428778351804 -9.391954740328178
31.177732804907357 55.380232563822325
-21.969404108976150 3.179953438925663
6.199576304032416 22.494810773366236
34.292249443077949 1.011113777885724
-6.507033793764477 21.514094862701516
-32.470954149800434 15.080448703875611
37.287180937837476 -42.545094610573223
-1.999758888484302 22.177165706826184
25.747662680025165 -12.206742147496055
3.673799382905185 37.600915052863954
9.597033271937985 -8.018925877964570
13.543066644666206 11.232014846821050
-30.293091091859974 18.827615395230733
25.306610163777563 -0.787216003161488
-26.354844662636598 83.126277692115039
24.957511239104623 16.578368562287540
34.075241974983200 2.130078056123370
20.375945345650752 -36.042510467356173
28.753698460436041 44.931870733721901
33.667861374671034 50.687636997778839
17.473741730619214 -8.885702465047407
-6.066053451645082 -25.016660586844132
-9.149073022156475 22.855865742333865
4.178318845783849 25.199934572611163
30.994259671367502 -35.512010049568659
21.849375116953308 34.637689133872264
8.857179499950227 65.313389401125391
30.795109006989474 -0.639253317541942
8.748854428220444 8.343295486746138
-52.483650923376302 52.751955437791239
7.403516378337701 20.269289900380365
4.560784500552988 15.921713563164831
22.338232153781913 14.646384717030072
35.064855300074008 39.084355744944091
9.138929045431810 -26.763739867586573
-10.079863599123938 59.378176199777130
11.257428290519295 23.769797088808861
0.961802466356815 -29.546426476470501
-1.710184925155187 35.605293075443122
-20.067939017473243 12.569012383712765
-13.509335402751525 -0.989288216538405
6.688646026969986 24.539043515970381
11.015019401337941 -19.588617605893347
9.514032587229824 -7.822247315098859
13.679763249811856 0.765178500335460
-25.006927540218697 17.364272487816130
14.122420201211938 6.239764482207533
-10.036909328796609 -2.547660867776339
31.478011276924796 1.685152010836415
30.802307886549492 -37.978199384358213
42.305070356829205 13.999907710824196
-33.500558060313267 -10.349381688313143
13.827676664624075 15.651412871305046
0.931852824429733 -11.223891660671864
22.977239901960630 -62.625538175781941
8.171272669901024 -6.220623344007159
19.082603598020736 -19.670827740189029
-17.552571898088171 -13.495330855903978
-47.788750080481485 4.891795527949912
-23.730430913458058 16.005156636702733
47.819200469996467 -29.697973965798500
-26.656049140600643 -27.458780582157452
8.139537762674545 -38.240255915583418
26.387102335902458 2.682792001786801
-5.974356656769785 -23.597841351320419
-24.469128944426604 -23.747379587520559
-23.712350788551536 -14.768628798008486
4.343776604597833 16.738270792378934
-11.403403787160277 -8.696777176333574
8.704979527248634 13.351001237135229
9.380807444350978 -0.238477293641566
-28.249386457216520 9.614032813619396
-25.595542401490896 -16.525819489786610
35.806565060947243 -3.401575719966055
6.022679054109165 21.036728797888138
-8.609384403806111 -5.234663813486717
-4.075345316210202 -30.170678457635304
30.395044516730543 -4.137319271470647
38.986023438962285 -32.567107951034764
-35.911082913742185 33.004046599657293
-11.857978656531920 -10.571642867736118
8.824792064992437 34.633062563977717
-10.285551992843791 -28.407952036315777
-14.898435250316124 0.117854955002865
-8.272784441537123 -3.931011553420135
15.875614134633318 17.622305880097652
-20.490698953898129 22.098556159503449
2.673171999421263 -0.507670037596179
-3.187988028243272 -27.668714771364826
17.279267801237641 -43.522387748009791
23.582338689954852 -25.789864070037293
-20.579405725290151 25.523037902198848
46.819405787668714 47.200862312614753
-55.324061537075842 -15.022836435166857
-12.856808637775458 -9.263624671492714
-0.776411683084278 36.578621545979082
36.500980367804722 19.283473844141451
12.882980481164930 -44.406359506744074
-12.032246531752341 13.237052413894638
53.074333850813737 27.342462540843734
-23.739153578761123 -23.094917449520405
-12.153034410826178 -27.110773174520808
16.659187652429765 -58.780094305995888
-8.158645279625830 8.400257879058181
53.371278649440193 33.393475162826441
29.778085315945230 23.812894163026769
25.111596237681407 12.935932376115176
37.973585051746355 14.303285371545392
-41.406685943068652 -8.933542271864086
-7.102359900586294 26.620731333212063
-1.161419570979911 -13.999965646124394
-22.553780209540829 -0.991398491143870
-46.151831082858877 29.187155027993235
-9.125087931988748 13.947672142005915
-21.511657189337935 34.704010760449187
-25.349488085585477 -26.322193055915438
-6.420944877314813 -9.645614868673347
-25.929082106108840 42.034961229759972
-39.236707960517684 45.161140340943653
-1.479366894287180 -31.640919989789317
12.576277886578273 39.487115210767747
-65.540172311065533 -41.828922979409697
39.787483143593313 -25.647313411088483
-24.003493890770955 21.750503940068516
16.786705023364057 26.514006935268231
-2.253346019436266 -19.813596277974408
5.311018317241579 -24.362090491239371
3.359459496661341 -0.790986212568659
-39.381354722430082 -24.978427087345359
16.026718834992053 1.993490050700964
-11.432775757641439 -10.333753371004127
-36.708320063349383 -11.874005812535099
12.653931908567595 -6.651067852879986
-11.026912704560299 -17.489481807961411
9.493582879586947 10.679770018021008
5.602707839545651 -9.622344724983849
-18.590901263611833 -3.672609417838989
27.063419225110017 27.727292271941057
-1.674116468073286 -18.078302569433244
-13.979391347905008 -49.589024609110744
-40.544395443298249 6.359081428390681
32.360884356527421 -31.679477632334226
13.222692656131159 1.993913497955550
-38.457703190607646 -6.280855416057215
24.197047988652514 14.859978649857139
-18.441515473764738 -46.137658063862602
12.679015608064558 8.089289949470235
21.252716748586693 27.028100162374834
-1.292789251526254 -13.235703295135838
2.576700859487199 -24.025442784567808
-15.238780931110243 7.920133378579711
4.872749383084511 -9.203551091284080
-9.759342527487345 -17.083188296816385
14.560927230510776 -1.083318362282511
-15.616235115496400 30.341040813324110
38.420378851309287 35.040829278095558
50.882790113971289 32.226975801552975
15.811736932929827 2.395263864511211
-28.878717514155230 46.731824973425809
17.827691673243628 -56.599121179314984
-17.040363096840135 4.144192248728365
19.818209821725436 -21.539704707838368
-14.808227806464195 -23.249975716968585
35.618637398759489 -29.847616562430076
-28.488689678309282 -24.012770908330996
-8.193967701360693 2.511860627925449
1.465148566677338 -38.824506989966672
5.933498680534307 -8.409207962310072
-57.376899148025664 7.045059048594887
28.365284379652127 -23.118076344534892
-0.153618032941664 27.118036167703153
-10.172272938108783 -20.979496826461311
-17.907938046687281 20.168780478868939
-12.923688741285090 -23.059020887535695
-20.718259374582772 -27.070179606277790
21.629342307596062 -26.054700463046135
41.879099102395521 -15.589115834113123
11.352498054232617 24.110799386497398
-29.550693652511256 32.260917386178569
-45.649714719377485 0.532867044438387
56.546875769374154 -7.849463746075671
12.183440351792941 -1.298752404790072
-28.704019478104247 69.584959024521325
-28.007077964270103 6.392431167730153
-1.180446692323036 22.571466123367387
24.119626408341759 -4.266538007327224
7.189582202398768 16.406502365430431
19.268756774007905 -9.284183032182238
-12.650320213880985 -23.673510069271014
15.111237547239815 3.575202560548142
-35.311939675296472 -1.531371089411324
-57.470703115758319 -23.105100636040817
29.764991572108190 -28.824184801846730
-11.530078111110791 13.035864296336063
-11.429868252564717 20.673028396398834
-0.850387189239381 -2.707567449774782
31.998435161134754 -33.302325185347364
-34.826720493329454 -0.774536235017403
-30.257479670287669 6.139797874641558
12.974800429669747 14.686735935867068
37.338153233494957 -20.974008881815468
0.414943496015796 -16.405765225772111
-15.164472437728847 -30.864030470267597
0.843664160557518 -21.589998505987932
28.598555200035360 39.174107897433110
-18.910842221291492 -44.370724158228832
16.378896334204882 36.271294456741991
11.438109922839413 -18.846704797862962
2.875760569221224 -6.026488021083233
8.598717398582426 -36.552706417100616
-8.733194934603715 -21.042087552151440
-0.332084447617107 7.102084265078815
31.721628631882115 56.688042383881317
-13.854691343641484 14.479440077521247
3.397801060772392 -29.684497835275181
0.994173309990633 -22.059823247886619
3.687462319144883 -1.900201412301869
25.819630187706785 49.286994415362969
-14.186883074096896 -14.216455043691584
-23.065968860752658 3.563016829870903
0.993917542824184 -9.776025232531937
6.985711951512170 -38.153199662912137
3.789254709606816 5.503083242738837
6.023521950098090 2.129742257049597
-7.809399396080454 -0.735639229423360
-8.252685541316335 -26.717035603156948
9.989612092647670 38.582704872121930
-40.089628211924676 -32.205823958823146
8.288712621046125 -19.213179539855769
31.740664348380882 -2.851892608097069
24.158464163423776 -41.940549600786078
-16.365193402217649 -21.652736280748528
29.760149474228911 39.707775673649301
-35.378565198365202 -23.883811470648002
10.388203986376196 -42.216310247566327
-4.144114026924211 -36.781148843819963
38.772556494060929 82.639398419154034
3.895410840456464 22.716390325116652
47.684505819652273 10.228463792661863
-37.401443247807471 25.677861818319858
-2.832815693377824 24.386231848731637
-16.612242655230403 -27.636487691916571
17.213391017900936 -33.176396862103587
9.775181291064408 15.186792591091331
-9.970453181029267 -1.624299413141708
-8.013672553757234 14.414142871828128
20.188379101708154 -16.902852280499960
58.019589798614824 -0.112727074971842
-19.690635258473218 -3.772240722666833
-50.267145129732576 28.404252515945640
-16.266328753744158 -18.568797715060153
12.105930842207830 -13.479238174131412
-31.312669654127617 -51.151937510956856
7.298776856320595 0.244859060570362
-4.935401860895007 -33.183414620338510
-4.671158878396837 -15.288829109790813
8.031142626522030 37.539460714530563
21.548401686733083 -5.953812190170328
-43.081315248754002 27.397061329599623
-3.995979556383217 2.244206155645858
12.615609179099515 -3.778925663518755
-11.478650612889709 -16.300176348644399
3.983743393784395 -6.271902753688666
8.896753298095010 45.465743746596381
3.767016188531872 21.174932122553738
9.521026862504359 -17.600095312997400
11.552952908870193 23.301925032382261
-6.295682368424998 13.285378516349642
2.938673419594868 53.392832188327581
-42.638160506801299 9.493605635864775
18.250899511435765 -27.798701383571146
25.258776071997371 -4.317389112704826
-7.654505672754421 8.342007754752730
-22.434891352327512 4.821354352734781
56.599694583651669 28.138046386272030
48.574733143542737 -26.745024640994092
-8.009465890473598 0.473012405362832
1.984384538835490 -14.551451340343320
8.993633170183019 -51.497542440626624
-65.325142272204886 19.104425802063304
37.043733228043159 -29.898185551985915
-29.100543847565618 23.494980405632443
5.290424677503569 -11.084030679500033
69.339883715613041 41.729999471531507
-17.699615284823921 -4.686518482459364
38.323376643940868 -16.452480930198771
12.818653663231713 24.091009284847633
-22.301934365349524 -4.663428311596789
11.601901233633219 26.950277042955559
-3.242085826982878 13.699566495262752
-34.091117309725554 10.068582765323324
56.495842653086356 16.722959603970985
-0.656830848913158 8.022287887343536
-13.202853320001971 -18.701618379484472
-8.908068324566376 -5.374088974844161
13.481630868438064 -13.553377283885572
-2.783408580653522 38.518919570095633
15.442054850622227 -4.375959637263104
26.140341513094871 0.097636545447269
29.264935971846963 15.928760538602051
24.344962348179049 43.734185852415649
35.828923785080974 4.882963674459648
36.149916257423754 14.776314085425701
-8.654165478511961 -19.754412910932892
-19.221523197399058 4.407526117819621
-29.521576973995188 -30.966783421614320
12.480918108483353 -2.330933055465139
9.389986707454620 3.128033654294716
11.261464464243005 -20.896855344608134
4.840065531663871 -10.043628939204115
-4.565950652810975 3.049489968799810
46.409460320296382 -8.209758558320065
55.594713562680290 8.309186537968108
23.223761607029072 -33.358331409090646
-13.495068334071904 -7.224919113509046
13.230075276326545 6.207438239558776
-36.719459033945924 15.093662138035116
0.533297757353384 21.316809770113085
-6.899903069721025 21.024617262596948
-30.160166660326766 -10.765488513217514
-19.725666495934107 34.870038222436108
-29.612469596739640 -8.077018614580238
34.749015327491556 -15.718931213803542
-7.251987194372510 -27.166793737473697
-69.959651916113856 -54.247539421899148
-4.289789161766717 -15.733906599339036
12.969891256204361 4.015559980524562
12.590189773951940 3.636011525807581
11.807589268615645 18.280177875687759
44.644719165271745 22.829351883905758
1.218307828997760 -12.545866014389814
-4.363519327196896 29.999055199993379
-51.431579789040384 1.972034630827636
7.578838371832795 -8.290666301962641
-18.852767813320675 -18.326729962554932
10.503323538382638 -18.143870450980319
2.756374414396188 20.863339279373889
-5.832373720114588 36.066421951153423
-5.402230998970267 31.385597980969820
-25.607442002348105 38.649414901559652
-4.841800402893239 -10.638614807529725
50.588809956211634 18.191302210617401
7.939835612632814 47.541679015566260
-46.543848167034355 10.112494706656811
11.973951090166752 -32.346430008730373
-3.516155653808026 34.108315167813117
-34.819145869965418 -0.881736514425566
1.081284569715100 -33.076462292033220
-13.379023479034636 40.279941752565691
-25.354011988976826 -12.323873722497819
-13.139290420538320 -4.954679797859947
-1.658181012271086 4.850120993661286
33.595800838319441 19.726030483201320
-36.444802445494311 -3.850039108969809
20.163909598624606 -2.558534424005702
-43.036416812613965 59.877255712396924
-24.531605894447022 -13.916891711680112
-0.849897879512921 50.442998361744998
2.256210387694685 -21.219273273349163
21.470490366475637 -24.197048088225991
35.039314916672339 19.808268922558621
-3.504070366120678 20.162249098508017
11.149178546122959 4.795966291915530
-27.146997534972847 -5.812232916127773
57.180392103830648 -58.477552332909774
-9.993550200556333 -27.793207111918260
-3.669949318592930 56.878296523230212
-18.938272426814944 -17.184387511797269
-18.446658273340560 8.827401966422478
10.437587142108637 -8.821289858597270
23.473254288511022 -2.259773740351101
-9.236307164503648 -16.592014101448342
-31.839654640787320 -1.649676327251808
5.949810831246498 -36.316641932586364
11.956393253456545 31.138467192015007
4.006980445365857 -70.047745646349483
11.493074294686098 -6.559829604403128
36.531204187497949 32.152036486367443
24.581157293326918 19.466374421599568
46.713891737548899 23.399957324851865
11.603840184883452 -12.671243877371694
9.937366454393709 9.457319377055471
1.542120206049298 -38.382452911085601
15.158037582903892 -32.638028701399612
11.089799804651639 -21.262471707566526
-32.804801986447252 -6.048211449077285
14.053382337955068 7.302961728110133
-36.642118066881281 38.689532711564596
26.057829765323248 -69.717865783045269
-40.676649396787283 -33.596533794585284
24.157961701408283 -4.393383230164169
52.156755566413494 28.812847395058078
9.490732003273800 -53.625868600401873
-17.203564112905699 36.221927517839752
37.991102482040390 -31.145796298201400
-15.324734413901060 -9.438789431277552
28.300746364880951 10.228515905175419
19.178362011601816 -19.911924796016773
7.027132398462252 28.935114800858923
-3.501437778510224 -2.693359174152082
-38.460861057377926 8.989349102190122
-1.215195116990481 11.897678898897912
1.976342386354957 -30.484225966439151
9.508596117057991 -9.654608066096124
13.245841470981492 -6.999125801592305
34.026917620483225 -3.460141825240166
-11.223157823000822 13.845610157806101
17.433481539116098 -8.588204695684887
-8.719658750877839 -41.669722458763673
24.149004288752895 -7.886192909116456
1.134301292881116 -21.997634187043371
-10.153204052288848 -1.156496450838928
21.480569237271265 -2.095597725799523
-1.355550621958460 -25.003257269539670
-65.829228333497369 -59.867636037467193
26.009241640978924 -12.152099441413149
-11.997342501604237 66.699178686653241
20.666974473767119 24.541093405423240
51.013608174924066 23.099992243183827
37.281805374603124 10.452753282086602
-6.206679416946232 7.572847991502802
-8.165591529648818 -41.799532376095208
46.063516634599921 -13.044589437484605
21.457273388936301 -2.273139097430377
-41.576042749860477 -29.668697733872744
28.634666274991364 -29.199440792859825
-1.991913536019875 -6.461337904193197
-15.239760759867996 -47.171841832261272
18.701534664447088 7.965731228991715
-21.194654195627354 19.068437150309332
-38.276441212489196 -5.101630703770719
-7.154628905107159 24.762519803396188
18.456435483956703 -6.532533901952718
5.348221228190032 -27.723105596978421
4.096815553818058 26.525443937629579
-25.911117494925204 -0.072094640589639
-45.779731160076587 14.511546384416917
-63.466003437013796 25.382156945467941
-15.608071146061256 -11.083557040868364
-20.212850591333972 -11.572596316169651
25.432570757101356 38.539349605058746
-0.156609403138733 -36.307250280078570
-32.000164845734659 19.362171521671208
14.279722742672885 -12.921001391236036
7.589636011042519 -26.855889293737651
-78.729465461361997 40.637348593946548
14.328785490110317 -11.222732205883197
1.743220723840724 24.159902317828482
1.075671781582282 -45.545695056283549
-19.392061145587839 17.347705448382651
-20.330735089387492 1.084654090617761
26.583110673091806 -2.279259855485801
8.998647201910773 -26.482097980123903
8.267801868425888 -16.975267749524530
-7.269413994691306 1.977399956986616
-44.042772367291086 43.441098282749628
-32.627685563270603 41.834810950987240
-19.795435391900263 3.285656780555750
10.178588623163398 -15.862448372379236
16.515808429285858 1.271429893888718
7.804059515339071 28.400279780629852
-3.737752312626903 3.989903862202639
-68.370066116929792 32.287545582600409
-20.138817240477469 -20.886429561515794
-1.007689698905791 23.757535452454611
-18.658166723462863 46.667706081523477
19.579074327387627 6.875451699281063
-2.356728242042291 -17.472727436904364
-1.718739338891347 -1.846887924565621
25.068809056968576 9.199263224281758
-16.248758737430183 10.363511248085814
-10.641939393666025 -49.894359903301662
-46.564801189688204 5.802900591066827
-46.494338861945266 -1.285213011167650
-38.370558106422088 -13.260164238501336
-19.187843795447687 -4.772242745150309
-32.762634684134049 8.940495801223925
-3.766972142792966 8.312940110755189
23.742134775054176 32.379537460121831
20.563750468033469 14.408637698742140
19.115349929878381 -13.181726248112877
-10.667396298437154 -13.053007320184845
20.103739708081083 -28.521279742308071
57.085139041382483 -12.673548306257372
-9.480515272476429 -9.133003172355803
-7.109019582270823 6.472828858377645
-37.827607174797876 -21.589169553889249
27.773574914445806 -11.354501483483915
48.127391853921807 -17.616486386434250
48.774681185342395 10.400399479675201
63.190312308017688 -6.970007777128076
-64.956788437285923 1.421685882447109
9.921925267804143 -30.631789722526104
14.761879632225781 -11.259741004648788
-2.033642771476579 28.999837268200732
-2.923487007641839 3.496018199473571
0.206198212800632 -16.304360896595821
-5.260773636311261 -16.104407329344316
13.108473952400884 24.972056696004035
-13.793496912872998 2.249337589144877
9.336746527015819 28.056746865114519
-0.433746587172914 -12.414273570642617
-14.505322838528194 30.162813020075902
3.834812467755040 -24.628370210246256
4.455363076521169 20.332703913317083
22.259810150065054 14.876852616287312
26.691703295175621 6.956157174533879
31.647790904161464 29.492288408082761
22.624381232692386 9.799688097763347
-23.808665390221812 -24.806304482430498
3.203699364110980 18.798955350553427
10.320555120879906 -41.587648051915835
27.897644371035735 -6.883330787585479
-53.107045564685563 -29.200878181985473
30.236878985555965 25.640232622834759
21.367357534331198 -0.637120643074213
68.050010249625771 10.426222370909271
30.852601674392762 -23.029637500622453
-34.453862505467271 21.541377874165285
31.780218925012832 -30.126549785931470
41.399465769403733 36.727670750861556
7.371152972770787 14.269599868766425
-9.591982018546140 -46.997994253402034
-16.537922364576996 -13.727112897118497
-9.852165420339611 6.850906074255017
1.696250425091614 18.880967664813621
5.774038040301106 -24.837660799305215
-18.086287954912244 -17.890287477920477
35.817678773266984 1.271030747647466
18.668258169052542 -3.692189652872570
-2.480950945042527 -36.175302051963619
-13.523211335083959 -6.314768904934907
-0.071175373288387 62.553899551409174
-10.332222515783920 -33.457084186618310
1.418174957861169 15.446050117370527
57.593812186296297 -40.160116100344112
4.913181080276412 -1.974557034074909
-10.958538132820594 12.977607169637281
-42.000206045617439 -39.689993739742654
-5.384033828756688 -29.948659133558756
43.882135445144073 -17.396390589638525
-86.401458735260846 -10.436321526891840
-1.457956487230908 -1.849080325159888
55.116678544166582 -8.679330391562726
11.988974391109805 -29.303808275689413
11.929448836637734 34.843482259449921
12.231503179281594 -46.866718311366235
3.268193942339271 39.086217336201386
9.052850554234523 7.505476069943146
-6.025798112621955 -12.906696693540678
-19.594645067646617 13.577939346468716
2.518746889973388 22.371851102455960
-5.475236200076870 -10.459767236755511
0.304537191859814 -23.482442248639014
23.364669933461560 13.647405359357133
1.013561575555765 -35.655198078309347
8.851513794747529 43.220954277733505
-38.182004142653312 33.683797894471503
-19.011342144604022 -13.179900289553943
-31.072626801591632 4.151591550388011
28.017494149462333 -11.282070823187162
26.738774158103510 3.417869798826468
1.677192219343232 22.398554415932939
14.261779465343947 -44.556564960047112
-19.808858012870431 -26.419675175905979
6.720472881141320 -32.453945252894691
-9.124176829403535 -33.026989209462506
23.366751501518713 -5.785663665107294
-17.667600936501998 -45.619633366000301
16.255808297897371 -5.217234415808337
-22.164180371797006 -21.413095882223796
-12.640093551313614 0.929207297996963
-18.221910911358467 10.352363660173484
-5.661762665016844 2.601498970010548
-7.489928514318906 -11.015319543907541
21.716580034443624 -7.952981271587095
18.164461045117257 25.218996219811579
-16.183504580145456 4.409547669743789
-32.632001285431159 20.567314004598401
-5.253878291091845 1.820777831126968
27.231060974857911 14.822168634511435
-13.652931912802273 -34.205491508515230
14.502470534720704 9.476723112899556
-1.780196125737758 -28.796016375979281
29.789295384643694 3.319244244830239
-8.031272759097066 9.953039849526673
35.180861697828789 26.470875529832366
-54.397323889366717 -42.352404531525742
34.423625533614299 -7.355141149629745
2.607119527837257 -19.393156072089038
3.585652674346256 10.147042843691615
25.409915951204038 -0.011652359685850
-20.703519922057271 -5.241808473723240
-5.087158795033884 -19.675389301713164
19.254912811444569 -17.381118950204559
5.376629344067865 0.798196908149557
16.677604663711016 -5.067347451881424
-5.843719952505889 16.607826863188954
-18.038857237565047 27.176097083141400
17.951178329477791 24.321364398612527
-33.346383211608241 11.564887257953869
-6.359542725273726 -22.648078215528351
7.510449257323770 -6.342466367812593
-7.902489406563622 0.096023817618518
-2.807955866886714 30.703666687278783
-15.110036358653756 -1.128869115449509
-16.237537688500630 48.477058495384874
-7.884427593211747 18.066575214740336
-12.897042258831570 -0.982646747790996
-12.622930784584085 -17.783953337675971
-5.391988849209787 -24.585300522593691
-23.307301305042479 46.241493851511379
-5.578068215717122 27.341040171397907
-38.704781876448983 -18.255921681182830
-38.084338996988784 27.393898785841788
3.185898264624115 -20.617253653877668
-1.158294070158756 -14.431815541529771
-0.195795933530719 18.846982982228663
28.030566208632600 31.506938200806641
-32.904390788027804 -11.641466950979892
-33.187711997932880 -5.001132609244356
17.954093853920071 -10.513444646390598
15.421194024482167 -14.919970275897043
-50.119064748734232 -19.391680545289276
53.415823660676040 29.262675085180781
-11.579043823306428 -16.128741453626123
1.417391273556719 -35.416072869439873
20.410058672791081 30.774375647426641
-4.386159928934161 12.595133908178456
15.943592244015921 -23.458931900984389
-20.169175055292694 12.127668682972528
-26.189024673309284 -40.655319512527747
-12.904497499395438 -19.329000769625353
24.037984069258005 42.732005367889272
28.576816630180637 -16.382909945595593
-39.176115802272072 -45.856743886702013
-4.832753565675671 6.577443783540660
8.364564724917063 -35.042940333415203
6.387152364715917 14.012731385727900
-16.062932625934295 12.981567117518058
7.513476150193371 3.483856942323173
30.130571967324091 -4.297396388095560
53.427176227645013 29.596850391147093
5.912514045824365 -44.538278597098483
-43.976781771644077 13.294114655543959
-25.990699673805928 -6.831903699947597
-9.411304659854098 1.931953506184114
15.200070976931256 -35.992155103189241
-6.913958377215680 -61.895307135532434
-16.271458844881128 27.064059137607739
-7.073002463569934 14.357264922241955
-3.346211391150946 10.800102013968834
-23.945678754533244 -47.936297380923094
10.852041276696927 -11.121884771886869
-35.732235521921126 4.698466204249232
23.757406237459200 43.431086763411102
57.819900467591957 -38.305038693849006
16.683846018108007 -1.259804652946393
5.078331132231989 43.373002169182563
-29.390795803710603 6.473562574192785
0.354966910302997 -0.039191035700291
39.638363062142226 5.254579813717276
-0.362426182197610 -9.653868922605497
18.770100440425892 -57.087400681636105
-18.727160186655951 -0.911728581524366
31.909795985306914 -23.518501412084255
48.063103219870079 3.121510455968755
-3.363000330690697 -11.475842338709322
2.101662170097164 -2.427387903395901
-22.900187528211568 -16.465617693964976
29.624337962723409 -24.825688059536418
3.365252458972927 -6.396829170286241
-5.561032401372136 -28.493588345689822
19.832240674919792 -26.349168005649407
9.748399253065561 -11.910124811365364
11.166558943261510 3.558920395293015
4.520895016046917 62.496447986528814
17.664337573667357 -24.929761186022670
6.941698461334858 -3.726874818994440
-13.551382983637994 3.501509889930345
-8.481685637390452 4.342266495868277
-22.797851153004292 37.960963072595291
25.106964483362965 -37.262088984982789
27.344303472919886 -0.879611784265244
-16.212273887072225 38.918576307051801
1.005656862952764 9.599917541439874
-13.860021433515708 -1.114380651557971
-4.054974568854921 1.894431700260676
-33.593089748453380 22.348415702537732
22.152933293986298 0.316052887871018
34.686130568532484 14.122416692477364
-9.165453794835434 -0.164890925169723
-9.535048550423120 -27.660285314495081
11.948187540714649 -10.427165819341054
-53.090743530314924 -35.030418062802738
-24.774424665285828 10.107196290784017
39.547661575834013 1.878970920192729
-10.789264765009275 15.105935133768815
56.774378187668034 17.171730623584196
-22.454704050856439 -25.147289896883333
4.678052134016255 -37.542085777138389
27.648853689243918 -25.291436316513977
-37.314425417479747 -14.487954613423653
4.724826065556996 -18.839368681733951
10.868956407011996 -21.858956400551385
-13.351438520702253 22.534232111717937
-9.225339390406845 16.595496754818111
45.845047148015055 -35.616634761378201
10.114882935713686 -18.502336085084998
17.056367780145667 -29.867834546661282
-32.969996832196962 -12.006986956079668
2.332577457561073 2.471503906974334
-1.939367522847105 34.778873386220113
-7.264176223791059 -32.445254515684994
-3.326412502979387 35.313425676985773
-7.943397727122166 45.565979444113040
-4.455737822126157 24.798949678435516
41.115189782237962 -23.117930928922807
22.311536604107896 -28.380084324413879
21.561149762576598 34.333641713646550
-5.773984456975103 29.095592662686560
42.554614276959803 -11.740661098395696
-18.577052407847159 1.482207212727775
23.253103723136142 26.034240768371731
2.539389770729666 -13.541709660080231
-26.822196182606891 12.426131831072439
-27.719348912520235 -24.126057929132440
9.731574214463279 4.131131591120957
-0.399363299131414 1.650997193833907
-41.006511697059537 8.657882345017256
27.202816481360568 -10.121040080229900
-15.753569378714936 14.554430304706976
-7.684275146600107 0.697817709580936
-31.093528502786587 -8.533430093686903
42.475734492407376 -36.119387242433525
-15.842997658758692 -18.026518579957177
6.545555395342641 -15.931575484299096
38.803952915658627 20.611689011528167
1.371586018887693 -27.153601492385793
10.695645839297866 -41.657870011598447
28.512823703083711 -9.133743278727646
6.430013282132082 -3.311710403417661
-13.289630979201391 2.702717246732918
7.050396202149875 17.247587984155373
-7.005806059662354 -28.245817888947119
-35.833032908020570 -5.975405613281141
-22.192869649174327 1.645100119411965
-3.300630808085453 4.525636833939013
-83.108643227477202 -7.954153831656700
-9.146778651120282 13.335400773450104
10.952615154904086 16.637614182475655
65.931993657465810 -18.673447845266971
-18.080394150443933 -43.756027909601769
-31.081892812756440 29.722523332415843
-8.404811767842663 4.109696015581573
7.235846952445332 -3.487742797123625
25.274919386381640 -23.453178330398181
-22.558566566988073 20.167264342345991
13.553842020115054 24.874359350503411
-20.176987189504253 -5.698107270104463
-2.791641226063699 -18.452259178980587
3.015148039813613 -7.321046604630705
37.599644946071230 -2.887592721799952
6.826821746277696 -20.897329310030695
-9.653680934211026 9.224134857622344
2.110481440501824 -4.839584854905067
22.398510978968929 30.022090314041197
17.656288333944381 18.432653922591371
-23.735920220335267 -4.617334981395529
-14.331064031553305 2.121965112163605
-19.739151560674653 -12.662064303111267
-48.313101544345976 -18.880498448429197
-20.642921726939843 1.876839821767276
6.849137129734971 19.579662724974369
-30.470386966774353 -7.390126235937446
55.607486116572197 -8.439558681756010
-20.843014095751446 33.824613831255355
24.703518037333108 -13.648992027157970
-21.409749604321647 4.237147560137128
-5.244602315197515 -19.221742523609585
-25.677764565945932 8.997655413636192
15.940585250433747 -16.507564047090611
-9.558142296389963 -21.760125788958348
16.048523850418373 7.527961966347127
-5.873232680633895 -39.062268104064721
32.335567560940952 5.351205817884233
17.163495042148654 25.354759522447786
-24.161595483658921 28.585523832942350
16.471149290736996 0.491711621401492
-37.813587308827060 -13.002512737987784
7.991084065898011 -61.486084828416502
-18.551820540136994 52.098169799812943
36.677724354484283 -62.203844351791332
24.235284702541904 -6.841748941790295
-1.628153870069798 38.826202373397329
7.985636180385498 -16.035727197167052
15.535236157258218 5.525210064892998
7.897933296251321 -18.856905111276124
0.317569833697643 10.381371007313845
13.946683458795411 -0.441440359445870
