0.000000000000000 0.000000000000000
0.000000000000000 0.000000000000000
9.775327588979017 0.000000000000000
69.336414626009542 0.000000000000000
-22.002440395527589 0.000000000000000
64.556547470794683 0.000000000000000
30.582418749342427 0.000000000000000
7.137158556819080 0.000000000000000
-12.641489369102306 0.000000000000000
17.039814385363382 0.000000000000000
-9.285319698965075 0.000000000000000
-46.854156112325988 0.000000000000000
1.114442990979253 0.000000000000000
-1.692651505820996 0.000000000000000
29.987030489135069 0.000000000000000
-2.328851454965976 0.000000000000000
2.134769916738682 0.000000000000000
14.247167776288588 0.000000000000000
-11.341140319582902 0.000000000000000
1.373361882407805 0.000000000000000
4.614293811504619 0.000000000000000
-1.084896992265112 0.000000000000000
33.523918460278779 0.000000000000000
-10.962017101672963 0.000000000000000
-44.038638515735677 0.000000000000000
21.670147402089839 0.000000000000000
-5.360818538902931 0.000000000000000
-22.887298163155680 0.000000000000000
0.778610404614209 0.000000000000000
18.487887368710552 0.000000000000000
-0.151745850436396 0.000000000000000
-49.932943898299172 0.000000000000000
-14.380372641123950 0.000000000000000
-29.406209960186722 0.000000000000000
15.045643332572512 0.000000000000000
-11.565540410749310 0.000000000000000
-16.534387342205232 0.000000000000000
-17.642020644524472 0.000000000000000
-11.620702027692797 0.000000000000000
0.598253689377280 0.000000000000000
-13.005183288129700 0.000000000000000
-34.501769903911374 0.000000000000000
-82.721141979780057 0.000000000000000
-19.973413849426450 0.000000000000000
-11.685761564630798 0.000000000000000
0.652926632774718 0.000000000000000
16.456243857206406 0.000000000000000
-0.618598977251322 0.000000000000000
0.413918991586341 0.000000000000000
-14.332575046764699 0.000000000000000
25.623310510140797 0.000000000000000
0.000000000000000 0.000000000000000
-6.977278271894931 17.842368329089084
8.435324072629980 32.374132235885341
40.780119853861244 1.202366043938760
2.832296964812457 -21.846669245805511
1.094497756712920 -7.349572268234782
13.097719097508520 -26.391215899342562
-13.748208783745294 -1.656505499413219
-2.181805637604807 -10.953477910395989
-5.741320453135623 57.566209280073728
-14.019888981233880 -1.403892010134008
5.119040428344751 -12.193509958196362
-10.313458374646306 0.484147239093056
28.610249702885248 1.793258781403518
-23.452690699124414 -18.605501769876717
-13.848361423969861 47.233483283682702
-6.085780617007839 13.330613583327784
-0.136746704290095 -66.431116533124140
33.484710485792803 -13.515915689258637
-56.134206827519556 3.061644513311048
6.792381997725004 -28.258870295701723
-26.648716086056385 -49.004459815367881
-18.372847305770971 24.021079222499921
9.755083817856065 -23.847325591954682
16.290329983319129 13.732617526695424
9.834259617247438 10.735953354714823
-7.925479931907009 -15.000521331470557
-7.998676910119199 40.050336640290531
-46.536701122583651 -53.736275269180709
24.734283589748063 64.341571880173348
-12.335364018952122 -0.397713977130741
-36.238670124693989 -11.959623326396446
-3.344106154464419 11.712365457045880
-45.425150376206695 2.776628507902174
-51.314333968817671 -12.454515255700427
-13.720746613528558 -41.297343971616286
-38.276223810483472 -8.017034101394065
-4.207487811850782 -13.911090624750567
5.971173674118676 -32.027801722182808
-32.195763627310193 15.583285587116377
20.267156478659182 23.950464104028313
-6.235191973173355 16.347421669115448
-20.521761517419225 12.763966597591340
23.428718689291134 6.157561668536337
-24.022659452442337 10.449536144506675
-15.661071360815685 -34.289654151556689
-24.895557625286088 -28.020001585363456
-8.983103168818154 14.661971164968458
-2.135691210690686 -13.962577200658723
-0.773342175894623 -48.671521114761148
-2.055399271216913 6.511966023485356
-24.419758700350929 5.003441367752899
-8.448260078325708 -23.988691120373545
7.335908018532820 19.250345471101628
39.177482892172158 2.586725415054135
-11.501860648806439 -6.527057787530167
-14.742893812180258 61.520763207907919
0.142426955028033 -9.081813591622373
-12.945973801559855 -0.861989614770468
-3.349503727414449 3.508351393969081
-14.605409652054155 13.580971964794943
-4.443491954078506 -14.886203271921323
-3.368665634625485 22.078907670318483
-0.744590321863497 21.999462861104227
-8.967287054627606 -23.230680349368210
-12.191936861891421 -2.338450048765318
-7.697860448089901 -2.998192702341056
-27.223447052754949 -31.965410361242487
2.987613710199978 1.440435033230175
10.775936738598478 -8.361002965403726
-6.993968803398535 -1.894488169913434
13.028749308495660 -11.625968086080752
-20.082907214048085 -27.516401477863777
31.705399589592002 16.933393982409896
-2.112455381875530 -43.941504352621457
28.517681185547197 -15.018946150540508
-19.698314612586397 -4.459711648078955
13.410819083151992 -18.713629569513358
17.087305631184698 29.812560986388014
-28.121360963149904 -20.315218758298411
26.303706131568426 0.807308384050473
-20.982895776853766 -2.268450539754344
4.999669105026345 5.789132285433110
8.042778619699531 -25.173808248720903
5.509938720870773 18.554587317791718
13.184526241477522 -15.024682817108733
-30.752529119553941 27.080898397276030
1.881727050636361 9.094766867828845
-25.692158660519990 -13.014131429819269
4.670980439580192 -52.836725458849102
-42.213173546366441 5.475737690830996
-21.051115489330464 -47.491173877219325
15.283323314832641 -43.310621918725865
18.459030643843480 58.806665045276091
23.379483915542945 -11.270851659053228
-39.352646866120054 -2.825086049756422
0.783046801062944 -7.628190430604229
-26.591447903617961 -19.616135143912249
-45.815356677843816 -15.750045924349804
28.551863235918834 2.681762667357784
-32.820755750321410 0.603180220673063
3.872248345650662 -9.189563590132609
-6.422239770536386 6.289465814259344
29.984314869145543 6.860395174715960
-6.581557931451568 -40.078309188479984
33.678332896151609 19.738486603085970
-7.850355657676727 -5.709991141074255
15.335490779899798 -34.164288149301903
0.782270664219833 -5.378858335638804
-17.661372629807321 -16.117069645606474
-5.138134568311656 -16.729808536416648
28.138392476815383 -14.022409106802947
-3.797271560287965 -22.012091828696278
-51.585071342597061 -26.031161859140610
-16.778189445483928 23.147982510568848
-14.785415774757713 2.664840317715509
-9.260287385702748 3.713629085127407
-41.083132182598121 -5.308861491337435
7.950524347676473 1.411724198668886
5.658031730412464 13.999509863758178
31.841794479899995 65.391624861188689
-1.505504068993639 -16.908077885925760
-36.486183311976411 9.903771114900541
3.226133522046394 26.144604740368571
-4.728869099329750 52.917696346273850
0.706431286107173 31.479697592929686
16.776659244505407 1.772596896479635
-24.671171200135216 -59.269296961381215
66.680629859549853 3.451369320435290
-1.183683040402157 -25.199863707269607
-23.814921073246495 -39.221777462229376
-35.089335103705181 -2.388292784160953
-0.151217867233319 10.705210913234575
12.726378278404793 -0.667104884998215
-5.380925122284110 43.416126536616254
-36.190777899000643 49.341782376599753
8.514187448842428 -9.641161289861474
-11.953663488636153 -9.529907242232195
20.045973093145463 -59.071019498995966
-26.826752869400025 -33.090514992288590
-20.146863240448749 37.796830571903264
-39.685389990575928 -14.019076234483679
-20.657867807774441 13.906346382098686
46.848079598469255 -19.700049737120491
13.509081266904484 10.573402959114802
-8.947161610227473 21.532273981896697
22.440743423665516 -14.922761323703265
-4.181960488520613 0.720307220143350
3.761438040528106 6.433880461032508
-19.158481792373561 -17.597271644113285
13.368928802517109 9.374238416244188
-25.847081216507668 13.371921649447573
-11.295967055862793 8.365039581958007
5.925470238698374 17.698784277648208
-26.718417171772288 18.700259675960471
2.799409082547254 40.664047873461620
3.729869710464442 30.870898879742043
21.277048407819855 -21.338312946085594
-19.190736136912157 24.869208781876274
-24.501777279877974 -3.377943672864630
24.109924673191486 -19.722612709733980
-35.773426407869145 23.837463754144114
2.063645727873061 -8.112490443685084
-38.190092708044389 6.624221148801225
25.681379183493124 6.907575555177790
14.044366433403262 -38.425386485316508
-56.697906575730720 -15.051200795743487
-40.877061277457599 -19.266325244857725
19.156170575431567 -18.892986578978743
-34.073509343615221 4.789714172222334
-2.601488331474496 5.354645272044542
-0.338601140350187 22.672842399657277
19.273093886845015 -23.946338393087537
7.969538550631376 -9.653498337801903
-0.505044620139243 -19.373676376766845
-4.406030550834195 -12.924309543849075
-16.494349322158186 -31.494258725563252
-25.348660606262616 29.098881271735515
1.639974323146949 19.162917391391222
33.036706189311893 -22.998189475700652
-33.726103535835527 -39.998724012782141
-16.929325947932742 48.580857415443447
19.533513250379780 -29.228270093567478
-20.337534719920722 43.984503575483664
-10.318545939865116 4.837954631220067
10.733526599537587 27.580890144926933
51.983873095576833 8.391267592167818
-5.578766955523315 1.746422531840113
15.870340646635865 -27.567958916492142
2.901512990440424 15.961619881670902
-7.536118172737730 27.720576094477291
-40.509124014783588 35.082106031154858
48.357709752224579 -6.465478849487441
-0.671188386824559 -22.264158134980118
9.966099563537743 -14.555367770349699
14.087841653760197 -9.177282748911091
-4.239286304456896 -25.849597773994002
-19.227420716783520 -12.074184793319400
8.012957728841961 -22.085129367681837
-15.975402651013180 30.830660255792282
-5.855994380048447 30.612242364141192
-7.736202178557365 8.012719774364543
15.308070063566340 -6.624892116184170
12.743982293784688 -33.307431437961171
-14.022358338868001 33.828248328938301
-30.807922949996822 -9.970791044898641
13.568952443130840 5.301431811290634
10.708007580508315 2.510169652896621
-0.084904898332740 8.252174638690278
-22.038985794492675 12.672968828828280
10.769650598303242 12.785779588986230
-7.295607255109538 -29.659216913123178
4.428464634229429 1.686428708526690
-3.387630561353249 -60.168871259818594
-53.122669057301245 -3.073394834102225
22.158738998033879 15.200285979296968
-6.633115925508681 14.042861869464661
9.422987116559263 -29.456887913367009
-38.689281051930912 8.016399761006772
23.923355027816040 5.782287015132631
13.283336306515373 11.334165990149875
-1.644404436652650 20.749285891639921
23.210048658789802 -6.179915054524101
0.106091732851237 41.537892721702178
21.059548787320328 41.084437520008102
-50.864992644767050 13.568264330693648
10.156629057195445 -20.975226226051234
-0.907451985400876 -12.129233307852662
-28.706129282777610 -24.951663991281873
-10.857808733560745 -12.796539543781501
-24.966065443992388 42.065602587344735
20.659859220321497 12.283825964736257
0.718772905992527 -14.476656014422760
12.294524334028049 3.148037244925627
4.072911850203941 23.598136418336878
18.617195088033665 12.686974903177360
-15.159136744750374 10.343793617922996
5.437321314276231 -21.394716456215924
-11.260318523538050 0.541450546707661
24.445842541104035 14.028860609713659
-12.587548199301050 -9.346765284583224
-20.402374673318171 0.528788336658827
19.284219032222161 -29.853399389125933
-25.842719561668964 -20.864282837465467
-10.563745177825156 -0.058706404875097
-12.570337717404556 -23.314382669100528
-3.207370928861065 -11.666705987111770
13.801998720371694 -13.015142749289323
46.435597972695305 -34.720213777452855
6.754751010771580 14.580003749183705
-16.416299726022892 6.917418335220644
8.238674752880806 12.827881140129318
-24.251942167939983 57.239677727190717
42.849307953043436 5.961477746164475
-5.475976326169924 -4.576381373976925
8.961043410297549 -34.042569144778192
32.920086182110580 25.472813361852548
10.903794433136381 -20.257174873248491
-11.242375749785127 -18.249270925193468
-3.356028456156883 52.981079986138063
-12.471950142154904 -10.081436407632385
28.861385563886973 -14.605999936828795
-4.564603622467561 -19.294240314458310
23.823262417416046 -7.334029302395101
-19.298855557801655 30.635072988282271
14.334538157852480 -0.439647127745115
-22.888369134195290 -15.743066594747926
-53.324003239088817 16.041005655078564
3.036221915852064 1.865176299431314
22.222355533569900 -41.272515569362348
-38.937470977921443 32.622808625106479
-42.386930917401870 -18.205408174272840
-16.548261643698567 2.994746559959401
18.829338073690010 10.006567247473217
-65.475862807953703 -1.522803337541019
-8.279103323909045 -12.566265889813760
28.226569356871114 4.460638604306953
25.933499092828509 -8.336993441749527
41.185783086754597 3.034727890752954
3.515301282760263 41.198472674612965
28.054885895830914 2.728611958590786
-14.474076799395538 -2.863127436232770
-23.324714122568864 -42.672187579221813
-17.678526683459310 51.404278765945001
-21.733697795051580 14.553301142084429
-16.672285814423830 13.040008038705604
-44.033308847272139 -4.849579660854742
11.266606665133310 -21.372908516246834
-0.454788628957683 41.514292080884431
11.519675609908395 -14.095857493452399
8.728672655234229 -0.384940434585645
15.962808174461895 1.350485121275736
5.891553458852247 -3.931661771910481
-21.500706308520389 6.940480300633341
6.752678918528054 -0.559379743820784
14.614264816157814 -22.669519124581690
-12.715041549362970 13.185197807383970
-26.901284108900811 22.581545081370088
40.943241038961311 2.661118697294886
11.894626866712917 -20.350130464001101
1.168406313482612 9.044244537381857
46.374194930172870 -1.710948421609795
-13.020251111329427 29.709593984778643
33.045452860595368 -65.960523270508972
-46.932738818008346 26.162876479463723
6.972756194518581 12.883050896914652
14.766544342862961 -0.339831278985963
-20.779518979791963 -22.107314464747287
-3.550943952525290 19.881179553653180
12.228525855127248 -30.766381975667834
-39.341419568824072 25.101910644728303
36.053712824817516 -0.352705506678672
-18.442999983963951 1.080302219843699
1.525035883596268 8.083811613048152
9.894120654398902 33.487965033227582
-23.591347282220671 -33.176544081373315
-15.981167570926230 -15.718607632128736
30.315168061816411 24.171635677389776
22.280226703834813 -19.940998587651563
-23.595650675826285 12.920035098525419
-28.285769937788167 -47.640396435488057
-25.469865979178007 35.736010470822997
-42.400497702450018 -8.295804891830018
-31.602985457663834 14.900734831185032
27.647870930354120 -59.529128209778072
-43.699775154646943 16.124832176761352
-36.307039615846683 -6.603065627386218
16.679231992335126 -18.113641403776512
-1.727065427335969 47.839348207487618
3.394673634213377 8.210090029755175
-49.829203211767158 10.154416817467984
3.060850908386147 -26.631557993225979
-2.262894330096684 52.478338384506671
-23.212442477781192 -18.805722592142711
5.414440257076202 -18.012296857122600
-1.161552124321838 -21.926202648474984
7.675055637552543 -1.946605589876232
-9.974878039045176 19.665741457612619
13.820182582540227 19.697047652024231
-38.345434793301898 -29.966634701144987
17.755397807199209 24.547640575697578
-6.852023094503384 -53.270347854571966
17.056706750611095 15.543388729624869
38.941866494553750 -5.803278834820560
58.070497466979177 -24.038461631823257
-0.901459747292627 -27.974746699979217
-15.226462072602407 43.178370914333549
31.174169516386275 -16.825759151959019
-26.749287350747878 20.310297378798115
-32.015313679491932 -6.542342547318840
-12.169697393884839 -7.429482128638591
-29.586352766339452 28.457511981423998
-18.908103317408798 -16.577009003306305
-0.125494253325940 -0.596490989897611
28.111662081113586 -40.520684312364004
8.621638778879362 11.013173656150999
-5.521610003962845 -14.479076142648871
-7.109433841038815 -21.315282251283779
0.831096059556425 13.088949953607035
-10.845908305775993 -2.482553523203431
-32.906364890752648 -7.081936651861964
-22.871122402136731 -10.726669714899126
-20.931311843956792 -20.934048683295654
-47.459189187397342 25.078018479446239
-18.388011459118147 36.280458232886048
-0.565462319735581 -16.559349597131909
-7.019986374361374 11.795406440901095
-28.798672665442027 -22.461288107619620
2.723673464159496 -46.315993921514064
-18.094304188143568 0.736563379722639
6.719012250358556 -30.910487769920341
7.538482959030719 13.875464925412402
-26.099485040666963 9.000236093973228
22.033441292587383 -21.372804452507154
-0.131403782973987 -8.575696734689691
-13.836578588250118 9.447108527625339
-42.828737760968160 32.113840868839503
-17.600964533741799 9.741949345096518
25.279788598997499 3.793621603646237
-33.957015963983174 0.660140988489656
27.988637668466204 -32.585114522112981
5.661400057745796 -13.401953944139803
-16.065332432863634 -11.388445000904879
-3.749085605005648 -17.620358590492817
-13.838784429751296 -55.419908718369783
-32.654074200332666 -35.812920229006039
17.389191254395218 1.872272503303185
11.781750537190941 -13.583396021170762
3.793408865544425 -17.785401125843663
-19.985253545220747 24.111227155891473
14.842428476991795 32.621910216616065
17.556953340989082 -3.899232633291171
6.685601491118262 6.643882511648812
21.026091135503279 32.749924786788455
-4.787283537090099 15.570201277584074
-9.674895586335861 -9.378312209328827
-7.350876817133221 10.561407537556805
0.193185641774786 -38.489963177215238
3.596625431758191 1.739847634194741
2.003989164726695 -54.486315299945666
31.417826096488827 -40.743769319166944
-21.969812659795263 -7.076665970288978
-10.975355204178838 14.700832321939487
-47.728431214854574 -37.022135890258369
17.159023373733980 35.285443030391654
32.460872173173790 6.883386886459625
9.177712340864346 -7.903259787757452
7.729929041915860 -7.188911111058391
-2.740070910367344 -59.878079440046250
12.678423749067990 33.278929705270400
-33.402037559937504 14.500643236713493
-5.944403827625464 -31.655192905609788
-24.946777638300507 -17.579761442971954
-3.945580649703445 -49.227634232297163
-0.800587964574687 28.913334207286766
14.818551520673157 7.511005099954413
-13.297048601241721 3.888431739079942
-25.558887388745894 -0.985253808017538
-9.058708702010680 -0.892201947687028
7.619164969468458 -16.973029996623012
13.249373932724405 1.657654870858251
-21.212860494132499 -35.583538592254904
-20.877433025195195 13.483728534368419
30.012203233492734 41.524174722714726
22.800528251043200 -65.813043074759435
-18.261494149616063 -6.773027694808404
-47.518831176929751 -4.609958011993655
-46.152757611668392 -15.218257443088223
30.707882210119951 49.828068312424008
-5.046322516483557 69.351963182265962
48.726317035421623 -4.110322990280936
21.139866314033391 5.381037280140804
1.348208742881882 22.940638160191689
-34.498213946776779 -31.127679246390436
-24.057230344793446 28.510348767302268
27.115256321560462 7.258139183467693
13.447551459326828 -16.001301486555793
-65.990094592305340 25.584869688041724
-14.897005243788527 -11.120656194914728
-40.543932783760589 0.120042399960011
-12.167597461214385 15.060005081403213
12.413238575860243 37.398398411816970
17.372735432896608 -26.416415123823686
30.519358147730255 -11.088245980993840
20.419849514730569 4.696308134660302
-1.752797639041751 -11.454951225432019
-32.764719325909645 -39.106590498275168
23.232886906669844 42.665506121622791
0.893065406746179 -29.568447894982238
10.470103547301857 6.683356600854482
36.281095731683251 2.443621373261750
27.665201683771787 -24.795544035517114
-12.758655738914749 5.499308644358472
-31.972151641298030 -15.916339534355734
-2.212987260417882 18.459290030108004
-2.653971545842233 -3.119059851823176
49.698140362418307 -3.323229696774858
-1.583429206813246 -21.410075588389294
27.391568312317997 28.982187107979357
22.856247027901134 18.825949355653709
15.729371447041682 -44.155364923592671
-11.828707498055614 31.404353620516371
-10.500871048890279 -31.302033809205174
8.960698134868100 10.880472200076193
15.426509466352085 -13.432011407463680
-7.068391992895609 -23.538795923853932
19.275900508162078 18.898315478490161
0.319291452890684 -31.538754452196777
10.701940388444454 9.804556441890796
-22.583685224687702 34.630681996921005
-4.712412929892245 26.860990127089078
-5.934667765594932 -11.567806222557532
15.250820849947706 17.997804405753786
19.990909525106282 -9.225527218450249
-0.602989881585522 16.850668865040518
-18.237100727703751 -0.288215898492265
-25.273861315265705 8.676382450014199
-35.282449878632576 -37.194467936628648
-16.962191124622649 25.180056670798276
30.146127156391060 -0.824804592045311
-16.614036397252892 -10.929493621599994
3.021797382760154 10.981237097923618
51.627734186248560 18.617320627870516
16.321125114871190 -59.983571791977582
-4.603796541415240 8.702290124395171
-15.850542608571821 -12.079755530020309
8.884376206617222 -17.401827688934596
-11.769266676431352 16.210760214005738
-25.825115892782602 -13.897545910311138
27.996447344244228 -30.143823226564297
-30.647459793486394 -25.059717342196567
17.457463982448647 -37.882335391203945
-14.156739066912968 24.847655972857979
36.636686450220864 40.032456141390881
32.345489055362371 5.984869700938369
-1.221903777000932 -26.867239717067200
-9.936336184554964 11.646834335432008
4.966825122751317 22.063215028150189
-18.763070576582571 5.458530612862610
-10.508828567075440 8.877184329939043
28.386366058134740 -33.786222378387805
-7.532468261640455 9.355045532150305
11.832362803215812 19.456629619965497
13.495793622555112 69.409676449445570
-9.471011744004679 7.498382585790550
-31.679050840153742 -34.893248144714178
-3.222782497669809 -46.335955756250570
6.411239814717979 -12.879254836424561
14.098948001101222 -0.490274564186298
31.271005850404826 -4.775818659801465
5.651001771986865 5.756220998512611
-76.059703858690469 -15.728272341491317
23.877634064294316 -10.906643910358577
-35.604000016914625 1.938235563907883
14.333845956962634 11.614547197294341
39.457907903335382 17.435166743408931
18.689700308115100 7.484798542529004
10.763311777031847 -52.099986280114486
-35.673778880698748 -18.150527572680389
24.035420933494795 66.479018318575228
31.638561805852515 5.270747487699301
20.872343174553677 11.161450121254653
24.636708896570394 9.979302848691010
3.791276407052012 59.277134728318295
14.147002175996628 -6.972630571530778
-0.090380439964144 12.729276840033789
-0.909669084559471 -10.041479991010842
4.469618314815202 -6.248834383903761
12.627858901784082 -9.818386949991769
-47.632896823682060 -2.221665592406640
40.230441269842537 -8.852053561448443
40.628286540841877 -14.936963155419038
-28.782691478841478 -23.061654132551951
-28.517756011351214 -27.502116679127084
11.408000744711860 -7.713874766064500
-5.771193864400231 26.913400854465664
-22.794873796106792 -6.725701252644641
-20.538438428769439 -20.433497670503080
33.237758514159680 6.127130062346869
11.225964305559577 -21.405265046391545
9.250875303570558 13.827376808782102
8.526927350325138 14.215934637312298
10.251622112815385 33.970353270868252
-55.229563976223005 -12.025857330299143
-35.976724759007745 -42.261200334213818
10.290722946944875 -10.305157232877304
-9.484286972408006 12.627893459200092
12.584824398521645 28.020510748574509
-40.607537271276989 -2.496454127287241
14.459585794491053 27.273582588479492
2.828118675294301 -15.735716436245456
17.173289002025573 5.525413281521537
9.706395081577838 21.040912959171617
-24.086004963282999 -29.574717137601144
-20.721794139118217 38.399610598678450
-26.057163753735381 -11.733386873161674
-36.639035390967848 -7.504275635223264
-15.967192062336000 3.502987211340786
14.455967533988080 1.226354576145593
-12.648185012084442 29.246675814041883
-31.526390821558838 -20.305834505178378
18.400077999501200 -31.930539751132414
-11.663126607091876 -30.060784801221715
-11.655730171636227 -42.417649296153463
-19.175574200743149 0.325140574905637
24.247497861451826 7.213770786772066
-15.897940793043528 -2.880811748993684
-53.504590284251556 13.073393704002511
41.866745900369416 7.525915044915877
1.699157024585161 -5.667996331498117
33.180148566837467 32.427347251103257
-60.324771385908747 37.944185040412954
8.771151308050991 1.424594612625930
-4.465008545974511 29.659935276455812
30.543290106703331 16.382764116354803
7.057564333141047 3.053672717814003
3.954531454036478 44.616807491243655
-19.118970734363156 -10.304535074641613
1.394892839287112 -12.805190937340292
-18.251270672546433 -3.052548871981966
9.453024833766978 15.768698057487432
4.167728965027488 -20.819766149214303
36.914752966983123 -1.470355859641844
37.259654232860711 -43.475980637873455
-9.359230289765238 -4.055526333374412
14.418103049706851 25.324976335710232
-1.008052351947876 -40.896871924167620
6.242321157152494 4.332588233417988
-6.624352246715875 23.983711409530464
-0.221944456367688 23.304981004464970
7.817871068939207 3.565309650614146
-8.890720055805144 25.923034364810494
-30.467939254530730 8.895927330806213
12.580791430431438 9.954944060238974
20.020975618435138 23.620280142544818
35.913721975547546 -6.573094056152485
-47.446971809710263 54.418523786894632
-5.656697819294123 38.039598821946242
-10.218288807352097 40.671683313336011
-44.025375293066794 -21.504420528327064
19.570077177479547 22.071016485325700
-12.181854185316624 35.921096175317849
-20.333995163745147 40.908640754733511
27.288824473353984 -5.184787903180731
23.578466656253966 7.436349649905235
6.048785433007723 42.453941091862866
-53.009053171202822 -18.840725104830703
-1.476335420617016 45.332707896687154
30.533157575789161 -46.037244099022132
30.420387523523061 23.086747293718840
-8.856787669634024 -15.466597872672008
13.870059562297236 2.775184450256927
-20.290095966645364 -52.371429464596517
5.316010051109378 -4.403884231557241
30.323308942554345 30.831815966112767
34.618785076266654 -61.200004320759810
-24.539990587412891 -38.185017632685962
-26.523875530259375 -27.844495475407886
-11.864376353202598 -54.507256326633403
29.934757147116191 19.224865564319952
9.971082876639512 -4.471548981722017
-57.848654013046179 15.589650287056976
-8.192235257241745 20.684629923672997
8.471377212317652 -22.238495949188277
4.158670846837661 42.698543764298478
27.254148049568936 14.545058988027957
-16.531183033366531 3.643563710195232
13.752865177321063 -21.078282955424861
-69.015829126170658 20.055974594872126
6.357319011608809 6.991558457359517
-9.801153879760346 -18.691746065583960
-20.648410391958354 -32.641852157717956
-32.733950910392473 1.034082477039998
0.214469198752895 12.952579027946967
53.956630641081837 -45.665415081775457
-40.119088060643861 18.684396816053713
-19.812546120893231 -12.600623515358466
-43.392194678993832 33.279336474655068
25.995381683883366 11.880821928736362
-0.022085435966364 -26.796442282565661
22.454493314418986 -0.188339158930722
-23.894290848415263 22.753880057393847
-2.224911164629649 49.362383519053147
5.077968217248610 37.967554895784126
8.771878702389525 14.651780960648765
5.454846192547219 -28.341496340488817
-5.763203002119871 18.701186669494891
18.339077964593994 -40.127105940453305
-6.552644374021693 1.662719102739767
12.077706207223251 -23.436433002912473
17.047843447242347 -25.235242219258556
-20.180989401128581 -52.059957676920128
43.348272001632097 56.005418769710040
25.488487214264321 26.222416838008783
-32.179784378789080 5.481706185235509
-69.621700059185130 -0.575386002737381
20.605890372770393 23.333821988846942
-7.725024222958696 -7.186165685587439
4.830989656914051 -46.898345121775890
0.883544529691528 -21.410880477656608
-9.271756361807597 -3.266441126718804
2.673507319280081 3.167608128409854
-10.089137806797833 4.556392490332207
-22.818729311223954 36.917970818822539
14.866341576155634 -17.189159649750469
-39.012029827688508 -5.768865763055454
-1.657407381998213 -0.250118389759071
0.613937941445645 -11.329681594617897
33.639358979801123 -13.062217576301508
20.649007936971742 56.217834882735524
11.939194172233089 -12.219822090283893
-4.502065986860775 -37.144931817632731
-8.903309010718008 28.931203546075881
4.345591773757418 16.101191331824925
17.721974891023386 73.033906031247113
11.423875937058877 -32.475228356163022
50.933108316209605 15.592000746132960
28.119108080404786 -3.134991862154379
88.633147333680256 -35.967848422350563
6.837407546693004 -62.220748317888180
-9.412399739000529 9.895977170478822
25.763781359351182 20.827148047192718
17.139716789059911 -24.887668798469392
15.354421367062022 8.141023827406537
4.449772261923700 -25.153843795539768
-34.780918483307914 -2.907027905424445
-1.460641370485816 -19.580060049420300
-10.932857830432132 19.446584506038686
36.049650447950157 -53.254287384557635
-34.194056122990958 -34.999122208448888
4.707896132955153 -1.190567257534378
-38.836253810760553 -29.723684980738529
11.995898844424444 -9.438046533584961
-15.469006980670068 -0.188194433560906
-48.011158676823293 -19.939232434766371
0.722415653516526 6.802660260334940
0.966911643313901 28.929917945912361
-4.482928239780816 -13.994778208963513
2.698202553520410 27.733785431184387
-24.125647159100751 -41.877942004799081
-9.531518970202782 25.896057222774814
-6.697570247906480 -5.141011887821361
-4.916027412100550 -15.256473348172834
-31.992255614701843 -10.014571110699634
-5.389933953809389 -14.122233847551714
-23.156856783624210 -7.688821873985119
3.094474892118191 15.087394416540535
-45.998453651975630 -9.674135370748363
26.266051258978024 -0.712095904705837
12.615007499244021 8.891572117615544
25.949822172178258 27.337248587763845
-0.756165685873805 4.826735207472841
13.050847417295559 38.372707828193320
-40.629426703664365 44.313680110593559
11.597420524298958 -14.482901108021164
-1.525288229802637 -11.247530007532651
18.269174644823934 -6.258972840576378
-1.089316174882024 -2.538094786119854
2.592068515935417 -16.509266834173538
-31.370141393914910 55.899337579612279
-51.748320811182658 -8.734398851644823
1.175823722279225 -32.867136975245792
-20.247712475150784 5.713075867520542
-13.706825491799604 -8.355048358273748
-28.127019811510721 9.512399501750298
-15.408624091606718 -31.774244329079895
-13.216614290610753 15.750372363466443
31.593392598012052 -37.265046395102225
-22.827900575128563 -3.779950922877749
-11.287585717548305 -14.367159811802550
-6.190862632312693 -7.776792948930247
-49.799376045652266 -43.669761544722142
27.498426758484175 -7.767698578482833
-15.247116038963975 7.661034514989978
-30.889192896302418 -15.397563447875219
31.432669570511322 26.295567253749887
15.764296493963114 0.473878958049491
-9.852336442170461 -65.054686617388484
34.761374816009500 -0.522307335367387
-51.737688314345334 -57.394585202658405
24.435153806262527 6.248006440638325
27.377539079151074 10.877829351907646
-12.999153912519576 5.833874800805766
29.704816312375144 -7.632727582264921
72.817066509822212 1.550906830153146
-26.596901054892182 -18.246659118054289
-45.115135429820029 -8.883233477100656
-4.917132993274427 -26.835437092127222
15.328374467608024 10.136047842212401
-18.946595975623726 -24.546357916125444
-10.518992649082119 -27.533012660408417
-15.994148634099373 15.811435478139899
3.381534091564541 -11.199888556553429
11.809641746982775 0.263950066850118
4.266662960188013 10.235040816587334
-46.537851045675481 -16.897344457439729
6.004419857528146 -51.604987378161510
7.737545684820909 -18.172914282890023
-9.753155930940306 4.793167710664051
9.843959918455274 -31.588232297973359
-26.185320884743764 14.318693244420572
-11.640258506470190 -7.270022886766070
-30.078608210954489 -14.982993724272943
-46.562832832291633 -17.201603043446024
9.913970767574680 13.508965180248875
-9.499124045352252 -20.217824841059223
3.405688342621913 23.731954758123923
-30.738673968009401 0.199485150798264
-27.135440087348815 -9.649953465330148
7.355246846110681 21.387893346508825
-20.889381439159656 28.575736610558508
-29.907701048092363 19.554321009733627
46.866961551994677 -78.885325727523536
4.596165794246317 -23.393979557453832
17.429444186270917 -3.659950927093946
1.711348363826825 0.689823393934213
20.218797629578116 22.039872345962984
53.032642723929847 -30.554674730174074
-30.097464120221918 5.456845331354844
1.017887046560653 -43.022815869773083
12.800689247009270 0.822637567998088
-18.903324698668371 -2.389912392577639
7.192930312381404 -2.700789793963234
-6.406618141843623 25.709687239046126
-3.230679037884712 -0.168201940751178
29.590370779247941 -3.117586412435845
-10.142211267542068 28.649180598735647
5.522960701169225 11.181307444381746
-40.991798010693884 -12.893448690896644
17.129315919473743 -11.905636780351907
9.903913635828996 10.012427958274536
-5.792758968238768 20.288587159872897
12.823697965762591 14.369658827681764
-29.141362839746236 6.817420694990148
2.908215943172106 59.458714729023910
30.567116058039652 12.100119891692017
4.966613683688651 -27.528457591411645
12.409558883001653 -11.890166169229385
23.254341577542892 11.698614553993156
-22.262758351919178 6.026728832520535
-16.486189634859443 15.737588687199009
27.036100980134322 15.043294695750060
-17.810262300392562 13.301064797452852
10.044324176843840 8.558843217804188
-48.739731577102077 -5.044222681442494
21.676911269160634 -1.459625856578693
5.723030972925417 -36.704369929358222
65.989882851731181 -3.061215638085623
-5.338872662081628 -0.006748684631886
28.250869007905337 -33.783325477148047
-14.903446440746549 -4.453844919344226
-67.624326990923493 9.917331876703146
16.499444853781537 -5.712069988349850
-10.738909231842998 1.359477965763550
8.814503511281458 -16.250232977265352
-5.491084042108304 23.167130608276207
47.484918364320372 7.994254489578831
12.073982158560447 15.157810667835074
15.609517248158301 -6.313178319813547
-22.546685936748219 -46.764789436996452
11.256892027180282 -23.457983022822138
3.723737839780679 -2.038642043863704
-5.514050755025587 -14.208340795677938
-11.359601266156973 39.386943738331944
33.072807994198321 2.649304929999515
25.834899753736689 -9.512091198237123
21.696575453112185 -33.696586442225879
-31.875456391346933 -35.975962327752555
14.245038999949619 -44.891596860821089
1.289904907549253 -45.384172002236198
6.178312887867158 -16.697659103469455
19.280352888375432 -18.097726508668803
18.818954642862689 -4.644914465406731
24.320734982057530 1.467248216730016
16.059970376940964 -47.114632268524964
-5.400687352398402 -16.758696132362317
50.710224934722007 26.794781206746265
-26.338242946256212 52.699561020153013
2.792415657484465 28.373569990181402
-19.426813376834883 -33.337327572224055
-19.305065865365279 -31.393097962507834
-9.515947635651514 -22.042133372530031
20.163883245152597 30.515217769901533
13.510265560418397 -10.042867186655776
11.611645183100855 -5.809855895776405
-12.634541402870898 -9.709005374628342
33.535993427797173 -16.762999409315306
4.040591540167415 -15.434367267052636
-18.647518232720451 -16.604683194269036
-20.970493820302071 12.266349280205677
-9.351086030726611 12.663217089013493
2.556835087989827 -1.302482369623116
35.236351940517061 18.780637901929346
-7.676541490472967 -45.684288103745374
-10.936874844853790 10.838373079447384
-10.276156260198286 -26.650367987811016
-2.949287375745564 -52.773357040427399
-20.184441447410421 -5.827461577840321
-6.757044693305323 0.998216405198659
-36.737467379843032 -20.176873664533417
-14.109354093126280 21.159591681283551
15.047214251068626 49.554289381792408
60.984588290832598 15.414225151165919
-0.412955255858347 -7.379177914617532
11.573812983911884 3.597660491500882
-78.167906725074673 -12.795820544694607
9.895968326660626 -3.304973702627596
13.553498863551626 27.272520805064072
12.708019104413740 32.538160986167142
-38.551834554871860 7.638513553597435
-11.707325876763658 -26.317446713177286
11.712576853685517 78.615498208551372
0.535097485241012 -35.773603184138878
-11.765589689503701 -39.061840033855852
13.046823004381134 6.773523453398747
-22.125024202251044 26.388016002148316
-29.719799044738402 6.203860776003844
-6.846695146216542 -51.569046370478617
15.401491658592851 -15.126625627418790
-1.898105598409374 -5.541997724341989
28.151869422583037 -1.424634040170895
-6.851488766747057 2.210958559275393
-7.431100714161071 -17.767082139483868
44.852704148624390 20.862446765799351
36.204048018014674 6.991423430579146
42.792576054158161 9.482493285873987
58.389217780552556 -32.851052062847998
-37.384903013390151 -14.170225693560736
-13.831138198382105 -9.276738123551466
-10.907522251068640 35.864413024989204
12.313513898032294 -23.349742215091982
25.747147001049957 7.814702964068354
18.683376043081878 -2.369710147918860
24.164003179089100 28.747334105851063
15.205543401946990 -59.700106512798079
-30.494089679650862 -3.549977254586937
-15.451369629122821 41.540132553308709
-19.923984990448151 -6.652526967544854
-43.400917657521489 -21.463939432577295
8.495509197594108 -0.561656617967529
44.909328004289861 -11.396449085679167
-28.883197312412957 23.178888039402029
8.218710891586865 -5.828499288581205
-1.368555492295581 -16.041750797064804
-19.417349700352837 12.584166027526976
20.911158138191393 -3.062572752923077
33.329066921211513 16.315983200244766
2.270333385880706 5.784686319061064
5.692225681440297 33.157434822850206
12.465143262429571 4.287522052714282
-9.824742693818457 22.680416333198117
54.713532282087691 -43.495092539041032
-24.958865920588082 31.324803221496236
-13.769713658028802 -29.058873460708547
23.172100459863781 -0.397320219708268
-29.261319879282311 27.199746278907515
25.246107016726171 1.581530739506962
27.081922862573769 6.129104929019610
4.440436570266524 -28.828973630331962
29.246330576666690 -9.663757432913558
11.178730982188556 -21.433912546384541
-17.491895531818571 -23.145977048143443
-6.515535716974346 -31.661302385907970
23.552576796450229 -3.154063656972414
-19.435391036847726 -22.153848278373903
17.380464818364768 7.776897155072614
18.631836822771824 -14.348328365096089
40.617200882405157 24.127956334780123
33.352111556554988 -11.700494788531747
38.976162216415915 -25.127872312715308
-25.507170703127183 6.872361939940332
-24.924253603593446 0.981526334664466
27.946260680561856 -5.613303361692634
-27.008228602249744 10.763897776290490
16.717648996919376 -37.778458799362262
5.734695527945251 40.524558127776537
-53.645392438007683 -13.121226529041881
-1.230936096932846 21.115299078937671
39.856609627656212 22.097266909526187
-37.330601337970741 -8.426124278946428
32.459682520353738 27.438860960390357
17.737642025783352 -24.742532617473863
-5.487651264193234 1.145776801592604
-1.672649433931067 -26.468762144541824
34.071564678657950 42.194581235680118
-33.785322900313943 -62.525132367985158
-23.790819178892296 11.788088891725719
-46.585669128099902 -10.277063190950029
6.639118575221274 17.362551758284344
-52.367579314136279 -5.422268993312372
15.573083026945344 -5.149505493081609
-13.163817680886769 -3.567279529973875
28.292548503030954 -10.439133663535094
38.341407746555234 40.006038724356408
1.188472271475519 46.864965756851639
10.688764932357307 3.803580240464299
-15.113757708480669 -1.271115772390183
36.406309137639241 35.559782518751369
-10.615471763127077 35.967423126565876
24.292163074932130 -1.674415878442590
-21.262957069713710 -4.542870289453281
9.896828918828266 54.903359767271169
-28.867529024633953 -17.300235226929971
-1.019838074308731 28.991365403292665
-10.465155648539781 12.905346544721526
16.230621629492717 24.249765468247613
2.162271085595106 60.452200743716681
-30.938943190990535 20.387741679087288
-18.283987024694405 -2.208765724430923
-1.607912878243036 8.344504047119131
-39.182485716769207 -7.138313608412465
24.734205158562997 11.979719127774388
-5.435823537169554 16.967002132063797
15.809784375053267 8.477206336041309
19.793822929050201 -20.036335097495840
13.255473849337175 29.921963507619271
59.156782841888457 -27.562659586271913
7.844619333490581 -31.362678672347823
-31.437466084996206 -30.940336689380132
46.698726370108517 -36.088275820001989
18.525634012500170 25.224939564925609
16.323190926256128 -24.796011384005624
38.121548385057324 51.522422173894320
-22.968381711261777 -37.316802390396795
-5.546020591668955 30.410971690272415
-23.432388903873004 13.988161987155793
11.042177272310314 19.134868996017655
23.409082728986235 -13.969915439038845
8.395142931801935 -13.772183550881598
-26.952363983122961 1.154025375389265
-18.363294224844957 19.496303507655238
12.576781887206403 16.487923665619029
-11.346397231659124 -34.095078637501530
3.475173230374851 -6.110683281584239
-21.663577628368962 3.169144956513709
-11.529880856134280 3.408766204861985
50.545000072794203 3.056032383142036
-18.644622174707266 -34.427074114156888
32.383196126435735 -20.442954343289696
-1.182010615779080 -10.111003816325022
-7.767012035372914 -14.406296852140702
-3.007517587810253 26.482240411586126
6.407206370083568 -15.017790963378017
16.797991744418717 -8.329806136532557
-68.137180719879410 -3.648404341144273
-16.728880694478217 -35.042209966335491
-18.481580128859594 -5.086549036452394
41.739577984317208 20.989927648210099
15.747868516676366 -21.866912972920790
-34.360771206641793 42.180947383082795
6.917735954346167 18.194437266593276
-4.392528529152452 -14.803985503725913
-4.454623200877536 -49.977102859641043
20.077304703497241 0.708472310641053
-39.951291239646217 -3.969154171766175
-5.345483088230443 9.474258590027540
4.213278255249767 30.409384215371340
47.654150147635541 -52.361375177785014
-55.438160138800590 1.060667135421501
61.682226971034268 -20.416435872778329
-20.972071140474288 18.052594380064551
-11.677379517961759 21.221549101663044
-4.129038861082273 22.839122691495209
27.691294000533603 -23.114177157082441
-9.382317655793313 33.520398318888610
-47.883643658935348 27.714806011057416
-13.961552045210700 41.949842279738611
-9.153920435879003 -25.692849854061471
-22.235057883749384 16.721707147433072
-0.799630724030594 -4.813592270357273
-38.645407060227512 10.277063820394421
49.888471934117312 12.082385547126792
-15.839017208148128 2.845449747041510
9.615756368862275 -25.213507812757118
17.701597813722767 18.024208399952023
14.583987966703175 40.335528937518283
37.869859582754643 24.855945393283189
-4.917390412106944 -34.961266659334520
37.052965893367961 50.241457765770988
5.706061222504624 -37.400986389192326
30.342145404822141 -8.505330291092498
-15.080339430855368 66.209727270010305
29.829671122160857 -1.501422682538915
-7.572942767561900 -5.956846746255586
12.675188988115352 17.087164259363572
32.841055278394627 15.019855157140732
-41.492140374069919 13.219586544077540
-32.746757313999090 29.399650469174436
10.907796277533729 11.018007526699687
4.282136269177730 -62.256041124490331
29.721551011929190 12.360235590460212
-25.943947048442276 -12.238231527868605
6.732265665063035 -5.489442049054349
1.092630513203779 -16.562708766838849
30.930908939895282 21.686464730035794
11.037153605821642 -32.598876116264591
-19.243756305168297 41.437113646291579
24.989506263822317 30.955163961957439
1.954976637396337 33.845654622154100
-18.183674533161216 -25.473357715018693
-10.601645396419524 37.794282161087928
20.000212006838002 0.898536662119857
-33.805543072485307 -37.626514339191850
-3.563501140773984 22.657074537196316
-13.840344176159570 41.333590621298164
-34.249041179445761 -29.703358286721031
-16.819587846554651 10.378010315510878
7.908232055509762 9.802667264315771
-28.684251785798210 -20.832995356264714
-1.731329657511947 1.278601056256286
-8.912855036936596 -24.189783040106771
-2.858118298535085 48.905458581950718
1.431132350538087 36.877160338795910
-6.963542756916265 8.285153485529200
-87.967913255796546 11.868119726769141
-17.734158816549076 9.431503755952935
28.187850336475737 -17.101629182326654
-14.243355412447888 -22.921112766600789
-31.333834743251689 -11.697725655328014
8.495935926267297 -20.955860582307800
-7.068285847491240 -25.611654931628497
2.112069759993124 30.408324774076252
-13.528844874752822 -57.276181458601528
-23.005180992115125 24.783439094336298
8.911834209670328 -52.415335544150160
8.513148056142754 3.683584354272674
6.083768863325522 11.176020624938412
-5.487145477459602 -33.450487107159624
33.134282593147866 41.391805111130743
29.898316382080235 -17.616647753572586
13.783001873235753 -0.095055826468253
14.042846146725621 6.355225977678765
-53.762617652698232 9.659415272336771
5.227715352108039 -5.054102116701776
-26.678683670513287 -31.129819022075260
1.014001879613055 -22.995751948112861
11.398563655528871 -3.449810954335931
4.997574994341276 40.702721123962888
-17.892338418164364 -16.657645146893039
4.728110960859162 -30.069892635105468
-41.460658577059938 -30.088448536876179
-34.390661841364413 -11.758659508610421
16.511028034177393 -1.213838504527168
-3.514499604437689 37.624979308713883
-31.340191740322830 -21.189891049366032
-18.656661462570089 -4.355955044656767
-55.252936224481367 36.917899664024866
-28.951265930018394 6.546249439476162
-16.959225322197167 33.554897341128694
16.252600701364418 52.437935782206679
-15.888500903042509 -10.096470917652086
-28.636592376556962 25.543032562345946
24.001013172049785 0.319425263117914
16.282945368713065 -8.088127259572735
12.827508624814547 -51.174766121853310
28.959634397419507 -30.863407621111048
20.820623586706169 -90.295038587433481
5.230062862117161 -67.438452966780645
-24.807936560979890 -5.172331488737115
-3.320397189719536 -1.558350578870526
35.027666665391116 35.115932640867712
-59.133130512808840 -12.658674932610815
48.195408872803533 -10.353574559646459
32.126697110784505 -19.115824267019295
-13.289349744900349 27.256085475890213
32.193535540257145 -30.494143744415197
3.134923655947240 5.902063867327521
28.305820025134480 -6.525108900058704
-38.509448419876335 6.909981685994828
0.934254690134753 -33.431866966477621
-82.784211347204490 -42.097750336792693
11.389528152706587 6.472834293885181
19.235990585012122 22.665954295071554
17.780543563344910 76.681495269388577
-10.300061435026493 15.768223315130935
-14.827428645088732 -43.435889475045563
14.840410724290024 22.792005300658257
43.603226559977742 27.616758926315736
-43.331616659465688 -8.182750473834719
16.882043565259849 -26.478480293860066
-13.213655603562836 52.772873585664904
27.157066342871300 20.440037364435753
5.584556169610654 -24.704008708114372
3.978753454193911 8.914092902810257
31.466596345129386 -32.216173722568847
-26.466657720438839 16.027428107034179
-22.351919971239301 52.392138194172887
17.916394653489427 -8.943412433610858
26.587798915231982 21.457117154988033
30.274998263327113 6.387995914617373
-1.888686155793714 25.784669008274452
59.756659970920452 -64.719200992498017
-3.973480034952058 16.198177721915840
-35.160945525047744 12.845339020249659
-1.713539817939525 20.601698927716726
-1.974150555514466 36.871505378864320
4.314831581216635 -11.303240050340889
-55.747952228214707 11.933958774427186
-7.391207664524075 -36.429283615931588
14.825197552806690 -9.379550665924898
-22.572523406190381 25.442600489881102
50.696232278301004 -10.085624225731838
42.436427003860771 -13.069581062441699
6.353062660637701 45.422658340895225
6.309772704972160 5.940329594429506
-18.118067206009790 45.540353515209993
12.867404627160090 41.901033963305160
20.998860973727762 -18.681219789999133
20.327706817665813 -33.583139267591697
37.570604508902704 48.896732324477213
30.187773839633394 -33.411895948715397
26.499160898885634 -34.601710500374722
29.721956639357838 18.899993014511118
22.416445317513858 11.815484245624848
5.893996662176294 12.809059778094401
-24.576053677820891 8.882931439255254
13.479152786761869 -13.715416942469210
-31.334707843347520 24.963186967124358
18.606143066869343 -0.834091341504869
17.891340480899697 18.371620115047943
36.639436002484139 -40.408759822192764
-5.488122775453198 18.310637439326563
-30.135802790645460 -6.769727380867677
-8.405441848092407 4.339672156066598
12.252556658455051 -24.777740816523036
-21.395717915693933 5.764703373056984
2.306880051019316 -43.629372401743538
14.736867020803409 -3.503943450162256
-9.063449837864241 32.717141947705301
-23.376066190705380 10.243052662266448
35.594493427296150 43.130189274175464
-16.750502515527412 -34.535517351410398
2.263567021091666 34.945528568732755
38.840510787793718 14.048976637893801
22.283249002124698 21.677860992976331
-8.729645190160412 -35.823612051998857
-11.164172205231750 -41.807408582001706
5.889385253000761 15.105486163016742
42.146656026899372 -20.610789650599607
-8.228766771985434 43.862010187129904
-46.630449818071085 -18.214215640168227
-38.301124558519085 11.727623615518285
-2.078872193351654 -19.666737466299328
22.874327176253317 -24.656886844175332
-18.993710843455336 -17.633347884432521
-52.345309168788887 -37.999571429491283
-24.027408064130626 11.300214866235788
1.070339021349156 57.864848233937593
-0.689019573866733 12.817597609520767
26.899164570712347 28.151091690467371
-13.826291297516899 23.709034179881012
-22.733907869254409 2.085519128726072
3.761961613329957 -70.126866033985024
17.822709612146031 11.425550492850601
-33.629882822347362 -21.430390677919647
-41.881873333016877 13.707223847566267
-39.912742049359665 -52.355294345458901
83.441737166510364 5.474791068220114
-13.399450990211013 5.854131187590912
37.606247466920649 -34.223657140639901
-1.462097484129358 25.687382447054372
-13.120676709898772 12.774694017708644
-25.371276251369011 60.665070412421656
28.194691699444164 26.695275015891529
4.425230755880754 17.813107709369053
13.457469055170346 99.852602695891818
54.946975842324186 8.935056036877111
-17.066496103934412 -40.848919249137431
-51.479678146411516 21.999829637329888
-9.253473588594987 54.591121022209904
-2.265226606040113 -10.947925296664467
-46.437576895357175 -9.110258409748582
4.690844981320358 -39.046903895086693
29.113024232684594 -27.784186007663433
7.307223906091410 -34.398227599369228
12.829693702095707 1.953002543338146
0.101353786848649 13.097926621842271
-17.702354963642517 7.957584048293905
-14.433963389793279 26.600363542746997
-3.945093698567285 -11.828246677908304
-18.497542136787388 -0.113603580436511
-24.570610614974285 7.754488372308226
27.646638692659799 -28.035498367924522
-31.152573842450654 -8.168297153410800
-10.161108877660396 35.475375885408475
11.210578835552754 19.302685560849081
22.870825967517955 11.365428924142872
33.519366444531350 23.290020945967672
-22.270308540541837 3.211147788374172
-20.579976391449751 38.384735156660426
19.219977332678667 13.458134841186219
-7.524653250373911 -9.192320963477137
13.920414443376281 -13.846260993551166
-20.579284688819218 -29.946885775604525
6.176057310850008 14.616415275414509
24.851365742877455 -37.377470911152116
-31.304606240456817 -38.966935844527953
-32.500677634025294 17.096479215250419
29.643159733925962 -38.326024383322832
-11.427869592199627 -21.064554003465283
-32.915946837920352 -36.312295671344764
-9.537890527266063 8.750889790980004
0.520453856414870 3.512260966998814
-35.114457532534473 -31.396888702342110
-56.332480997751055 5.032343753020813
-21.600972269652178 -6.079306155947179
-40.732062080963857 -10.916142679836993
3.582218832493606 -2.826789174888624
-6.606301690469138 16.344420478819099
-24.495533228872787 -63.269023390993816
-26.433858161185217 -36.797787479559183
-3.315943615039459 20.129605383173008
-5.905551187456441 83.798314571127776
36.911366892026855 -4.792866769761915
-8.846107291440086 30.102884963442886
