0.000000000000000 0.000000000000000
0.000000000000000 0.000000000000000
35.987633617339391 0.000000000000000
-13.144323164145584 0.000000000000000
13.857536710438275 0.000000000000000
0.864608113797971 0.000000000000000
11.915176627668583 0.000000000000000
8.557158915955981 0.000000000000000
-6.962682413495159 0.000000000000000
-19.507626458331934 0.000000000000000
26.628834451730690 0.000000000000000
-20.319072052284696 0.000000000000000
-21.113095184265916 0.000000000000000
6.725998446688346 0.000000000000000
52.218170810341512 0.000000000000000
-45.140858243075712 0.000000000000000
-25.216560444389419 0.000000000000000
21.090848399790321 0.000000000000000
39.784571336996663 0.000000000000000
30.950772418926473 0.000000000000000
47.139052933259755 0.000000000000000
25.529488592139892 0.000000000000000
-31.308775163760711 0.000000000000000
4.190352449346189 0.000000000000000
-5.530001110222343 0.000000000000000
20.039148407981219 0.000000000000000
-15.357546617352913 0.000000000000000
-10.362859201075135 0.000000000000000
6.199810740174769 0.000000000000000
43.265624779371663 0.000000000000000
-74.047335560190561 0.000000000000000
1.384758860911101 0.000000000000000
78.449305592902277 0.000000000000000
-14.374526673808969 0.000000000000000
5.105747567822118 0.000000000000000
-5.985979453085085 0.000000000000000
17.787083127852178 0.000000000000000
-3.307869091610154 0.000000000000000
-6.813942996242090 0.000000000000000
8.803100429964351 0.000000000000000
20.349450857089362 0.000000000000000
31.438916953034028 0.000000000000000
2.710666271043632 0.000000000000000
-32.305103131071895 0.000000000000000
-35.433762231574924 0.000000000000000
-28.911399936056473 0.000000000000000
3.947523713282449 0.000000000000000
39.367880895287485 0.000000000000000
-19.128249564814023 0.000000000000000
-25.736653508201304 0.000000000000000
34.679119204916852 0.000000000000000
0.000000000000000 0.000000000000000
8.010990628441402 64.129974427705221
-12.531927829922186 6.498291957212071
-39.564024094951762 16.071764066675527
1.188244568411874 -1.652603183190491
8.687343186022312 7.023407802870870
12.293249000206242 -7.327021779553140
-38.751251673190957 11.801182153085252
0.245933513390301 3.741710973805150
-37.638739073683965 14.382969352348113
37.551290520606273 49.636177764791491
-2.897673099770066 25.810900356608329
-0.889329310400534 -0.931943391929944
13.660951146601624 21.074569236341286
-33.684874258490147 -14.629911047113746
24.374017093170352 -18.801457507171655
0.321759290210846 -14.342733310722556
22.341719586727358 28.459687506388519
-3.881319015571750 37.659655110205165
-3.502165809146752 -21.297870449799216
12.122972642872488 -14.541639525346655
-8.104084414171554 -10.074998462216142
6.736059815034575 -11.062904793461506
22.071446000410049 -22.421078500746759
8.266610757632201 -13.394203676172326
4.459784120745968 17.424137110957005
13.205182135961534 -25.994464876039615
-3.629482319303151 -4.490856576615858
50.851901692965903 5.454058992154992
4.790246567982331 -38.370593114742164
25.013277561796073 7.411238216355999
27.083781250189599 -26.732096520870158
-11.260164778515941 33.436277145210973
-22.646534754506330 -23.635066286242338
39.961046395872764 17.923418373994583
-5.590888785128330 -0.216621325357141
24.785389657587793 -41.098296462561379
-13.866375353012620 27.613196792058158
-7.217493397368966 -48.256989190924287
-26.152748201203387 2.695147040700691
-5.129090468643614 21.561028560263008
-29.384310181188173 1.701971644159843
-9.633408977097391 0.787386086568785
6.083762125779249 -51.792009413339414
22.713507691614016 -10.574738687106615
55.541031186617943 15.220853618857568
11.175693806938211 54.704527553997188
-66.014876953408447 8.940391972865299
-29.178423545354121 -7.738752020225261
26.458583032819000 5.144832029042285
26.202445481508882 -16.454956560458371
-48.754008943558027 7.765586817503666
45.468145795870491 10.197130774042149
-0.186405735966802 -5.789119942747615
-34.485321762200222 -4.828151738075272
8.438295503947190 -13.480924232686736
29.182218127716126 -14.015243970205809
1.029017959745904 -28.315089296752276
9.713619729583003 18.064305478002979
26.670157255091901 4.223651184944139
-19.972816131906491 -21.632171580081351
-2.230460488323923 -18.272230317526976
34.358216507791852 16.455920943692096
-62.398331469115071 16.104745004688287
0.072938812634574 15.441290972724431
19.292323971044102 7.241474879088063
36.783383822667261 16.905167245301975
-26.604874107337778 -19.770006318279549
-41.551297236868876 -30.501115803243778
-3.072817545873920 14.847228876037285
0.238556507040009 -36.874407131122403
-2.609726472295228 11.176843905781917
-9.349818586881026 -1.237632839361429
-11.822226602992796 -11.987531387955876
13.883270301416195 -16.726854064694866
16.634747993278904 -0.786346980284997
32.569300447164373 9.294725910350792
25.155077042793522 -15.812447219865025
17.583121715780841 5.163371260112716
-6.503458104872113 11.548642638910003
-25.968832985591927 -23.312270906616455
-23.371499113735045 -8.176122594631142
7.101547434931399 -24.418347522384067
-1.362040980069817 -16.896621018803728
-3.024231463636109 -32.547007363365452
-32.376190278710595 -33.713805383316583
22.308505493967850 26.634056020903039
-22.697939694556368 5.543114672225100
29.537691774690394 -5.055288659789153
7.136419727874006 -4.653866126341857
34.876626759800644 -39.140617350631267
-24.568047148526194 61.276197843151195
-23.104000563920948 -4.736178126484707
4.525883887257412 -52.328746803977864
6.692666394148779 -15.566636692036592
-2.793045918078150 -47.057978255200879
-5.756055123387161 4.093550126516191
-35.619184674515708 11.388269404312945
-28.723693586579525 22.697355647862082
-3.198617952003157 17.112169762511613
-31.593334168644063 -22.465010837980824
-3.220704585723878 -3.523849697119071
17.333272627939635 -11.632266049029157
-27.416119741907799 -14.632415474069392
-5.358831247378489 -15.993054279977654
-21.689841485575787 -14.734103741352399
2.552783692504898 -29.013071599635762
15.952417008578267 -14.759066899810309
4.468963527724982 -20.296996979997271
30.576408242632997 -10.073055830045330
37.127461168741789 24.404762263597760
15.112927334114529 9.849892431038622
22.252084649503047 0.104460200287105
-1.345762634030507 -15.941747120876860
-30.668117446763784 21.406741244043211
32.132774429864305 -33.661953082577256
-2.302994929993789 2.430553560827076
37.436316096237512 4.141316699288912
-22.331578296395751 4.855300888079254
-39.751169791968117 13.783927469586311
36.850648449807252 3.641610828384145
21.144456571066890 -9.319040426886458
31.595187678714765 -5.908532222672579
3.006866663767571 -5.888699919102572
29.686789322678042 -7.733914308138006
-26.840355702270237 22.249850563550336
19.625504347254804 42.731148624873235
25.363667272021797 -11.363899196141887
26.321188512529247 14.885680274071458
1.762980628988306 -2.792660398812568
-46.947351247267044 20.729893992814564
-21.537051528079989 12.301815941204625
65.911583363290404 37.219760875951820
-9.392900462095078 28.292783648599492
34.692587864692108 22.279541797579263
4.414642664469180 21.284717857667211
-16.057475003775931 18.627119207662702
19.720044162014599 -2.692697928171638
-17.873954742927179 12.292313181115386
-6.656435936040069 -2.465755414668178
15.439720704010261 -10.855993986234044
-44.079310753448624 13.605453108056043
11.843795012882303 23.541598846267942
-16.918336677587504 13.137375417525940
-2.622441032245219 -28.296957312820005
32.004712240664475 -9.177209971895772
-25.610800021862445 1.957502172291763
32.122932014216715 -4.078981015426167
-0.468072605221641 35.030622975106894
23.936503888440757 -24.059451421944900
-17.022240746751567 7.476226528817491
-15.430298451681644 20.753114411319448
-17.336365846848125 -30.462768550845627
10.502942968040639 -0.391955993013580
8.831723678400945 6.334405206143103
17.398659891626068 -41.393422618552833
7.408649045883513 9.934761587860692
-17.629451504301180 2.916654336815784
-37.750226480593362 7.987130376158575
-24.342959013067713 4.628744010329413
15.022132269094927 -27.634101443661994
-12.174828032410794 28.651297989476340
3.227509202455483 -2.948566052634713
-38.651207488045593 -24.206909158148086
1.730118130902720 5.908915185152856
10.722915775425900 -18.965900610256966
4.679429005284534 7.804671713166911
-1.931079412291572 6.465540619582192
4.699445303160391 -27.143391418903420
-1.173321895966878 2.316780403913385
40.947785774421334 3.240083331172929
-61.368156042107714 12.649612806275744
31.517394989288142 -1.215317700136769
7.965003114565354 42.947351547059448
29.179117156493827 -20.465659546933221
-18.156288433146159 8.191781743937110
-2.136900207774084 20.287351054530163
35.204991869649739 19.224069189843906
-12.166242463362172 23.934767501545721
47.895327236880249 15.627443123718518
13.187346605465976 -3.080200780212471
20.439608092328854 -25.865696027161714
9.217445988156287 -55.639680382254909
35.231721147561935 -33.973257243696267
-15.179623831629312 -19.974676199668490
47.629482421689971 -9.296203216999935
11.220698653258488 10.613452053148089
14.343222146656773 18.672576528834487
-45.917315691929780 11.057531738607890
1.678226954829235 -46.802594644685314
5.205446555371584 -16.724381660173758
23.073241248939713 -9.436662082105673
-10.208152544094062 69.210540265964340
6.074635708025368 9.858245587190396
45.811266299123076 -57.824772340602443
-16.934259195118376 -32.541634097534626
-22.387035059144576 2.273471294036193
10.747298247029869 -7.159844497704696
-6.265360306908033 -1.899285573726775
33.193254097620276 -32.774345413965037
11.768161995807159 -20.121655466952134
-12.655637873523839 27.023710652910324
11.355024986487697 26.527260528149071
25.784040102414757 -84.979925707417877
3.040582706650958 -50.548867160785079
23.544015384828988 -22.201346449139542
11.781346478769027 37.302428263413773
3.895716137986541 45.925495499155573
-26.000759203329121 12.629252258937871
-3.179198345367937 2.357534092055582
14.070992477844374 -8.014886144787639
1.099656600170644 -6.361807257223498
5.169747340995540 32.781260788774965
34.306537172079935 -19.811834250535099
17.972953604729607 -13.881225795818875
-25.686273918537900 -13.258117467677781
18.147647128914311 -8.446442199298794
-41.077664431596055 -7.218075391833852
-3.805937270956032 -2.276229345970352
-32.601676401169726 -3.729600097058152
-10.357012924870970 13.428493576376971
20.180597339051744 -16.996003409311232
54.684120533857282 11.989467016111130
4.120388163541999 -0.371180261845485
-8.765848013624685 34.322559655097628
16.722473793445797 -59.875944629328039
4.698378184694231 -34.110838877848607
2.814545653515944 -8.571343408977150
-48.475570068371034 36.578194925590594
-13.517307884359614 22.235220050285761
-0.916524892980997 22.321014800563550
15.477736280156565 9.914691895532542
-28.002873092754701 10.959645706861393
21.442720034713155 -25.110601823217483
13.554845911105245 -42.663851917089808
-40.825407223851649 18.837061107821771
12.599884926092136 13.624867617856854
-7.670173211982465 -62.803733590097686
-2.385605257176663 -16.409550144802779
19.272521901536248 12.167038063638069
24.610176320515919 -23.498432881373610
2.439710776899417 4.438068872706639
44.643647676294677 10.557882091554923
-43.719270292800033 9.263263753934211
-0.667775346291700 -14.296719936565939
-15.648665813033510 8.477682934812053
3.112595520871261 -33.865675833427574
-27.102758021317278 -16.882949285785333
10.482945918936256 -15.815379746619426
-22.205513883209459 -8.790711547955068
29.074388741117303 13.435186077281415
-1.891577496602034 12.627258350245247
9.791485628617190 -7.069013595398984
-11.918909000692802 -77.333112289751810
-26.718372791504603 -47.428578541519911
30.974365304820829 -0.641002301787338
11.643363545126098 -42.565125906118077
5.064749011943948 -17.788195934832309
-41.190724184126637 41.723030767422806
-19.058283306852818 -19.571168328299667
-8.470131722286792 -12.084646178523464
-14.946639134320108 3.454505073510466
39.985087513095074 -26.646609680416120
23.910948152313075 11.265012538394767
32.499340980083176 24.315973439524136
-2.809880960752742 20.469087157378386
8.509282578042338 -13.769023679859355
0.830632654877487 27.680900391670008
-41.913805231769622 25.622700625280874
-17.311976331620688 21.502861376954421
21.538955282693426 6.080354386327756
-0.806714470279989 -18.059438341066045
3.126021030636554 12.564939498127620
15.249416173836311 24.494524232934666
-17.532394050741658 -13.515806747052441
12.744477307292966 9.023385207544102
5.788986417342199 11.748534985865014
4.225167192990947 -26.165745415431775
-43.875407361165493 -3.119342418938756
-57.718600828102524 9.150176728846807
-5.958830468394393 -19.609565354585907
-19.783122178048504 -1.549500401603159
38.016803115102853 -41.048999379836332
4.837033477259547 39.450129917317817
2.218795626390618 -27.438978982438876
-9.684832363887036 -11.695633504420883
-19.568628747016948 27.973070051471804
-10.988860736867769 -20.864027062030296
-5.178006306755688 -25.650909891656347
31.580641098807110 4.882927494744681
-17.493753338151521 24.271708932427089
-14.461955093353636 -24.517407811344828
-75.499665398954519 2.247413456630677
-16.292941490093995 0.862737625485539
9.803873457507134 29.301355412587057
-16.590882843909487 -34.057963415799456
-57.849871091682395 -13.965610023194383
25.126438183193951 7.914853783711833
-25.698696960139227 11.437829636429955
29.224521701007664 -6.817016668559055
11.022750150552692 -29.589507228000667
-38.719235494264176 6.939226473977413
4.315478836618318 31.741044058233925
38.006343405659265 -6.772447111734316
0.771866021246820 -39.407950856501756
-8.233317696001793 26.362387883474373
33.197994565306686 14.767332206528621
-1.370347090114278 52.999451011802165
-19.871720848796524 -4.645308682247418
0.849281770346451 16.679873656461425
7.526825708307729 -34.206002933360956
22.303553009044020 -24.352438812476041
-2.857077826005887 -45.557775905189530
32.375081152122831 -12.573826293185093
-15.718301454225800 13.511929554863775
37.714386408274123 -47.226193954877942
20.691444718055433 26.082215717399002
1.787143517845659 4.157689086680321
-31.695397432925589 -21.082865058080895
51.099501081602845 22.822617386536407
1.225777266218008 -20.800405319987192
-18.425797016543694 -1.464493907867106
-33.444388983434465 -21.133211218989523
-15.909832243693247 54.676209931034897
-18.671462785715143 -5.450153187239969
18.769644115313643 1.632149648166727
-12.597333115640339 26.685586461979135
-7.729667772593564 -35.447285051314282
51.410082878810762 -5.863016567558120
1.787787017065741 31.137936137266458
-1.563866354861940 -6.933197081342651
5.370833522364356 1.549218994318846
-35.535366893358962 -2.235391005597319
-3.648309100415285 -23.638417012333694
16.122861933833462 -7.593864306860194
0.693038551101134 -39.774785809344273
-32.553788732563383 9.525303211391192
-6.990517695278498 -11.727883676855971
9.576411590482941 26.604019615860782
-2.786111508148732 -13.062540357273615
-24.974557525033905 -22.448553047283003
-0.805446820247501 -1.426199292868023
-26.952061214364814 24.419481256617260
-4.715959291666318 5.190904290111377
-4.110812440846186 -1.083677633224420
-36.112537718162379 -34.236376971214035
4.792190618288405 26.035987138957278
-25.174062432252288 -22.082784453414707
17.594859694675197 11.669774102483069
38.088787129553111 16.916422246782425
-11.546552974972032 6.413341587679502
-12.880125216458783 8.279316177448015
-28.626229291224206 -1.323748886801160
-6.667837642515492 -6.025209745414710
21.946729312409452 -6.048476660923608
18.805015519295704 -19.276223865353042
-8.615575540686566 5.616152116763542
2.838540205062150 -10.077661758061996
-12.615154738024104 5.948590239457786
-4.173486633187228 33.597562711030342
4.261084279029003 -8.643905590005804
10.234241902772206 31.689281315004916
-28.586705000824633 3.148822975652639
-7.407508345720050 -24.596516233820211
-17.490558955864476 -8.001291658485778
-8.033998852321385 -24.572251544706699
-22.672916431515226 -18.131547759204651
28.222298531331194 -24.458357870035695
-17.486352788073809 -36.975026132082185
12.904130440564776 -26.858304990890360
13.211755218710753 23.251301661665568
30.023680871484867 -26.247787930902859
-28.961220424987292 20.213113565085255
23.764787842614229 13.836953550369262
-32.885871756385264 6.616163161501666
-5.988715541758116 11.657145335323504
21.609145556901066 -39.873659940543277
11.230957834679057 -23.175464993672833
-17.873104123913116 4.437272085943623
6.293463137752644 30.339371650898109
-22.994843908990099 -12.126795268275171
19.082071184370577 11.057904160203847
10.820166830797248 30.662997640137558
-12.412880842514147 -9.522870126387431
-1.501392229639443 74.018276886508303
-5.296026150985965 -5.774189208746687
-11.919535762412650 -29.993481634839032
15.901294263006681 -26.241236636567155
-43.652999934182127 -7.508776515578377
-39.991166287977308 -11.264984391245310
-8.470312876598220 -10.782082146600141
-7.226982751988430 10.288660490507521
9.880200864482772 -11.294354001282940
-6.644275133143386 25.125066232108573
-42.868127410236355 -32.364434385263920
2.346568354054589 13.965412450944688
5.884054189629722 39.051621560260607
9.180038198029862 -4.951721178582522
25.198973900823670 18.621053635362834
18.807922607865535 -34.129258321239178
38.159138023407600 -20.347915289125517
-25.063926032595457 -4.915130047946225
-23.126315307471152 3.047058373344264
-11.215643841891630 -29.717498571714938
-28.912014543545020 -3.289772140398770
-18.645420067764920 -6.058861563820320
12.555874887330296 53.277835472641655
4.285593289357323 14.974275849666991
25.368924670271191 16.757925596658048
-14.077572883817547 -19.018148687742254
-34.533362930175493 26.027335360290248
13.901614113102601 33.147872561475431
-5.111636196842491 -24.694057870626999
22.684476445670253 53.114972907109880
31.927961935975922 -18.590565408840863
-24.372069209189384 -12.347647808183488
-0.754726156326149 -18.216401796345817
-12.948971377838763 -3.672918670060600
6.284833361496053 16.962996560425111
-21.660429692740337 -2.539891062359218
4.956754998195717 6.028902696061722
-5.664429284987802 25.801423611018599
17.416260324406874 11.450148975943614
-29.512340526350830 -6.290913446958686
25.786225165708977 15.926686390763781
8.275570834990765 -6.405764033429687
-21.155170906756645 -3.489166943717394
13.071400959754921 15.322307976855610
-21.944127432492163 10.132364281323758
-7.599741657202700 -8.341387264498055
-26.233398657137109 -0.032979458009330
-20.895148928022184 16.614168190243795
-22.613841938624955 20.404893666503234
12.170410386309014 2.691366179144980
-3.966358327097767 -18.035604097528122
-43.878770682404408 -4.566660689088866
-5.272036718512152 -0.223726229084532
-17.923018056520331 -19.724016994131603
18.723079574911374 55.202489021114324
-8.452974216805726 -21.795609987259379
-15.713974290892105 -31.755249716633863
47.451583484823026 3.107806055887371
-10.252698913907359 15.954172347815518
3.688659769634118 9.473057808957709
0.550033732966309 -20.329420973251349
-31.452868649238102 -23.360137107384070
-3.007410541165868 19.253027516664019
31.835071271572559 -13.146503882686659
-12.321977894769624 55.003242713355782
42.318395568524863 9.783397750673648
9.905179876493898 9.364526037238884
19.883726215630766 62.703066150686240
-11.119499478540829 3.214759668854184
1.012749278060307 59.690386382790727
-15.478902654805388 11.003940885495718
-21.018317505209492 -24.731913676411470
22.421572311498412 -8.937714629939050
13.622643863440986 -0.806663755257236
-51.708398333485164 -20.863661680160504
-22.045547013226148 -3.886717501652087
11.385162836894148 15.826240173356625
-26.508124876300414 -11.933053966239950
22.151829605571216 -43.052902798486706
26.549334659511914 14.480979196567612
18.952203297973888 27.450117019297124
16.770000844094817 10.849393675578231
-10.492505945725641 -0.593003666705605
-22.754955602867959 9.705683078152887
6.120628081100638 14.124592811774615
27.655847671795506 14.735481046736282
69.776564892958362 30.968802629868346
33.150062170254657 11.476563838965763
-8.948305650358479 11.755030042393301
-32.213264109484669 -0.702561446173295
15.942511001925778 50.273497303739454
2.566937404569051 20.930112502502372
-14.194356097786756 -17.289070176990066
18.313689826907467 6.250125236739375
-4.036424115797453 -2.697117663993169
-73.775039515823650 -19.903062432374629
17.630130950821883 18.612875167634012
-21.375938941169863 -32.286487345124712
-24.466359045913823 16.800607332223347
20.582927769590281 -37.780265714684546
-18.299794223212153 -27.909919282980368
-8.279147513513141 -29.129820833903864
51.322378996067073 -9.651378830851556
41.604262067749822 32.920855690907743
31.666725988891571 -13.434415087394420
8.720107974811503 -29.655445137867751
7.178931369408499 8.033681665493136
35.160101009379552 -9.927164154110546
10.728840767448698 -16.745071043170455
-0.653818219302289 7.063267516598764
-5.290857414207490 -33.906083900880951
12.930403929634901 -12.025919229604730
-0.131212921445869 -1.544983003423068
10.931584321874690 5.552980437624180
-25.847412093609876 -25.271233602186015
9.541083607459765 -26.412009621778445
10.412295168049805 7.067392352254041
36.020334035111915 -6.380724063278172
14.518602435989683 -30.071004901898750
33.592445307364798 -23.019181566824670
-30.302177097679774 2.255505881697764
17.397440732494768 36.980712160521371
18.754534654180510 6.074509453244898
-47.625890588156452 -1.855237099398739
8.483463513669834 27.656268188520034
1.482665996807526 -11.855194631103162
23.565597822150735 -0.998118229833169
6.216623869879831 -32.841635737343339
12.749641487244579 -14.109762536468647
-58.957191635218003 -14.074736503315412
-15.439239359866022 20.292076686908331
17.273450195749202 38.760690084789807
-40.100370752348347 -9.621621105158617
-0.271110520830047 -24.941331688477494
-17.379445761572612 1.481576602565038
-8.936541785907986 9.863579925928246
21.359016361563739 34.433293981808916
9.678663091636796 2.650852816774057
26.316453012276270 4.394141755335973
-27.276349138534652 20.192289789184969
-22.909363853929662 42.262221896386990
-39.459295705139532 42.187200927583746
-13.300983765148221 19.081343542879452
20.210356232262935 -18.869288457141035
11.722229091751862 -17.259294738533487
3.139241939516399 -11.039272565309405
-45.834002260645008 -30.701595129635944
1.602045426089380 -33.552841484809825
29.534722679911255 13.240607090905296
-43.965219642864980 -10.042061947114986
24.640988969629092 14.604627370563657
25.767055948442689 4.339609172196375
-8.059571434161354 3.306605516447253
24.470387925888609 3.377510618335645
-1.104716234681524 13.902469956432126
-13.499228500934255 13.811604199895177
-35.565310307177342 -1.855407294503740
-39.659220928038948 -24.645862055319874
45.498629543851465 1.124061935660641
31.132495142644981 -13.077582322510779
-10.585758383035330 -17.704975016568028
-1.187196564897058 -13.104266442824908
-21.729359650883136 16.318374961957879
41.487966234124215 -29.749547261744624
10.505147962398043 26.662877421979037
-23.466215854941030 -16.600716176128675
26.695659839199749 5.044826362382082
14.111834741541372 -14.098675723837360
-41.315185514476596 -8.609234727915235
15.688178065731302 27.410738065145928
-20.154062049454659 23.410932048487375
28.872853613420535 -18.562913198672327
-8.067173376687773 9.512260192698758
-1.300879671178258 16.353060529479581
-6.450793000197971 15.332864124903997
-13.518890131758520 -15.971742882473114
34.641405290111031 -25.785914004480272
-10.069725499207838 -0.697962696691677
12.363123944414651 -3.281514356265448
-26.729618502718992 -0.813478173779139
-11.451633399549898 6.989079620083618
-17.690259643060752 -48.759405163871108
15.240866761268482 -20.381949542406627
-58.551662622186662 15.165069831636467
-51.730416281806022 83.070185060279002
45.780104233076692 -28.445769157795169
-28.803357572315019 -11.620018839500021
-4.887724491591672 7.454737114494671
7.775811982795625 1.771953617489879
-15.834160709449080 47.253991803610184
48.884116023321944 1.458249151505192
-2.520822406450547 0.713288480939643
21.119237172712140 -8.429409051732128
18.723852120222126 29.920572845018320
-14.867411620624193 -44.448338700701100
-14.049267610938141 41.813910438930307
-10.470825315676606 -7.382354939398298
19.138165409912048 -38.372232498505220
-2.599453951150983 8.018561307842322
-42.534910286811126 32.635982022977814
0.230021818999434 -15.318323450368016
-13.965446962800725 -18.216409692395580
17.164641909772008 -15.411743087519085
-37.202396781953347 0.826619484651887
-12.884037818070759 48.292960005803280
-36.680374324379351 1.309138232194016
-8.433130340727745 3.696764676463413
-10.781231692855512 32.292669142748807
13.121266242100265 -23.609233135446896
-37.888434681045972 -19.250284302701154
10.342345460106166 -11.141194436798626
2.611981169412414 -2.504801095357831
-28.415059591521803 -31.597369327138747
1.244330751862956 -18.009273634649222
-28.888713017529852 17.398067512390927
27.320317739781490 11.039875680745833
20.438152495030749 -12.486215719362692
1.121204974402909 -6.557846747034394
41.192254169670825 19.648223354822601
-5.799436047312120 -15.364849624283254
8.792963955539374 28.392729188325710
11.006555294143553 33.238651684043340
32.272272273504086 -1.550155533925247
-20.942365911827572 11.238935091322691
-8.727988499860974 -15.974321604128630
-5.430874694599477 -10.416277360700635
9.809381718101646 -9.519965448125319
-27.489164503908860 -19.883070074632023
-52.579282850967651 -52.088355378977802
-3.489137921522532 25.778988956980299
-32.623365502181727 21.128112683095743
29.481099935631292 -0.787074843566678
-1.263450411167775 39.664119502268193
21.126015111828700 31.589403276901493
-0.979462766838591 -14.976581527100512
8.376568301954586 12.114643346459046
-23.551468023824128 -15.378692696728274
-18.169481224989607 -18.103549045649832
-29.419288666284256 -31.769003315843147
-10.937759405145451 9.752736447027447
12.867920101119644 -15.120391677331579
-19.893094832005350 -14.340216937120118
29.615005790421151 -4.103496535706194
11.078614163238889 43.235643958678523
-19.992550920347185 37.654388215439248
-5.841382923462690 6.880847432462316
8.565345801145810 2.606872773484073
4.890400300256260 -4.916707882053725
-7.613251112200713 14.927872592640176
-28.787320657171222 20.951448747786948
-23.914463428963394 -11.379352323027730
0.369069683292918 21.497200503754488
-1.717318722640475 -2.118547285199612
3.998667751596435 -69.427375819938447
-4.480939487755228 -7.121450204873001
-1.773867262634562 -42.548701404886131
-40.433844589712628 8.023733245722038
-32.498415745127573 8.520408434469013
-6.968032954066333 -24.186785032862122
38.910874440701299 -44.697403544970904
4.594938739623134 37.904476169890927
6.404919333428161 18.481389509483684
-9.269056904502023 17.135417369876453
-1.342728508177529 -40.613916551392684
2.363773739408940 -49.008459937724901
-0.063746023166634 2.561619536935630
5.715094949840529 -13.859895449720842
-27.927233694355301 -46.963695438539666
-7.040238254190666 44.595664277096617
-20.455845230554480 -3.614136659965361
-37.310254115547771 27.758366291871251
4.281316472942836 -15.257824728537802
14.456767252796860 -22.722641878345797
30.868953215516886 1.713872200918477
3.087764218983357 49.605669903862662
20.913198308107642 -12.730069590256440
-2.237033916063450 -33.450830746419030
-9.682352919781309 37.376034817171735
9.898396473043661 29.664400116360596
-16.717829966726676 0.115512640105516
7.389048820563490 24.492881573462746
6.577461648662903 20.444002021157857
-2.928283660292621 -51.573451375723053
31.317618417285104 -19.700808979812631
24.529091930564828 22.886396923881275
9.972830939505055 13.460893935621705
33.949073695675011 25.770697267218218
-11.612022254714917 55.837745733005015
65.124233470839101 -1.278119558390728
1.637119064572377 11.609913590483455
-55.927679039987396 27.926365963760045
-25.167208402971760 1.408461635530824
4.681182055493046 -34.341839280297698
4.932626960044192 -10.866390644292242
-40.182429236385374 16.398529282278549
-25.301558880902036 -13.468374144807653
-45.667148051622306 -30.289376979725528
2.945045823339134 -9.690490811745013
-6.645125659730715 7.332359557254683
-6.094386547542839 -17.063020343594101
-12.565197085839303 -22.121367564583327
22.097140846290905 0.447182245238777
1.632494030678679 2.033651392030135
35.132878789376427 -18.069383078403654
27.417794862294190 19.102102659820702
18.782178903296614 -41.126160508337776
-46.549698229111115 9.854558319782594
22.257924072733552 -2.019537309728344
19.517003140449365 -25.466652097601290
6.164040858338072 -40.566983650139093
-18.921953496511637 26.903043940206469
-35.663754786710484 -16.096216411100848
-4.905949994754455 -18.234011829211457
-2.242039065390123 -46.372328391959790
5.890200935273913 1.995996089699303
-43.918429656755471 -9.123758392987225
-10.900235693597018 -10.405346533350690
10.160839080855053 -25.991574986630933
-34.016552240684760 27.663734210149158
-24.792300659874044 25.978203225994026
-3.551326295442354 -2.398527528603944
10.406484095726132 -26.453344323613464
34.978860816951183 14.185642078396080
-2.094677016112567 18.949741168172658
33.496193194696090 21.426467569272166
31.746628248314007 -14.513928961473180
7.378050423181433 15.196111180476777
10.843474426072465 12.536081016582246
24.308453616931821 -26.281286066788589
30.618424921413773 -37.932032145177260
19.479522365951301 21.097814189688044
6.641552876430860 -21.573810326436377
-2.714879680760139 15.852128470731058
-0.203408068285336 31.850415687795422
13.459816674183037 30.488106578700044
25.522337376240984 9.636369009069581
-17.811192414456212 -21.778088227872281
10.671586898993658 11.716256814055072
-17.502984440463482 16.541595820634846
18.249274988560284 17.957507254423657
24.421600983459498 4.996031238228498
0.609520829099634 -14.116561811906637
-34.345294363637571 50.387802727297107
43.410113508699901 -41.124836920075680
3.216403506868608 17.570619701921601
-29.689306025727610 17.418553739962896
0.203506079298767 -11.972047591497391
-38.468899055563710 -10.561082592067480
-29.628180067654004 19.091919822336408
28.558325170848953 0.631745017417790
-15.899277881706707 15.786455332270814
22.677906029712847 10.765067531884341
-31.375966009141653 -34.440077633719802
-12.785110040270286 24.873695183065383
-3.489918930131740 -7.512548698238291
-48.407287711305770 -61.457723030933700
-15.569761055068030 -6.192140932280656
8.929358695433883 -28.753917225002127
-39.356871033841777 29.259827023188826
-5.808732399829314 -26.361470028641680
-4.217805569813884 -10.811007067322185
-48.821843654357416 -16.473045633030367
0.419319932727258 24.506825553197064
2.492088341234824 -0.719132393499862
1.998811512821276 15.331937169141749
-28.210832286903109 -16.558178227194777
-16.571243216771194 4.020769100642673
25.443588449621139 33.028720462642859
22.260529495785722 0.937101928502013
4.625744685214234 25.567669472247520
-5.889853972667357 11.708905008395835
32.269498159367608 29.842579263493189
39.001423576842477 0.888381099915645
16.326316084605512 21.685403552196025
-31.993417100261318 52.919263662725321
28.308562988928475 -24.921186764686905
0.257032451456722 -7.512061599801296
11.873669432177330 0.073441561433364
-21.856726179592556 11.206439214945785
-33.638394353333773 -40.333430852975148
26.217283807328499 44.837096677973520
31.849127206335169 19.076889139532483
11.590996245050931 -2.195072892534082
24.226238351164206 -7.579825055056007
18.872490287242098 1.392718939588253
-41.450522448189389 0.733135393727962
-24.653070369899623 11.871909626512883
4.798761628093596 46.727259620427688
-8.149261326486297 -41.264868119443122
-36.192926954460916 8.308774625469495
11.422116621222873 12.174859397824575
0.643939060530882 -3.720821922703688
11.757528340694851 26.101014440395431
5.835351466835241 16.170149292482957
13.702611418642393 21.955874534247535
2.116991125321818 3.140873993807657
-22.745108568911451 7.506157342881584
3.687417905224109 0.981846230980911
13.902604991684058 -19.654257434719494
-16.601630650580553 8.513581732843514
-24.310659782332078 13.780953378183373
16.709747364668306 14.997261927502560
-32.790018258164729 -7.339438884777067
23.549791000566202 26.012305501495934
-16.876578211883363 8.798340772933241
4.593040353242813 -23.295737326136887
-8.856301562522241 -22.480974810151551
-24.365267113881490 -7.066621471156190
-5.511582315245152 6.049203824916560
26.163810829933805 14.904154419587897
3.661420926909356 47.957143345297382
5.162141106927778 -16.064296399085794
-9.361374818254539 -33.754965929953663
-8.308268975483335 -27.232145101878018
9.678102910878755 -62.661566405184040
-34.687190770963859 -3.987726552649309
-39.785619435397614 31.516947776489122
-8.611099148568568 -1.923228331956200
16.130943825104723 -34.271752338934697
-23.128643882736387 29.410484434000885
4.947371848464897 -18.862627276937733
12.862110077713233 3.738888416104277
1.643612814701510 -37.336877356894178
-33.460353071997815 25.103225369100642
-18.604335485916881 -18.099829962479880
81.003059575874119 24.778093741296246
-6.462708974425294 -2.548780259827437
-0.698150457069454 38.800180161942315
-14.351545853921246 8.141035529277005
-11.667755683959754 4.567108759235766
-3.483924912713242 -57.369184995252745
43.604541813035596 -31.638119999351794
3.086209979236847 -12.774959473987328
5.192132530573544 -18.256026042292575
3.146942664872589 -9.368628252312238
-41.517013706712135 2.809781180296377
22.864599228383369 -7.548471756665349
19.636318335956663 -3.003154353100636
-7.968473740947823 -9.380738097179897
36.005240655462828 34.920984737468615
-36.883143303725582 -17.970579040310334
12.578166773631763 -29.475798952030491
16.164323313368559 -26.009208293536815
47.930032611383119 -23.132532990871258
8.356778795687434 -7.514699217585282
58.489621193388160 27.004819154638305
19.512622190506274 -38.147131518710800
81.418990695137438 -4.388074550480174
12.946195318414871 -4.360028304348874
-33.377111989411318 -28.877174165297031
-18.412695523080526 -44.731444889221912
16.457014470970933 13.742307561366580
-61.553167487195161 34.627426760371684
4.378717752257491 8.324863463515625
-23.112570848463939 17.474872770050464
-39.314588473204886 22.406380498357610
19.310658693171820 -4.031259335768605
-2.649665512915797 17.836848681981284
7.018946957850954 0.155136680049256
52.784450242521331 8.002172533566080
-14.201019585659342 -17.986980881517450
-9.822782624081853 38.478950825756868
15.492631444523974 -40.324658492818237
31.521251640172149 -9.562461537944568
-18.403968720529168 -18.282512960629486
-37.473343902743800 16.363833359217967
-20.131858957008610 -3.655480631155812
-11.555920226917909 9.271719921083385
-45.400553758282676 28.804539007910655
0.460004766945485 20.236152668625543
-28.351864104976631 13.129796431947579
12.364246463025616 -3.666933742959086
25.793419376402838 -40.442194632768398
-26.056471040215364 4.216738325970840
-9.278116277233732 -23.535464562108302
-1.688329999282611 -15.124383244995350
2.888138482256639 0.432614743746912
17.150315022318075 0.208403861067173
-0.451562086084160 -38.673092194719601
20.364881807528157 28.722882143470706
-54.736080012171399 -19.353355889281996
-14.103427264111172 -31.269577391751934
3.305025379909546 -12.713350382263267
9.773786687713837 14.170021633748458
50.884472628039092 -15.407707476135421
11.876046334920229 43.704020716114108
-25.586557783005023 5.636910140683939
15.384323998567469 2.672103761838948
0.537530967493629 -10.771641619802056
-2.710169585541120 56.712986428059914
-19.208584809455303 3.963955485066263
-5.726097900938259 37.868892643474986
8.812997017507127 -3.816328226703707
-6.614151387431397 24.596944232798272
9.654601028864604 -16.465107428840287
13.593884666839900 -32.407888210591331
-14.029858436193519 30.772977394062320
-1.133392705071359 37.753083495527882
28.185530754918336 39.989847185186193
2.839975852726684 -7.513825714938932
-6.200045773025736 -32.637246652623681
3.232118225168219 13.270427628914048
-0.872869285269252 20.531061273453094
-18.931736096983208 18.525842152448323
-17.281756791622065 -9.154533137934825
10.539239508271645 0.125188948801814
13.228878139285156 1.391725708555887
-17.542260145344038 54.335829114072098
-8.899216755858246 -88.372345650568221
-12.316872462019147 60.731070401754693
2.678449709179254 -29.820208828394026
-34.854773658947693 70.550795104700910
-31.446518336027612 -3.860481171713364
5.453120641162020 30.767966649911212
36.672651842685958 -40.152894466150954
-3.688767481929949 -15.060090066723609
-8.990901855646699 -23.576017568198633
22.895691763495407 -12.498469329516183
52.576065633201104 -1.504910541750607
31.110349516843382 -34.647038705241890
-22.843258691203882 33.336147790680037
-21.858315454309551 22.929339217722156
5.467077895102946 -3.707826743817202
-53.919731539365259 -17.144452614084607
38.815902152842014 -2.776325431191536
22.752605254707994 44.042065592978354
-1.875753218255785 13.337944852312415
13.482160156266213 2.917273501048129
-24.585960083423728 -14.008158605378071
9.855850805708405 -22.507154878950292
11.648012802771351 12.710287485989264
-31.661029287581353 1.610914271447246
-30.223885248363668 -42.846742610812562
-12.293995531414762 13.765074325953494
23.283609578730943 -0.977674164147353
-1.226294675513073 -8.226362803033410
44.233109801166997 23.416282122719373
-29.267847280193898 -25.909399445425699
15.325722607215011 20.780174889389492
-11.143313524008638 5.339205102935087
23.474975195944808 -31.208233570970886
7.809461281218112 -11.406381234374946
-7.303577003500664 13.884286762230428
28.214479060852536 13.415575370150483
20.443045750739888 6.353721974589360
27.787796923854408 32.760793878704519
-25.357053227189056 -12.226840377933183
-18.206487422531431 4.453467004857928
35.071004970681180 14.462643505250460
20.353279520795194 24.092922171586004
-1.803790471082153 -24.705513855768388
-10.820533823266571 -4.374208813793468
10.647404657124625 45.368338097377560
41.625400923010098 -24.442696990523665
10.234274375268610 6.702882754787881
25.486277179627738 54.314913602962669
-6.260428329280637 -24.958246351853326
-9.273570219982293 -3.313068813686376
-24.986298225989415 15.028699696514959
5.826352731973805 -21.962793475695719
8.586026395880070 -45.746512994345977
7.463173856081633 9.573282600481297
-7.668039858793569 20.495754869697290
-25.564166064578544 -22.787347643093781
-15.425869112844042 -5.252942504264750
0.021050370550652 15.437626672302386
26.229074646555620 -11.947596313520197
5.785078139900583 -10.150309781969600
3.366824422340860 -23.381844542236657
11.838261273199304 3.798987792561166
10.202110859859436 -43.459943471516944
-9.143491648211098 2.696633471614580
-27.362546465325028 17.680194014609715
-9.333060469427188 -13.192090714498514
-2.621040384730303 23.079391040517315
-17.935498485826365 7.764752563639727
-69.330689621453160 -30.861488627934378
8.537325163331285 -0.016744986230887
-2.853194890679655 -33.875784078761399
-6.601296006787668 -37.690299535589823
-44.829479480341909 -19.896756608122271
-43.349417471358620 -49.948363922668676
-20.084551942648989 23.628807686629845
-1.091010288609028 -35.740191856784932
13.451564869959128 -12.353292908742127
-39.861492968875609 41.042567690744548
-46.268806492997015 18.497423001125689
-19.063731179484630 -16.944986887172455
-50.334485351331764 -25.956082431276496
-13.302968000336922 30.968386746776456
0.022880903723093 36.508006803449710
10.134459945012191 3.752130211891669
-33.702461206628215 -23.298892949342232
5.842982024909444 21.750322361274659
9.660328606146170 15.542418550994306
5.926212264379326 27.898053170206850
-4.574472989309901 46.247492893832998
47.762178633260397 46.852205248491430
8.335348218212701 -34.657444613747067
-23.938717530496618 -9.857006456907824
-10.219537949232720 39.636853007726273
-22.851337409469295 2.414122833095327
-9.126897199086317 4.020911113768868
26.842736118394267 -21.148589934570971
-18.723612973840172 -42.770238101467164
6.779364650466621 13.173025998507313
11.270316688784234 -18.923183885773863
16.365018527064098 29.588282496153326
-47.716851213213879 20.897044469048389
-67.768343675118231 -39.324383685318466
19.631466208543817 10.012647131908334
53.684388193439524 5.760197066580380
-24.407952454105398 10.708417991123079
-5.067750294719702 15.158074766515282
-18.129887761789679 23.937946039428606
13.976620080689134 21.248127515079727
20.375600944739933 9.880458449483132
17.611476585641530 8.246304593019765
-1.955586453830628 3.241137291912753
-2.003307193587651 16.961205398409298
-22.295944390804689 -20.770209392884567
-5.761863867231662 10.122744958039407
20.859049120637156 -43.284952001028891
23.583495630771296 6.572617321602591
4.279061074120374 16.120980917704205
32.749502216458261 -9.734955661309098
21.832249582485147 -8.783164271394329
-7.874219592147011 -15.136456292036609
-20.759793680855307 18.389587489188813
-0.631450388497782 -35.902319422652980
5.821008775299616 -6.073193386297739
-34.931368421726773 -0.372971147444748
14.787716308680363 18.916528993589601
-22.515046243138531 -1.843848971691304
72.033786381640809 -10.065984749440522
-34.244148474174303 22.145553245827529
6.798586260604954 31.727707045418644
42.996303225658544 -11.825048520485621
-14.038815049611035 1.301603127672183
-7.517047202401206 -30.177600757896542
-7.741238223405183 -22.561071856475227
-66.595845154575997 -13.022749084163451
-7.062471066176038 -63.684583674988957
-7.963585067171242 23.742968584163684
9.839439095796186 4.653349035729796
2.313251247173697 19.175290453520940
47.913295345590825 8.253509631344194
12.674652165720985 -4.068536459722499
41.444950810825418 10.133539182168121
-19.820608528446499 13.222251357263660
-19.005649064718241 26.286176932877819
-15.760702587479775 19.120911249761097
10.558376677846860 15.397630361929037
-6.527344712029403 -9.379217302033924
49.951939461019599 25.245848570703991
5.693914749697839 -4.085746461672219
28.925477073096793 -34.947636393539426
-60.233051054424841 34.811402788552996
22.529277501908833 33.548185895344780
-3.473942639889352 38.882103737299900
-12.052904616063609 33.425034337154635
55.338367755716277 7.707267107103300
24.720024702700883 11.472343315936685
-10.850962560464803 -9.443844638655442
34.562771794407837 13.663702865435226
-29.411164779976378 -22.909749116535018
50.498744210004951 8.605830100529388
38.638800759129772 -13.677980056658013
37.812300612696077 4.409690233889627
-41.671744543311874 17.225616901888078
-37.084358954435103 -11.017422028264399
30.481444159826914 -1.071341824710711
-17.639087025149760 -3.426390405196059
39.186843693786535 17.548516331775058
25.140600008286167 27.859529442916148
39.980605997486322 4.331089954766106
11.499739984874287 -23.182662489415073
19.169775240122267 -36.440385458148924
-20.143842087699706 -64.720017457583253
-15.685005204659298 11.539301952147541
22.714080391032283 28.720013310560390
2.894351927788174 -17.014377685054242
11.787711799647912 30.736999320730590
-3.465501341693112 0.786646148470183
3.280175982672641 16.254044089087813
39.940280470405270 12.497284401414486
-17.140374459729529 18.830609247597199
-7.817417191792528 -20.825921464829541
4.506482663625625 -10.808333870043047
9.528214991188076 10.118447164310860
-55.067431693621842 -4.741819098513461
23.218267633771600 18.958371177816446
29.192468836433804 -17.215209691363413
47.378381096413044 -31.585497021940444
-35.769958227405162 -6.607496223962742
-28.240709683898807 22.591293610573988
0.697622743521845 17.646681148272620
-18.236585804691583 39.904153744353579
2.239894135963573 7.668606308273032
-21.741225679041058 21.405605686546217
13.195676373257772 -8.585448841681576
-31.858946602895980 -40.371796648917368
-8.099689896570936 20.489391218975328
-4.103498706638709 -7.788428693308048
-4.743414381740676 9.804392085522844
-58.254065935812072 -29.785463799372941
15.433484504235809 33.828207599410881
-0.602061000086864 28.648960322444360
-23.231581287605518 -28.253049512103253
-30.132796657528704 -54.455460666030014
2.454799113689085 24.502459040207984
-15.639868684198095 19.155370996211307
20.790843519305856 -19.546755395345244
-7.776717837661022 0.253451841934035
3.894067150675728 -30.669983773638272
-49.766939954411818 29.913182811150847
49.544192867817827 2.161189465210344
7.917991116042645 37.803245105888841
4.516678625016315 -31.660218507935575
-1.551082890450824 -18.499141222634670
-57.222227096819132 -47.918216498169400
32.436409078648929 34.796232440757976
-30.100382284165242 -11.692075489930280
-6.569428042422327 12.959052899800913
-43.615280134962681 15.426033695283225
7.792126874485728 11.566759570846779
5.504607519970049 -19.007178322265581
46.401964052727422 -27.166264704254438
25.609507055572571 19.754668561347955
14.600986316206392 -11.498331468323350
31.163441580890836 27.587531390096306
6.371190995544867 3.690488809945425
-14.991993129493030 20.962954814921122
0.734745941473215 42.341520104625992
18.871782947050189 31.490167564529600
-28.420890074582811 -17.954551842869897
16.444235426035927 41.019155294714359
1.432992337015315 -60.426334463075392
-29.409447432952739 -14.651263917894873
-1.289874002960121 -3.390165117120699
-3.501522823594668 -30.006144821737912
-10.438899350615378 5.017555267922899
41.368592706480307 -29.455368270123337
25.287952826941606 -15.603943713161891
-23.228478116418522 12.795357551345166
-24.854282392429418 -20.880275695410791
9.270498714206282 19.782464966129545
-27.648611751873627 67.949343028267947
-0.174595794289077 5.662179357004478
-14.921953439581637 43.440702367966018
-29.042298767897282 -24.328000102647259
-12.738218999220042 -9.483497662336644
0.800617666046148 32.369766887994778
32.289801260894428 -12.059601209754060
39.116736952578400 -41.741299555879010
0.752695596880001 29.233177356574664
13.023549902897413 0.322988275119760
-1.718529586234597 -52.818663914578408
-5.720407293763627 -0.433213912878179
-0.991354058154619 -3.889891078407855
-11.121326487530430 18.212973920651109
52.724721873485286 -21.467376111263341
-46.901132660385542 3.358919988580019
-2.716345990736785 -12.471913536104777
-4.845140651202187 26.068627719902725
1.981907581168626 -10.633699142477939
-14.270857376023994 25.214182187862246
-18.773605004945722 -1.752428616131830
-33.339926950979418 63.170094627880168
10.496984386437026 31.948001024049802
-22.887384296123145 -43.871437144370461
-2.578117303643996 13.734135135017723
3.008228050198202 -21.200173553085900
4.273301649905203 14.613934115427538
30.113347469187826 26.075927331442092
-11.832638262707116 8.141599554078260
6.545566699097167 -18.631706089209125
-3.738593211751569 1.922319919863489
-14.999433149450136 -40.049314429269003
39.673819824294988 -5.480689226514512
16.138342386369708 16.599704550343844
15.637184376900116 8.528018082078942
-26.742745103330936 14.406056121602781
-19.501218385830196 -15.106482298616374
-13.036339862364191 12.896860303364054
-42.232962254070145 -17.807195481292226
-15.960814791992016 -12.844925012664682
37.455375290960653 -37.720375726885180
-0.148924662443738 -11.315887551837553
56.433267125967149 9.816326686291029
44.732895217746261 5.034820956306802
-1.896170658048991 26.156584389035409
-10.854002545575675 6.495331017713778
39.828701080880869 -42.879776166353885
-5.076212251625149 6.904838626169909
1.890877394506578 45.300103668267994
6.670808324795425 2.562484398863287
23.374667895276342 2.816141541886438
45.988098346867716 -57.136323734008030
12.878578959138936 -9.105779321872694
-24.435495244480400 -12.957900479980630
49.849609869162506 -28.219344395293469
-32.039097234215035 -51.925125309970404
-5.652384804451044 44.863155656216428
0.679027117416472 -4.661042356193972
28.183937491688418 21.595585442232849
-17.518060835056609 -8.958265980218830
-13.942727120965330 -5.689558061131571
21.631406766593866 0.764676823946429
27.340659568402685 56.707121403424203
-4.667612229938337 -18.473540376032620
37.669791452948736 46.379399903901906
-29.631764193327886 21.270151092295681
-17.206714370757986 -50.633403507492744
19.828294141659853 2.273306842113628
0.769720374856502 -19.865686899675428
-19.883412826287156 -5.767770594394251
24.187005765994023 -22.311028828347620
-48.705837126258302 14.773638236858734
-12.563073330277110 38.516784769550164
-46.042596294546343 -30.799625475600752
6.758641542932780 -21.367567803447372
0.801501554993088 -8.412695242021123
9.656621920071068 -14.792871203251435
42.683325361170404 9.550305927174676
-12.039806218755453 -6.801700989558332
2.764286563163569 -42.437690753787692
19.316189481638954 29.832121442077703
11.977236256482838 4.696984265786959
22.971318736240519 -9.228846054649928
14.214787141667008 -19.957290695679529
40.487394972981278 47.444915875924799
5.257313411975646 3.865764574738778
27.778597249503793 -0.564037088334610
24.856622908665376 -26.112393853993542
-21.815842960899442 9.506822570512993
-14.813524975695779 30.404027982896906
26.915390542277144 -11.117425275061747
-5.197452139328844 17.411002031030449
-34.686541448059145 -21.070900635997077
19.357543943818875 -26.218159860972897
43.025721626781568 48.456893241692718
14.381883689853677 2.368005069148654
-5.975551481428329 -50.616819989823959
1.985372539704937 32.888408188469363
-58.282781286119814 -26.281661851947078
-25.970254003365952 -20.430846727377382
-1.600042391355625 5.169503367747125
-19.016843795168722 15.569174601013934
-10.333094377293108 36.129062267529982
18.132726746528764 43.104085331661302
2.452054574995965 -1.859702705871483
-34.285209565088671 -19.054591867459081
16.204253102278290 -23.310619142004427
-52.580410459107270 43.895198838848685
4.683359142981567 -6.951280890513314
-27.362192769312884 -24.352627151647006
-5.974941687603611 -6.378269388401821
-23.066178358670136 17.743806251520340
27.866735254403117 17.843025704049072
-13.443945897714341 -12.697957743868294
19.631265141415863 7.697784311925171
6.116519028930217 18.720324238085684
3.969669441124283 -18.363679353793007
-6.779324209225505 -27.171938167585214
61.652361370967512 13.509084991759313
6.608366226891643 12.643446974793545
17.515778936611582 -7.969603172483445
7.652143427970716 -12.388596779707362
-16.240198840969907 6.201127664240718
11.313203336690540 37.128897513239913
-48.625203673884016 -46.505729850345048
19.176035219935439 37.412274851891617
23.851250472099565 6.771426848264343
41.403773648879586 37.233836019137982
-38.091828831440850 7.997879484778466
-21.498838124294569 -5.381940763861121
-12.398255286812502 -55.900644770615379
31.048984038989961 11.018248832306606
40.613628980264238 -16.180915834573430
13.861999621315231 2.164294471050776
-36.826081112150710 -13.241115514227049
17.682475726505896 -4.949239347952326
24.613328415367970 -14.154153498407265
13.619677340310639 -46.566389972710624
-30.834390909789704 -6.074600783805220
-37.871822416052282 54.335004929062094
11.597108466817120 -4.854615360208182
-4.139939294604397 -10.688441449158717
-30.357868405090663 0.259117907469735
-4.082232682215773 40.742075186644435
