0.000000000000000 0.000000000000000
0.000000000000000 0.000000000000000
-50.433963797884289 0.000000000000000
3.091846557699938 0.000000000000000
-6.037269266245770 0.000000000000000
-17.018136576569475 0.000000000000000
64.475761512064565 0.000000000000000
-6.886670114043835 0.000000000000000
-2.272144836928168 0.000000000000000
6.494377361019771 0.000000000000000
14.151274069548695 0.000000000000000
28.436125498009208 0.000000000000000
-17.148464550304571 0.000000000000000
-50.668555765177715 0.000000000000000
37.090160988336642 0.000000000000000
-65.061886078648840 0.000000000000000
9.031842789554775 0.000000000000000
21.227254690944253 0.000000000000000
-5.947677819485521 0.000000000000000
7.838135497580765 0.000000000000000
30.630398686375056 0.000000000000000
47.761205611809864 0.000000000000000
12.365303829742370 0.000000000000000
17.024316207753955 0.000000000000000
0.444806661737826 0.000000000000000
38.690888537791018 0.000000000000000
16.689337995264133 0.000000000000000
-35.431873730745373 0.000000000000000
-7.256171473438176 0.000000000000000
34.091263288791943 0.000000000000000
-19.205889629257193 0.000000000000000
1.561687988591628 0.000000000000000
-37.823428834176617 0.000000000000000
-4.105590107997120 0.000000000000000
-7.609831569413008 0.000000000000000
15.479683939298036 0.000000000000000
12.183481205954093 0.000000000000000
39.510314826160453 0.000000000000000
-29.661955139641677 0.000000000000000
-46.989843451251453 0.000000000000000
16.149922488464707 0.000000000000000
-4.819405020254396 0.000000000000000
-20.248737193184159 0.000000000000000
23.397662716384033 0.000000000000000
24.891618830210664 0.000000000000000
-77.190596809817720 0.000000000000000
26.639229395130549 0.000000000000000
-19.152341274850563 0.000000000000000
50.850087395620996 0.000000000000000
32.522814124491056 0.000000000000000
11.520023038829851 0.000000000000000
0.000000000000000 0.000000000000000
-23.153690239218001 -13.441815320178451
-26.099998246826683 -19.844381526120493
8.958457512198548 -21.982536490858170
-4.136086281983404 9.020487123128738
23.573997428024089 -22.990790987616862
3.723608661508862 -1.736642612707016
26.882490212522306 10.632482986575429
26.292696231742617 -19.571897623969164
-1.212052860833559 -22.194673994239213
-33.831175504727646 -26.983152325752222
4.574610900045257 7.696026967750982
15.350659670083076 50.999436721632385
18.593784298548588 26.188602514680930
10.759166490682031 -1.228936063167495
-34.139648456826798 -21.869829329269308
6.861239385294614 -1.817105497938989
15.494722639778647 -23.633517097523583
27.370690353822837 -22.031296786780793
-17.181575437951139 -6.615191550761847
2.361586759114674 26.961005163719456
-9.254794090904443 -1.042157929324499
-8.736467852340217 -19.331364551126267
0.299930913863269 17.040033548967109
12.069884905409202 4.299226057481041
-13.705337448167706 18.951645476425348
-34.813190264317221 16.064512231390012
25.156075017505579 4.455316071054667
-27.232838007781691 -10.331763792184464
-40.775513530230008 17.721895009140145
19.371363471669497 24.423235954366419
11.976102813795267 -0.038121755170469
29.478491323307683 11.243345346950361
14.662510919825007 -5.362420891344007
4.944892946125286 -51.753630985545108
-29.388416331038599 -10.968734413366199
-15.744645693749904 -20.200417076084143
28.074105425321811 -10.389022434592283
0.250087886479618 -26.611301642564115
8.079901774211566 -1.797643690306449
-33.550675791715662 23.281924078084320
24.899026395158145 24.224171851954722
13.312848131890963 -22.246281779564683
-39.404624820690813 -13.332510817789030
7.997853485969565 -20.952442181851033
57.757811234607566 18.491675976445062
7.267345994063539 44.063770878291749
36.949144823229574 5.891046035874335
17.406195705480737 3.119250532177078
11.127810291861708 -2.675807736606397
2.052723223924072 36.512818344134622
-5.793120665763228 21.268542287699589
39.813136440025573 -9.317730206281658
-1.623089467783668 26.408755135163492
0.985611798828597 13.959852702614345
-22.350403814215049 -3.827084534727474
-31.400178709350790 -43.302090405231674
23.180056721247450 -28.823384721885912
-8.809735237211390 39.611875461305075
-4.061953718442231 18.259867479414684
32.601083912164135 -2.032448304045264
58.098543087765897 41.196819424090755
41.372985039937909 -58.982039304326463
12.501151967491708 -6.337178181326879
0.289811287825755 25.629736167361877
0.725342106079231 -13.409419229230854
-18.246000769056078 3.261758151464723
68.352377004377232 -0.589384847671633
-18.396203416612952 -2.798706004224405
-10.257741283236916 -4.935002837344421
-22.105187389597418 -16.721414993247592
-4.744664671252070 24.687662259018140
-18.603946012894983 -28.291974881886158
47.654446075956884 7.083198445221148
57.933286589270097 -3.221021354217656
14.550335368093792 19.557344478577480
17.369896103288042 4.112887060216406
-72.089867696969264 -9.826589790609757
5.422282177511518 19.842185737120545
-6.420971618140764 -7.861979361194197
-23.017895176223522 -14.496521409809279
-16.988577454623993 -8.106619847177383
12.157610448536685 -49.561403155919294
-17.702628818376507 46.120027096207806
-9.409444239482617 58.690551666737633
3.692089589123343 8.760805112443663
-1.703350696481864 9.305385502376650
-18.395302947576837 -18.382583297002956
4.157695316045078 -0.660926100380924
-19.188601332381165 23.579039257643348
-14.090643851343433 -29.382745514819590
-45.951276421308926 -31.725557737820264
13.730564294725376 37.916035504150891
21.169555151375551 7.020650143185209
-19.292269605680282 -11.529707915941270
10.598961281594772 2.224567896505759
-18.033797879544831 -3.151684433864014
-37.317896713107274 -27.659683659794197
-30.425135124986827 25.708895499421178
18.458184201840275 4.501868709951489
-16.077707122702343 -27.644847169469141
-13.684473974885400 17.170020571029895
12.640057011905460 13.278198799580684
-5.850325656980596 17.820847466208701
-17.822140231027774 -21.769929905836648
-9.146457151053887 -16.660095325743878
-1.390970042524375 -19.294204900831595
10.591606399870232 -3.423085496638667
-0.491862903477924 15.748236897415360
2.184263732652118 8.848696507814831
-15.399882187956839 -1.535011442296891
4.734818005106889 -16.126008137448562
-19.782328870875826 -0.706698622852740
-4.517519332836017 -31.019732088686375
-26.821568619355709 -8.249002511371691
6.648350181741703 6.377791752071095
9.396857593995152 -27.835320357059111
6.312498936029132 -7.676955606805207
-9.619703612476606 29.342274683389430
7.700527985062899 -20.032037384518315
7.049039928793641 17.334835584104187
7.269257870100954 -29.903674260196947
-12.910950670736529 18.002065454924420
12.244973505616919 -6.814999947991308
-29.074555377803350 23.464504852644005
-23.473050390528396 -1.152549638613892
42.799322709542871 -30.582615581624619
-6.227654620365550 -22.404298979844011
-6.875157392905546 5.245160748394345
-31.582381084572091 -47.005609962162353
-25.159983965580210 -18.464046730000121
45.865443563782627 3.903084809900798
16.518184566856210 -3.115806180209863
21.051850792841051 -2.305555571034406
18.598134656175144 -1.730968658169844
8.675921207040126 -22.864130040589323
8.075363131525757 -0.084096341520918
2.849005290940523 -23.617345055674864
39.474999827599518 -2.894206622710947
9.682577516593366 17.528485209792706
6.212192847106794 -27.674915783529499
-9.224492149962645 8.990627281987859
-1.338383116559515 17.604498516818836
3.931708633319065 -23.681112343475860
-10.526911701274841 -23.428892618272279
13.984983399728394 -22.665594009231608
-21.971406784351039 -38.503625980533471
-28.459981504549116 -11.785933952103811
-23.316180279800331 -31.689488879375631
-11.999368077620394 -27.535611523581100
30.254446306936654 35.097419591163074
-10.752922099568668 6.708989417442041
-2.937489010010804 -1.371689512667046
-16.232740332262640 -21.591102578276594
36.691252466248095 -17.851183604736356
-27.167282141479088 -37.134704095642761
-33.593142847529641 29.599616471304898
-5.952213714617486 38.502115360791052
-1.871235359586112 6.973781245252180
-37.825075332812425 -23.189103339867099
0.628302765266123 3.207239302234085
-12.991630997825480 -6.137144531978691
-27.974970711903076 34.588499817755896
4.721633123271346 19.054297931029836
15.987333803505763 -34.634436884670926
-0.521869996894406 6.809718165381143
11.425025620240708 -4.598367410911871
-14.072794099781216 28.243480929553154
8.181689998467712 -13.523633957414777
6.214898816940929 -2.523631217927116
7.632055093555571 14.935219673039219
26.185493446475547 -47.110914938827612
-10.598986981338314 25.369816580313341
-20.195352727535585 20.032289804934855
-3.252745398543166 3.289968843123623
-6.486929704308877 -10.966698984713554
14.641479552652628 7.467402981751517
-21.603039791358444 7.228730110932588
-0.102791600701117 -59.449672878093978
-37.463050774753640 -19.579291443724077
-8.018330959057005 -4.424354140958083
-4.163901018028822 -31.258388489507659
45.266576715719658 17.592375043859935
-5.281808438677786 -13.548625073377243
-31.308636893025710 15.603082771231088
-9.549120483187410 0.891141758260290
8.419273029983133 -6.404681860514914
-67.818293404146146 -10.769687426036860
-2.510813682921967 -8.838217281903615
7.918326441812096 -5.534889989054212
16.766255267818764 33.955702162444901
-11.118924693104924 -19.275961091494352
36.372196963607202 8.879002473343164
-11.674317359757094 -31.049229355148839
-27.631931777121817 33.799528972178457
-17.263900297112237 22.542179382517801
-25.852422255925337 -24.785220880050279
-25.462709727882995 -6.874435397207693
16.702156706768971 61.636076625409416
-3.668346066378463 15.667862558707064
31.086167548692149 -47.258211674907606
19.394853896538873 -1.887031171113061
0.570223922744534 33.057539224476777
-7.057529053445193 -6.076112989060714
44.127163326376731 24.863654776959020
-9.375330813272292 -17.518996304026441
-5.049578895767212 49.479035568713407
11.284947726150703 16.103091450660902
-21.417649777603518 -32.436623696550981
-7.382355952994769 -26.288805080910922
27.246693924904001 15.354977031513910
20.695114727921919 -29.077944997537291
-3.705335654244157 19.895992370023475
5.456811552597847 6.579353257826158
-0.711568774376562 -23.584572422293604
30.075098983331170 1.739682163608583
-2.466882042012962 -13.219211763718208
-15.656092612744002 -6.094269701515299
-4.475826217522871 -42.180460685825146
19.675988278301148 13.380166223236735
11.500196726381370 -47.513060259212928
0.820345695593173 5.053636461318029
-21.774292808615225 10.344045821633507
1.358280305939590 5.750066600692075
-35.982217260181855 0.706830944359198
-14.806771519537278 25.724020124794094
-13.620404288578742 -3.234125018174917
-9.988790901000598 -16.892644039341132
1.909826971930173 11.302657064100327
-7.892926184314111 1.100994555970674
4.923644934373552 -7.196747535270164
31.757495604744047 16.356349071711104
-1.970101223644101 26.936242350458151
38.080498263828837 32.316887621093407
-4.111153431209900 1.364440089602460
15.853327889120315 19.346928480466438
2.894013993682368 28.524689153999134
13.151804435676940 -49.618589262943544
16.836207728043224 7.767943509273727
-52.290566388712158 3.613441225937512
2.072851165740903 -10.374874833981989
0.956116317807910 -30.494333790724312
4.546693721053540 6.360550715774884
-1.645911722555064 -0.561559350667527
-15.453377991605862 -8.505321667889731
-12.333306386435902 13.258344119257215
-2.714656005577512 -23.294565177161889
0.682368323048277 3.106406747521247
-21.902929093542383 19.432974272960152
-12.834437102065182 6.293690983377516
-17.445311290595253 16.528537737225800
15.598262556119098 -47.876425121370708
4.424160134434748 -34.877902372354249
-16.202007523075192 -22.157507149128147
-5.538218636290861 6.152809306968119
-6.205689640240621 25.082061480203297
17.210569694918579 -3.771147540979626
-0.510469077673278 -19.504985603147404
0.013687681298703 -17.778197721386718
-26.006759805870555 3.346208477841047
-9.357837650618507 12.301315645391382
-22.250444276603076 -4.610664249341059
25.284874725143517 12.737674716020669
-16.526526340992518 -27.583277054537923
-7.485538767644178 0.746094511653193
10.039017263255428 -14.920062604771054
-32.915660318991669 -8.261112559217869
20.302619812365521 -23.536453816472829
38.459039646599315 34.794610549351432
39.146424185531281 4.512989911551545
15.516914156747514 -8.432386297044303
-5.740656696458507 35.894200616955480
11.871683018084425 -8.434025041163084
-5.834120226669072 -19.930057331966289
-4.454219773914489 23.120112638833984
-14.911369505060360 -17.752620966821848
-16.197723099874239 3.972829517267179
-16.812732802135425 -28.270478704353891
14.509664837726868 -21.804600130349158
-39.352895228599202 -3.987782306306720
-16.771458214841239 42.637718429440838
-15.989941491113360 -20.420659742475419
-17.957886792536815 -10.756327929488169
-34.726815373568918 -30.250142026174750
6.695583247948096 -16.555857197787475
-19.246819571796468 -31.386627194494189
19.576711073183052 -9.953353910355911
-32.618831365721888 -17.518954970717292
-8.366075035288601 13.266401950375213
23.972187356446330 -10.483034551133509
-17.475165162312155 -9.709771443376299
-26.091398249107108 8.312999779428726
-2.327040094849552 21.807531553194696
-21.345806712438783 -29.827500603090702
-0.358233697926331 7.229151572097430
-55.014476266085545 -12.362349956997209
6.273992242208296 -4.342703977621516
22.283649247941646 1.533739847693678
15.845014653432530 19.925020610943761
22.419920113063707 -15.922123691974553
16.386761520793979 25.606708078329856
-10.166822182598569 25.399301552142777
-10.309609171906279 21.448191669775142
-27.414019511622186 -15.915084981815294
-11.374690327990470 9.222181719256040
8.265747773834141 34.565950015281445
15.234051876525406 38.346866923400697
17.321913889786110 23.474866724531001
9.287856799182121 -11.632599175598550
5.909882410890740 -31.381690860931453
-9.473465847965510 -59.045505805360328
22.655705628544734 -24.398383160127999
9.920900646925341 -17.605277698194900
-13.406917515544661 -13.754948624336397
30.013194805385346 5.817074972312175
-19.796777035397199 15.742396669501158
23.482319342927596 23.839093209741382
22.879698238484039 -24.817212636481045
-23.379421644693728 -13.088039455021763
-2.310720846055429 12.985763667448490
21.306617982830065 34.725385982857325
-18.388948308062478 24.279132687172126
-16.169368003413361 4.782417535483863
-0.177097054427320 -88.648751462561691
5.912708360080623 6.425847769608129
27.925446489640645 17.062766144732016
39.595358665078038 23.809001940404883
-36.925272251955249 -4.800514632901338
-13.203583622935971 -28.405651911276237
1.641748098720071 0.703021554238853
-2.819871026037772 -23.269149906551700
-14.328901939978731 19.149166316390893
1.722049206582188 11.763472663049351
-16.588070707943878 -19.687549359021205
18.082605511133810 -11.796615772927558
-2.180109119503931 -29.371662563846947
7.586699153287317 21.520855288760966
4.604171316976831 -3.936951831843879
29.900634521067040 -6.157806932222030
-10.656872634571446 3.916503914292067
-14.121257419852025 29.029339049468746
-11.070886178556142 -20.574350767297556
6.282924478946339 -21.753143713897902
-2.868352086397192 -2.927684957694717
3.228437984746838 5.268978955726298
9.185829590972061 -26.874579527896550
36.690222099013162 2.775023047057257
-26.093830052779786 -19.214477185998739
-8.967047747923667 -10.175046861844207
-14.087325150931248 13.820234903211134
16.332642554901518 11.220449206618508
1.533081121325234 9.611297472333909
-6.816020766078457 -26.046546665013452
0.188832796625302 -10.824702774777755
-14.260445115783769 18.815201782314222
-1.011112962878473 -1.464865229836864
-11.806085943234706 1.101760452264326
3.004447526163317 -23.675272918931398
13.053114751511835 36.282881694171188
26.438262380132183 -18.397265026409244
-17.695216751876345 13.798162018045993
8.433176380075665 -32.620150386506914
13.319987106154695 -20.241010325783019
-19.955378415824054 3.816780420264994
22.280737675451100 23.891059507896308
13.904144053491981 -26.816304443426663
9.487492607619837 20.819278138013942
56.126298148338350 32.910831406502425
21.378352322699687 9.683514408462765
18.279639944821408 20.032092375582049
24.062701540831135 45.923845293665075
-12.020588846528140 -34.245448736310657
-24.070592102233253 -5.845716993005166
-18.206662825029071 64.447590846231250
-13.214861842612862 10.358724308573931
12.630247032188986 24.111225464235456
-15.228368914710479 -1.389930550170470
-0.420685877456369 -1.235420951231821
-3.925889147912202 5.796263372795453
-4.250092721196007 10.256465578630277
-4.288777952292784 -23.995365818635602
6.232560346031878 34.682552566678552
-17.203399416767343 -12.905683217372905
9.796999849781450 -7.448380941354453
15.229472292615707 29.528353282353716
-14.438934323103254 -29.867664906195735
-25.201584139256788 16.809466206661298
-10.334582946816475 -17.920668479080469
28.824128167305837 -5.807100862553390
-18.677504427196823 10.308628019553362
-34.180320250960172 16.052375367155012
-29.618520648604846 3.194792393822293
38.588189580138653 -46.831038280290208
-2.673576870599458 -43.260101488585335
-16.189476498991006 5.122617901315198
-9.142274812105715 -41.151770016014545
14.450640910181860 -9.201951269441665
15.045756480888702 -7.442618087717210
1.172219257199412 28.707883213250604
-3.328496806333904 -47.084409047781683
7.667050691825738 -35.863714795128871
-9.860461661282898 -45.688573687794204
-36.145855828764795 27.940468443032529
14.400205760357807 -4.794781408902543
20.049048972124446 39.983332464826546
23.434841558791522 -3.478346518560704
-33.023319859738663 19.920730664322971
-23.838785430788210 -22.360268907338249
-21.571441938448782 16.635784484961626
-33.681959935719419 13.527070163071055
-26.108250188765314 -20.162158428318541
1.858334931998220 44.048594012408991
18.325627172810119 57.554190212590022
-7.055231571989284 -4.738414829079442
16.940490274893449 -28.517188844224833
-6.328629713127110 1.786580455315943
21.033097204890286 3.289760965791517
26.217698558149351 18.823305499165588
5.660505973622253 -7.327265327853096
-41.055386010233654 18.744668000516814
-22.246908364826641 -1.072251126830230
-3.194845761067581 -33.814102026380411
-9.236726496826956 -3.696041323754856
-0.275814916568444 -22.306505074963162
26.934266080316366 -31.284450970066196
28.185677152152387 21.091430122108108
-16.924340772631105 -17.450109630196675
15.598149961732165 -16.403731420414065
9.770745694397890 -4.384857665372776
-39.527786047552468 -30.934531673371058
10.623849514497065 20.679854872272077
-9.961375456700400 15.314345322708320
30.068557456878988 11.787874355949333
-5.945448726102548 -20.357507676330513
26.484525359577869 -5.515224375911604
-21.680938475950228 -2.286946346115657
-1.757865647801310 18.336429303150446
-18.224221004046715 13.622509456200994
35.510485138655902 8.279406365384567
2.812813328439736 3.585945812092302
-10.782285721309590 -48.937023325110417
25.691071281582410 31.567979854044449
74.196068565593322 5.214614213015853
19.636831895291092 5.608189817883707
-10.298045266336947 8.444023120900390
-38.214424811826362 -7.005135869442020
9.297789505866877 46.596819072852590
6.403987777600541 -22.037571258395431
-3.840007586600646 -10.153129559639655
-0.962877509546089 -39.243108461080141
45.673205606167336 -10.542627049056490
-19.796306954262935 46.280705890556987
1.395631570850533 15.980385067880720
24.258004123330604 28.666332493653940
-24.782949504480726 -0.532002314671802
-1.133334214025097 -18.936384384655966
-11.182047844213598 -18.406274440160381
-8.408892527545122 3.511937433273003
-15.213180241496232 -17.966738808442852
19.237696232804527 19.192951185558908
-0.568722344055638 16.782900839841666
8.846914441519996 19.354855490483093
-26.139845100802102 11.893591101682240
-28.496027343300209 -14.759851425552576
58.190054892076247 -12.805620065416491
12.918950939586864 11.960310931965051
32.389707983900500 -7.107340289076869
9.759820294921198 -6.644862150123614
-14.272099963128351 17.121061410076997
9.689403294473331 19.216641533713791
-59.236793828249034 30.698410002491354
13.958011179378564 7.645417554483689
9.367075981175581 -7.184911392521499
22.285821158242666 -26.837143799959534
0.123178434271708 -40.367584014946686
-7.734983691693176 -31.311720242467754
-11.660784419769623 17.647203390144043
8.839951673899696 31.655344178735362
15.068665805559849 8.270597696283346
-30.591858502036796 17.449283319856953
-31.352658170657161 -3.357410102410988
24.141737194533192 -2.934800152638608
22.257250151562943 2.373750028126570
31.115415775422075 -8.015086828963156
31.386821010816615 -25.470106230864396
18.876514195128038 17.286354080089144
-3.542036467760708 13.757242265303587
-2.155204169704390 -4.394184562935812
17.012723596598136 10.098179899597733
12.833419105029396 -17.612971425370322
35.032100623576611 61.853965557200702
9.144038903925280 -46.363929220667792
-35.346176471501465 -18.775009778366385
-33.521567945435663 57.560920712242627
9.240348792363504 23.111304989272973
16.887460644927337 36.812066256917042
21.094110054000748 -17.327502464025780
0.491557618240871 -33.167012634884969
-13.643583368522696 27.324711398060554
24.441217350480134 -11.005182394739975
-20.734158893425931 -10.428200087085806
-3.722627475988744 6.603945527333286
-30.577608268425045 20.658273269728852
17.179915237012448 23.332063392391415
14.335979551814225 23.822493725085671
-3.433275170823579 -44.228916372557165
7.061950510115937 31.805058086855770
-9.666709538565538 24.324667174933339
-3.366012455833489 20.760103351167082
13.058564383681759 18.983761671537454
-26.420660754574989 21.911341867374556
-12.698001728664329 5.413198747419228
4.298347004307763 -4.154756607655476
17.172850846266691 -29.960866314138368
17.824480988050283 4.171326119928546
4.834497775641269 15.675629541395720
23.783176327308126 -7.212451735671795
6.698493972626530 -23.986284315331865
4.377723757220196 -14.649649959289588
-19.501742413367300 13.030768756759679
48.247066107403946 -17.021212922331113
-2.243775213230486 11.126523544775525
-7.932600078109017 3.031397459891996
33.265744850844811 -7.436715041914645
-1.602616827393799 -30.980550670722963
-11.318366929503890 17.652652802881203
-5.546312580240766 10.443403326655970
-5.630307641670294 -1.728789154857146
-8.804312858098132 -53.862208786070241
18.481914548858633 -12.331076610612321
17.163928977132404 6.952526846269697
20.767824527968219 -19.289573037074430
-27.831497791458379 15.717992320732119
-18.015510284349052 -6.495820656587720
-10.513283816964783 15.508049564741411
-3.399992757977063 -9.959361941168412
-10.607545214860055 20.967080276581569
0.399320835104752 -20.300335855957169
41.625779945521117 -37.263719146441446
-18.745437440108553 -5.115642595864157
-24.818076738578284 20.601745651600872
-16.343646176039666 36.193233947255230
-24.118684710063956 37.239143211219840
10.625343148675428 -26.410002667533547
-14.170330614073173 16.040882508636376
27.811005397375421 -18.856996580507442
-9.043313765527198 -11.626049825401065
21.704316421953710 23.111415875923875
-14.726964592592191 11.991574904423876
-18.782839382605530 19.322472341983470
-31.835863837966770 -31.236764101336355
-15.777050451174530 -36.001319079264718
12.290339629234168 0.623943822451045
-11.829974739773185 -18.895427324637076
35.828328895087004 -49.355485218289665
13.368766069483677 26.120202082332799
-9.410914966563249 -19.640769924654897
-31.081470702781406 -2.631633769494282
30.519523643079346 9.750326150019207
-16.460115226157921 -21.931498020619195
-49.443981562222667 20.424388220181907
-33.241006657060247 12.443566580443706
30.498841458374535 33.411556307033827
24.822124097254815 -1.751539724690155
-20.993934322624607 26.053874410791636
10.952730035953470 -19.457752300997075
-11.854635101011196 39.798394430534024
30.084586840186844 14.908648758659561
-0.966453602800889 -19.218275041148310
54.061359695785519 0.786660963218883
31.358517239685082 -37.452017791863298
-4.987042111142856 -33.901116426659705
27.560802868486963 4.842478033029519
5.120957910511946 6.140806130632964
18.181070714333504 -13.264474287659517
38.444548386314096 2.076874214149230
0.805758706433039 12.994117788977990
8.316234228551053 14.960937834249297
24.572156573257235 10.217856619706641
13.282416299808236 -9.202864263181496
-35.772506620920559 -16.378908723078499
16.919627726928677 -5.712580043476589
-6.414297505045532 6.026073909440537
17.058717933735473 3.586691245197079
-10.348710797537741 1.635849091358497
27.043671256512201 7.089594987728023
67.269652196323136 38.451530637334692
19.391343652186055 3.411205529646303
-27.215775272553874 -13.056255063993214
-25.425398689826462 7.955005680915362
-32.682732818190267 6.163132216490663
-24.259873785739650 2.380654762358495
7.320265078837711 -1.651754531031789
13.031778293528838 -29.857000515507892
13.242017229179737 28.612199275858622
-29.403467846567114 14.910379961392795
-26.629080714770641 18.716899328558238
1.698152472295523 -43.791666668181328
-18.454900385310520 -57.298730637768287
-3.327541349914849 -47.257647573330011
26.565707965372361 -37.866701525391882
47.769463601362347 -20.794208563574511
49.708269948105929 41.749187687480998
24.474499172957248 2.043610441577258
-6.488618416086631 -24.305453207758873
6.223720616380188 -24.685242347008916
-20.459536550678333 -8.342675005505221
4.666083749208341 0.600632507873801
-51.042045710508290 -4.710864616270437
3.395705083785566 31.549693904565736
-1.999761040175046 -7.086499015419343
-21.851247032203034 -36.339451902643582
-17.623580702928795 7.564161130260661
3.610412161097687 4.000388086922572
-11.066201584546548 1.816272801140932
31.836903254532047 17.105894455159735
-24.815168532856635 10.056166674255502
25.499064122510209 29.967877804786234
-3.443199953220252 0.759767682226027
29.368447516461114 -13.442376850160622
-2.518493548700984 -18.874468696283376
-18.549226080972296 -49.702714202739841
-37.376213411368305 3.919857865240984
1.508203847151413 20.242261771094803
5.164352455825604 49.315305707778322
7.520923941783980 -24.227311528694397
-1.949531805854475 -11.085222062357522
-40.474278096429629 -15.857966945796120
-23.059372299264307 1.402128401926311
6.517290760879972 14.846301450734924
-34.542346509094415 -10.965574160714940
34.377520589646544 31.903095712485094
5.751047938739146 -28.323306560561218
-9.099521400084651 1.159645163705180
-15.542366409237566 1.616931233834937
4.665909910700548 19.002264007745929
-2.755397670821576 -33.563892042879317
6.594801030606768 67.864197539602969
-19.638432182617212 23.008219979708436
26.245381278446015 -5.222515403514793
16.243674864148463 -17.757584657630538
-10.654953347912592 -18.752155738166536
2.709666847660915 -56.278302978821245
-28.260581682639359 -3.210769714075775
41.327344831074484 16.843602922851872
-43.195422175373494 -14.054559387489748
15.994619195870241 -1.914376116971039
-7.321644221007395 -29.855415856509659
-15.392216851789092 -56.094731302587469
18.552182903693296 -0.867280079048635
23.031557908416872 3.627429574926829
33.222587648643177 -17.598960724144668
-44.147928686101380 -9.822864024078983
10.791090339992394 -10.041245815515314
15.317396301813334 -6.830208438890150
6.068755514715683 -41.534928390152679
10.289005414333436 4.554268890434349
-19.630855211039741 5.385514373283430
-24.530861060649386 -13.946234553055584
8.232614279087032 63.974260206437002
-20.312929809904610 -11.220020678096422
5.317847226468966 -5.606457240563437
12.464769879511469 -17.817025019362784
-1.954934362646939 -22.301536466692212
2.975369483491778 8.385396618682568
4.698085588576696 6.143432219993785
-11.220553966228126 0.170931382047091
-6.892086392104646 -31.199492062349133
17.201531438049038 -4.624196935121700
-6.671714597261626 7.091599047541130
4.567634918324455 36.841643275854608
44.384916172456329 23.468493745029477
-15.599914806639056 -9.053000151381166
13.623240160703551 -6.469113151547703
-1.470738647499936 40.347082164442767
11.281852534030506 -10.399436909357915
9.366545670600884 0.739095117524500
-58.615952100140156 -76.746818793405325
9.270197324558158 19.008909578040353
58.548507224744569 -15.713113420003113
35.373006044605042 5.490307261274801
24.524916658077082 -13.945582803351126
16.240917339107590 8.215533788421130
-5.641205866112338 36.218455366752835
-26.317580414344679 -15.466080745302357
-20.584304630288852 34.626812185716098
-40.646776315899054 -24.395848716215514
-12.102533142796313 56.753911570906340
8.039159773096490 -15.177657922449292
-11.315157618687142 -15.740991393673573
-39.007297065774097 -1.803517245947409
11.232218502817116 13.633951725294848
4.742853608240083 -8.663961395076283
-15.614012888684377 16.519232350418974
-33.028394397224865 21.423245393316620
20.148477378132931 -50.474843261147925
43.691022315416838 5.721787758613341
-17.242201613366205 36.760042987730834
8.788322829822482 1.024622586127389
-14.249985956770375 -25.990695834594067
0.230125619972753 -21.667971043109191
-21.075175811807998 28.273125315619556
-15.272120839216921 -21.920430412241299
-7.243742924056745 20.575010316396330
-2.585066037770394 13.297741356878587
33.916694970433340 5.447670205296840
16.549540462580591 38.031609755062043
-10.512121669556279 68.468308360442308
-22.836546867147710 22.030712074249010
48.162969661063720 36.787496822749148
-32.329157567808657 -28.508874161898955
39.618583385586192 39.476733953637329
-46.586207893225584 22.200721371888012
0.011269403935159 21.330268984962586
-3.729981365748457 -11.419251090378241
-53.508160584205648 -21.531646505548476
3.143332087017419 9.351112694044632
28.614858655493940 -15.223490116627007
-3.575286646517677 -3.014274641813320
-8.315508566441007 -5.737685093619650
-17.951619901033638 2.607015947103810
-24.120337126526202 -18.248640104843837
11.784623449842222 -21.310829055328121
11.919788443821668 18.086461023922450
2.085049805676439 -8.496311934867027
26.961588073480993 8.085462948283924
-0.201627258854859 -26.844001146460045
-42.712218758270453 -8.570827458619782
-23.078889820533409 -4.029970463933205
-8.897452640757816 8.499833310953823
19.765842934221634 -21.916245407247729
-59.776600673897029 23.123906438606951
38.568806898366653 -26.367592943767168
20.611458659896577 -17.613158786437218
2.242317764974643 -17.856888603436822
32.758501124025059 -20.886397187969493
-26.566446207468260 6.615323572519208
3.518877193888557 29.083039758676204
15.644917872890659 3.912339898003536
-21.908662186652375 16.396731748765767
-13.311934852799073 8.366348004576585
-11.236810157544511 5.274280830855755
8.402638378307383 9.794507313103225
-34.572060977201296 6.604536845359794
-8.875016338953072 23.790469711498442
-25.261243891420147 -0.572665782110415
-5.850806268894213 -58.923987851345203
1.179486602220401 -14.409403979052483
-11.240816366404008 -31.339552314351678
-7.416629958927077 -13.361262931920018
-17.827574018253618 40.980501035588432
-52.670938463542051 36.150615051823571
40.782798744995674 -7.857095405804192
41.371618956427113 -10.786943134261433
55.774530934289743 1.370500902081018
-0.300229169370689 21.629011358767723
6.230179706030915 -43.538731573030752
11.740881784981838 -19.984978724591620
30.115410924790215 4.252636924052219
-9.374153461132575 10.981100642921842
-21.860394658618933 -1.551287189290745
-2.127590158421196 -27.471855129459836
30.529596353375450 19.084917278940267
2.951186473982307 5.361140326140283
33.649310697224102 -26.896643469700596
29.615665280255755 32.981090406347064
-47.309293505028442 31.786346076581001
-20.721561466720622 -28.448882833498544
-12.320955746392952 -28.035507010642807
-23.665985564641264 5.332359146163619
40.794260785034027 -49.414450872219163
-7.853232065735413 -23.884671955902885
-28.108664752802522 -14.177767237564936
11.319629226138241 7.743201900657170
23.207722122162640 1.587258368781081
-14.576254917878002 -0.958626121495081
12.000404349610651 2.118039171295356
-11.518475290260925 -13.139427315118743
-73.877131580540819 -25.938675498610873
15.445897458745996 23.991191751598489
-21.475071752910317 -37.287691179426766
4.456033350425728 3.142415141369678
29.268320883274690 -6.089241800674066
1.040168236577741 -3.802947886956070
0.772069541148290 42.155622449823305
7.945459466831396 -31.014308152882528
6.870455358192813 16.329870628572827
12.429562521555111 12.232558642708787
9.513067467745508 22.724678063676706
27.068423884443341 23.635730659368551
24.827953563658546 45.902213238588949
-14.945190697233729 -3.781916681875741
11.852514367265107 12.711188536842686
10.520616627083204 -30.784450774569368
21.065139844864227 18.467683473107620
-18.804188191675468 43.430476353679310
10.237934192301140 12.245187099925031
3.208186621317119 3.981524666079680
-65.751385126111771 77.430339729945516
-31.457775416360651 10.322116785665820
18.847248788371843 1.255798091459579
43.910862662751747 7.868183072210989
-14.628244842848307 -8.963800633358845
7.953303520374612 27.076618710687121
19.854339485206033 -2.965987985641780
-4.275187810504144 11.938155119425726
-6.384094991370255 7.577978288489330
-5.324393046465298 -23.530673507829803
-25.840130136337709 28.733819208047095
9.127659275613265 -27.888188254157054
14.938264425907198 -36.170490531276776
-10.204649273304952 14.667686157720340
4.388713412091271 29.670039554085221
-45.651505564665470 23.403040685026131
-9.372956137942207 9.272113577180363
5.506087731253368 12.325530760660408
-47.781977352987802 23.673905053395064
-1.008813342334439 -4.444958903880209
-14.727718234688494 8.462715951760130
-22.746957345101116 -43.874664198788359
6.585747490629130 -12.366542778631818
5.819683613578995 29.958156955635992
-43.222281943743283 9.336194846628880
-18.580417016787990 38.668953480569421
-4.221562566771678 20.083547577900092
-15.223570259063141 -12.673704387059368
16.571641881958307 3.041772642355519
-4.687750739123164 13.114264839864907
23.656898648815130 -6.114860324558978
-25.316584271618048 6.302275078209171
4.585104661530665 67.314185652770661
-3.639066758499231 -41.755783211442697
40.638455538902747 -27.157093557814402
-23.204043856154168 -7.225317653603533
6.904923549770105 -9.326984608928974
-17.485601751666213 -16.533642727933128
-27.981574007422441 16.594260845281678
-13.384503027524994 89.061539476736570
-1.234631071899952 -42.922073711599488
12.191777023992598 -35.423364272275776
-6.910742671242358 16.473401998043396
50.230291738901684 32.424391088748322
17.706054708996334 -13.956194115196231
-3.324533590714625 6.777888826819848
-26.784708978548988 -28.449847417766804
45.004289233036033 -20.191170843569530
-22.460978244842217 -9.550602042418225
-3.971073798367698 12.657930700050496
-8.360093370536221 -30.616695447930272
47.471174825835284 -34.318264465887353
42.492616030444339 21.735220083761764
45.875854653512519 -4.200518208114685
-17.578462277479332 -42.963438675635494
-1.383216582007563 -33.070948252041894
-41.085183460463654 -4.793847142923488
3.205159577814212 55.592106775238996
15.158972715076457 -62.303360482585823
-2.700998853729008 17.798294154302418
52.365962557668610 -4.737737779349265
38.416115804722267 -22.631596782235416
-24.402329664835687 -6.137874438169389
14.378092593193303 -34.835414535122368
35.824555764271430 10.451285727914605
-8.501064790167572 -33.939925751330733
-4.238983008750662 14.509700908749776
30.636180331733701 -0.542238890701653
12.399802160265425 -11.519372295225264
3.339790515622309 -15.090794037795861
19.698623505465299 -30.222074500960023
-6.131422023634235 -4.268860771246323
-25.661119766045523 -44.417197971429324
-6.498477906472111 -29.515599283626823
13.705328920854008 14.876707671082949
-8.793384649480018 29.263529414431751
26.321512238609422 -2.667981934184992
5.357230668358640 2.003070506596797
2.222253763770349 6.212581736496895
-16.583364675986971 2.601935404805278
-34.836521159727006 22.652972128054689
3.390520948251400 -26.917084669324911
-10.182685872236029 -12.346426018526758
-18.811920702966535 -26.797242231592762
-79.893412791472414 26.837036291167088
21.407241554550016 -2.524472692077060
-17.836132867295952 27.498246988065276
19.650566827852192 -11.689582870227575
36.555188015840628 -11.529890492972040
0.110396865332856 -1.909210472676351
10.893299104583269 -57.547953640385138
33.208292203006472 44.245961328838582
20.740927441671360 11.601980603881893
-6.904825631722967 33.437539092185297
14.338835838211786 -11.795978483636583
-9.254867388180967 -44.457020406456003
98.357871919405980 -11.452084317323484
85.196980822984571 -21.162652948805388
23.245582719753028 4.217643750075475
-15.654139663136672 13.670070170262141
21.485697621765812 -16.133686169907978
10.970259297184494 -7.791516122010698
-48.090357682408225 -6.318400888233299
10.047594133058627 -4.493104128834993
34.967845855811980 6.005545019645838
14.267790184081015 21.483653155154435
0.178271541817523 8.408408010361796
37.498744912501898 -35.401217614700236
10.860118726409929 -31.900273611677939
-51.580697761063384 0.581147840789820
-19.278462278411805 37.042103779931757
2.216536538604457 22.287203630036732
-10.716626984826426 -31.493242694340008
12.454552444078358 -16.992670777521177
-7.347445595274402 -11.728603060598113
-15.864683353130673 29.039130686394600
21.959898827290040 25.840879241021256
-36.981195607955662 16.706292272425880
9.122429303946058 3.917756313217351
34.982484361780017 24.624914452816515
-22.620294089936710 16.957902003938834
-42.894597821514459 9.947059336521216
-27.656361047542333 -32.234830522354997
13.368614330467038 29.054949934069516
17.092951101494311 34.175255068566031
-24.594971990024767 3.920237355375257
-40.311688402122499 -16.262534914421725
-9.511078651923093 -7.247849261933531
4.037758675035802 11.499813149117550
-17.186612784127277 -11.397300231343070
-7.261868400498605 -19.698622930914794
33.991087849356141 -13.467159270186803
-31.930025465115584 -16.255543872488360
9.306016540633511 21.979636607325453
11.524028518233411 -19.609912114958121
12.698767653878306 -12.191048427595657
3.345523150809262 11.135551230586504
-65.102600477416459 29.779993700506989
10.486504364421798 -3.238963187477523
-32.819395087457870 -16.493786379179856
16.090153416070923 9.799728467932720
15.734575415861800 -3.383220246240034
39.065960471664617 -13.016293579327359
1.685343314488826 -19.420535940416347
-1.179206851738184 -3.942028235446251
-34.648445865754532 -10.650843027495759
-12.436521261090919 -29.882001111808041
16.510300351708267 -7.345784666558161
-10.358306504907786 -3.579291115208274
47.922233640749212 -16.182944094055483
22.374760122112257 -41.945832484234614
24.811784933384985 -7.307837544126733
-9.661043967633585 12.114115621879327
-17.503540619531616 48.685336253381735
13.835644432474568 -24.077337356395056
-11.127622686445418 35.766046362388828
-0.192392896175378 8.113019503580118
-26.805720251445333 -43.450551757787117
-21.594330504043928 14.735988267077632
-13.766541438819978 -50.347070937089214
37.245826901394913 5.181609895207206
47.288868241736047 38.520622505250053
-13.526937131133741 8.269931899928894
8.859211451735366 11.100443809682787
33.715802748636719 -0.323850610909526
13.959951059688207 -36.187176961254657
-0.617950115190076 -43.611045438494131
-6.301776852661630 -5.029284779442247
-15.748587572105764 8.732227086014422
-16.758340981202430 38.872601481564395
5.738917703306875 28.672642613547040
14.682083995784277 -22.654855653995401
-28.223975569766743 -9.148203941106523
-12.333364534747693 18.157198255533007
-6.140716028704715 -14.664097600545425
10.507833760213636 42.768902297910728
-40.683311321188022 -20.278166328858859
16.159387634245693 -0.745150994166443
4.993647455331465 -22.993246365306685
36.264135622504227 -34.568540225902609
1.877572125564487 -1.402136452653496
39.742730592265708 -10.969618683900048
2.221319325926006 49.039065850516629
29.966155562423793 2.312884545458134
13.407374883533388 -12.371410932572198
-15.757335321334443 -22.200291749013896
-11.423130813553167 5.351854443052643
-7.611075495406210 22.467838376264197
-25.454423201689728 -2.608609306616809
1.754222287557279 37.495541303380222
64.452804583650774 67.630328854489491
4.890434211083331 34.232938694198495
27.193224816481532 38.209789928393398
-13.205504592354222 29.667199428386169
20.105742606781089 15.765330944531508
-26.708478664164630 -25.837933525423004
-48.917118508590654 -25.797361023851007
-30.483242160584457 -12.880850555785727
-54.035010749348949 -33.946678856966138
39.600475933063777 7.412134129848473
-40.365966407139986 -6.442043885041693
-49.368706597586410 -4.286727939344218
-12.357608621043536 22.060932977087766
-18.331877600170575 -15.426847259014661
10.535117573860243 28.601427439909287
16.936092197025413 -14.891100896176276
-1.455447705492039 -14.072737645535094
21.529787449275126 0.690677995842026
-38.426112308226365 -31.696855972706516
-10.731566513368078 -24.213180486502054
13.426060923970384 -23.513660832840085
27.478794160376765 36.024600849351991
3.516234080151783 2.808063280014200
25.766679728739948 -22.014170137798811
-0.530684013438554 -2.506302374480796
-4.788732010323150 -37.123479608102947
8.342437367426575 -38.757889156686225
-40.395212831178412 1.742845738418088
7.286973346254985 -9.873354015182144
0.017425210732376 75.959725606796056
1.065005897940551 -19.316103508939744
-26.711755601990600 27.543577718824071
-31.333020099853027 12.734287534281979
12.073225944126591 21.364833197920582
18.929085616353561 -13.115888179211685
4.234521853168725 -25.909554886796666
32.946573381392909 19.740550374781733
27.264790890965148 -8.675302636247219
6.793952198943115 -20.067277509679563
9.899560735870601 12.704963932817433
-18.375374945481017 -61.415614497416172
-2.250307102753871 17.225632100536039
38.489360950604777 -77.119059361106650
-6.248067965907683 0.459025278886657
29.756523292643855 30.476243505891862
-15.996829352951476 -50.471672777250539
44.706796218652300 -11.859233496880854
-55.966285502405526 -11.999333864328829
3.880299192703600 10.675953658216786
-13.758764825180723 23.261365089739623
-11.880033742184466 -26.236069560294514
17.289744368247291 21.365334579654160
-15.250645787815275 -12.027226778177663
23.820014249742329 12.547848452122913
46.657787902218843 25.163525218920881
-10.845517689566792 -12.681705373636111
-0.020503755478830 -12.005874416440077
17.765989867761817 -18.298250212804323
-9.622878432534268 -22.391437613868256
-41.683800786256725 -16.150732003209061
13.565995503252315 2.130039611617234
-30.389369820040763 8.304311461134390
22.823862221195057 -1.491826651684101
-6.251314130911624 3.124558635407467
-10.075160064870703 -16.910125596650570
9.439955944737315 -11.970956466409461
29.007563800899696 -16.013013529726660
-21.170557419750601 14.602496334712198
-40.901011892457149 19.319104329121071
33.737346010708094 26.121446115578120
0.362440306507717 6.391185040790816
-10.577638904172602 -16.065903582208897
-60.998056016813351 -18.466029666160320
-9.430337424264092 -45.187735434897874
30.109806664567543 36.497658508951460
4.044849351861372 21.712400029696109
25.371154159307757 -22.010828179485408
-34.689881837419875 21.527964741965178
2.092192415455337 -3.763993441353996
31.735545242000281 21.196506575253395
21.196217981832937 -16.147843943992982
13.705409718598842 14.167058838874164
-25.927995087821095 -6.304352604072579
-28.660296566575504 37.212793998767630
0.394720362227362 9.252456640628031
1.290530359116145 -7.820384828728819
-10.381960679361503 -3.059315900174687
-39.566451074045190 39.366249091202562
-52.747407980222064 2.137413434661708
3.068656293867877 -32.999774528140883
26.866842611568739 -37.082668090725392
-15.384470763908791 -7.491697662397371
21.445271360304545 -36.434458173048576
7.546747100925487 -0.049171120055617
11.939257866696883 -36.345714950334909
-19.150709729778551 18.464696516147868
18.244654064359509 40.309062570920013
-24.734536393194670 -45.712678305639805
-19.204997658323947 8.391507928394677
-5.306708907570051 -49.004012405231215
-3.009905795126969 -38.656390205593048
-6.223990350622018 11.403692697010790
-53.776431727646973 -13.278629692840653
-10.773090519126862 5.441396078391295
6.709070437858830 22.538135970668716
-9.277838964160873 7.905130246310835
17.278285194045377 -17.965682582265316
31.435216834424036 6.744278248420690
-13.613432667035406 13.890901344873336
25.337728220385227 -45.063864361021778
-23.868471761683818 -16.887320253100849
36.129122341108527 -19.297015509495662
-53.064053658896896 20.052283947082309
9.781757647228661 -20.683118204603492
34.962217813798645 8.444851916704804
-8.290778988760284 25.256922708428601
-2.726910951532834 16.134930751493400
2.092553055574221 -68.727975345114146
-17.767150645312274 -38.389643139807056
53.139804806477287 8.394344980759339
70.739731882031919 -20.850684001931548
-27.754571935451406 29.701968107272528
8.274887967595573 -52.632517436996338
-34.450535020122381 13.189600915971100
-5.271140681926364 41.057850671819516
-51.074671255748584 -11.786532698733588
29.306854166788721 -21.196638467920444
-42.854333493676165 1.985378641764566
33.837719067337446 -28.615920360766651
56.391129947982279 -11.116657269798432
15.780696315873929 21.118609866414001
-7.971222151955464 24.237052574902314
6.106276659844339 -79.014644106636126
-31.459838771859239 -19.564033908103671
-2.928270493027555 -52.459189503763703
27.176577779261226 21.162768441950398
-22.250174442656899 14.774475133896763
14.776024382759397 -34.327326247925569
14.902131808420434 74.791288060727695
-33.772548593370807 -40.387571996167217
-23.756641860827759 -12.255049636510913
9.270368704814791 -14.462567279811744
-25.737403961135026 -19.993854773195871
-0.927424299608329 -2.088876977391464
5.474469905472397 11.498655359062822
-1.247371725135680 -9.180990611176203
-33.165457405483721 11.070568882703537
-27.526091915287179 32.342789248209499
-26.009962277146187 -29.659431295756242
5.465987688944588 -53.651187448476612
14.487359392866868 14.519800196059300
-4.622372980810891 41.531302395943726
-16.256095859054753 -27.422922112124425
-3.313835368118266 -28.780697368378913
-3.755843481855200 -12.041894607505577
27.613492284996507 13.294177688054303
-23.602010023903080 -2.659620408501886
-0.077961736462771 10.873280633189523
22.156865092772890 -16.334540153316052
-2.809392585106874 23.022011380888554
5.789437801617284 29.485764867684136
21.943529018189224 -38.397716665989243
12.479160974110066 -27.612457753392249
18.665978367651238 16.462301846711910
-3.555896427197071 3.515069328925437
-24.517001080561528 60.600527273029684
46.806151236166038 12.014616617246361
40.716451244079877 10.627482643709653
-15.803448686785151 -8.985859817175740
28.418342058868536 -14.328664803626747
18.880927536233774 -29.844046925405891
-21.200126708443772 11.862367661370650
48.415844133297036 12.328555160388852
-36.753481008626707 -27.736898347003940
19.207932572176627 52.281733807953159
-14.741474495927143 -8.345210090640222
-20.105884968393127 21.946359871256078
-38.840751565102707 -30.088120554343551
-5.970984006473267 -37.335337395792450
10.334854837652129 -52.944238139147053
-14.512048746679335 24.908092023876513
5.062007103174805 12.390908719021033
11.797186326939483 26.702110590957322
-53.144347838645139 -50.920084079416327
-12.768023468465678 0.842181978219039
10.922010402393504 -18.423228228356024
-12.009741764893722 7.980802852205088
14.065985717784711 13.607414855705910
-2.338072975709391 14.446976924447116
-39.514858608303228 5.914442408225385
-31.857253172566118 -6.627444810880931
-34.785158474807673 33.619267426907605
-0.267081036070830 -10.382975528383939
-20.576512131019708 5.962859398956672
13.137178739315633 -25.931310322795614
-21.627046540202929 4.841527832998187
15.811742034355177 15.508610481461417
29.719821741902162 -65.200534702347767
-43.187869461771172 17.095969931929648
7.492454793812467 -27.286201597130074
-17.037212857516781 40.034438154399162
-6.269863084725436 -13.788337982912482
3.615561112263656 38.678091474208806
-21.604479623884739 45.264213911218491
0.038140911780292 10.747179238928616
14.093350277233377 -9.098271593467221
44.766230477212005 -5.678370880335684
-7.168880732418146 -12.462290468605115
11.521764114680112 38.881179995255813
-26.764096467838062 2.203919630164256
2.684398458817546 -40.786256572882557
15.517867001632560 -1.274613992479366
12.866837396579731 -42.980545976439743
-31.358557637639706 -15.063669192883797
16.623961718177622 8.770425892092380
27.685310577733453 13.928976723072585
-3.871611821670590 10.363724362239324
35.579717895006489 -3.723714522585822
23.938249234289206 -0.714286514617995
-34.661776062046414 3.332948131644476
14.687914903880923 -19.783785492912951
-0.365101870451779 -17.594454799423431
-0.083178436777376 31.815081584101570
19.021511812319964 -34.902374248045625
-28.265882276179433 -59.865775426009684
-7.346995156561189 -2.754773473722823
8.650600029420069 -10.039645956262046
-9.238546388034061 -39.111223584936553
11.517714303310374 25.403124083199994
-46.107080644033687 -10.190708601289943
2.515798388081152 2.328790205424484
32.812548654896567 34.499800986904560
25.513623141137678 4.972644087578005
17.820730051512356 -31.756194945891423
17.608496556120350 30.193932408015783
11.056693910357660 2.995947937224710
12.998399398380810 -10.231004465293138
5.396773412973729 -1.888307690513642
6.601268207442733 -3.186544398484205
17.046647837017183 3.521700652992668
-16.696925960175310 -18.171983697040002
1.529271135386579 -3.249462073454374
-28.924321526382865 18.594710402007109
-44.066087577064479 29.284743959352564
-18.984618538828276 -0.406212255087852
-12.471891465595720 -12.634102317327192
11.284649535135475 -8.818061619267844
-33.068554333948143 14.293418752687971
27.606721305037606 23.816621747295432
17.827343663851586 4.273148904166238
36.094894217935838 29.431231517960544
-27.164684601910107 -6.204932880714837
8.497850602276952 -29.329970621397919
-5.455934886703713 -42.481642883020747
-0.040358047398434 -35.084210281533529
28.779121195333669 45.189009801833905
-9.705441413115528 -9.241478008514248
59.112647115683409 36.844403665710729
-19.706622032869735 14.298066783727377
-6.889616279326961 0.932767168972234
-11.079313555550142 20.006940470053070
-3.282148898927418 -22.934072426497167
12.042395206637009 32.882306183731387
-10.698245568255357 21.660432195386043
-22.831299422687490 11.323069773841670
-19.189140178486923 55.621803600033203
27.566518049197004 -0.722702712117102
26.761945375434941 -14.566818851137404
-16.344369484311468 10.363843568649234
30.060661269057437 1.177514584444309
11.532998748679882 -7.057209133329952
-19.245479858863952 -4.137686654337689
25.515840603428995 -39.555841206771909
-35.730610455508625 3.417141131008008
23.123652289473792 10.699665206523292
-15.279501025157934 -7.628184022863764
5.149429274640343 27.548987864427982
45.098277351209518 21.247037238735999
-24.516365697142859 -17.008192938177402
40.416913279340505 -53.366559711502617
17.053049384904728 -8.411567702678706
23.453018297745167 54.490471515559150
-2.794747229995176 8.817238017906005
-6.034737178222101 -18.413449842553113
-6.403081885562727 40.594477778518247
7.220402843914720 11.262133343152380
-24.341779108084907 -51.382902408132693
