0.000000000000000 0.000000000000000
0.000000000000000 0.000000000000000
-60.993620361912235 0.000000000000000
-8.157501371229948 0.000000000000000
-14.168684837821321 0.000000000000000
-9.147197167991342 0.000000000000000
14.015171296490294 0.000000000000000
37.905338525781957 0.000000000000000
41.960527588052443 0.000000000000000
-9.626672301736493 0.000000000000000
38.419979325522803 0.000000000000000
15.067146455672340 0.000000000000000
-20.193810323493061 0.000000000000000
10.740178884516245 0.000000000000000
-15.816865083966213 0.000000000000000
-15.964434232421238 0.000000000000000
-17.459119693072488 0.000000000000000
15.198068060342967 0.000000000000000
10.964306503731672 0.000000000000000
-8.828704158756876 0.000000000000000
-20.796608879489451 0.000000000000000
14.679737818594582 0.000000000000000
-4.307643862712301 0.000000000000000
19.646017580057713 0.000000000000000
8.652075063858705 0.000000000000000
-1.136579773697616 0.000000000000000
18.903934186215839 0.000000000000000
13.472331042941075 0.000000000000000
-20.088964585159864 0.000000000000000
25.672273231631841 0.000000000000000
38.424493390481814 0.000000000000000
-41.694221727103368 0.000000000000000
19.197281084575419 0.000000000000000
12.989805625112400 0.000000000000000
-52.427099967068216 0.000000000000000
-7.158403664993258 0.000000000000000
-23.737130778124282 0.000000000000000
-11.310094474734480 0.000000000000000
7.706123165853638 0.000000000000000
-63.056630006151053 0.000000000000000
-7.092126399878361 0.000000000000000
-23.591886969054439 0.000000000000000
79.513244443015921 0.000000000000000
-75.624313948759436 0.000000000000000
-11.717684758342569 0.000000000000000
17.042759856507310 0.000000000000000
-26.386765298000679 0.000000000000000
38.202607617879693 0.000000000000000
-59.679044922362301 0.000000000000000
-52.991461730610666 0.000000000000000
0.868312326444614 0.000000000000000
0.000000000000000 0.000000000000000
22.968558266578942 -11.031344709644967
22.551161897364004 12.906826576599229
7.740154760196676 8.952679990278538
1.467229110976668 5.889701447931106
13.377018215899566 -13.940357334773807
12.853397372657483 5.148037476879902
27.145056190030786 4.746114220228684
31.765940118185203 0.865884298962765
14.475730611628348 -39.409765564874803
-18.461088391411607 31.846553102684968
7.734491067195131 -29.545142680197870
-2.948795962098866 -7.052303788444370
-35.997713914001046 5.572485162079989
3.106370861034352 3.881096935539608
42.614958520458856 -12.818706903428453
9.831957653102284 -7.383645210481297
-14.642654798698176 11.248553974632198
-17.983183425014690 14.396111478647557
16.453981188641194 -2.709985440561627
-17.566583316456171 -8.347412416439731
10.310504969337176 19.833626674940874
23.772596096502024 -3.817466530872517
-27.763365119615873 -31.156645939786745
37.695717319992688 -19.052714538671523
0.245752573586230 -9.445694640735322
-31.765875010059663 23.962083970702846
34.310310126635244 -24.890727114228341
33.387990253395508 15.959450760191340
14.060063431825062 35.301739722267740
11.737957735086560 -6.987253558272464
4.306725812501067 2.250377523921365
0.123264037123656 -11.016824471837563
5.010431839741677 8.182803557159536
3.912426519194032 -24.874150919247096
44.737145112775352 -28.609613626934028
-26.348706683876660 -43.795468707300664
-20.615101754158953 -11.945785015776398
-1.632468154217214 19.578618823267863
39.116882647390511 21.553109463768681
-16.180956854088734 22.677334393000873
15.545527664810582 -7.742550913965188
-15.234472108498297 20.201279587786054
12.005255285077867 13.430704050793818
37.133818412304748 43.197213764347381
37.454644902769857 -24.488527651168997
-13.342333436333810 -10.914988459452330
32.349043005798542 -8.401987700939079
-35.600574832284266 20.785453914773019
4.266988275517264 -29.249740487768904
-3.328941020661170 -1.079475434367418
49.004273290736933 13.774422243189056
-21.113095666305934 -40.421846117083028
-5.579498285937319 -0.362318241105568
-18.163805819979185 0.978105361907877
5.731823736982555 -27.621326340491631
-15.810441232890158 33.227711759704817
2.043655294232181 10.799756696227925
4.781288462673384 1.684243199654217
-10.808541456568760 45.999288188333558
-42.226776240491361 -4.778010197257913
-46.234678408949733 10.761945583159029
28.578127655711054 3.672316947138950
-12.406986864717364 4.296960821176753
-9.478183758969610 -18.753080672318564
7.605919088079935 -11.975945521745667
-35.283387671036294 -11.539547982511875
60.239390945813078 -40.431158042058435
16.661516223535187 21.724852414588216
1.499576362421570 6.038038993889938
21.021120329674989 5.166557563294928
17.636218122814565 9.630436925247421
22.571582637290124 25.876721102562751
-7.152159864516779 5.107983498743492
39.491500562905877 -17.378639851166586
14.716733684679633 -7.854690634587172
-10.503109230880746 22.300413838013707
20.270342932692923 27.527269824161969
-17.236225949615676 12.149646216006593
-1.409581606485114 -44.556226135118003
-35.729525911891500 -6.977124353592518
1.911502074054328 22.314567097606925
-33.282067945763018 -9.635627820334706
13.510744996323053 30.002290131663059
7.732799961705934 39.574722775074278
2.130040617373929 -16.047717647206202
-18.578956322154021 12.806835396534881
-43.320787597394109 38.366834009505645
44.291814559135155 9.327552776703767
-15.413829524837249 8.179410174641770
22.660237515181397 22.153256906506495
3.951314967156902 -25.016888666836135
-10.741489041364520 -18.754087667173941
-34.961269210404190 71.576661596771672
10.228443352152764 -23.558999586651758
3.798341091117496 -49.631239509405233
-30.672719104384051 -41.422967125645094
-7.769158492874476 -25.640210793377936
-13.993877948056138 -23.883691242144376
37.834210321075055 -34.376247850398805
-13.271160914533807 -5.768963329648694
0.869914835984093 -22.202945926934422
14.127761857009215 -3.948763093738887
-6.352618742282719 10.987376831702965
0.981713269370853 -28.438395706036772
3.760156508697418 -23.398590571045805
-31.296208995118093 4.268813651556679
8.972375693016403 -6.205593803060266
24.494911960875530 -5.880545335449797
-5.754201023938754 11.054183298745947
18.588128910975268 20.446685950591228
10.338130087290413 -10.788002847350791
-20.998890796012990 -0.634486716695295
12.174838936948555 18.024920832590258
-18.803644154554796 -1.871319376917493
8.092641590719481 -26.617312872527879
-28.437157675647306 -23.013646617199154
-32.087840863378723 11.584670594379633
-11.954557708488954 22.258543637510897
-7.775789587459548 -25.708962300969873
40.417265750401050 27.927089760513557
4.975456688429306 36.159792598730185
-12.338155071362518 37.010250061355528
-19.189918410995830 -22.185214024051884
-10.999572774494299 -8.717253303733152
-8.993045967265637 -66.994608017462113
-5.812416261932264 -21.513929357556837
18.310757235023804 44.650466331344369
13.336870965116194 -34.429037332191584
33.218505225380895 31.777724872219245
-50.592748885168795 35.928419827910346
-11.947277340232358 -11.568780721761671
32.988039439717333 -25.377250359292891
15.574587091999833 11.895282524822091
-8.596279185874335 -23.488272226210885
13.773989224832990 -39.694968265505729
-29.276599068473320 8.492624698163349
-14.138365097695731 -24.705978537036511
1.626712580521549 -32.500663725498740
-3.665395627249859 43.976273594732021
1.924791056723969 -6.115137055896311
24.754424840407388 -14.255238551362766
-16.768621208038898 5.998979846168331
-5.511107350661907 -28.690942593159424
-22.694688118333875 -29.184674593088456
-31.168937105787563 -12.078913627790016
6.061439381069180 -50.326803761221370
17.096003267149705 -21.641550393716397
10.185315858653929 -8.114099068722096
2.526701155550289 2.674085729161027
-13.814693129784951 -32.688427840332487
-3.044037225393510 7.006000750345051
6.803509532532527 42.562937745431078
-17.112618386094244 11.132879335554760
-16.759621209918141 -25.743264412238677
-40.046637991407245 -16.457973532761368
4.187084086280553 -24.196854170773559
-27.938618826135372 -24.355167778414451
1.228290355430834 11.034383482429332
16.994278049342348 -10.375990859401178
-2.645751909830100 0.121192333460915
10.520433233955339 26.334312582880600
-5.506048480826994 -5.240597286613033
-6.267728451050470 -7.320165195425224
-8.594112564672896 12.086981014411286
-7.397810870489724 31.376029584187766
34.794112758379732 -17.197188360465169
-0.775369964675200 -27.276160566492941
-15.366235462632376 -38.483809007110800
-1.534151945076189 16.190778409475680
-30.776910195889403 -0.374719854371645
44.639970188495575 -13.952088734042992
46.939579251679284 24.263461644883723
-6.206265826083250 -33.933855736878051
0.156169139305561 -10.814368405963537
-2.047524539109129 -31.829818526757297
24.787134340142273 -2.807380677006132
17.280801838248593 -17.833541097974415
33.801759267868896 -15.306674734773395
-26.388157959105460 -1.783162324707422
0.006791458376804 -28.503509699089275
17.048889419792228 -15.957707864374122
-0.355918559168854 -2.781561322385387
-1.459845691843653 -23.572594326092098
2.588649790763027 28.086967673815899
-15.516771097812928 -65.066643313936325
-25.239199767713952 -28.341399211976793
18.974210302332970 -10.881135899071120
41.520360392824010 -19.163181625535277
2.654213247356261 57.158129535286058
-5.335816825835025 -10.696146210766788
-2.763072400980115 18.205600630125357
-19.826334515783028 1.889381448930450
12.479788795756750 -29.256041304555072
-12.542944521441642 -26.431668932477226
-19.884100331770338 14.940963681066497
13.539692061614103 13.438733588454490
8.252890423777574 -12.225749933907737
-43.644908887993580 -3.619259929515251
40.138118602809243 -48.164045482942583
-1.468646001081513 12.718336015421265
-16.699360331655171 8.150104084059935
-15.728098433482197 11.356585080102434
22.321825355087839 4.012188631535139
5.236938012960666 -4.526836202382248
35.541874768338438 39.962507191710763
5.126446704875172 20.053399600554837
-45.863456228832646 -6.633079358646618
-12.531208843516731 2.341068536138403
6.788749328721774 -7.526154500366411
-31.347263002106221 18.296019322103305
8.600253246525275 -3.501842065342752
3.597837933376736 3.349106005811774
1.730043772093096 -10.609343858406898
-22.367426329641770 5.139903859898062
-2.470368140692476 20.354152528757417
-11.360166624462806 -19.756913804771411
8.036997017656102 -19.420083151351761
10.131184291779386 -17.113086524188596
-4.644848779253890 -33.911929651892663
4.846449577654457 55.793032489657634
24.992389315425068 6.209524265624236
-19.880125813937525 -24.096879402902015
-4.158860624648503 16.743256091703223
-45.919373913799653 -28.012984658273702
-62.545321280551789 -65.669390203401974
15.129088074168367 21.527128702484266
-32.650719875265445 1.100273073318047
1.249607823116728 -52.592059283488219
-17.073934526700704 -0.665735705189770
-16.798447930678307 -70.781633296092807
15.198133065632673 -39.878227715972749
27.567354722309741 9.226862577724146
-6.422350009030779 -34.924716011443067
-24.844830532337053 -34.506452880110587
-15.710777482238960 22.078416286435122
42.557610796663063 -7.161648774199707
-2.885663739750441 14.278410561383517
-3.250434004663458 -6.871516290266638
8.741314346245900 17.540540370574842
-16.301499756986463 -22.888453090121963
10.796563884256932 -12.936597890651298
-34.576586518703976 1.174321919660870
24.563958744736379 -35.100752847685044
19.558351784466705 -18.155876695595246
15.018445179226770 -8.995296172505432
2.236346208660097 26.426155240248878
12.671061356641353 -20.180768538404667
39.556888106471348 -48.961202128412474
-4.795318801127866 -17.642176815002671
12.961286001991484 20.200313246407973
-7.116530183920564 28.279083811908851
17.313854253329886 15.437061554087689
34.401075255190612 6.659342748190607
15.540872703388743 10.709697716651037
-9.134959469321368 9.270961435981704
-24.721416282715289 1.560116436426690
-19.782140558599735 -34.296797021132818
-5.168175521933745 -7.721864853587302
5.999816352545571 -11.718418586991715
29.618647310269122 1.235276623940086
8.981572083056404 -16.656743306024524
18.512007892919009 2.873155607464019
1.101149552712588 7.596652192434048
2.685104176341672 23.243961174253243
-24.205750897121419 -15.459003552091943
-15.530259962217688 13.330797787116904
9.499617565984440 -1.629953927494401
-48.044206021544049 2.387117724078924
-14.590784250299590 9.508032083877715
-41.816576062395626 -11.954069761009587
-14.161883075887545 5.073923196426510
-11.916553019036002 -7.563241776149929
-2.433372018745042 46.256578954266487
-32.849962712755456 11.138820704273694
37.035324621648527 -2.759067272529081
56.719180779897442 -16.996944241742721
7.699964463971747 -5.122858243661524
18.795381360937725 -53.982447389586248
-15.824017914437176 0.174527110398570
19.544834870484497 -20.972917612731070
-43.767680759667911 -12.969038906945519
11.541936372388298 -21.743902978442868
15.815997763314254 -26.118488451571334
-36.026652902781350 -5.882725053195772
14.723748331703252 2.037180597728326
-22.633585759845158 18.175697821759410
-0.965990611722141 -25.545838181695039
24.716628786272960 1.891159936989804
27.586798608542662 34.153011639932849
8.621014408168577 24.735995217879818
-13.485495416430622 -13.114782998915096
-25.242786859678649 -41.051327214346806
-2.610235990802214 33.262071388788108
17.354268304567562 25.155001637347773
-6.023824660808544 48.213847275984662
25.680814738788733 -1.743225603362544
-7.625557525643968 -9.952690837365784
2.747537861342507 -14.279944688214915
-1.098429515314624 -4.149205280526862
-9.811442690998309 2.178875537062903
36.235039808315719 -43.999045887714537
-37.898599590389175 -11.417429361165103
2.054505090406562 -13.021295000416336
-15.767403243900915 -20.500755768247863
11.007282850957717 42.400403128293632
-24.550809349689580 -28.121997417754933
14.194719149435528 26.720425970454119
17.404350629460428 24.880615879038842
-7.260378325369870 -1.389296856983229
-14.665940303006018 53.057754011797869
-21.892574245449218 -9.565492304387464
-30.571012854449439 -28.037132225264319
3.637018577165373 -21.642978035337634
-10.256888462329956 -31.670189988837695
-10.396593851396810 -0.879398200828477
-16.898126950815520 7.087721477655900
-0.532087167199384 -32.957108354755107
2.904675327044286 -18.074386287064488
-15.197226284937374 33.822801904838983
-27.306381082295587 55.073813500461917
4.050639058730543 5.557084462032242
43.937136373434797 -4.865402766336513
-1.140427585801293 -12.637334119360721
-17.285330165641248 -4.542914077092483
21.845080976685491 -10.738269764578867
-9.687796745661677 10.247463601384046
-17.723046719394336 -7.346252079263230
25.148610764604211 -9.674759574858930
-7.108732451219494 -5.626767636969197
10.569269795758323 49.693362041302407
-7.932953166657875 -25.687807874857867
-4.571692518163640 0.276247709276743
-2.173006898694872 -23.209981638796226
22.645372603404219 -36.715826858843606
-30.185670427831422 -10.399460798113328
5.482711608599981 -2.670871391831297
-51.808868423786855 24.042857865809527
7.965637945046610 -32.283827278591147
-18.029576491501391 14.605727850431444
-3.739389381764400 -6.250899217172532
30.339051729175392 53.174698343182534
5.045984010221634 -7.260237689817765
22.492410468175652 -34.799696811507872
-9.572697407753543 -21.104783931617202
-16.745945344696494 23.787214949702417
4.730572879824291 -10.600224956885883
-16.618513580647736 -49.091294044719035
36.992066653945450 -34.538850297318724
10.423341058894399 6.909411282975245
9.441460240078349 -14.542521315421624
-48.022117998284436 -7.351531657623622
23.540506928594731 9.190247276679344
-13.397563518114087 -62.303014991932635
-9.829792572079709 -11.004804722247842
-5.842348363369422 28.943065933949079
-25.692916515147601 18.056047847771040
4.566873146134943 26.236318418009006
17.901496873269423 -46.084232653829673
10.600960381725375 4.707594213900739
-12.651474341766912 -34.647724468746247
3.601704857449560 37.767018409083384
-20.652982206345474 19.580966063195881
-11.875209291159569 6.188233465882270
-14.452118225749508 -11.424643808236919
60.198420634391773 -25.975019731452491
-26.709920460202738 -0.323403241103444
-17.635618599593464 6.782247981962223
2.394023225551958 -59.867935661639272
-18.055662004432541 -43.956644541678351
-31.535650259850001 -25.629747093722681
28.185697451874272 0.548818657161424
-27.512451806283888 -33.309182386523709
-15.792427321801659 0.836014075265452
1.898908783576793 -28.348356270700609
1.964578855509101 -2.397606026833749
-5.083761104840342 22.851924697793059
-57.997445117111596 -8.923711380452026
14.292011032979570 19.298762598301565
24.071385804896753 32.007536719192800
20.286051395930350 7.566531113253083
-23.082914755077269 3.962414903158242
-7.784889832177371 25.665918405812974
16.118101258964082 10.338702643020056
16.883956881179270 22.151269585827915
-37.674671054821893 -21.597864120791343
-18.245001595373509 -32.718605227681408
-0.156288688108088 -19.204131015023382
12.161193914944638 -47.870946988030795
41.036765113186469 -16.629149896446734
31.817526670148645 42.785270314149130
-23.547013233666792 -29.031679477095480
-2.720038657856489 -22.862909935283675
-32.383323979773628 4.343130863490653
-12.744091028548935 -3.632119027878635
-33.359617637563062 -27.358638183658893
7.195556734990694 -23.713097622296406
-14.843876206488661 19.898361929723539
40.537245363909662 -1.478977748272802
1.877781125408721 29.216909727078438
19.905475864157509 -7.526759455857924
66.373668615365361 1.242744139388565
15.149680711378434 9.778443278210750
30.736530773123977 -25.151631593664732
4.628693412975285 32.221549987553480
32.989307907612698 -28.922641929182834
-18.706512127996060 7.065823969011302
8.905823889029390 40.676969072652398
-1.116916270772574 23.633460259947913
30.986377870002276 7.574954216817226
44.806821142412502 14.018069794376194
-35.881054760140294 18.858511975293812
-15.247968353630293 15.010575005071674
28.558463222831563 13.235189700666126
8.983941256501828 11.832204276142335
2.788193616218058 19.228336284129231
-19.068552544185611 4.751910663496580
32.567177965535436 -7.519909550358766
9.468733258943130 16.027825614364470
-10.699918564896439 9.930421340182056
3.768813648331961 14.627163225785280
23.746549698072094 8.686405136759838
-3.629469992020350 32.577899157620649
-23.011060039597012 -16.273522807702186
-3.343079944182583 24.741075587723781
-44.398758171655764 63.056442696917173
6.899759292530897 22.135219980986889
-13.221051372701380 -5.553326504929888
46.193814697907506 38.402554508104402
-5.835275429027247 -19.969809928260666
-2.988804988059242 12.825040479114012
-3.814845683486843 -2.824323169475098
12.598180533433707 5.679993766561555
7.207117500040080 13.897580577920731
26.320745335693196 -40.270087606230078
-42.054257686539273 0.443460707927271
18.765286504197466 9.213718956502944
3.856670083833598 -9.563907833135254
-21.309988553839961 7.582535655013537
-1.866771807147674 37.725555625053772
-22.840743357647977 -4.250464248887710
-5.165395297415066 12.359399764044863
-16.365251872788726 -17.579168965423285
-13.715155021330405 -16.595482898998153
-9.641484871152473 29.817052019176369
28.878598723003805 0.535021563111662
4.579990301205591 -8.387542017166050
48.072623026819613 -41.743627187456553
20.213168767894953 -49.786472933763726
-5.828828116579669 16.513838326861539
0.044136557311330 -40.320945815148953
-12.024332398814103 -5.247734096886433
16.238256806341987 6.783997573663406
-1.303045914972762 -36.230162511331265
-24.678632312102415 -20.880635322915051
1.064166214358248 3.679539120938720
20.279232188586889 -25.005907535178984
-24.854512897252651 1.903819585950063
-26.629900309633516 30.142320880207560
7.833747229645478 18.316674136242504
25.646713585745889 -7.138332284416975
16.094934127060625 -18.951515336835975
2.232788951664264 17.910709456003424
-11.046371499389146 33.797296672200304
2.399774458707673 57.323056220957888
22.606861794801848 30.226866162959887
6.782056793786835 -18.836516506486230
55.008799506952066 -8.281381285602521
-22.452127261155074 19.523824654557995
27.015535881787645 3.269016523259113
-24.752973691493846 -37.042989351286217
14.872782853172728 -2.841528600321866
16.169978301419057 15.126138507155490
-14.416297780410099 -14.632697217739381
-1.690498327854759 -32.384348705987478
14.791740454582483 13.972967670129036
6.756721155802603 -19.297078487248022
35.145819430476465 -45.960140542379179
-9.439321259481801 -8.065882814165395
-14.751494453831947 -9.083051762605246
0.164289782086222 -16.077988980364701
5.493928167991768 3.419118657689067
43.703196572712358 8.343137473456322
-14.182995971979773 0.676128692906371
38.809205252803686 -5.241538827628471
14.276222446437629 15.459801688393078
-10.581365544773986 11.997067304123322
-0.790846970057001 -7.602078676854744
8.835024035654062 -39.231853616265383
23.728269085467367 23.215764865156334
7.836697466269613 -1.380426429604493
20.320948480377123 22.585433044563239
19.567918632705638 -20.387931809119930
45.169274593798313 6.956668655026472
35.430102661575575 -14.436945130746414
-0.445595402284149 -30.644419007370900
-32.175193403739897 -8.229017376845846
23.866379158714459 -45.082654714292040
7.690365656087304 -25.220804533886689
2.441655556095222 -25.213078724789636
-34.858415649225869 7.488863959756304
14.357838330501814 -39.598558257799645
19.437140951554316 -48.010764459337317
-24.126261073492294 -58.945168416968265
29.545774496711534 15.267648815775178
-11.247643824668014 17.884962177580853
-1.860832468124422 3.946042922316494
16.586105619365895 -23.604283360132108
22.975617250894594 -1.685626909987067
4.562967682535030 5.471756952717127
-23.045914751945091 -29.415789971965108
-9.904876577958207 18.902025560753181
26.951156193216043 25.325613722245858
-7.785535725127776 15.499338322839625
12.468746164139779 -27.451072850929865
6.415807089494015 -2.354009027317171
7.416951139829179 3.515860100088611
32.735116259089246 16.332752992437189
-2.796721113385342 -2.803436764535988
-19.151803558699239 15.779898255519734
31.967875436097259 38.242821537154171
2.226594238428870 4.355505077724423
40.833476588423970 -1.707524475333185
10.709487718849786 -19.055734286935710
15.049613347092681 18.214513764770526
-56.565705580614093 16.994902234815385
18.648255524611866 -53.642542390272375
-18.642839137825501 31.589057263656148
-17.673521149106378 27.406534166057202
5.291846607830693 18.153201127226069
-32.461770803915826 -15.558321213547538
-11.279011254181308 -18.382986139264112
18.272616189606314 34.598637208177152
-41.024623835189466 -6.718785641441328
15.770088887124555 -34.782242300014289
-20.164692997429889 11.206911115036650
3.233428960677533 -7.436215229245039
2.191977400955893 -19.370891952734151
-5.632702689022669 1.637416309936490
-16.235206613446937 -8.319228945753570
16.371687873073398 42.944067976328910
-48.231567350925012 4.064595829011030
-7.791506022306439 25.872418581293584
7.565501526135661 -6.443343332087776
-13.285269347936016 32.275728384691526
-32.156725548547300 -15.091375348375992
-30.533168999227726 -14.827546050939757
-42.626009656544689 5.701782886456169
21.270430181517128 23.095659648608827
15.468445559665737 30.432942068446476
-16.809475799629841 -40.784030266591898
-23.114172323146637 10.223849951121121
33.108945221162081 -23.708405683779269
3.850824950235475 33.256528671191084
9.766648484951858 19.163036421521756
-42.121590876482934 -20.067024057984057
-5.379521154339751 -11.085684477298990
-23.674226508879681 -10.963745237663131
14.012122276792082 -5.283748652477943
-31.516135223099205 11.878852764788178
-19.598817499765421 -28.456329285724749
17.784928707366248 -2.313923763149961
-61.573979387145620 -9.462888955028495
-8.277634614543187 1.987680595725202
17.708643646929467 6.764872603076930
8.027618782235637 28.446213297826752
-49.812300763415173 19.437046047793327
24.012325905008392 -27.847630337706303
-0.606535716997025 10.871643002164692
-30.023273609728928 9.125749976106373
5.002487124373807 21.091472577680278
12.027740630313547 -8.801708425313436
-29.799911473175630 40.146327384433491
12.117292284478099 1.047285959162059
-15.770423520926428 24.165629092261010
-13.370850173641104 -28.604110606012547
-17.145237007146957 -28.707723527323925
-3.077119935234738 19.898354387980937
-32.719916218736223 -1.790594429284524
6.039568487234228 -2.209050581254202
27.409195400728109 4.304658293587778
-32.227403842723724 -19.774166289638277
-19.786804818251689 -18.633828978441947
-18.692557052789560 15.649192645297230
46.881639342736101 -0.462614423041884
29.817280841134771 31.781950513735339
10.282028186341908 -45.887827287073407
-15.925276066596370 41.360485522003941
3.483995139449441 10.220110038571752
-32.856741364283629 45.457392939684460
6.322590880634235 -27.403499275740160
6.685272168680237 -31.491131768712453
-2.995611610754630 22.047042328563510
6.411738304656765 20.721374295165468
8.036721452145303 12.144706766493346
47.421785929547575 -5.271131408363107
-16.076961935279517 -20.751937722224877
3.442799313332399 -18.728542956700942
25.303899133197547 -23.760646478501968
11.605372622412595 9.974155600512915
-10.232426201595029 32.914358426057682
1.440805154719190 12.502332214790568
-33.930568199463117 64.531067324808475
17.619709790739201 27.080993629782331
27.458403301611938 1.598976770165359
-4.835697854701780 37.999121568765474
-8.529363752894914 -45.529050548872739
5.085295191959939 -2.141791394049155
-51.450790293269243 20.040862368819493
-6.607897520034888 6.663616320081259
21.790092830518972 17.764605660934311
-9.652173557752439 8.493203421884752
2.796959660591062 -18.429539902171694
0.915962372416354 15.931118941435413
-5.202464842649020 6.766139471832416
-2.789903426428723 -7.921650846356386
20.365997880879995 10.177576924359741
-23.957504009974556 -15.365357158714847
5.982341534727534 -11.669602997512152
-22.266368799576654 29.212001635487816
-8.365651190777967 12.970797558734965
-9.806886044516178 -22.151309691950679
2.726279188738515 -36.566036009372631
17.951030001347164 25.567745714623818
9.456274384898546 -0.446202282279015
3.660267928004495 -36.967782371164830
14.822098704438254 5.662515480744831
-15.814917443949259 -51.804592491769824
-0.124911517554468 10.630498425391860
0.003468462006959 -25.631139997514907
2.533464934379131 -31.158291780497219
18.885002845099347 13.264339831936933
-44.961887379558185 -41.866027731170711
2.717216084702738 -56.293440717308791
-10.064155897717272 -3.795661536025590
17.677589687475894 -18.828115059633035
33.981848734165617 1.271007345890392
31.121876895172822 14.409667354960400
31.201517301070187 3.886561954577383
-57.303477510106276 -15.979217748213328
24.069657945258097 9.815682852418483
14.353987647358677 26.729734580883640
-15.896930657122560 33.208511103489307
3.937056766855431 41.174333694512242
-20.995408005059399 36.946771532195079
24.312889599207445 -20.959788140774332
-20.346782720212698 36.816022080914813
10.767785459372281 26.643778377124299
14.054502827238457 -15.101695044070338
4.297492834542038 15.281100680456905
-19.041823603700834 5.776399420984891
21.225577322030368 10.454633544568971
25.794463757824371 7.597501841188535
-12.046372966374731 5.737383033874131
-3.697791865422165 3.187272530794161
21.878237614378918 24.223535454753023
-0.556311795665304 9.282400766574018
-24.848995393761470 -0.743353061062942
53.448947717477651 -14.277468889751896
32.224309001284155 10.463113399944115
-30.068720359933153 -42.850748336903891
-19.024721662330499 7.116224151948858
40.662451174583140 9.387230018124880
-6.454883453795406 20.467285889061746
31.138401304268335 -32.564923118740147
-43.189832228190262 32.281821784463801
-1.771179443785101 -29.004525916038457
11.499463958449740 20.338469230201127
31.683837508337596 16.010026136638061
-13.704106631110543 56.478149907754030
-14.422838773105688 -11.168581922679081
-21.450698054835886 -12.931900954202842
0.348792304545871 -39.916308332959552
2.194042459334812 1.390557046127149
30.912388270723412 29.088696661105736
-5.499233352091277 13.286744860122910
11.927258302908198 -5.800371965271151
3.133170176288761 -10.310517225283554
-12.602875474406442 27.544399418574113
-13.040900301505532 28.619773468828601
-2.695414669619945 10.132615773974225
-10.207116335583294 39.942921524739106
-22.590093668006404 -6.883615459608544
14.413971196412390 -31.957779907591476
-8.588195331602027 26.282504003634742
-17.355047882255572 -28.198099397950909
0.078079077995566 21.166655815164230
-23.217438606182771 -30.495232340846705
1.247617692959670 6.418105218791983
20.173468369672129 19.416007732920132
1.068801360461936 -0.907944003161275
-24.604626749857186 -28.713980892978537
12.193080352513979 32.079136149634259
-1.175557018344165 -24.565348695108522
-11.332775996950186 24.854078455214886
13.130328421111892 -4.520012136616933
-25.093160478482865 40.724336312166869
64.622307959583594 -18.771937099025987
-10.599127090714106 21.908008186356465
-12.295948514820209 -17.421413848870824
-19.123341760725292 -32.993778877095401
6.335166125673740 35.273492915026068
-23.734968004325218 -7.664384788124465
33.564303072339854 5.328564710000027
16.745868462767593 34.912145769607335
9.815905021086063 5.108785186146565
-7.290663644838309 7.319300646158566
-4.869822086495032 40.431093038968314
19.706850731220268 -9.618951150773299
8.116598213455680 8.220621871755240
0.347745476262737 13.045327820048861
-17.469691819764599 37.892561438475198
-47.788122358163513 -27.681273445346886
-9.200175020644147 31.546941176260056
6.777863303543381 19.572655413511761
-8.247924078007728 8.141830689789112
3.555644339737783 -15.943321603138257
12.963646929611480 18.066520031003883
-1.014685872565303 43.869023451182429
-17.800990222925378 -6.675457849472220
-30.953875753278847 37.368341006348764
-4.736368426119186 -34.807891430886492
-25.850931786268085 -28.737255160941658
-4.365744169583555 -14.500604478856287
-25.207064676191401 -21.447926634249470
-36.202367495041770 -20.358708149114587
9.881737305037504 29.269427356927753
-16.408093986492613 -18.073017944192436
-17.623327220661061 7.846874619173860
-21.381984213629543 -43.291389260031316
35.629888222154847 17.517816610501068
13.972743351139796 6.006491999564474
22.013603488452873 8.116233425378359
16.692667796418938 6.228653129387045
37.225341149969061 -7.038867687192468
-31.402165810035545 11.137164885554268
-8.883591057624839 -67.087880092536736
-3.280583518549007 -13.511211651045596
42.429926652413897 15.131355539315530
32.330262025688789 3.389972880933761
25.820264821658537 -10.209352934677046
12.795138606735787 -5.303467071190001
-16.845799419014927 -24.501197921570373
25.950387383771211 20.431908488325362
-9.788326771083604 1.878104399828512
42.338370620037914 10.739196361673764
26.854263513309490 2.882581825111123
33.500371252541285 -20.169952120862749
23.716150376220568 17.790391606301490
18.326722101450144 -17.534226669714769
-4.816165795377666 0.434050689912880
-10.207022301801272 -9.289511006849144
-10.483308706272764 3.379997444297544
-18.391638380434831 -29.907437423058514
23.549869475668551 -6.873492176224369
22.154537937356899 4.095105088752789
1.845796047260463 -48.990243811317157
-4.014502014978650 25.256093795736540
-21.162433101311358 -19.237963037982727
34.268957864596494 24.687491657928586
-50.294785060908353 25.438773549982763
8.798869581195822 -32.363469675851896
43.872778332972032 14.534422010659174
56.288279963114960 -4.889691542284022
3.251388043634429 49.478217849793275
-38.017758312098387 -0.884554238513418
-21.664408945943123 0.020302764585629
-18.722980652965337 -6.744418553680047
-22.003266425085830 24.578211692061515
-8.721907904428013 73.777888109197093
-20.670611818795020 20.549525364300454
5.867863968203273 18.849467562911510
-22.741908028201419 26.489783156179321
26.369735595788299 2.157347654450206
40.229885082706971 -47.299182223073593
22.856456793683698 -70.445706266946502
-26.380040043729398 -32.218522433373614
19.616872396092134 -20.544459986969986
5.330182003356894 -3.490241841337716
-14.913141101290345 -27.693148342545566
55.130255852735466 31.181106643240422
-6.076313488728142 -24.163671066773379
17.522475187809047 38.120185276615253
-17.484143280888198 -19.292480729137903
-2.044947933601792 -66.492239604095019
-17.257906229802824 -7.215411363146080
-2.923853674215534 13.546851334037386
23.989137580390576 -4.133900204685518
28.429459873354531 29.976060007375430
31.069602884727246 -22.683662321422812
5.745231085224131 18.972971241841332
10.665876230891126 12.461334358795103
9.805718733671137 39.274965750229249
10.579436464261377 -10.825953535702027
2.300162661213829 -24.168392133679436
-28.475461436934836 -1.570162434697232
-8.752113024801810 18.259667571274406
-16.704420324272728 49.757223275490922
20.458361908130129 27.275739651380000
-4.377147041877629 -19.861403825107462
22.965649591076957 18.486545590664857
-2.735840942640003 -24.066372695797490
-22.554285398549467 3.176121870954004
-8.992909983745177 -20.467367595283459
-6.592808690134652 4.944826122181207
36.211581757308537 40.356718444105027
20.310877726272906 -53.690994818673268
22.320450953509908 2.525205400322167
4.840678805843717 -27.761636721912968
24.723230831674162 -1.536253442115621
32.535782428082321 -3.079244252934133
-8.996265409284602 -36.941966957993976
27.518111649112946 16.285258978667819
-5.524490171833585 15.388242458004571
-38.344741549745386 -15.941972584200492
19.737914810803819 38.302099624592785
-6.808689120593337 8.343606264980313
-18.787519026093229 -14.190988335520975
-13.365604282339955 57.906627258286321
-5.400750466639155 -17.395319360027468
-34.825860789878185 -14.121267766316066
31.640933484725579 -44.475496956320647
0.599462674310334 -37.121436109818177
23.946057393740318 4.252544293606480
-3.114373020711144 -30.373887125620733
24.614146348296277 13.937791182389299
-26.905267177511622 8.182551327673650
31.509726194223752 39.981303253649664
32.744600831564327 21.322936944572852
-0.454782026511577 37.270259873187250
35.425740992226402 14.425504424457580
55.994209777106974 -12.320282756071412
-50.902270214095218 -37.359055056842550
89.454737186173261 18.135544324911336
-14.176044935417945 -12.710348860787652
7.475320858904590 -1.269454511157941
24.094342154424051 -30.013552240666211
7.698382665675279 -23.726206733478339
-5.786796137654721 2.914460090625848
-14.392593352347433 -6.324520691009345
-12.769361497468637 -12.130262375942122
36.916494694182518 -22.248261838605266
-4.893737384663579 20.828951433659601
16.751842138856848 -54.023419316304469
1.929340910713656 -0.115510151525258
-22.398558373041059 43.064576370344277
-15.016456165623806 -13.242613353789674
-25.703886999325245 10.039172541788513
-45.162806152426150 -10.192058798297928
-5.393627901732929 -61.642589281478436
15.120478778135443 -21.212209436950253
10.187719390058071 -8.874388334555686
35.184289085691603 -62.476909557675086
22.041518733860801 46.987427007829631
-7.342222793773726 -30.137731557179453
-32.862634096828529 -21.234802034118591
-1.822813905377040 -30.075157259764865
-30.694368211960125 4.332851215979728
2.995266269704493 9.935008405378904
-16.620465537346220 12.713529784800391
13.803729248428745 -25.645959568240055
-8.857362701743394 3.192927925325241
16.731199756045154 2.577953964268848
14.792951199754240 -4.229840746170937
21.801894126861910 19.684442899922210
-20.389345004683832 -9.494613315559265
8.683663427768524 17.600976044887577
43.727268641323228 -32.309738165292472
-0.906819429561465 25.987409150534159
56.516942480041251 -10.142303109783873
-20.859359260471788 -29.887737711959957
5.801469587245062 -18.123859893527875
40.039028261542164 36.671870995038645
-18.306349788999828 -0.136497051161966
-7.085282694220105 -23.552219476663623
-8.604956068260707 -33.939408169214168
-22.543298653210147 35.288227313126988
-30.829846638424421 -4.279687684296722
11.659339649171116 -23.744716952134848
5.828044152245459 -8.246657159759057
17.223443574267140 28.951232646734653
0.234742187962705 18.399834786799200
39.908547187536946 52.179104592846976
20.616423298947893 -0.992732480282986
-8.428885645384348 -1.465036717155125
-42.535564402569435 -38.539115193790451
25.522412824001954 -32.920030275812664
-60.369764821968367 9.426403276421022
-16.788398549294943 31.804133975629842
13.685361561973128 -7.163450833236193
53.520684639853975 -35.941633945282412
-3.082745293316746 -11.374436999315270
-27.815820736564074 -31.311429721121328
-33.466697730744208 -11.209605740200196
17.286313628482112 21.051031735595735
0.622452479062740 18.736317986056733
-5.445639205174035 -17.446795346204034
-24.154500238673563 9.463434995336110
15.617963165726554 -30.118215347906439
-5.780205125564982 53.230443312902182
24.890176802661486 8.108042457662423
2.545242825279711 -23.348745664996166
0.679684095450742 -25.775675560172775
-35.110819756108107 8.401517909187168
-3.167531667125979 19.196427743969512
-17.133640644236131 37.799352481062556
-1.465811466609460 25.076362338221301
15.802583546179070 -9.308988005574234
29.424063599768349 -15.545662869819292
15.076906927152411 -8.227918049570059
-29.363510130736675 15.545593151184951
-8.174315157319137 -24.820152079443382
-34.264859995002631 -33.972674462276153
20.453989367004397 11.787979815091500
-42.812810910938339 -38.400368131338254
-9.028897106394513 31.403115628957771
-20.274358790423655 -3.350396971891826
8.874761429104705 -53.169220284466661
27.448477480822948 -20.846235575146476
23.693591687958985 -1.401493352993521
39.899042378436533 19.897432023856524
-16.766141401636997 3.138496404667302
-13.740906178706592 7.876851682249947
-4.027344119252321 -39.203740517096314
43.000670336239573 -6.499757801677148
21.604438878955175 7.535799206792792
-6.880257041812524 -0.068423856472445
19.435503142869859 -20.272372264558612
-3.621101883955106 7.758099227113859
-55.526513696968046 -8.888006812290216
43.124179565698967 8.232597342424533
17.228607861384461 15.800705376668601
-20.061657348263878 -19.181879544247799
28.956071552441582 15.587315258134099
-53.249495958365415 62.984062284999531
12.528823190187717 -7.086327751741134
70.024972063032820 -14.032475840806171
-1.105948268158704 -6.836765556724194
11.537403224442283 -13.431593053782304
-5.157531299605524 21.518531278370130
-9.438436788467353 17.730609783717270
-7.775088152368506 13.961500017682562
-12.232461339175780 -18.547218440470395
-22.584762025749818 3.045016739390181
-6.708058077028327 34.361353319650419
6.851506262953062 -2.756711369063479
7.509640597283289 17.106761374889263
-16.228424857490161 -61.730623654417492
-42.062405912834450 -2.048863868260494
19.878434105101540 -8.141032282608906
31.814922914889628 -12.265674179951729
10.900710716298518 -9.792371132750848
-0.099055866014252 18.801810844467475
-5.624221208921345 6.431319593135429
-1.640170554065074 14.451235608829425
37.358707788898407 28.647821511831044
22.784999675112751 -26.166360428228906
-2.565740982594932 32.629699689814288
-29.175183535402326 -1.759682498723061
-40.182930826878014 -17.466236706063157
7.317992985626155 30.620637139047943
-1.720587143293096 -5.598443604185931
-42.129429434360304 -35.297444634492827
-47.885176615981614 -20.740255309873419
6.050953901787397 5.373732715791056
-15.392194990223558 14.115356528428793
20.343799203054356 17.122639271298098
16.251174022214528 -26.362292286543173
-41.068104223928238 2.310752922611215
-4.362151333077072 -19.846969502486619
19.584291032437779 -7.041725037513047
1.188533135399913 5.211417828179777
-4.841236302984125 13.435914678778312
24.633442374633461 -10.590223839816970
-21.459855069078099 -0.184231044661834
1.163179424151701 17.519438727108472
18.595889582566077 0.932000422214771
5.790368071853130 -2.291941491792929
-44.984670894217068 26.451883641788360
27.015529614225972 16.705902489365688
24.435808944381940 -16.303033920068021
47.280971962833782 1.735532172021834
49.925367672914398 29.470649491105384
8.175594692339933 -8.760956121163742
24.385345188249751 -10.528056860143391
38.302162989736743 -38.702363497536901
15.903358300618603 3.676583424226167
-15.099625209375933 -16.512450572794101
15.409228343961555 -6.579781131513742
1.630648630760582 -51.838038708090430
6.765905628794934 -12.607953484580936
17.880242714655967 -3.878720593413213
10.702514937797924 -10.764462702195116
-31.732734518900397 -5.310912275877149
0.149894223950562 13.201490279515458
0.671509499723013 26.800704299589803
23.709007289385781 -37.865910401284374
12.259513212736083 14.328609971141194
-14.525838690176631 37.715787274127749
8.362545118077074 -10.458739437411442
-1.328695830553832 -12.251590107621460
1.121639648779244 -0.298122455083716
-6.670790684061355 9.194138904557532
-13.295470179215478 -41.776313165957831
-0.464632032527757 11.175299933642771
-21.518841081308786 17.127413737990157
-20.078724156678998 -31.121360466238411
21.189432998792903 -14.201279677080022
51.385201438648721 -76.074553479373321
3.680932851754995 40.972321749608120
-14.631627089386354 -8.620341136931804
-16.478645256306574 -22.342466859095904
-14.561743657917251 -3.341457733842300
-24.579261847119767 9.054450748348062
-22.672967259777231 -47.477607278821765
-13.504388999970383 -2.129474179921669
85.049664807036621 51.338912066297183
2.938180240346079 -7.207407694066597
12.669821507699872 44.778159537952874
10.218042062862759 -12.500833553164711
-24.192993592032607 4.548048859038348
43.306811113719910 28.309535912439394
-17.718128230663854 10.576228794669600
21.650947812957114 -10.837889894872710
18.679464094347466 22.495944383788455
-13.167093860525265 -0.603654004843529
53.580293914342256 -51.613640898679890
-14.406131270997616 25.174351718809671
0.536971672922147 32.524704373842482
9.242373874631914 41.382082096953923
-17.925757196826520 -2.862388155791290
-15.014469665711871 3.605458684446134
9.489553437217163 -67.506611713201067
-6.719506454418593 -25.974791692748486
-1.832462845036353 1.351743153599609
-16.032814791051994 75.340278137369253
-9.737947051101461 -41.675867793674719
37.021380418612125 22.482861957138173
45.287902993109718 -71.057374767451108
9.397198637082361 -22.815589762257254
-24.507263718241600 21.861383116845698
-40.445594702397649 21.174034878525116
4.101647221284956 -18.217105261915087
45.257429481939134 -9.073491432303292
18.518728910210886 -10.164649464520313
9.542104549708371 58.819660890383076
-11.892723356290389 1.570904065820891
-3.813913529337009 -12.521644698548009
16.185527095088748 -7.765193498058330
6.226361505413591 -34.645628867703763
-13.373932917804657 4.332978845021253
-32.066349714024028 21.853306388185050
27.007328973491102 20.478927982345301
33.906302962716431 -16.494952703594780
38.765609116733906 -15.030119360999429
7.779030973480316 -38.879646313991024
16.193079264503144 -5.300379095291450
9.638499960733553 18.610965946862667
-16.900802379310765 27.850829138581705
-8.664716683400348 43.422402798890552
7.132567141206732 41.825054784404905
-1.381829973207125 28.689974875223964
25.491272674486392 33.109296589725368
17.238379267742928 -13.407323716839677
9.191603601449254 -16.767623035814342
-11.969358005132722 30.614560516778429
18.855056440777663 -52.912856212077571
7.623279376396311 -44.723671695204459
7.247543983648820 6.678649677346312
8.173571895695883 -70.819031464777680
29.616071195787299 43.241649051137230
-17.961377327972233 -0.361527333762476
-41.266833508277102 6.620293225533898
6.285746466391573 -26.424380664959301
8.059918648506292 11.400329882560001
-35.522412187409707 8.406327849216826
-31.616751061086674 20.194446756460916
11.937378870794202 -40.889650345691493
17.726341151911143 -34.597516510961654
19.398383432563829 27.653952427317034
0.886878312248297 -27.935866361490412
-26.704565115710270 -26.025681054037566
-20.369186144254481 35.686883152285958
36.490923699704624 27.929988732298774
-20.543793362945049 39.628485958497201
12.297984737180235 -3.023842440704147
-27.322524106753601 4.671883568633167
-47.853407693758960 20.433150817929373
20.385976065424245 -43.579241947443350
7.861731941952556 15.151027011646965
4.655237702625694 18.795338369476525
0.919513736945920 -15.746769162656888
23.278071873252248 2.691486353955934
-3.409054638804546 -10.064298092886617
-29.323879571128955 -19.033376024849531
27.780738659748810 -17.898338475094683
26.819122799024406 -24.485334305471046
11.623888760620465 27.034996717986218
-9.319365048231875 -22.019858604100218
20.875740899842633 -37.868516424991988
15.943063385806258 6.525704753406975
-19.279922062167220 -25.695351092157029
37.665692516066336 -10.299487712373544
-19.517840149474861 -8.602598828111569
-11.247846415523663 -8.563165549206737
-18.826967650837847 2.957425224042100
-22.616996028922127 -29.653758031089893
-53.146342286960184 -15.459815278309541
32.404130639090397 -28.720914132452620
28.507775291378465 2.684246149644842
13.158676171807759 -18.967547209496121
-49.865251876054273 8.896116915081654
14.538077417507374 48.976566370419732
-24.530494987546131 -17.044916043910533
-9.479752499949006 3.942766226428881
18.780432037038143 -13.310240869114127
-6.921207383615087 6.199800441863744
-25.843360871972955 -50.130079398920515
29.952408671097139 6.308267650518292
11.532831911798164 21.209413648566109
20.962216781778910 6.421699830167178
-16.731802487306197 2.975592360948108
-17.664829017983163 -11.854152414886496
13.337187927989262 10.612743871901428
37.247784098719350 36.323965156353189
9.992577600834386 14.079714627397049
5.629429440035389 13.418346838701293
2.859952793905500 1.025698986675853
-35.891595670079184 -1.586394564354103
44.128864766529496 44.358820166843145
-15.689995936017867 5.930222705127479
29.586162340533569 -18.397018731093954
-2.755153423545176 9.190382647970308
-1.229161932451359 4.769799648705429
45.498793741737217 41.073941657666431
20.033736491600706 15.092740128935217
-22.351082457833183 16.377761932139755
-15.600456395739524 -23.479476362971159
45.457435528344433 16.571988762069115
9.102605157792274 -11.645030566941687
-9.417276985558459 41.393858307104011
-63.899625043905040 36.787445543641972
-24.258230364210171 -2.231288379387790
-13.373539102113096 45.080729002526894
-58.216212979124442 8.811039992782213
54.612722304197305 21.951118030306180
7.145639365830427 -1.273970067509672
23.170751396050992 -26.363231977447047
52.922823688392256 -21.287033084679319
-47.346541164559092 -39.191979701815960
-40.253444435985642 22.321346846435905
-7.214400139473422 13.776029633781626
6.038877530618953 -11.621108417712701
-12.147672449122856 14.405700495446293
50.535216046316492 41.452343989043129
-20.451067216586189 4.977974717404344
-36.068971010241640 74.946206235033799
-17.026364551435869 10.121006796226446
25.695778388201223 0.803424668915102
-3.621812091438677 -9.711936924099103
0.255948678475359 -14.458333019001453
1.102952521615804 -9.606900764095030
9.161401299227073 2.840306814026394
-14.109136090626805 5.909312975657798
-25.897046090219572 -19.381630904932624
-10.253213333738794 2.979307247091082
-7.973243410370988 -47.587516360136128
0.041401154720884 38.234295003025011
18.821871409770374 -16.131584891215471
-32.722794044135320 -3.022242104007323
3.658101280717415 -8.413644964929642
15.340166140687408 21.376467007699432
60.876103639522398 -46.231550811242307
-9.265393941551284 34.266476897775640
-17.656401395281947 4.201849599641099
-1.753826957665926 -24.582669189826756
7.022510125709511 -23.877223398282009
-59.663378741298807 -28.085722180630000
-36.953669600062376 43.395891971294276
-20.137151338040400 -28.087067778906764
-54.934862397090157 44.471427154837308
-37.055595218075901 -29.952787780174489
2.273853492375953 -9.122835976712347
28.095189553662543 9.349944045673240
28.050491861157024 -3.015991217717145
8.070618108350855 -12.163621473046582
-4.804432515093056 -27.038349456986339
-16.535743188030242 -45.197277953146795
26.183227036089441 -50.631119435656871
-11.756040189998245 14.302675102966608
35.213931626661449 -16.481477620853344
-42.186796633762704 14.484184857132503
-45.107549396282408 -32.599675814243916
-24.183467492794950 10.700990322699688
-8.447824265385325 8.459299840591319
-15.128945867175075 -16.142897828457098
23.728407762203123 15.798575259742760
-22.928714905722821 45.013291005360585
-58.765417615129422 26.386498803600475
42.266284852913024 -12.704535843767095
-1.817166934536988 29.125954626314492
-18.949237958710388 26.478744593218746
37.692604381383504 -6.252550256431151
59.967871045326866 2.320613911380790
-7.197911774477946 20.442344603932973
-12.017378385221951 22.563489992789133
39.836023346201756 -3.549457967261410
-23.591349547355904 -11.292187474760855
3.603404438140496 -27.916350178062991
40.873013464521456 11.945972636365022
15.807672445936328 23.759532769916660
-7.222991268592092 0.341607664067319
-70.357582893888548 -0.895492741679963
-3.842652394157366 31.972792229595289
26.681831658056911 -34.537489182460227
52.390787132745835 -45.057210471801795
61.339040003658575 -15.610903077184265
-10.293311959377991 -34.247791712055374
3.655722810428022 -6.695017096576006
40.782806593948280 36.462931130612425
12.273852989128487 -46.520675651264668
22.427551490029849 -9.990162770750414
-19.138441938267604 43.922208683363323
-1.482954646673015 25.971202682209345
-9.616611632889592 54.289033758581496
-12.341179879569356 52.697421940780529
6.629630340093536 26.536589374314843
-13.484841619299068 -27.512244584097491
10.284951367565057 -40.800623197792724
-25.767769157536573 -5.634833093426650
31.270439973831511 6.854600653405590
36.728157177692722 21.186104266488236
-21.133785610239013 -33.280108757303523
33.754514637949683 -12.524070509483529
55.393259793251516 -16.204696880085358
12.958464645989665 -23.228798521463954
-50.391676389931732 -19.554868748021637
12.730258894855739 -19.823065796011242
-4.006626595315718 -21.847215976268814
36.448144520518404 18.247227483379305
40.708473962257429 21.164234115902797
-12.525032489061999 11.317700489884389
-11.685960909371817 -17.291612544019276
-62.680615101580045 14.343684968370086
45.757813546572891 20.775898600809395
24.774621901758625 28.256577738118523
-26.746226769792482 -14.867858523542871
-22.516468311624337 7.395953341847345
36.212127812164681 26.812312528124920
9.454874722149295 31.906044291101406
-16.992862111383293 73.822701582536183
-2.189981747914566 40.814654682181597
47.216507638440063 18.210914395642035
22.759977107673745 33.180758322913732
-43.792667962449599 9.333610438701655
17.826072766186513 19.835903174476940
-9.456019004802060 -6.531625825962401
-13.900649187231567 17.807040831351543
16.933352265547285 11.777359966777539
-41.873725344224781 -13.958822419053901
-63.423461398128659 -7.554342595937459
-3.562100405512110 5.095357362143894
2.484300952500808 -8.816374868035188
-3.910612648444536 -7.545261546480499
42.428039656984062 -4.909948293766965
8.912112547218802 -12.326901263609725
-18.213379503535034 -52.779990780120130
-25.566223213848428 -13.029456426442547
-16.097574488655081 27.595109811381768
-19.244785482218987 -10.829172724984097
-3.211009052649322 -5.467229472666841
6.443060117189754 12.256335685325125
27.312362608333906 30.015827161093494
-3.748861613903611 38.598299129536066
8.094927473145775 -12.673046552804783
