0.000000000000000 0.000000000000000
0.000000000000000 0.000000000000000
8.377469162471737 0.000000000000000
-27.129114579245272 0.000000000000000
6.556739246092020 0.000000000000000
-5.613539743001401 0.000000000000000
-48.009880596745774 0.000000000000000
36.843121655863854 0.000000000000000
10.838902476171235 0.000000000000000
-24.652186926274137 0.000000000000000
-25.131195884226809 0.000000000000000
4.247353737467380 0.000000000000000
-2.142830943273314 0.000000000000000
-10.148802860259837 0.000000000000000
34.869276288533491 0.000000000000000
10.141329964635160 0.000000000000000
31.166729618187095 0.000000000000000
-26.350201941654635 0.000000000000000
-57.279346525040658 0.000000000000000
-56.729624145592283 0.000000000000000
-41.599453667759128 0.000000000000000
-34.165021470545121 0.000000000000000
24.842677345406869 0.000000000000000
62.076128608277067 0.000000000000000
16.928690692015703 0.000000000000000
98.696249464079372 0.000000000000000
41.236225991055719 0.000000000000000
32.936824235611105 0.000000000000000
-69.423379788665940 0.000000000000000
-44.800914299102580 0.000000000000000
19.751365772877939 0.000000000000000
-31.620493971920641 0.000000000000000
-14.790771784984816 0.000000000000000
-34.830598312936317 0.000000000000000
38.927765639552938 0.000000000000000
-64.156575614768556 0.000000000000000
-15.161458587197878 0.000000000000000
49.592825851579761 0.000000000000000
-5.146683489018544 0.000000000000000
-20.211208862091343 0.000000000000000
-1.258854482737698 0.000000000000000
-33.380025969441647 0.000000000000000
-30.718276319544998 0.000000000000000
28.108295387731474 0.000000000000000
8.711344854885951 0.000000000000000
0.301374786288308 0.000000000000000
-45.131081781610234 0.000000000000000
-54.792306913621829 0.000000000000000
25.250940029038585 0.000000000000000
-1.120104448766662 0.000000000000000
-3.577401637870114 0.000000000000000
0.000000000000000 0.000000000000000
6.921182422642983 2.442911893856652
-18.236804070730503 20.248585358806135
-9.701046433059869 12.356884186332069
16.306566014630786 -0.773298925945465
-7.440814098931612 28.141608243560309
2.237496555539585 23.771984979730451
-4.844510183632614 -18.970708948232222
-10.756996446797665 -11.273869667838440
-36.273456540798847 40.246741989558146
-51.141422892950246 28.361650433235624
36.744912103689025 -24.235247299375200
-26.792803597974196 7.398481656216082
-5.306312810499049 18.333095514439790
-3.762328734222311 -0.165629194366867
-7.019195793458063 -36.008796279817730
25.333094694796163 23.312912531837902
1.114392480799737 -21.412399275458998
-17.695664034353616 -22.405745943477015
-17.333171868999013 1.593853213683506
-26.834926974813865 10.627533899186526
6.478872718524515 14.482941897955264
5.158534520903364 -8.655906572713533
5.144967883432416 12.008082552281337
17.760913762562478 -3.448431654493001
-54.100385983993029 -31.938156042964152
-10.086495186088577 -15.536122238087877
-13.772453996096649 -9.236135075017026
-22.463767367521939 -40.146205910596095
2.515660092946115 -2.649098279933334
16.140760210948478 -5.410875223600620
9.372841696586496 28.638357976130749
-19.950921878093340 12.437367560376408
-27.177463580015988 -10.165632956812425
-33.442048265580354 -13.181098518183582
-13.365561655046122 32.740678307017980
19.743961076862018 -34.268831101050296
-48.723236957764783 11.691123393254912
-30.453591911257089 -6.762515160959038
-39.671039354315631 52.725194827453848
-14.632960347691839 0.603611162690488
-48.525822120943801 7.708950653162787
-0.140690917662657 -0.202754130321392
-20.795586432339316 -31.370883465800738
-11.837193322967103 -7.004669912469756
17.569786084964587 -27.458647623092489
-52.295168863017388 -7.230451411927704
4.431384452382150 19.614315438588743
-9.891198480556287 12.558953212060343
8.156792600334732 -13.239360114097572
-12.678078430101570 54.798945559804778
-34.839700844440664 17.950560412865684
22.926023511310447 9.751814152270626
-28.039121286291945 11.402477387880721
12.754444442820011 -13.419541988927451
7.060410252596851 11.770941087141955
-25.147228549043739 1.551844686334997
-2.136180106313338 -36.184143508740007
-1.287812292558730 24.512499334683238
-5.561368754714241 -26.178012428473554
15.441229698217894 8.658539785777212
1.264582662253959 -26.767612996418784
-8.712670282858115 -11.813137532057576
11.070994651934136 9.674471142579925
27.915706523015324 -8.935751836462785
-14.998391661609364 -21.532066151137862
-26.606065229046475 10.684431432516449
3.461422799622163 -19.331905064722527
7.991507578528505 8.463972207555384
0.498574998401820 4.028924295537374
5.816599171578937 -18.409530927862104
1.511427829241019 27.363205912493591
42.743689329141731 -39.240827235038118
13.924679343370578 16.211831847616484
6.389833120811665 -6.233438606540190
31.810216990061168 38.946304733464153
7.384504265547210 45.751787509043695
8.891064083773305 -14.399533558449978
-12.270243261914475 13.813613093526303
14.677348873038211 16.654707672851178
51.476744799985532 20.167786064317816
3.137872442913062 8.453555406549153
16.177014045974190 -20.493095312414376
16.175821249125079 -32.119325320002829
-8.749434017015995 -0.071570608154588
-18.748519175500114 -24.933822421661226
31.907961387272124 26.311567741755042
-55.809301783532682 37.158615060547142
5.124907028241701 16.385194877559407
23.406462881750262 -26.795463118155922
63.546343850498133 -1.798059097252638
31.105641821681189 7.427332073767606
-23.325332552651133 5.033031861987444
12.567138878364629 -10.274809633782903
10.879000177773483 -16.516918147887786
7.285501535827730 -50.099258692648483
23.922948316686021 23.348721613627642
34.104518235023995 10.288349352476331
22.984159560907475 14.246250475690424
14.181448236815600 -4.867303491311989
3.027413431815413 19.406901864670136
2.717620191455369 7.750174934605993
30.344354898188858 30.488607533262090
-19.010064093309101 -18.134857391669293
-0.358555110018148 35.979471728535700
-1.979422853083521 -15.193697020649731
27.368707267514402 -35.403762799087566
-3.900125487439216 -1.630471628449222
-14.451828655547171 20.174314333154502
-29.368694868874389 -38.045457757010631
-0.376010243947179 32.143709718163393
-20.705986511176054 -29.543385757508286
-2.569845339483195 9.713045094811958
-29.543989975833536 17.867988687603773
-19.812132868748453 0.927563055949171
41.531241316833729 -5.131446663119275
25.848523673752950 -7.656004772329934
-16.933754700347297 3.576456144697862
-15.285165848675467 -18.726931733589282
-22.798025663138677 -20.906526245667866
9.166346600091499 -25.322968177666862
-14.720210666504206 -22.783076877303742
-10.063813936133103 -13.529634693057311
-29.979253306615607 25.550391848696158
-37.725251223982696 18.853979628129199
-24.727463901358110 -1.680284075535293
19.166168341289247 -22.056681589780105
34.141604037272096 -30.215002345978988
5.244362528746515 -6.301706060217671
12.229395092826413 32.734637528311829
12.379578925110510 -43.041266574184768
3.114893389491538 -21.689796831776757
22.275511409729226 35.794357359310879
32.770308980284625 17.416666891440155
5.421353730780389 16.281274318334017
-1.003715993978429 3.877818453281077
0.502819747375392 3.682995498094042
11.888062586384468 24.597647910964113
-13.651680315320739 -31.946401093661741
12.656795316342270 -13.983757597198569
-8.022982425949250 -22.638062119258599
13.812199720382399 4.578536685694511
-19.381640845694417 29.411562440317969
-8.352508607828929 -53.869461067289436
-4.256673764017413 -31.503724051861326
-32.712363396329600 4.920208872431307
24.806465450792530 19.663166144631393
-9.212845909395352 34.653668949907221
47.422157173571769 20.411081867239481
-6.122554304585492 3.474078398056922
5.593205711448943 40.886449920395059
-8.970457406380566 8.451922242453977
-9.792399047636957 -20.302838416614371
-24.063975316247912 0.487053513944728
8.082867242249577 11.834971840872527
7.913648697891802 40.601510614586203
8.903884061630125 4.181283315865611
-5.198628924278539 0.757414815112359
20.137532135344351 -9.284075673976522
-7.151834945019468 37.432154772270842
-31.639748325324586 36.621131648006248
29.442305059791011 10.637582481489757
-31.007486642507708 -17.473589936290683
-11.192270367052227 44.702869013952856
-21.870349197429917 -29.382862998470234
-30.297522416561193 -10.411496386617417
36.206243592392397 -3.668325917827767
-6.899393804771684 -12.167206982044732
7.841213612043131 46.729944478386855
-1.551380298368245 15.481007490126593
-25.338591678740972 16.205628077718416
4.076611448422091 -27.671742325636238
-14.924936862400783 -10.250888626337412
-1.381523537493963 -11.089281748620289
34.280229284854514 -43.004756090405110
-6.878186964174005 -8.654642657676133
4.530663747608273 21.594667827342299
-19.738111663254934 -31.423838640680568
-49.590602428953034 9.481867165977933
3.907862386222777 -22.431417124143820
4.493724938693357 -2.445802816848146
49.320995943172498 -33.723330763229647
7.684273845815744 6.987862664777058
-20.849380796728418 -60.939580772080305
-5.362328497510194 45.232417080546369
0.645079048685612 -10.095341246897048
25.851527486058792 -4.993764228238458
-21.825954320011270 -11.088193584060129
18.549780415123280 -9.774997868270482
6.009331644874093 -25.889691845421599
8.483505026578323 21.350645600021110
2.811497893752140 7.613567716179460
-25.120196248182665 16.629063945228921
35.616970115719489 78.523315271400321
-4.190211607171070 1.610484474087618
4.001213466475651 -5.903508366812186
-30.851321924863015 -25.445451170552470
9.446191059125336 27.088792980667829
14.331551890039282 1.476340587888674
10.872511332045248 -10.758757903989418
-9.546284293011480 25.330711329679197
-18.719546619450433 0.968184071749393
-3.580164582472958 23.947757897105884
1.376421931544636 -16.582544723688258
-16.582592916204543 -33.558204363855417
-26.468260347769593 41.576101679256212
-28.606684515671819 -8.490996356403603
-7.565768593560837 -28.059598152274024
-31.058556894271096 7.609992361713311
-29.487113674297284 12.921599421124402
2.907299101409106 -48.941147942664657
37.952525416045212 26.028772623424132
20.017489795523655 5.436633586808174
-41.490875341607087 14.970028825819947
-31.897507970302001 15.514727788582924
-69.426095923792715 -42.671220352796098
0.179244235686140 36.784564387138794
25.391684607700405 -21.902766594358344
7.963129853714702 41.112058379222574
-35.702624615192370 -6.007580824949038
-39.791753940587533 -17.519402884108729
4.192352505518642 27.881149559188522
8.509119515317211 12.842839261802247
8.949715534133642 -28.744189690239594
-4.299097588128975 -7.085176527084924
-3.346815424272399 -14.196057876469634
-4.993927373528013 13.043394398765781
40.194733309617440 -61.106399335197025
8.260855380384804 19.174123654258832
57.409821778780710 4.740063740307224
8.586700028021836 -15.998071185676034
17.853963179277546 -0.217043449883961
-38.301971395629138 26.210139435093545
-13.473188038987848 -41.684955170794289
1.686024047563700 28.116750398476860
-5.845734296266353 -21.573088872888398
36.810985291698714 -16.884934868851378
11.813551658536456 -33.411915682940332
-11.771758793261579 8.905014265296685
6.104061550844233 27.329866836077493
22.122004763225856 2.734808997354806
-2.681799244395592 -50.073908569909307
52.887459345095856 1.845749196922279
-11.463839242504406 -10.763466920394229
47.885919244198355 28.087509020211968
-32.239534791625154 16.723481495948242
-21.139553956129632 -29.096018372819433
-23.204651696074084 -50.518759065565511
-40.337699551663704 -17.052304129271018
-4.421827280988336 9.195632901457099
-5.801532100128123 1.512886097485192
-7.247820344546169 36.605797511896156
29.210711855410061 -19.321318659746503
-8.728341574735468 -7.554484072991745
4.487025239257520 -19.330444168465508
-0.921011866519324 -3.416707803959222
-12.183883387004681 -7.107108736944681
-19.615104469370316 58.872821705411830
6.725438447372632 17.234046451845849
-26.401881602853361 -33.128475355294107
33.002528786831441 0.856463895430017
6.844005538016985 -57.208232245569434
-37.882084335374500 8.557167637815972
8.269063073107514 54.065331344034391
-33.905130471950521 -2.678534061745657
21.103933744258327 -38.199152698103859
-48.180010532976787 33.902311383065253
-43.053279028704260 2.953175548711337
-5.138234818171954 -3.998835485783765
-27.914465403829155 5.517076446936909
-28.708280546909222 33.631168723392697
11.118970878079834 -20.212745263403640
23.311774148276800 16.427823866850733
-17.079841682153614 35.271452980152681
-15.671621134563098 4.231605108673669
47.827401832957001 -14.038651610441340
67.130932378786468 27.188613419431462
-12.689612570735690 -9.156673550146989
-1.812093802695785 -1.104203007917651
-2.905916813029481 -12.312861580054859
12.119011802935454 -16.169936428936229
-14.143343997427948 26.841256073149399
29.203227256281018 25.816511436489641
24.458123791552914 55.041443029728640
-7.119464627730866 28.700135430784254
-35.378756000277804 25.793696717807617
-23.397999602017101 -13.404406917609290
16.114599121890787 -8.177269941429664
-6.756160355800589 16.752941029141247
-5.808578260006811 38.372590241997464
17.999500914654597 -10.839742133135951
-0.759179998657496 28.242794120897365
-1.173094032944682 -8.423937576953529
-29.934870014832121 8.110005407466208
50.464385736731593 -23.157710646997810
-31.171686502812289 7.127432780880924
-40.894562509500034 -0.940762567916736
-8.815063022900887 -3.429139679798743
-11.237214346810935 18.044253685557546
17.800837079160210 -22.800900834135540
-19.130569170910174 -34.848170016140045
8.296128843327155 -22.695979399722543
33.809236383843583 27.670699151624671
10.484761867836447 55.931140124271167
-19.042447094789189 -29.744628282163646
17.550913971872177 4.156237595263875
10.043987406994882 -12.048351361733852
-20.922120724675395 -5.680618511378992
-18.004191272484437 -14.000210470086857
-17.872017341824360 7.487157154144677
11.233900119980456 -3.382466825734950
18.721655127425478 3.947546252735993
18.400514851157556 20.537261492899944
-7.915461914570286 -17.952790756002461
-32.065723484537756 44.784085382928367
-51.021448261549722 -14.806201242543921
7.097122436101564 32.618593049117955
24.247697524207311 -18.466688533656605
-53.004481572536932 -49.026268235923055
19.661617284124798 -32.064026027540216
4.987822272004099 25.299124088387348
-14.059863260888362 5.188722994708273
-56.393880237147044 1.023645609570163
-16.195047614121300 6.119232536538335
22.805337524804642 -15.754194398170693
24.598038936069106 23.460179161890913
-24.705429938348981 -15.577164157118636
-10.758286023226681 26.316261714518532
61.880662259746373 -29.643730222214948
10.759453297853966 22.790091462906407
13.231748181517565 -4.591126446324385
33.624497108225938 -7.510619936927005
47.889357625472336 6.935265543978092
32.778534123450363 -1.226748654421238
0.729831740656996 -9.484739209477228
-15.075605893666861 -17.356029115789038
8.650853712611765 -14.670144910531647
12.153443612064496 -25.966309687256686
15.647055898074170 -24.422390269689185
-5.193076085324868 -9.021651128723827
14.538719450876016 -46.772042830741732
35.099679073729597 0.261092404913658
-7.089565872101776 -13.193810946568794
3.339308720984017 8.063974468454822
-22.236662210887189 10.285740139077474
-4.058284820624722 -16.038958204865505
-0.483170694913519 -24.617901518122082
-32.774526571739614 -17.154235369208280
-6.687895080752534 24.999458003235461
0.563385760728400 25.308876405735436
6.917841564907122 13.305607336828270
-3.837633513692598 -19.022353632245178
5.253763071720318 -4.487656757275603
9.063934577804474 44.571891249561531
8.116295390759078 10.067110586074284
-16.313958332995771 4.498575931903213
-25.009637494704052 -17.893431383415514
-15.615346197944875 64.382878442944602
16.141473856882207 -0.793062260468401
29.588899480615812 -4.308319636564951
-14.826079326231390 15.264015189094582
-43.266681277136286 -18.915170351614265
-75.881011821658859 34.886434525568617
77.437214651673685 -27.356870354741311
-6.661647394879362 -17.322214739040035
6.686392283100663 -23.946565569476221
-28.589968844915912 35.873144291133855
15.577379697378102 -52.294738268759367
30.090360777541047 0.873007818977628
6.121902528939960 10.665403185194423
-41.501586610642931 3.345235925294851
-19.295584571042017 41.581349358426991
-12.570412358971856 38.233765564747095
-13.817631978928388 28.309237495029489
-1.284446554251719 16.853426616049603
-21.472041415720987 33.963161301386116
9.059094721917335 17.813391553988399
-0.098355342757002 20.649774298235325
12.534956056017771 -21.964951662176826
23.238780863648667 -6.704580985595499
-11.775232364991833 25.413859898356510
0.935568440162666 15.339464751317657
-25.046883540884551 -5.641740297430987
5.515082287163903 22.037725883948717
-13.696240577970997 12.472927347441750
2.486301366286098 13.120779539996253
-19.291051404692606 -24.164585725071298
-9.912495109095454 -12.948308743700503
-0.442363406226890 -4.592882031080141
-7.250486335832539 -19.591789863907035
27.123373911578469 -8.517411790119729
3.818858559274221 -7.256412734799568
9.953829179581021 -31.208871811757422
6.813835380333675 -27.821264874635112
3.368058434967431 36.512881614035514
42.824500162125418 -4.595878386877168
-3.109907319245639 -6.795104832871155
16.124237917904651 -14.718511895951243
5.317996903763602 -24.781416871088528
-27.811655875353985 8.136930040589588
6.583863139561275 -3.387427973580158
29.084151694317345 29.789897495094596
-19.181114472482495 -23.927578459691457
-23.232995601350769 19.166823407414711
-4.240953329145104 -19.872992930878130
-36.301395354310699 -14.989546802265776
-24.435669409694210 -13.969097599186018
-13.988431230246320 -20.261108570549304
-37.207067572973052 -24.750713636841866
0.972058575649181 -58.373095132562526
-13.467770528453345 35.873379954470714
8.014787816033040 74.250518094773014
13.830400247077346 13.734550787484858
-33.493265104615659 7.860765605870968
-21.646803057516205 -13.864732095456365
-15.748306436020401 23.684913330725596
-29.751613070037930 -18.390727210926020
-39.597463021446693 -8.994566553759462
14.868137473649051 -45.107271922121811
53.543122179462763 -15.372280807686105
-4.333377624692641 -9.443641040180063
-6.845784029600152 -11.177941668322799
26.137615019424615 -40.125799624555469
4.419217292259416 24.911452286656644
13.883250799366168 40.749750474558233
-9.060278128224839 19.197281635021902
-7.071984213692859 6.162335668560936
33.727243741362408 -10.179018538607510
14.440596516242371 -20.857883681944074
11.315379149250779 -12.091661501328286
54.326643313188626 10.114567263734429
-7.918367680797070 -40.393626015831877
5.030672674387690 2.514610538675544
45.929539048812991 -7.538968384742478
-17.775244846927844 7.588785527318721
5.585627409617853 -3.662785389315917
34.873181229402114 -13.063441813428703
20.221927429218542 21.120173268115828
-0.569340317531689 -16.388809284905825
-21.116025716987618 -1.174679492221600
10.709927052958966 15.881590134700780
29.855673545078943 0.362350060688308
11.473592984642563 34.600277902756126
-29.346036884518327 -3.068516103679095
13.412895741379852 -28.238573045750350
33.429462299212496 27.610901008669948
8.862256508823743 -10.802643960296379
-18.461384771004209 7.156925544208530
-0.413410274014276 -37.195713424554107
11.953872360966214 -28.931901568140301
25.145991520363072 -2.667231132311150
6.333156623033807 19.351770529845425
-12.258325303253621 -16.661239564982747
18.285811372076385 26.034713491396065
27.981340733631029 10.002605763025633
12.549345084645438 -32.805135394065474
-37.659121259700022 18.734960010608894
0.230955002467948 22.532474431503903
32.781062380108878 12.273503198518361
20.217222160462377 28.217553112796228
10.066014126921877 -22.299185537190926
13.677329464220946 23.048755422861497
-7.454842243468552 21.398600171415932
-18.726019951824000 0.950702268994081
8.011691654528276 -20.835749373023219
-25.507355100648105 -1.188040099051882
15.216851380638014 17.296359997092033
-5.419298243598226 -2.773205443137003
-12.935138490092946 59.318806273292068
-9.363421215026543 12.029253377790747
66.595658725222705 20.195770367426103
-12.735901454960018 12.076509502546090
-2.081204496798528 -1.050299080366882
-3.671816515458721 -14.245178980921320
-38.402285552885658 11.177589660190398
15.532573088726778 -17.785136925595943
-8.378265296882866 -15.764264584874940
3.917726113793779 -28.094730945405860
19.136005021433313 -17.190571773330461
-18.590928111135753 23.971713615436876
41.092762803890416 -26.801944298223439
15.541706511713468 14.135540143903764
-5.765879652188590 4.687298466945221
41.685342636253587 50.023408773741046
14.884970552461233 4.584369142574614
-15.557271283741985 -13.166027834502691
-21.740078934088558 18.655678724326407
5.517130468505034 20.282531350865611
11.995331055007737 -18.934429935323216
-24.612317308146686 36.620903718434974
12.675168781581553 -48.395794237659786
11.544800124518940 12.606276832819393
-15.632728358584774 -1.715309667901062
10.770278142123180 1.602045263751616
6.815164054739673 -39.549384454448010
13.161523999009242 30.845501204810233
22.619461995087267 5.215572354398755
-22.102194784637454 -11.798241653431269
5.372488258808055 13.820305625903147
15.734429790442952 19.177165740406888
0.995624021629578 -34.348057406375808
5.122401413511556 -29.058592936780023
-24.932729340655762 3.281353400710644
25.451665344710314 -24.157765101347323
-9.228032077592983 11.576895451646545
24.190391158835947 -24.807968427666214
40.207373062619354 -15.885856410050016
7.448912209688753 12.809293865010988
9.489722725590852 -36.021902514469510
1.009235332739534 -21.558293954272145
-23.229992889104253 19.417539675190302
-41.096930372102797 36.703970799640572
-14.720882158525495 -5.435246789024102
14.853969009904327 31.772290642426263
-17.708483204484573 -12.812144217732214
29.173272328740353 -37.885608312823365
-3.370215767303701 46.674833048866383
-26.489940258526357 1.429717229890221
-1.303127039188819 5.589503204153723
-10.186831029276727 -20.541038042244125
-0.370795183735304 -1.810011897492164
40.718039646835805 28.254693575939115
-32.177625156911802 5.198450480928299
-14.230601020830886 -15.294350886905232
10.875661750720102 6.083882198798165
27.909729339551028 0.999558693463552
23.465245460504629 10.570658243021306
14.210980932020590 -0.138853109121827
-21.901168603097094 26.920932750256881
5.422924392690333 -23.401752240528779
48.039472532101804 78.009878564026309
21.328342867227455 -57.843738021257664
-15.879227025887340 44.029078551375264
-6.568776689859647 -13.520224548187443
35.850833317224470 1.105608615942447
4.010952198763102 23.718287192236204
8.337198686358397 -17.540158196997716
9.472847385172791 -35.371139955247592
-0.767203499911063 0.781354049736374
-7.421897139346211 9.319932113783743
-31.625404738970580 -42.792305679007519
0.857543639764584 -27.385967041685067
3.964727058053616 25.416361730483988
-8.598839016441822 12.793552953465310
-5.094659053778907 -31.435999214984715
64.374643890877252 2.221160834063868
-16.382327747300884 9.481915842104659
17.607225313773274 1.090953642714453
-7.150612301289377 5.011042993164482
30.768249194238880 -25.332360753539362
10.511713897496845 -24.578628023988689
14.656722758709408 8.394261838961333
27.739038456805137 4.289306672779375
17.384536767532964 -29.760119886926212
13.968582548248182 -13.325951138662209
-11.579923215165543 -32.848981694836098
-50.066483924347366 2.959727126949021
22.600307205818599 1.076294146612314
-22.272398067051981 -28.138534359804467
-19.265602105192414 -35.779556313263882
-6.242006642662123 -41.695148990708184
19.228869376810486 12.473627651577408
17.120950495212455 24.538036242388479
-33.379777107172437 18.781509068231184
-26.865413133703431 -8.736496511648797
-1.918810509232730 -5.825675202555105
-28.062026441711875 33.698656803716041
-21.237496645185001 -32.983207025598254
-20.414406526336432 53.648171972994199
-37.167144431488957 -35.073479721892262
9.953522026497946 38.597849072679573
8.138860002649233 -7.042495850125447
4.358919385252471 -27.622413068677460
-15.753809473439325 -24.023632373282688
-24.677950608408658 -32.081930926617730
15.089066904237265 20.801009157387494
-4.511009035809839 42.307804849456112
2.994472507486587 -27.157552515284149
-3.279183244698219 -1.961441806190109
-21.339829965435850 -30.463140898336039
-11.739879562642912 3.525679909775331
-2.766489382615263 -0.901521932378978
-7.499922522863843 -6.858886157933773
19.315775388601562 12.589140301934492
61.376391457842715 -9.556118646435735
-32.732675225999778 29.426859396001664
0.537645538604225 -4.590262725769402
-15.028157630285587 -16.523920348824578
-18.091014078565831 12.869029221456243
-3.644824839241100 -3.469145694683488
-33.313294309264229 -30.191736959197321
-7.624068370403940 -17.024558693764721
31.890330234695291 -4.369890593287556
-7.888201093147596 -21.431603130150094
-1.230541427147927 14.086475813766134
14.387650376027207 -20.671098739788569
45.987329982316346 42.464614813968218
6.132478429210697 -10.887063012728728
10.778319088127574 36.953102339701623
-26.477217690766654 37.017960854018980
24.274872052494857 -13.640026239542102
33.615680708091261 -22.173763004195820
12.627131322476792 16.447520455281822
26.786217177913908 -40.978080702981380
3.494139034864788 -19.469706288836427
1.125316654934596 22.132389965998296
-9.060616432911218 53.468646857252494
1.485028174123378 -25.705645657110800
28.366579134404176 13.211368017660877
-11.514399252022343 -18.801673585288206
32.419555546044343 33.574685096883918
18.716108817260942 12.954689079327313
-14.054309735321860 -16.689787927170592
2.306359697629264 16.859478816468194
24.919842230094400 0.604178420049073
-1.345158058177768 28.598971251981968
-12.601440365289792 -8.184846275416959
6.599885996026379 -18.875407222054132
-7.757002272685929 5.123864746510272
2.893086882006137 -11.072556948292149
-32.491540880068392 -42.528485124381575
17.346474301942585 5.712832868120875
-11.141420885276204 6.746231908559797
16.779182671454944 -32.175475107117400
32.566664181156639 -17.497455518676183
9.713057689763422 9.285570385547988
8.203027298840340 49.055450732180297
-3.244825009494800 34.926428654919157
10.177431810862839 8.116562767113342
-16.110947935842891 10.422280271975714
9.364244248861459 40.174707702001498
16.728494877884327 -50.491322512481716
6.388826609713737 -4.899188634919411
-23.796386769883107 10.863658322372469
-8.982761978712725 -31.130229699978855
47.094218854163486 35.169948163387723
8.589010744336562 -32.707310737038739
6.731271255934354 -6.504172481643863
-15.750945291490199 -31.543710334509864
-0.265997624048561 8.350575527864789
31.826534051144733 -15.883937388538278
-17.228535141934845 7.872641421545143
16.919835603324547 18.536413194787805
12.439018338686681 -8.312601230907452
-10.038100415572369 -20.513307147573823
-3.807534825540253 7.534477801234122
23.902520883026458 0.347410626174878
-14.624487671007939 10.370516692611096
-0.570269860793029 20.794776643924369
-23.790124557243161 32.172677189035781
-12.527447631387549 11.231362317774193
2.915313456433029 -11.655498849890165
-10.089056060974334 -6.707536744888206
9.392022581142946 10.390730533883627
20.753145194282204 -61.846032837836880
-5.628229183528188 12.349227864536479
-43.941377412327348 5.272797901906778
1.728849506289103 1.929461043207388
-3.663562859941147 -12.796423000630677
34.588582634699613 -23.148293007014995
14.932598142513413 -2.180448666631986
11.981925976188810 -4.599237573873278
16.014840148684307 22.355704606653962
8.151736285298080 -1.691824375052669
19.585458871725621 -20.656854203774888
33.210853304377757 -18.525732391959572
-10.176191752207192 -21.492822325414100
-3.398285807249840 -0.206252820682417
-1.756290397865342 -18.975904327101858
4.751420738265177 -16.585714092434973
46.215907548071414 8.488386761124083
-50.389096262176395 -9.477685841527698
-44.895925752694815 -19.282753637205975
-37.487256716605863 28.145921760133692
-12.932719429998762 4.016675441733779
-0.156537539543241 -34.265622044547889
-6.475821523018936 1.317800735098737
-55.598876886306790 -23.460114894240959
27.709038873530027 -8.813151350572689
39.465379926361564 -2.394710457404485
14.797547491925995 -22.131496127039920
-5.242437171249247 -16.663087350668480
2.620601555285233 -21.383134582299654
-28.133016885480220 19.062917351564558
-19.386727071800927 24.678823739094661
24.103389157603470 -37.177267498845524
-26.673764274426571 -39.318059219565292
-1.548504086298925 19.303483344145999
47.359805122297153 3.056051486502032
-34.138675998144485 -44.120134980527688
31.466954865451491 2.371726342657781
3.211985970936941 8.688573230379037
18.297616960634251 3.511727276766010
-18.484740918927361 -21.539458707490212
-18.077006444749554 23.856108309885222
-2.124161926861625 -7.433718782947515
5.227609662963690 -26.010997192632111
26.465212429914732 -1.939201414680258
8.928607661136429 -27.355026118021737
10.915359033005476 -33.783081367663044
24.430485641003092 7.781909281754526
-38.575597639293683 19.820030674690379
-17.922362222115989 -19.965491659123845
-13.646058911466810 37.195986382327042
9.661424921874120 -9.815897200770882
-33.723923970136092 -42.065217378553818
0.925411013799573 17.982407179258580
-38.488066338534054 41.467975038670787
-9.410479606078102 25.819852054996865
-37.795206249356468 35.619413236760444
24.943238496063870 16.943852568646541
-40.993258251302485 16.715781848308588
-27.564355033576696 -21.803947378843219
-1.608850414430864 -8.442849636567642
-2.592149006903413 56.861150531336492
-7.220242094481420 -24.977819765914269
-21.322115767291262 16.306543003952999
-23.980819420190741 -10.790004760156176
-1.816194323461086 -44.988891385733510
11.380346405018811 -30.001671688947894
43.076836217563191 14.347359580992363
20.025390328968328 2.588873542634691
41.420805785104541 20.884547609171879
-40.716809224198407 -5.586598380971015
-15.593942094919017 18.508770490633857
15.706194114821010 13.770967147741619
-22.099383012478413 -0.249636075379698
11.792340735846114 3.332732534479129
-5.458767578481974 15.841452482552491
0.631582280507712 30.263894967607364
22.378864564432813 -38.584651400657947
-14.463730648905107 0.280149349906288
22.351580423486830 -14.815469249331587
11.585481787680775 -27.413952692700505
-31.232298672031160 -15.816945132045273
8.598747999871160 16.312477242158110
-6.146649272098970 17.180822704112014
21.984855837070210 32.367880891078947
-6.355538664846785 12.512763378051522
19.144120465557130 18.783840357758748
-1.663039154224400 8.059566962809891
-12.841205633724790 -29.827554038003914
4.060044116207459 4.624103717728731
6.974394112205710 -6.162507622627740
17.556679717647867 21.207950691246232
9.601573216673815 34.193954580333617
-6.540614207800152 23.329275642239846
9.666031051669423 7.658530552033318
10.569359618560853 20.581245183153865
-51.254172215005987 -14.954595931776703
8.471727522823894 12.793118644849512
-27.513279462778694 -29.270876963752627
7.437673720908497 -28.177284317750402
31.079236399972039 -6.286160525330574
-15.105477214725536 -12.281369980309051
2.960724284274703 9.940415634861463
15.647088931972915 -22.400530075107365
-7.472622323376942 -11.892235813159099
13.145045203510637 10.559938891919089
-22.387574852375348 -11.900118681561233
-44.301764823383799 17.686909378096736
-27.081104405521479 -10.998333918213543
2.686113439775963 -23.623016301800661
10.555954290373107 11.781884280362574
0.244898732966766 25.402807951091056
39.025493246715719 -0.652764242181666
-22.332363823165654 -22.402577867429109
-37.290702421565818 -31.664441476327532
-14.145863046944802 -18.710509719101985
13.353799776111808 -27.963936212400128
-11.699895671311364 -1.176197369054085
-1.231612154546810 -54.291255506081392
26.240006373550298 16.391983251598649
33.866088277867739 -3.711194481722464
5.399678464291760 19.021020960895825
-22.909501198407010 -58.100567493025522
6.943110469862167 26.451632527561525
1.545256350299415 22.296757720717462
0.273745688966542 -9.433147724692034
-14.338734423044906 -19.857544331241108
-40.187844296033035 35.751575314869243
-1.845225691863914 -2.748879147239984
21.718619341473087 -15.790442001784896
-20.421603224733712 -3.579449597193570
-36.393335285565868 -23.718364277326870
29.245659023494031 -37.215889132487391
-28.890096886658512 3.616589725491396
-25.860182416406126 -28.670418406562234
4.604509281894035 28.270208734697388
-26.279918750642587 -32.933780531563343
-15.779696564866837 49.558083308593247
-11.802626595398964 -13.491129578651650
-13.209562302158794 -15.061602839299757
-4.600703888683258 -25.240469583021152
27.774276142141623 13.726612106968052
11.516481723396904 -9.677655625851520
45.311066765998014 -11.496462500213095
2.856808843289762 -9.610333351830956
12.500988168796962 9.355846597525678
5.425273185640680 -0.006034003934116
22.626319013794753 8.578220349952929
40.513474192654712 -0.775940499444810
-17.180408657001344 11.219888524400536
-16.753540769766317 38.980707889114733
34.879321820653210 12.530880386698742
31.491880386280791 -17.660544032947751
15.124962528901857 9.663219581277147
25.944969752564166 2.074231055221088
-15.856635393689519 13.409251153927608
10.238802466875326 5.387834823344980
-4.388565714981134 18.306789336858007
18.068074655469008 15.715312147835236
45.915539110325199 -0.401735694147661
-19.844973067616689 11.770078193727670
-37.209277217862784 39.193622537104673
-37.252999020589264 -14.374436296224310
15.053423034089827 -11.660147479979564
38.734329421021386 -24.901250665273455
2.676494735989161 30.521049845393573
-6.666588838722660 14.894997857866276
9.105105622381494 4.124243482541437
13.910449053738757 -16.075874546487068
-13.741615370709114 -6.087922072600241
-8.962620030640364 7.920605549470711
28.043926582591954 21.177236129622358
-25.003986358371101 33.335332153142716
22.746163810440045 14.779284960979648
-10.364244042362708 -16.478555006803919
24.316383696927993 0.772064942778753
-21.823347365570445 13.830419002740280
12.413398273581519 1.524710101121117
2.472748473423486 -24.885869072637995
-7.590442666824086 -12.224884698664606
8.171752261131479 -23.407023741057817
18.680602090827158 10.923966669633375
36.512457086374425 23.721696708978456
-12.031218363472513 -3.188609491872004
46.135710104547812 13.231141404099059
-35.118325193004729 -7.797034173994214
65.981318859116655 -8.607647986525841
-17.903845449968749 -19.034725174661059
-40.973369242518338 33.460780012097928
-5.567181854077393 29.063470205409967
-0.434966957628979 19.636741293164636
-31.239247341568422 -15.243071858798746
-1.485209848741625 -4.047666945892815
-0.419045041163970 -2.703373095214799
-5.035769753214162 21.700018640094129
-17.110528945643427 20.180849223704993
-20.206545473410127 7.489484345993583
-4.448729580731930 6.096543895513826
36.745555637979990 29.192524511684873
-27.326792133459801 -6.619188161078545
-5.300320548087312 4.585400103574956
-10.405507167442712 24.822484739637748
24.996375864333142 -7.921164644044062
40.278170762804592 4.638238065462349
16.878085612150823 18.354791966781278
-10.783047138936807 8.328605931837970
-17.279225749773378 14.947590209557029
17.230116845311056 2.548866535784755
17.173684283085986 -18.181879446131209
5.380307649413091 20.269221197623569
28.724402980232600 -8.974798412544185
2.644855942734536 -15.946743490183721
12.187594587472399 12.666721727751113
7.529631075410631 -8.407600141251516
19.930101867592850 42.713081050502467
15.028535153217376 9.857050645151443
9.035153473797532 27.442075736145629
7.295199086000973 30.337511140038096
-17.586402393198586 -31.211035895600755
30.628844272454106 -5.191990978407821
10.267408164449762 -23.049992673530561
15.866445223106378 22.605367018496732
1.537133543336871 19.939380184782667
-25.707793994262978 7.809100490100850
18.111326627074614 -20.072591624455029
-15.355218822655358 12.658523380038568
24.033022556359629 13.806910822185635
-9.627727334846723 9.750379140118218
-30.614015186134882 25.599173052137161
16.370511276556154 9.063593088998671
5.810381304232557 26.475794059922936
-12.035746399443521 -1.219422141910560
19.444534360533996 -13.922963072465230
-19.661414047866359 14.227871834330397
-13.441102430460926 -56.041543386218414
-14.510541260543565 -1.607642260964109
15.425166275399228 -23.041369499554197
23.295668449320235 -17.462538974075319
-49.739106811031583 -12.572340126057886
3.194435566790693 -40.843594765885292
8.649254639031792 36.830294968010172
-28.691803511086558 -9.467870143027021
20.771734123109912 -22.715811661542087
-5.469208387408930 -22.778984286484853
7.833567519490377 -3.019578977402639
-0.834353462035130 -0.336564816439826
-16.899345838847740 14.335363685274297
6.186710042671336 -1.103680592986626
1.759248089997355 0.471275591792775
-4.804425843257622 34.356236411988718
-28.037973204367805 21.220405234667705
8.914166679247415 -10.258729186817272
3.427779414788623 -28.844392817236802
39.319362498001148 -47.659810300805979
9.738594053604967 0.457915688996114
9.762809757553036 26.059434637305099
-20.362894966081431 24.093865455282529
12.213436892626662 41.353216329611257
-18.579755201348579 3.693471665042900
-35.473837969288255 15.447398240087455
-0.093819616155035 16.975519861480009
-13.240443839176692 14.701452236192399
38.867435842709092 -20.726194826185282
-21.187843889044316 -2.997849331889390
-24.775791951637633 -23.073224941266940
11.394864387988049 8.045296846814955
-38.915385161947221 37.927473499880676
-12.013041396572874 -30.012911011151648
-41.425072438592849 -18.355382621830096
17.974425126081151 18.152710888711585
69.542941009988112 43.089189256601301
10.272462818136857 -0.520922285338701
-6.853689221023976 8.759327626352539
-12.474783785094452 -2.240287973191429
12.962447395341155 34.349044100943196
-19.579926381625292 19.336810198681434
9.002663710256293 -7.856352083445343
22.191227352053001 16.501865326256738
36.320088142279623 25.339848964086002
-32.409569571360571 -29.308136046718889
22.763616144457586 1.405488723957230
0.410186827866156 24.092521412129329
-30.311452778986023 -27.728783626725566
-6.948299842423324 26.733669350284043
-12.715376559950521 -26.019694273928465
-19.979776419076988 -53.795189031021025
-4.321434086085914 -13.674838339053073
18.285885653158498 -45.742438521831765
-12.547663417394309 -9.466215384748383
-28.347273539680753 -6.345752768709102
42.234838713518236 -8.034725184759425
-11.351860983495497 37.807749477023236
28.459679252588234 -25.621128956270400
2.799466211818052 10.555101429407458
14.740211772006170 -15.477636515744750
-28.401867412822007 -2.798684577653778
5.480341724136490 -32.310308398827594
4.600954069673144 30.376549507189374
-0.696048303465535 4.478669786343879
22.312678624434213 -18.347001675210993
-4.315844945949610 8.393590717542162
-19.258243115739173 6.802692850248014
-10.418856451325597 -52.477397494205704
-23.361786857586022 15.152511479798067
36.361040324145833 -8.049515175705729
2.359091966059918 10.295200039804126
7.099496013515030 13.269395066568974
68.871882497493843 20.843260304194366
-6.815119383975857 -21.001488991332860
34.025098544228541 -3.800921945201164
11.231617808520133 6.639616940792022
0.754274280451800 18.248498237116710
-14.869510445236285 -24.875414502160549
-27.753650176966143 22.495453607889683
-35.566937181611017 28.106771186978936
8.628219492385087 -2.598364243906519
-25.663604743436391 0.390430291636991
11.875151006999834 -7.113236575883341
7.139903424026268 10.213044640684608
-30.643194461105068 17.732733413143762
-0.797817762912464 -22.564906443258717
-0.327445086541187 10.153688780834438
-5.181101578795741 0.062603015056828
-17.043895319885578 -8.647244800444057
32.940139963037872 -20.515243671096556
-7.313138217227324 23.179043927741869
5.825937343779168 4.079883608263764
-35.100343748660642 6.068178223840178
-46.996148187906030 -4.284646234808716
-27.293958861756479 -31.180766589060354
7.175893919869395 0.534855444738349
-18.939343370998980 7.349960067345897
0.914945081607801 40.265642080763250
20.353281428303710 -40.769607722875740
-38.294670182426565 -16.110272873844018
40.813039374477555 39.152478105481393
-14.405975293493205 1.957147838015992
-61.260537105869759 36.173016111608106
4.841103685066711 -48.358005577391985
6.044509383176091 31.106166919510230
-28.659181480948835 16.712454491357544
43.397865917594906 -0.738494310552931
28.375152351477460 33.788361490621128
-60.677054213173442 -4.601606819528500
-34.541055622429539 -2.175925555222196
-26.195366318497541 25.220028334555757
16.813847524544631 -3.072512410752824
-0.393837389110986 -6.428521452604583
-7.173984039347530 -15.280882996698535
23.331451231427803 -8.925701927919951
25.375400242528571 6.196123124488897
31.624661327530266 10.227073985418585
-28.458785807159515 2.714884321368143
12.355203556045174 -8.924001907780008
0.815787096482596 2.248828507611329
48.247666456012958 6.288574114429450
-53.214493808455110 17.157410160327444
-30.374632929023072 3.379570710714675
-11.994166088948509 -9.091248542142290
-35.803107750761221 -3.049077581058544
-6.491472530125769 8.947190404565411
4.165541231014789 -49.408814654986848
2.515971144376054 -2.237469141377736
11.263350643634054 -27.328499007512807
1.086432991827282 -28.363496918747622
13.002175030182029 -12.846698518020911
17.697835007941698 20.774987421931840
-19.329286519636209 50.859452749332526
-24.919881711793479 -5.466502492101716
23.863261668196650 -32.338418495578395
2.863871359146362 46.415597129876588
18.224368085594051 -34.917051332547921
4.584130072851617 17.005213071507228
3.820914333500946 5.346522491812218
16.984123201440028 -0.648492120644926
26.260005394345914 1.310431310737305
-41.330485695807454 16.900742615123992
-6.589379744605357 -3.227584596095112
28.700440818659814 35.899391350564365
13.640712153566769 36.265753388144724
-26.437089730142613 -1.864902892439821
30.758713523033084 3.332488028184544
1.876450960137414 15.451025464329646
2.662077199111100 -42.386393536535593
-36.724709890619657 12.535079202693408
27.382968862277746 33.591570310624327
38.402035094478357 12.662593760284546
-20.104210408632934 5.652062822418483
-8.220978901147983 -18.338958273171929
-0.414583504158594 -21.055610581145086
-13.078552595349347 -4.037061315543601
12.394164297690722 0.387045596458564
-18.017972874992989 21.794448237519070
-19.698869057129343 -40.077818103219471
-0.764828592096250 -18.324723500289281
-17.858971082766903 -16.179345911892671
-0.938411751985888 21.530035012856885
20.629700104084652 -15.390863865258908
-8.367629921902850 9.275468879475135
18.471639870000377 -2.817652578977227
34.992664040330403 -20.231456792619831
-47.129314368145167 10.429178123848811
26.164444130756252 7.579966872672205
-20.124704490995438 7.776721777655142
30.328792661613850 -16.724445764895414
-25.765517067746451 -4.916572340396691
14.226288540318768 -20.364520706358061
-29.194208227852009 -19.007612512730589
8.358134953039732 20.750945961050977
-16.459262103334087 -43.985877687538498
-2.664771737142927 -33.049337021865540
3.754377039960832 -36.365470471246084
-20.049520271366131 12.420378739855238
12.179097072650292 28.819870451864261
17.438084709608216 -29.567598047634529
32.860562578468738 -50.304311338422657
-3.067360705207707 -16.862041547265914
47.559731433624108 -10.105396851575506
-29.940258501060555 -2.475849640177348
15.523815290076733 -12.639103173477688
-11.448326034075729 21.411542062787046
-18.695280879095598 -1.396538822711760
52.923193480812280 13.905877381367286
-20.274423688957484 -27.161821178032827
11.126524796467026 -6.660169326317829
-1.587687420512502 45.996668577587037
16.990104630784110 -0.446527878045096
5.789095269019916 -33.167774472677657
-27.232524067090321 -10.411906293534077
11.047238068624488 -21.448624858479139
-17.828768544834542 -26.469251277155692
-5.387859550159604 22.884239747342633
-27.871980644540976 10.372333397712326
-18.680694522896708 -34.900309043329472
-22.084049478343807 -2.514873252622379
-5.146931886125823 -16.597096449546139
14.425512050851870 34.753843094350792
-12.189270989516254 -15.631632870408191
-15.658579027830715 22.943120581366365
53.914586658890698 -9.101092031722178
24.225475832208978 26.732634056177659
32.480619801173503 48.490839434713749
10.505323585489071 59.363430292266223
-8.646735831148447 54.435886096942674
17.002953646908050 46.843208614723828
-7.952866416759828 56.159069077369068
-16.497001599183061 25.802256620089214
-8.380559344735820 20.133961033880993
-35.707403606744890 -57.295681459167383
3.527214124851470 23.459875557014641
7.963150247551206 -29.942965263217189
-3.772639761516493 7.497785106220084
-32.222233281056113 14.166821457538626
-6.267157618626030 -10.609434313544497
58.667661582522854 13.654613419086262
16.037486407580495 -5.190605059381757
-2.434628997977168 20.797989401091023
26.786090624661568 12.522740907249345
-40.652971699257499 -10.246439459473233
2.860571857548210 0.559716985534364
14.761985534374126 -64.212119708140392
6.411711334042894 -22.860620106280535
-57.431108559031166 -21.731275686788837
24.471181161719830 -30.466165524407000
-1.179579277175529 -42.635714271718541
35.463598355831998 2.018363823452092
-49.284155177352773 -8.073520725324130
54.618441081203336 19.291399020113928
19.527656184917515 -3.929885525125043
-16.461024764707485 26.333072418883866
-8.548270133373203 -30.147094156270118
10.072142239182551 -3.184224987184844
20.048026969369193 32.013491648443079
69.385629927523439 15.344908234450044
-20.365797310771814 6.994267879769554
57.518423729316488 -22.376704631515327
14.491170330259781 -37.585238690593087
-21.998172805970185 -27.780567150090160
-4.402140255068296 -5.927549182300983
0.703606664443299 -10.831753435098591
12.257839374846974 -25.840705338110443
24.252425126085640 6.725572686648976
-14.313560954014440 62.788672053798884
-5.620957017140824 -21.079639423854129
-23.057276738981663 5.085265279184888
-9.568396036791732 1.764747599614130
14.671732817254030 -1.694265169464688
-32.479489416398145 -10.529236097638719
-1.793005911900554 -9.015291506634469
9.797973755536816 -15.933210041514235
44.374602668605888 19.043078589079755
13.159476646243244 -1.178359288175227
1.514905924473567 7.517495498285091
-28.678149502174083 -8.144649732383863
-43.439896789416466 18.491412868363341
20.383392873603288 8.448747353144652
-36.615174972653939 -37.256083257935153
0.673716220976297 4.257683743435426
1.283340345329393 11.101833036198339
9.833841531202264 -33.913787468529392
53.445834101081900 -11.060599454740943
12.178487047941983 -26.545078808286803
-4.503260891426961 56.558615548323985
33.727664625756418 -47.383776094248041
-11.427940022340703 -4.937576925195244
-34.210589116740927 19.460897383406632
-24.322366152398743 22.824360805945933
-6.393556640370170 -32.056019861614224
-4.955481959489654 18.021685088785311
11.414624770131226 28.663772890126538
14.062821492926002 -12.727703746238776
48.234028448287354 23.106958090603221
-13.845094532989542 31.059973978710403
-24.562052340477447 40.642924222816532
-6.501113864222340 -8.705420896622494
26.718018198413983 -24.611739202628765
-40.709128646488736 61.053989785981393
47.793445144834031 -17.150727976397238
7.331732050039288 64.025004854264139
-11.820850966283036 44.648462847602389
-13.837464756963842 -9.752822712485994
-20.948314700163010 -22.370399595177876
-20.948757314723789 7.995107083853576
9.539121326862587 45.311154078851175
-47.260978966964785 58.797828628130276
30.872774270347215 5.835002192202554
29.823899713462040 53.845900996196448
9.589359893149885 49.163050774063962
19.973583633760992 -13.095052892015234
-5.678561547682578 -13.052593621355937
8.767650641082584 16.333372222152921
14.740889508446093 3.190129236911121
-8.903258911673749 35.169149912301407
-35.733898203841669 -16.908485425219972
10.755949693493529 16.573483488591926
0.433815650471929 -29.073551367955879
21.671621139964373 14.357801626644390
6.747158052812107 -42.978314202702848
6.362998967458457 27.664129123894529
43.461909320755026 -41.131813725821978
20.674522935023067 9.166836813734671
-48.383361453229767 -3.188231320033765
-20.490001272359020 -18.497958500732146
30.210518112659596 7.649661018865520
55.031642995001256 -60.881324713656021
8.823528987683073 33.492227720174412
12.121800560472472 -19.455909585123347
-6.863568412035307 8.339310926007332
16.814540626766981 -23.722464070334262
22.603692748526509 0.859742332297201
2.094184367472566 -17.504024096781986
8.596579041356280 27.718881572295953
-6.903580104140443 -35.866711340229621
-28.136062995394465 8.677688484759880
-6.723403808765418 3.627275512655415
38.474486452848829 -8.131983774925313
6.449884975175923 64.287612884843611
42.233401208038323 0.062440964711699
5.538964376949848 21.919838461775065
-36.384695206641048 -37.892615222554539
28.870780190816706 -2.044745833035001
-21.441063153015396 4.034624232044578
16.392657678876088 8.544584897891037
-36.248357653737536 25.915924008583552
2.674435995280466 3.866684226804872
40.789127469090175 17.108437091382207
-25.113230014866087 -41.565278809611989
1.045214889479820 -5.191963383460703
20.592217096841889 29.336463059766771
-45.954425926174046 3.601698467021027
20.083433423434073 -20.307549751324377
0.489080670749394 -42.902229963373671
15.544868023213414 -16.565707612288030
-48.927483903305792 -34.460134250659195
-28.927331818963019 2.070968267667077
11.321740387521773 -6.592706940792159
24.182519932880087 -32.211173496318686
18.617715437808268 -25.705962537723863
19.668572129404676 10.335125838157627
56.277909711003026 -13.058144564983047
22.190180104825945 -11.791059962248129
0.381680442328426 3.005679545420954
-14.689937247463337 11.738490798465794
-11.262114403369949 -9.115524689219344
31.719184478056057 46.461201769342054
4.891473897566217 10.220598279626000
33.321580343230202 -9.571771629826147
-33.684288922136865 -17.802164799597243
-13.409268284319813 22.050371133630318
25.398644961814906 -10.014856708178792
-0.418402442663162 -3.367041606439389
-0.346810683578585 25.224636407234726
-3.264160677818330 18.064089191389250
-0.393106031051682 -12.150390611404568
-6.258545522750705 -33.029802756009211
-5.987658864321599 10.123605227321866
6.219426958606776 -16.595186637167842
-11.429845793674790 50.084508717504320
46.826191933450133 31.687551669338692
-29.418917360820746 35.276730301705371
-8.307067899325776 -40.368281797198243
-26.123690843285850 -22.096145536558424
42.778055489239989 6.361023780302658
-10.606214018818180 20.695261573630589
37.708652807396611 -0.450567431297587
-15.173422803087760 -24.074382912194984
-36.625412505942514 6.289350094540889
-7.314406611241528 27.546552021124754
-6.117864201344374 -44.854379878182570
-14.199817931058645 -22.742640153402711
-18.170896126281264 49.428836759631800
25.649324480327518 40.857675768551907
-12.877067281967673 -15.845337611451182
10.875829537188535 -8.913969586622633
-24.639249839188381 -47.147944517082450
-6.618329484592731 8.911258287846730
-11.907804647866230 32.841017136793397
12.529307982769550 -45.427327561442411
25.540436441407746 -18.462331525092804
39.342883884068186 -50.600358930465575
-5.827099151230171 50.681102671910551
30.111951474712249 -23.753488680663530
