0.000000000000000 0.000000000000000
0.000000000000000 0.000000000000000
22.939944248610299 0.000000000000000
51.583231844674415 0.000000000000000
-14.430353037378312 0.000000000000000
7.928481943318546 0.000000000000000
-10.501858612677507 0.000000000000000
28.436872963910833 0.000000000000000
13.651195385349867 0.000000000000000
0.052028652839268 0.000000000000000
14.343835526159149 0.000000000000000
54.778751793782902 0.000000000000000
14.411930460682003 0.000000000000000
34.079106578084840 0.000000000000000
-0.793268614371149 0.000000000000000
52.568572813855276 0.000000000000000
10.511731971651200 0.000000000000000
46.419140254009520 0.000000000000000
36.119736012839532 0.000000000000000
-23.012301207676810 0.000000000000000
-5.206520088528803 0.000000000000000
-16.267284141730549 0.000000000000000
-12.449647457538440 0.000000000000000
59.171075269079907 0.000000000000000
-1.225626460512049 0.000000000000000
44.165204663008673 0.000000000000000
2.078791824121143 0.000000000000000
-2.994600743959770 0.000000000000000
-34.203844777102923 0.000000000000000
2.573141675870027 0.000000000000000
-21.311607545782760 0.000000000000000
-17.187212839724499 0.000000000000000
-32.987314943711091 0.000000000000000
-45.415644861926097 0.000000000000000
20.527114016485939 0.000000000000000
36.440836012476090 0.000000000000000
-37.095985145773909 0.000000000000000
-0.554731943528101 0.000000000000000
66.111211136300810 0.000000000000000
-5.409525323179913 0.000000000000000
60.712580740949960 0.000000000000000
-16.888592864540307 0.000000000000000
77.575805489225971 0.000000000000000
-74.231265788034491 0.000000000000000
-22.810930583544124 0.000000000000000
-24.535295584663956 0.000000000000000
-1.320922597805360 0.000000000000000
-8.628439016156674 0.000000000000000
-53.735617223722649 0.000000000000000
-38.864067502483159 0.000000000000000
29.796470632824896 0.000000000000000
0.000000000000000 0.000000000000000
-34.501274296954222 3.051403916157029
-5.149913429977966 8.666626061334458
-23.695681230551479 -17.211598341146313
20.868507799861767 11.207413104877308
-31.972035597223254 -12.238184990131959
34.369645755078487 -35.726249837971849
24.988402415868414 8.298855407452427
-15.528688925980488 -4.652143360748215
29.685546468874190 19.312717154264767
21.090939268975429 -18.696133830593539
-7.139854755450153 -6.257647844477304
-36.642134638845519 4.888671142577232
29.893352364352150 -14.806267880292230
-4.768634616659224 31.736347477495581
-29.690352965941408 9.165035995388806
-18.854833356623327 -6.089452601739861
-17.108696629141537 8.496314820338394
-2.620059861785069 25.965108989432675
-37.153304115823282 -21.586052140544009
7.886605993494542 3.885249969543839
-36.348065832925364 -13.956495345388602
25.096944360817616 24.201923110935912
18.742626012518624 -2.079786672735037
-31.069201743035457 -9.047122264146861
11.007830263992428 -3.038182878236637
-0.607875363042398 -1.874104107263117
-57.163409485381507 -10.031048258669566
33.835158423229956 26.208493747643200
-23.936234138426332 -17.146532039120395
-20.330125111167074 22.040624877583436
-8.296916909107008 -22.441647882802286
-7.710366595126684 38.190777870165235
-7.515531308887248 19.183148258102548
18.248712746171385 32.726265519584601
-17.979006277915801 -17.704436765749247
8.538918386434592 -21.761136040859387
-15.962135078600069 -33.490271915334588
-12.043911118459556 -15.106185495032337
4.420166309325594 0.579168262646398
-16.057470895408436 -26.647586779302639
15.547014203566636 -14.245853123987795
-29.028059805573307 8.848290105199169
10.243786558892692 -60.955376638854666
-6.365653249661300 -11.519745617880154
-29.734763198472038 19.856639344177214
-19.252913577402925 18.796117127183177
3.358634859657760 18.524445436372016
-31.017371368616711 -8.915396425363260
20.573734778805310 -30.863921173007991
13.404903283286995 34.032673555684461
20.285989521809714 24.564108888227771
18.208835695754782 -38.685507139071845
1.759707872503345 -16.977863555452874
-12.910913027560490 3.179328183900398
16.456182091905831 3.901852274084037
-37.526268162465726 -19.094600095162736
-47.257217393476999 -19.586913465018622
-18.149419559734557 37.446331613579027
0.361248607545781 4.277172399156317
3.708449643061529 12.898021844037437
9.117196339054976 2.625812448505512
-12.961466999106412 20.763475425115626
10.132223168403689 6.482101650343191
-9.100987848838292 -16.044356005468778
-21.803829368868513 1.503557791054930
5.935437905028773 -20.839742839932981
2.118115880562229 31.467481709415051
3.570897483656574 -19.472277767909066
-30.907226093249967 5.609022032021374
15.869344716131934 -5.597914003170135
4.067780238952822 -4.655209631362373
-45.004684183030001 12.151056935447032
9.788131256914404 7.466035710555037
-3.635545071686474 -26.304830403322654
15.282538267544117 -30.916042427884889
19.191467296060871 -35.566687726424988
-12.643635862557932 -23.494750091563478
-44.073235442289118 -29.967894512509726
14.746600448357540 2.914957956801037
48.580894730967280 20.261576838222577
6.977319073925949 29.514763960768718
32.643891039837030 -7.279152876309958
22.932220873107251 -4.727331530245618
6.881039174402927 -14.733533978425049
0.930566373214514 -72.084511162232701
27.936881806781539 22.582075422576033
-20.423567950553487 -6.217662134927646
-41.536263704980939 66.548439955790201
20.565110720014356 -11.612764925027983
8.179372546916399 -28.710481372944230
54.488165774166767 12.066832093251529
-7.534020637573192 37.335819534997391
28.263705021017191 7.420946994688702
-22.213058737616606 18.752372799826055
1.714590018869632 -9.550051524142818
-6.290031102279327 -19.508299510875158
-4.969473479787245 35.096263017271788
-15.032938656712144 20.405081824964586
-0.183868505576989 -15.380313928560186
1.086751991218988 -15.860826487895059
26.101454705770212 -16.571401569853656
-25.020214206819915 23.708068807199659
34.748984467748102 9.588053327393412
-7.450865813966469 -7.147972029644697
-25.194899866435819 11.109233939432515
-13.785369174412409 -3.747297303263980
-20.260738214591445 -19.798449366651464
-15.680268357379765 -21.768609155849326
-6.374016168233190 -30.936108844032976
26.051884895771522 24.723759724734713
5.409121134673163 21.543444450170213
-1.196368700943547 -14.674764569666394
24.525520343297650 31.482890778960982
-0.018403788273714 -26.321360123065251
45.563015549926156 3.400476124374273
11.938795800015578 -32.311642989897408
8.274648935112316 -4.654919417535895
-57.294538595080439 -29.270825055533898
38.842022013123547 -9.517613034827342
3.036753959044479 10.672153521117211
-35.959422105432999 26.277242250342816
53.342605582787520 3.107199279678462
-9.928464953813634 14.893744294184486
-6.692867094465282 2.027923104358851
-1.129817320587996 23.430178332970165
-13.072372454933465 -26.042769558508923
6.114636180585376 -39.368529481669171
9.737218165833221 11.654562890561674
-43.272464958266887 2.315350016661929
28.150059559326181 -27.079835637848149
40.001175426052974 18.361381765863403
-30.261246798241945 -2.711963808534275
42.417965258148591 2.970460197023300
-16.864249776300021 52.317111389441358
-10.185885498210737 -10.881343255641623
-21.067211634414019 31.895474052588476
28.965000492090383 27.146169520016599
50.465693165517806 9.920896809748694
-11.491596304737527 -56.384148934346662
22.233714610122743 0.021661318377969
-39.007234114755441 46.403289563235717
-18.374457130012150 -11.929499531266961
25.463644368217135 -13.573167669858504
-16.196029708320271 0.955606777776695
14.178457959041770 -25.726156593967787
13.320412963223550 -36.889389870658327
11.233192866338291 28.710816821026917
28.598445451617202 -23.282941130053953
3.251317293409476 18.887788092977477
-14.001931946748561 -8.824107658044632
-44.624441997051179 -20.442661931260592
4.385448131860363 34.967665138796981
28.251706828859703 13.800079502106676
8.966127319407310 8.986652126682348
7.621706615243448 -28.000891215432379
-2.765190173737761 18.821573079932367
-7.772999975629990 -21.667806385371492
-11.764481487916635 37.690208072654841
-4.794756652497287 -20.041698090268376
2.253254693191197 -6.621256233876559
-0.939610258623170 0.839174057411689
-11.230516195751562 -16.568475146140404
33.885235201348685 5.748656675104135
-40.334363025334135 6.822724019077007
30.656334738752129 -24.936152105368265
8.371732104311066 -10.704238583631243
-2.685488158305081 -10.316697496059430
22.767367588604881 10.954180120617302
-22.278013343954019 -7.872889832410702
-5.825699303382829 -11.392946511774168
-0.612085132200523 9.070554991056078
15.587219885752035 9.221016977113781
39.556553275859173 -9.350881609743418
11.695145466303112 -56.471298088074398
-16.797796848961283 12.929387910079555
8.926994565597353 -17.566394829669662
27.964951215831622 25.264370690678575
26.264513276577144 -28.859820440732882
-22.816422884012670 5.360223840652679
7.482430372664933 -10.740090255041704
40.068031189184893 -5.137486189052981
40.118505477747135 -6.834455286765809
-20.080668173973972 -18.128323449510532
1.364504362986954 -23.793307790638696
8.783746996560792 18.525160965378436
-32.911042031648286 -0.150066389710331
-3.852712600649952 -41.295764034136198
4.132477112567512 22.757363173757469
-33.955525906309639 60.197591451212034
45.257802940645881 20.248362432459320
-16.009944690002886 -49.762495084199180
-4.332519541207870 -5.838758002677839
2.505692475469135 -25.559922262778546
4.975752170167318 3.461229795446666
-15.116610511837726 -48.699018782024496
5.957064123864933 18.420056929340312
-14.298044569095463 7.107658962761046
-16.604458203827463 -49.141213107405761
-40.250477501670701 -23.587846470546182
3.676252062117193 4.050552295431221
15.517042351516636 -31.292119226871986
43.822052727565733 1.668648677516425
-4.784480556194400 0.692120011945678
-14.721804529413069 1.482235922265718
-3.943994870021163 8.126316030722533
-41.170345050117938 -13.985649395980136
-39.696900812013460 9.194358458907658
11.526072056128799 1.300583669031688
7.014166722989345 -7.088143593389526
-29.420498958705409 -1.044629093387945
12.800407930590310 29.867183467014129
22.382483806841911 9.037886993731513
18.553683327209630 -1.486335251232230
-7.012666784055044 -20.042548515226606
9.055620545125491 -12.632812634131371
-10.681853924900780 17.295386463096708
-38.204257880263960 5.683730100337413
-24.312944254987084 -17.623665375427287
-17.478698470926833 4.095761525442381
15.809490267027263 -33.663753939691347
-21.904805778271168 -2.080749374999992
-27.832145667477178 -40.245890426967314
-9.217770775748933 -22.459836372321238
38.887038371072165 3.515607825037229
-34.966221669241563 3.653099365491039
-13.089828469164885 9.121190411302523
-8.676658524213211 -3.571222002405996
0.166844573780882 -5.928558910083470
4.827460964154110 -1.551849186920847
38.994671229675980 39.002377072661588
-2.877347427088772 37.682559032317300
24.773369498311769 24.164150603797147
2.283282862728742 -9.956781834524081
-0.218675090173703 29.675593966745073
-0.288204256988029 31.151815846227070
58.713293061661041 4.067214940144596
56.170570006135044 -36.944096757736986
14.453888214173354 -14.103641163381635
-88.882409768984402 -15.625219703839152
-2.289351526061086 3.083299361655457
16.879099216881407 -3.867763457536660
-13.114716082045668 -41.270547830588370
4.727272177389565 -7.544260033636490
28.557771080946409 8.079985032482201
0.159323391770443 26.258033485806532
26.317236961325925 17.861943173821022
45.271336678648304 23.816341397438826
-9.482405502424999 -12.071682661154785
14.149464781975128 -1.202420746172747
-9.599909214751973 -4.296774869943101
24.998810050180456 -1.756374161083539
-32.435959979930054 20.381168783453685
-3.964672510423128 16.606727964994143
-2.622067570092592 -3.937552959320715
-26.719748823569482 14.776806288890894
-1.471659291596178 -14.473594328376434
37.464335799194345 -4.856580326936948
34.741891882200626 -6.088674705454844
1.105602874905766 -10.060678055735435
-24.753777240941293 49.009272325219243
4.967737046959476 30.151156705770152
56.289236816617631 -2.513752042809006
9.172501540880342 -12.132873314934415
23.709746471329325 -16.972183047125341
28.250614237685880 6.650696794924791
-15.492258814814926 -2.634524150584634
24.949103927138392 36.459628917753243
-6.447156842885724 14.196853255877272
-6.622913931612264 -19.199602621773014
21.617048335676969 33.604474592483612
36.959003470626406 21.027064306915491
18.165455057772100 -0.765501605568938
-41.842513488500266 -19.524993386230687
7.540630341656430 -6.818807410962583
13.830752350924493 4.081996746686601
18.545945565260570 -30.529225277976302
2.519480082207441 -2.206358947036057
26.044584062787195 -8.388170375332674
43.912048600355824 40.407166650022113
19.517132446860685 -13.450593634586999
-54.674829880555023 17.215232851328150
12.133283061028447 -45.573662845759912
53.168584509890366 37.428476329713334
11.924926872320624 -21.147849540344964
-12.631308278715332 -2.428873247229886
3.384173000603319 41.718494579357873
-6.318016877754267 -22.111230841418713
-27.197731502161410 1.112512212633087
1.899670496041283 -29.178239188722905
-12.127211474665774 7.027284086439352
-14.135773006921344 1.275467630667979
9.514746564225156 -12.951064444873765
-7.902546701046973 -0.758650868174201
-3.063217738731101 16.553909330577920
10.878948613679146 13.975767950720108
-14.795529269077893 -5.981583816593688
-10.507225628011243 49.530756426579572
-3.711163102725129 5.111332630003570
-21.281709837183652 4.714856383854700
-11.977268679176468 -28.708939304167192
10.993554857017097 -8.884863399967930
-16.634487395964122 -9.449546252031888
-6.343821963519465 10.768384827818290
-24.795517290992560 -9.606305569477284
9.018369885301578 -0.028232705757758
0.381317396182687 20.470364669328415
-5.451594286934070 49.655015136937728
13.521549114024904 55.233691034419543
-37.999609841368212 34.152561107914970
-18.311277463705338 1.569401060347922
12.479652893804779 -11.077903020448238
9.387783204598023 -7.246005298847134
-51.951887700846143 36.694319327695645
7.323170859450514 -28.589234502731063
46.943368440843322 -8.526066704056804
56.337030956313328 36.555654975095671
3.627862912999133 25.948097084297725
33.380776629154163 -24.296017784865420
-14.315452212706909 1.520645490298984
-38.810782994797719 13.974274064271647
-51.822336418954379 21.043367297443755
-0.796290028814434 -7.021803923188144
-63.141751072920151 -0.642900252595513
-36.671215678125563 -5.308561512222918
-14.636634967241196 36.039441159752293
8.322198553233932 -10.262708228464888
-28.173732481620878 39.164821776170029
-32.010709431987593 -7.793397477025557
-21.030816071173856 -7.461001377973597
15.593931154349853 14.040595222189921
0.016368528134441 -3.651738286255044
14.159834349139029 -17.001869675720453
-20.578324219438599 24.508106602377762
-0.338644862099683 -5.248410164939381
-36.743168066808416 -34.394961546373089
-18.045540274009184 -42.048117552359450
12.343023392232443 -3.962054903163250
5.936920706779246 -2.702024663244746
-1.549918570052806 25.463441353736243
-43.135633150122125 10.964136435056822
-5.919859755636903 11.934598750617404
13.685974810914376 -36.098725279784482
-30.400486025290938 -9.300387237021733
-11.341833140110895 2.043271367666039
-40.478134140148086 3.796356044127383
-27.735624873415336 -3.463908166809546
-17.116104761705799 9.455100484421553
-16.004349147954482 3.932344252352005
-28.546892491923302 -20.589573066655095
12.867595709292971 11.432722642118966
4.738931088235750 -16.520185992810031
-16.344188045217980 -19.665559148042455
-31.283933228440009 33.085521859080984
-2.672525283345157 1.561070554178766
10.427583339067272 -43.301161074166764
-49.869355213652163 -4.780989551168175
42.347928360119603 -8.865490071740048
7.019088146064714 2.201198595407364
-9.904734884152473 -21.999662976538353
12.930168309741171 -37.646142069104862
2.817662751662247 7.329401427438412
12.942951453785650 -1.557463034984602
46.302495746816646 35.101783400657567
-4.345535177724196 -7.925644070814994
-6.393437332649565 23.703356007532175
35.829134309300521 12.700919532374737
-17.068888397967900 48.781668468048018
9.423730632033960 -16.912531401529957
3.486426891997301 41.485649159731061
-10.619095695500409 -42.249940354870127
13.689588703250521 9.672657235037880
1.213821907837074 -23.344982218018121
14.169193158549581 11.369797299927562
34.655339660377891 26.347804834850134
-4.039655227677113 -31.919189816132672
-14.430467268351109 -18.930220319438384
34.662051343765995 -4.595560839637322
-1.953224911575877 -25.498638535092407
-8.126290789997412 -5.797549793370598
22.500919043494278 38.702352694269372
-4.918806667713064 -15.856382549311951
24.056337567810765 33.563912979645238
57.975840032020628 -7.508908871889993
58.092836900175882 -15.585845817236642
-34.203338575695717 44.974461547441230
0.438413473734228 11.288650491791742
-9.505116241167903 -4.159975998972726
-1.977763985438195 19.315034471587261
5.564251052086916 40.607053867008226
29.003511041183138 4.053540131338332
-37.588810965903029 29.528422080314009
-25.748597711131413 -34.502964871008253
18.916038018441334 15.182309764030224
25.621522160199234 -15.100786831895135
-55.392060057422931 -2.991665183961806
-43.195120446998907 -12.226620956538984
1.095543451126509 12.249019287928611
-11.859277793245617 -38.042946374112269
16.984363005128266 -0.389285705149627
2.018873728371810 33.897757606210810
11.977689239498858 -29.036438733649089
-7.767423745986046 -7.800750743487585
9.489142461320865 -9.596684010376078
-18.669728601957218 16.956349278956228
-1.503267822488634 -2.238045894443630
6.939072940781171 3.095761300371628
-3.197246804794494 -17.436437664257340
7.443502004196951 -20.125697517069931
-10.944760729633783 6.134062716752150
10.876447599831847 8.459539087537976
29.273523284415607 37.394299423421550
3.040825602662586 6.298318834942546
-32.690405363100332 31.019187761110651
18.068886359100993 20.222569640198067
28.081893466341231 -20.231303653898635
24.051749293527234 -24.330288654348237
-62.055905578889892 5.918328907496487
17.408769570039343 -33.389600172337367
12.097471184058627 12.086335427373362
12.488642519435407 2.197065391029853
-27.645280665021030 -15.293798067325481
-8.644727971436140 -2.586503855571660
-6.454509333626580 -2.099503390760964
-27.607453398395563 -8.723240742020046
9.337928018316100 -8.557340245939843
9.589917937714038 -9.381554370209569
61.623188107038459 1.926054652325903
-13.573352272480205 4.324144790465102
1.952277909965752 -25.555924783652564
-20.060536359801315 -6.144204997976075
-22.730156910511475 -7.616457941936956
2.204834471566531 25.304810808361054
7.105819573414384 -24.671715744102578
-6.188185148198221 -25.286983191530190
-4.955861517541509 9.491110953623874
7.363268644617726 -17.430467907798519
-3.680580720895938 1.313992860450550
1.217698009829127 11.805354754543711
2.572828652175154 -7.952319616140501
5.086064275269144 -6.166761661793545
20.363264531576558 4.552486207807722
-36.868191985529812 12.050769949562651
-1.514724556046653 -7.155042525169085
11.006304550920190 15.769773284591723
8.146070340668299 -48.399578918457358
-4.103419349949462 16.168057631898012
48.299406085039308 -10.585191402126487
-54.074372185657865 11.851923211825797
-22.317442972655510 -1.602528711373655
-4.441962616660491 -30.402520083948268
-11.327814090177409 23.627507322509107
-1.699511506876164 -10.306820940920931
-6.765126001957183 22.920930038205839
12.037376532681003 -43.604038094206075
8.502339115366921 -23.958972407126293
2.503289440400414 -18.654831219754559
46.910511785190437 -9.731975453977698
30.058107600329031 -0.219157276596561
5.088264578063250 16.972233923736926
-4.270459005067907 -6.983967133904205
7.246425555692949 -23.693409500918353
-19.368894550525599 -19.229240197309498
17.196632116585313 0.625588662250009
6.341490174640909 10.000987898714177
-23.028278381108837 6.895468833419611
-24.309957785191877 14.482711045982368
-0.561176779913941 3.214342807089762
-14.464248712762858 8.810491019571478
-2.204809782924939 20.486298933641283
-36.868641758862871 -12.935651099710793
-19.812060538107602 5.106989916858766
-18.243207236173557 -13.409086655547540
6.071564254604791 -0.594668379256971
8.407319349629780 1.228646982613912
-17.910924963288895 15.287990377090805
43.887979754032209 2.164662622299820
-34.943483748469475 -12.148512479763493
-40.418210028052371 -12.662189452432377
-10.542553082945599 28.483957053869236
39.105193187858461 19.786410202846053
-7.920940336844961 9.771184062332345
32.739908037226023 48.299050936183768
-3.017306255246205 3.009352107525744
41.710202162905723 -15.102476522339794
0.588048922643529 -9.244331541753061
47.067035886697063 -46.009642620700355
-6.116571270584273 -57.007768302937571
26.970561139792633 -6.716930883685725
-0.055469611031064 -3.255398341297662
55.921466661525471 39.193174223551082
36.109122825256968 -39.563429511278869
-21.679857174635973 -32.367068170248153
-26.557984276906112 -11.763289202577173
2.402914828706675 27.463012358336162
30.963797459981695 28.692580100034821
-20.063908889410961 -3.567771539739525
2.767225081870330 23.269110794299507
1.510683547262788 3.885188604098737
2.262706374069576 -11.835242362745468
13.139027022868881 -29.883009669039787
-27.662464030848813 -16.031396183727040
29.552829216113729 23.606276061727169
9.714453421479517 18.344779795296276
62.769146919277802 11.996989825819382
20.260673940312778 -43.862121333474533
22.018325409116215 -13.029482056883889
18.918256772283289 0.128137611438662
8.722620977851355 17.356983272567458
-13.789862451901836 4.540038030472879
-6.842651130118538 -0.201700982645667
-41.395132413701397 30.876506333204947
13.569147365443023 -9.967475104209745
-5.957913630060840 -4.476114751343468
39.359239516416771 -0.433457742102947
17.585098782967354 -8.716783451956090
9.529627181115014 10.732090199550244
30.886617539528292 -14.830807191558536
4.109014631771807 -16.962664223699491
-9.406143020558819 -7.659690323342301
-7.451169605293953 4.099250521312691
-9.349169711192715 21.835100393831802
7.184758808181972 18.050583206095517
-17.425116054565844 19.890542939420829
72.938826475156731 51.336437316138856
43.569262995030840 18.275746197707448
-30.565113537285598 -1.145753085320161
-57.894407313080947 4.208623574732221
23.613361687651405 34.882632829233152
35.857724111943561 -55.975799744419803
1.232132083445575 -45.295359206863033
21.726417662813184 7.017278448444305
-64.245197317833799 -31.619746091784769
22.360941882951490 -10.448364245046680
-11.880023927332992 10.396491196147862
-5.613619532431926 40.650538379507324
-14.560857630464305 34.687692569079452
3.782596316567193 13.566236224203612
5.531576587105521 -0.982811176356551
-43.484180018510067 7.555177114962468
-14.095513656518131 -7.971199414752682
11.124570691673078 13.714698046160111
22.963085761117565 -16.644633315418897
19.490439555189834 29.987488606258644
19.251401113128622 -2.969560761134115
1.833161239369429 17.455986416849214
-28.836032033701276 -10.614495845357663
-25.337824183352971 15.176840069135363
23.858161790035783 10.617611856400799
9.146791996453748 0.841000362772295
-0.362732884417972 -33.395685659046478
46.257694324611258 -1.872423338551793
-27.926232869088096 26.346819436092858
17.096422523607401 36.348253830704635
-54.014002725410805 -13.379611004432327
40.033069970181515 15.049426353551253
-13.137855651366950 -2.104772928327070
-25.178597442902355 -0.377472262580803
-63.802957897611535 -31.457282579932201
12.745489710895923 28.453252689694718
-7.321272511597986 -31.711892335942469
13.697302218829540 59.798957909442414
5.868195567554323 21.740459895647646
30.622261194923709 -25.061809467161630
11.173530691766382 -19.766479419924583
-18.246300013293720 12.571581754493806
-6.041218813506863 -28.039475576381125
27.044769998033601 -16.368216704311749
-13.448404788851853 -4.473425570807939
-40.306066335743076 -14.368487316769594
3.739417617966265 5.179410207105432
8.960205072196940 -5.001319498268191
-33.834169490978404 -14.666639594120973
33.537933680172905 29.176483885146432
20.654548274029082 -0.797791129485162
-14.561970797513839 -12.875985015904069
-46.253885442728716 11.572100980179961
-29.482651623051538 5.017079080718605
13.958000478392931 14.872525641328199
-26.075997903779886 3.869837404512638
-4.699634937105584 36.107079466878432
-10.607026525460986 -15.519423991468281
20.986639889909959 -0.394392064062105
21.170057223804871 -2.098203963248229
-22.651759168387919 22.575198400428285
3.021467675987751 48.518480236621684
-6.488696564740939 -31.591445656212816
3.947039190426047 5.209144398912807
-15.156223151527628 -24.093894866552990
-29.054097890940614 -8.928932161906136
-43.190613839847543 -7.314511940466517
-22.854941464869096 -22.859043782013270
-24.941646761435670 3.452466874394045
10.607056173526058 -33.211804732241070
24.343819986293319 -36.900572028245122
12.138693004459393 -14.506381282938140
-27.858900293164378 31.453291998004875
-27.840418746802133 30.638986825522757
-72.371757941087424 20.814274455059724
36.199107048635334 -65.500103204427575
-7.656840350283823 19.282790526312425
-23.567309063480863 -9.555594070481527
-54.789399334603651 6.441370890408414
-22.941480390399541 -6.929415288691763
-49.052518870934250 30.431767899273758
-21.997408132570037 -4.795790806258281
23.192341193962886 -14.798304209537356
9.803634013046382 -2.466039475125757
-1.073773573500227 16.594401931674650
1.523217241152252 7.296106669748887
-0.927402003336031 2.941966993736522
20.920616310718550 0.618529945169226
-30.743749810166378 -6.633610709873511
21.452075109936253 -38.816331623567692
-6.402184620905483 24.656638120706777
3.568753215778380 -27.951869222947934
9.646764464493407 -12.675211616597624
7.484777736067743 -0.602504050967369
-36.870388506930738 -42.408645717984534
-33.078215628288895 -18.146994403355365
-20.351800060280922 -3.551987652051265
-4.849457149415876 -2.201620691656079
-59.505212647738396 25.355847174024571
-27.599987214316926 -15.657345771547110
-19.017042985368576 14.607340451746385
36.629029183657074 -30.981640523781977
-11.317293320785415 -26.255486472437997
29.736258069562354 -4.405329672527529
31.664777648357298 39.103917246547965
16.600391823573826 33.158813997453095
28.148386993804834 -17.633162375711031
-33.131591675527183 -13.307614201217381
-3.791819418592191 -30.258594161803433
-2.844657388455303 -9.135687949842147
0.985425746528319 -65.251785478793153
10.504771364587747 5.860901325614475
27.317901855520368 3.075049934932679
3.713494107159737 5.573194446337904
53.620231717443680 -20.251374005962088
36.488594970133960 5.055162203717443
-27.851258750422200 -14.105249661144901
-22.194287058016400 -31.601141879916224
41.293536997458723 17.517590314996333
36.742857973231295 49.231888463170122
-44.239243797380929 -4.869227808616996
-36.735921257052944 -23.526526932181145
11.356368983486611 18.631054863887634
9.376970848467160 -26.686511388863117
-8.948016040148771 -5.491459005155667
-0.396819730264276 -7.328388253371793
39.338056507178841 31.015039156632398
-24.824406627633312 30.112594191685922
-33.990494696206220 3.844450932113880
16.458714225528922 -6.985537231217548
2.239590511241465 2.601834287769860
-29.653450524716760 6.164914809969297
-46.514105124783931 8.446350207018304
31.715128194815286 -40.334036629754380
16.540342779120365 46.855636187343308
-3.847227928297251 -40.101868897451503
26.175882772593241 31.766647621908209
38.108191412449408 -10.712550318310964
-30.674634026847670 -2.677795503760877
20.098329003290825 27.728819675568204
59.988139678436880 -13.635888909109614
-36.198113328001682 13.821150410376767
14.072976980824228 -1.196486232429565
-48.125997741672982 11.432045814316785
-3.761496890342045 -2.439058309273635
3.416751142549923 18.972753410597413
-19.989078388226794 -8.917791225968898
9.561292358742730 -14.758805299600514
48.722815555775263 -31.977357490193882
29.942606495325592 -8.426768461558050
53.939867176529013 -21.827903387572860
12.263315163030486 -22.762331418210895
0.353069567153676 17.884846162174735
9.031022259352348 -5.926963286264696
-8.474827243251438 -25.818357690286906
-19.451208633460734 39.048288991629022
-10.053884282800482 19.495593701715155
-11.793122434555180 61.888447587212831
51.819601052448135 -13.053707433184623
16.784261263250745 -19.502475075248292
27.749352737543095 2.883128620363568
-3.249925649968150 12.672037547981448
-11.796560806629524 4.423869734923695
-15.215788051973233 2.903325168416651
38.507163262783713 30.155329339894941
0.775532352148320 54.960248794443274
-28.166374214294009 -23.296883849104759
18.274913850379569 45.401844146960194
-6.509031628797364 -27.392278170092002
-17.190112894883693 17.273484469052210
5.973997175299426 -8.646111123022347
-7.610984301993900 -59.902902527256344
5.016331018261585 -4.387942906050560
12.442767064964661 -18.046325715863738
-39.203805511916656 -16.368460091066368
38.168090829743655 -21.492727123722041
-5.087429989586714 34.635878393214313
-21.796442517848075 -22.368634069152431
6.456194919890589 -18.564210683036436
0.806445666690690 -18.483916185331712
32.468293392215536 0.587791035592633
-37.089998844290626 32.072624012650387
-13.773387348306818 -23.351338584649469
-32.841978025811763 -4.328845258571347
-21.613174369609766 31.305056569346025
-16.499744670162890 -2.739988913034169
-12.882823280911190 -13.960852996827018
-20.575983876127495 14.328123537129212
12.020146329851665 57.607677910314848
-34.627242596558546 -43.032237177608060
15.039721620948605 -27.451838466203466
6.302811550840013 11.986892209938597
-15.122599097151406 8.701034511080119
-15.774826425327586 7.531658697913026
-0.399757831563117 -2.992166234542295
57.266386228241281 1.419594350344956
-24.402931047683420 -11.627445013478518
1.796168608354172 -10.241227940574937
3.427905698507330 14.370841321292401
-24.702347545202141 40.356462050744575
-33.598721722846619 -28.953006420221097
-8.914112819873845 58.724995385641137
18.231665049568459 23.803543624157388
-38.477616259510341 1.510194573470444
29.691458567577268 -2.674238067853792
41.745481720979491 -13.700881433278166
-24.905800962235713 -21.352199944994901
-26.337722412989585 -11.032763525863858
7.992145062933263 -14.176086293441511
35.352549738402956 -37.568547298983304
-28.987672400274985 -13.651949352176675
21.484094669755503 -6.431121028464905
-14.944033105783337 -7.250354083264559
15.662868926202316 22.139589948421687
-29.945661907581538 -16.057473199792629
6.046531584619212 -0.345299192559806
-32.532828245356043 -89.976069338336799
0.093565789896129 30.188664707402374
5.666558144118074 -1.949831811213785
-14.490957097956723 12.938039717129989
-22.889071066690043 14.300460540573280
-0.185370395263270 13.717471294629606
-2.938049762616116 14.383595159866129
-35.411586229082864 -10.585948589068281
-18.641552345949648 22.709355693718749
6.824355731315647 2.525545516680768
-36.897636785542225 -14.622333112707148
3.411122808419828 11.561741784885372
18.946391299642631 -11.924812067466229
25.551371501952747 -18.067178858853307
3.151630596207241 3.018157497290192
-43.104291798774369 14.908470767883454
-22.992220342088729 22.785303020588309
-29.801041777891175 -3.032440100425788
14.822330141483599 14.775011915030484
-0.246658103359504 12.366205011342185
-9.749946275116512 -7.480386520977236
24.299947554656075 0.932482618263564
15.878107157208934 17.379463124256599
9.684881393657420 15.711083268869602
-16.642853121254717 5.049806255198149
7.526185341222539 13.427933760449980
-1.360394596932230 -2.970461287946744
-8.146049769213583 -39.356672180815423
23.184556275739514 -4.862424112004095
-9.975351121991968 -13.575425181638550
-41.285835882756473 -29.345873904040193
20.638498513796858 -35.190913222021813
-16.325789070026993 0.272823018839607
-7.691329535740430 -4.242002318236563
19.133060860764655 12.016886385286639
-14.241430363039338 12.962022779736129
-19.100184181512741 -5.459695526691296
12.791996547673980 -34.782339246209574
-5.977835572334673 -47.490662272002517
-27.431952220899387 -3.897492506405338
-18.261689668798809 -16.637983744172985
-10.226435757909538 -35.929402194296415
-21.770528406531422 -25.321577891935238
-54.122973134080780 -35.593427354140339
-10.600228255413271 8.361859995000287
15.239133782530248 49.433760004921915
37.314089303183444 -14.816863578682824
-13.249895250715207 -17.696922030008452
-30.405405860988576 -8.583498748703175
7.455396928560410 -1.798947370243939
-74.776750903828841 18.498035028178272
-7.172426400826390 29.429443002831619
-17.031111097824947 28.765748225230034
-19.999879781736663 -27.804495232769728
8.195093997203804 24.333064491749788
-11.466900318312387 9.583082664439040
-20.548273993723946 25.847789793994831
10.950581858016617 7.835599963887424
37.135184357789434 -34.328674435787796
21.067333952811676 -27.010499519317587
-5.926725774824235 16.623920837201183
7.467155487230984 -25.589649247244729
4.423277850595597 30.260669816126921
-27.433786908702853 34.724440678709300
-25.969604887388346 -22.375743278841774
-12.038266286067442 -10.501015058257211
1.211192322340054 -1.032379853451193
3.450090201588526 -5.785750896862327
-12.550056060342005 17.152609497568921
29.148081296922442 -23.972970825352103
-28.652633705587721 18.385708237245932
-12.260921468527659 -15.811806783707969
-0.415020319898537 -40.576486860966810
19.611377810352295 -8.986563955470531
-7.468542546627926 -16.385292447992434
-31.896372405393624 14.591522109167199
5.732378924038688 -7.746488567748874
18.557674654199726 -10.557779431143471
39.997987140082287 -18.009630352800261
-9.133554379384108 -6.702092441175378
-8.703072336328079 29.489781107024889
-0.902712299261687 -4.932513930896826
29.299634115074895 41.926255119620514
28.295918849127787 -12.211661246716048
-0.385232758873481 12.599586798270717
28.216968431241227 12.827181138840396
8.268452362615809 25.642157419569141
-10.140184150208176 3.000967455477715
-2.027205754170134 8.134776181705700
-16.085869664088460 72.056633312973517
60.110490537541459 -34.245459005626635
36.847781887055085 -18.484620239133708
-47.212554769235417 8.477346325392160
-18.288784323411534 16.996105841076311
-39.333503186737275 -18.870099494676566
7.296205800228798 -16.697810416251468
35.486713887135991 15.330595634017669
-12.298488891844071 -17.347335941855505
26.534309317994602 45.564293906477573
8.716531184837145 -3.447452545950467
-4.206134288938480 -31.820508505546158
8.879460827276436 -16.113990324086966
13.449959569181198 -33.428225413110447
-24.945584428345807 -32.138533570117914
25.598151063776140 -6.590617949344248
-9.977255784250296 -1.534334718525928
64.080815811355166 -13.176025423265152
4.044580880449599 -30.688407247763468
-0.364948347339045 -15.855094828284798
-38.468054746502958 -21.562475882492141
-5.423131997423520 -1.867289074783623
-15.106262529785484 25.945681588101277
8.960261566553164 32.973648400253971
18.810464793441152 11.426530896478566
-14.470019765251834 -6.140165479445508
-28.196809335130439 19.800744622214754
-10.084343914184130 19.260675472767439
-2.960515433487269 40.048161230565810
27.526179464906267 -2.011178144818658
11.412463465470550 11.112552363891869
-10.187665719502709 14.852970608133798
-31.463722393972457 -14.723044318202003
-9.024991152696529 -17.423712170885924
-47.625465457465168 26.188475168330804
-14.344393538768005 11.823178551510777
-19.564621873264699 -4.702336441707846
-3.428187677899247 -63.645934647994437
-31.006853783256219 26.127102293259902
-16.381851905629919 -18.839122821587178
-7.834618982070886 -15.627523425351278
7.319122495611595 -4.834297061404457
10.144414239620351 35.571732755503362
9.076237271188958 27.604292986679479
-19.432955987940964 15.274281420761442
29.311186289301101 -47.301099963928728
2.499552915982227 15.858336560825679
-2.065021325961261 -28.931552930125655
3.848958110892813 -6.426824992705559
-26.310082239939796 -35.593156863864024
16.267449106550821 40.072539504924578
9.945993754590333 -6.915952407768626
16.794067908021656 -2.945417135958675
-2.855775281758509 -7.214522575890408
9.680620373201283 33.309951862813136
0.590954838407404 1.891022766271774
49.440472626249623 4.044955101745264
-18.243324813945296 -14.743937089721967
7.180557362989855 17.239700651011795
4.247779473372074 31.215587317279823
0.301440404506451 -1.178581370586246
-15.941617131422190 39.588826348227471
9.453322566376599 -4.736394003194194
30.202510085330271 48.831062800023211
51.542604591921886 28.547405891115361
8.993414925817465 -3.547983820638257
-19.584939130198258 44.612753555002534
31.996991392732006 6.971934957804221
-3.101271406444653 -17.526900859974564
-6.961554113888841 -23.654231648262307
-45.296307301617730 -6.714825217602979
-35.437815677781941 -22.631372899159626
5.049092947550007 13.670832481430466
-20.845598278672828 1.306397766991595
16.641885939824480 -7.216847459262394
-45.851037137924806 3.673104531199483
-2.289307006392004 3.054981897652304
-45.596252374748445 -11.756591262965758
-21.205249635129316 37.403436111949070
-12.216516478322578 8.123315538587734
22.151441532925713 2.793707493448613
24.649219166130482 8.094892510110286
-7.692467921300410 31.535767297939927
-11.558088734439856 9.569579717652175
-20.163539167343107 -10.541463969502590
21.723518419461332 32.958732352454859
35.437451199137080 6.764928258801398
-5.452161413988788 5.342825890757326
18.341451880426412 40.354855396656014
21.214575523422727 -0.500145601432595
-53.805553907660155 -2.243376564148900
13.494422260783947 -34.338745969133669
51.885534272131920 26.296017313557950
-27.120276440818731 19.572582976351260
5.959260448312708 24.325095720734538
-15.572519992872092 -3.283510385089607
-16.122838504981885 6.632429133501166
23.514692162205137 16.770150749393078
15.803868978057695 3.970729932863241
40.742146048670882 -41.734891944611888
0.500007306573475 36.183063088599134
-47.072885854057240 -14.891601940259902
7.582090643282178 -4.979180862993056
-9.977512537690355 21.678344551646209
14.573194657604748 -6.109891519527768
-37.154221178467239 0.261528465011618
50.046385015509102 -7.518608025154067
-14.541270490186603 6.152772274228616
-34.245803932254660 13.019618002637062
-12.722268855375589 15.652673466944320
22.615875712327284 32.323182941987916
23.811760611271481 21.035858064957019
-26.481158988679713 10.541942621305784
-22.295471472307160 26.813891925342002
16.482473990120408 44.606375198942530
4.632681602338954 -1.457767389214640
-9.761197375305786 20.598142418931165
43.698813623426666 -7.230467836524234
4.754887744370500 -2.721739005383470
-4.521523660402830 -5.453766899149191
-21.730797762756925 21.466891522020116
-8.534922900097575 -22.861791899726416
-1.901940136627168 -8.074319809440381
3.752311449836078 -12.537657553982299
-35.424842563109401 28.266468035529691
26.902975640752089 27.241561482644620
-33.863283620129934 29.525489586938075
-3.263796955908683 20.532380432366015
-45.661128677330609 -10.910163594829660
-31.231691105480898 11.055102642315479
-12.054259620584693 32.285694000430212
0.807209829723771 -4.498168187816370
-1.448322133741539 3.803323292664488
-17.751508820123441 13.952896126745408
6.701447893567313 -18.424096434805417
-4.850048435926280 43.533886024509371
-31.761496106424236 13.141834987576225
9.984169607925528 27.792748254168298
-9.820407933403468 24.879189977360319
3.521413981851666 -35.484249547426600
39.399608177111240 -5.315938307374754
3.502690964438609 -10.520590816229728
-29.542425716751730 27.473841273364666
-30.614128249350657 -66.102068612698261
27.740399128368455 -3.577270247837088
27.952240887420938 -22.963147050263792
6.406955279047128 15.510248478970802
-20.233819205432507 20.989583630775762
14.951798058900572 13.162387882958308
9.359800402867478 -12.528708231850384
-25.358704786503527 -27.521734208896859
48.527960098322737 -38.082411921053215
14.786545403311324 38.558930116552389
-41.243439583708962 -0.586092986131181
-7.259123305189177 -0.683687143633298
-14.738623741779676 16.355234436837716
31.083120231896434 18.280360167537435
27.687768854849534 -51.785484427165166
43.895056026243431 -12.749314294759934
-24.550834749113662 18.319021901366231
2.851091919816969 -23.078854823676391
13.976292088454409 67.758831777446176
-25.830915253854581 6.643300543684826
7.111559914237926 0.383599362437330
-21.161764010930018 15.280524250100108
-8.276927527667745 -17.064409343779396
-27.690152794016882 -18.036835401280801
5.581265328422313 -16.799365543030738
7.991032370826642 23.729354570647821
38.488158806282058 -7.077586289430791
-12.757926939326053 7.197485733375960
-23.642993214762967 -14.336741760989282
4.104466342035235 -1.775271538447367
21.265534858733705 -23.927415680873771
9.218798620062472 -26.818677417864823
14.604710920734297 -34.997426562866906
14.279301358041087 -12.743081054030599
-28.988939694753267 -4.085198458884817
40.934216287434900 -60.934490881476506
10.651713303769881 50.527725187644627
-10.295043564638217 61.796532388180573
-17.229057620362735 -16.357695336189305
1.977211518420115 -1.489031426269426
-7.765644353819664 -19.581088301477553
-16.533682623667140 11.149030036093828
-11.085693413704771 8.896642656071403
-35.992043179052786 32.432604208413032
28.537850391491350 -17.947472537201691
8.898028770881830 -44.188819171040983
3.552823061254850 -39.056088397107764
12.678401884038006 18.105733944399208
10.504734432111979 6.761245384450139
-20.660312543944130 -0.417893078930004
6.840134328903299 -7.232773027359044
-5.261510520091519 -4.472877163287247
-8.038369066994603 39.122097978802287
4.533634725522526 29.747922979482034
19.595567151019068 -9.762937176542145
34.200835123454986 -24.027253151503487
-33.323763778325301 -34.039873332761537
-5.146591345709281 -6.096892418425170
-15.350793118300249 7.935129234058882
-2.133839502950989 30.165778806648422
2.454925319401580 -20.904520257401732
-59.055261811265417 -11.861235926604021
-13.072484580151027 -34.748414207169084
-19.743501684833330 -27.711849808946820
29.594785683205398 5.322173182158073
13.997329551282210 12.004095071793264
52.298054007199624 -3.348227046348527
-2.557688877021644 1.824732478722667
28.176706895752911 10.289571828465899
21.426345112227537 -18.553175916073435
62.886067238552300 -24.683609468190642
-42.009886770393159 -13.389600001413836
8.968203701047125 -1.669666816767028
38.376242280562323 49.992333549375374
8.645593171902412 41.852719195480319
-25.967266765968599 3.445349124613335
24.979051276088573 -41.268938601641565
-5.262339830522427 -6.254066643102443
30.016060892020757 -25.380508902108716
-1.188266401755814 7.656596309700300
-52.737435448055315 56.204835981228122
-5.299847131609832 27.673735029319264
1.177867371600501 -36.057222679430730
-20.447017144101796 -1.645485323113248
-6.858269267081312 16.187221458427448
18.122941461429221 11.815138347003153
41.163992873840321 -43.826290134186337
-14.545290584093570 -1.534740390543445
-1.739708740572367 32.436677760098661
31.439432478009849 14.394379881159038
7.914520589136914 24.612487433440037
24.858440867782900 -9.269155649985930
-39.350446098620431 -32.575211439549832
10.377649613546808 19.837554133897644
-3.763259844188924 20.705415164609811
-11.470781272584665 3.872532623637496
1.374264551545753 6.920104174463216
1.268037178239724 -15.353784618836533
-36.682712107409657 0.345190420373389
41.979214254095730 -36.458423602735685
16.181628914815970 -33.379762638589980
74.508009690573076 26.768721100647504
8.118211360112124 24.668803005159422
22.831531884392351 -14.989521758797464
-6.860658523477140 28.970561551937571
-29.535984545477842 42.830923966073293
3.639147606676658 -14.511308592464911
-15.705744514768689 4.796764527145608
24.998176619189131 5.972108470256511
-7.432572003397005 15.065560833375953
-24.510150234929878 -35.758485470333724
-16.318218934166058 7.350016943666994
-28.650616644978118 -47.682808697917224
0.026048155814817 -56.707829053604009
-8.209322085409477 10.015246846054184
-45.148017630319664 26.260817676752261
-22.921032727142904 0.157184487564714
-17.827293145995331 -42.567176092864656
29.012104042911357 -1.558161052382590
-67.347598123747360 -14.781887498063101
28.889386008021233 -8.075230324702762
-8.916017917143959 -11.196650075172633
-7.278664986718190 28.805753014677133
-2.000050704537714 -11.303560804426141
6.778857841621009 -27.713571684423172
52.290941400254930 8.490107110641411
-18.569327351228889 28.150773296108341
14.289058465170374 -37.886863780074805
-3.156976056866826 22.696582947595019
28.685357574555610 -10.377646108043852
4.729980456259200 4.586822603091524
35.796535410578379 -11.571934409786326
16.068979949028066 15.205277060820627
-10.704245921880887 -4.921448389408321
-17.006697536409799 -2.589508127735059
-48.040171691486258 -41.232919998410821
16.290004828588369 11.049384584905562
-12.596000538276328 -48.362172975410758
12.218212610970095 -21.458120303742866
-15.596217485332046 20.715533982415668
9.756300618353565 -14.509389038354932
-14.443377970806479 14.677288483751024
-13.633041100312722 -3.418348814548800
23.974719099782217 77.578480493518683
-10.977457676264759 4.575055351518689
-8.061989626469229 -1.712886683261208
-18.482845554872611 18.624071661538832
-22.014019942723273 62.424431919785839
16.256766169104655 63.168909993178424
24.746600381340027 -29.076441624441809
55.658407836760809 62.303057611811496
0.768434468267674 17.031049342181340
31.813622615310862 15.214929681585751
13.933889745732447 24.914972017315943
-11.322846654190872 17.187531930467166
-33.602889795562632 -9.391187929276299
1.756864740594581 -43.469716633591624
19.140858848041631 -4.658728205966566
21.457994524967138 -16.336267431063320
-28.777921866979202 3.720262095748220
28.148736352327045 -3.699225738042080
-16.010776222969852 -46.229007705102937
36.536389755860817 14.855728339199764
-33.190654319065061 -2.801354182019901
-18.536612363746428 -33.463523335965412
-37.659876225361657 3.756771175243857
-49.982182160852652 48.866087299037723
2.339356961461601 -35.002626624924751
-38.054806771896082 10.005049488511974
51.763377348079651 20.179775149224284
-14.770232967374939 34.318520866287990
3.767821166413841 -7.262076020588891
-24.026869554614439 -3.853700680730272
-42.789283104183070 -32.544615557348749
2.594650674885322 -14.344565455369299
75.024466310834228 -75.123389703342283
25.448085944737066 -38.965658891172609
-26.945841405414825 11.002357707590798
14.289841873804276 13.954839382590251
3.132025209723277 1.783204599512371
-16.611006131044487 9.832344811443360
11.488170400408093 63.054090915226681
-19.798473730591343 51.026354109528370
4.323623974202456 -36.415592207577745
22.441505563236859 23.449617897418779
2.148407771209623 7.000773800502815
8.861858616806076 0.552411267476690
-9.547574014418156 46.841753904248314
-5.364847217691951 6.517542590803630
32.147739998401661 -36.497116353040298
19.345554534627084 -23.868796116995210
-26.354331509554431 -32.661250554362880
22.716648377954236 -24.131160148841680
-1.616736201841159 -35.457941319436685
36.340884516578008 17.185849987142763
-25.281289372008807 9.140869363328317
-16.662234126204712 8.403010477387959
-20.963202760789365 7.209021064069224
-45.133621712818297 4.669371963104010
-4.636234454295763 16.160139226668186
41.115554739712898 7.273262327790349
50.824142001421045 14.875430820039247
4.585603261527637 -24.028328807087213
-15.267592941881674 34.008920541112545
-8.663624743731683 -8.700693817982780
3.777812530721627 33.102719457964099
27.004962432665405 34.934517219648278
-12.211404745601815 -31.843043228973915
11.551701724839933 13.577627075117055
2.544225358922305 45.234722347810283
-19.770406202575796 4.868015327217630
8.813816855472856 35.105655712844801
-3.728008597006476 11.283932258403190
29.273485074294076 -22.682861524038859
6.866984836198491 17.612789753001163
25.576079006132868 -42.417581513804656
-34.338775035467862 -2.292505034035621
-35.001304733832953 9.098574361820766
-37.385416026572194 -0.201909306086341
39.104176888176937 -46.126693027155476
-8.143550557457875 -4.781786219783602
26.813861363679056 22.613200037804429
17.109597498447947 59.684654442603609
8.977567131941067 32.110238208011872
-43.336319278763909 -3.993911379883568
-0.245696471729699 16.530739968432641
-0.809109588887653 5.245548304348810
-8.857907520312530 14.521497897742035
-6.820535449123515 -3.941970523822928
-26.669107368679853 19.386374302830301
5.877219738003740 -2.224885773534201
1.912380972319149 -4.207943306071499
8.410655844824786 26.917824394154515
7.441428236979212 -39.600675334106079
24.108875302450940 19.699724565726509
15.591742625880407 -27.889342638950598
-5.677862241076937 -18.222129159655392
-42.641132223686562 37.820177975018595
-52.611976494175913 27.727694371589795
-7.937672840679182 -37.521248864830554
-5.761637324823798 -15.683556223787148
-7.643491948817140 3.370428721969922
45.466005752769007 1.606358880527688
22.289483965178256 12.099479655944391
-6.874044921209927 16.055648721668309
22.166722630487413 -39.625358797674359
47.397804848413124 -24.850414414684145
19.008707436759764 44.879996340390690
59.933736620548707 -18.372221506662868
-17.775949426987172 -7.669055411567774
-50.186457239394699 24.264873338846122
20.648614701476635 -19.491605825515300
-14.202969318546128 -38.218567791565953
46.968685797891048 13.759155681007030
3.900586913761842 -13.013815941533737
17.473678935561715 22.506378185461131
7.838465745230665 5.540466754650959
4.970618966349796 4.796587905596616
13.150011238428069 -73.656855850646110
-0.603751088428884 -3.048121615367986
29.739760612273916 18.714032495498447
-15.734095032324289 -3.569501020428360
19.275395672889751 4.743486337907670
24.592641681412882 5.942700509060744
30.758889435063704 11.458712932114469
-30.362134470721035 51.005834331083300
-41.977275313925880 -29.488425949896676
26.199987604914792 4.161219498214834
6.904209947058382 13.048349121230389
38.106286052756786 75.810848461591576
-37.648657858214101 -6.950401003511634
-8.613812187377139 9.798182939818153
-25.476647989539050 13.018575364069406
62.676590254190131 -46.556822899366054
-34.378059001072415 17.154248543389265
-11.978692554545612 -33.046419947020894
1.828458492816087 -25.760165984178450
38.969727175705820 -24.232058743133869
-2.704683604864482 -40.725858706808424
3.668882585431402 -22.740303318286024
-16.253239292502666 21.055771662050674
-18.627344483243075 -37.857843480776559
69.160303236578173 -60.973616973879288
9.667914498829553 4.699008504662634
-43.016314587825903 12.367554274868505
1.932340896561827 4.764354929940444
-27.270790106654012 48.956256317775271
-12.936395837109684 -22.157601971080865
-41.661098321682630 -29.961107168603476
-0.881707573539306 -4.432530646739679
38.821201425361757 -10.069427898794233
2.281963134407118 36.543558752281051
-21.040405171115378 -8.346379138858614
49.914026327472293 14.912489358264207
-28.244954642246206 -36.614335393079415
-17.434976840908476 -32.808117179340648
-66.852588253947332 46.443593175800274
47.341508187965616 -48.246640357680938
0.901040773391124 -40.330495117397994
-5.175804350532312 -33.360101482108753
3.815622690665045 29.718062323552740
-8.153494991390485 30.756215418912443
12.511317138752272 15.898811605634355
