0.000000000000000 0.000000000000000
0.000000000000000 0.000000000000000
39.239084215960155 0.000000000000000
-33.108743796885982 0.000000000000000
-49.286062798288157 0.000000000000000
38.260878386111472 0.000000000000000
-18.244905859921232 0.000000000000000
-54.692521401217554 0.000000000000000
-2.896596138819091 0.000000000000000
-21.258394916047628 0.000000000000000
-33.342446023891263 0.000000000000000
-4.137108347003811 0.000000000000000
-6.512990597628787 0.000000000000000
19.711656188724447 0.000000000000000
-15.047941231891370 0.000000000000000
-11.727979760152698 0.000000000000000
-2.396390650401682 0.000000000000000
-56.551780274036332 0.000000000000000
10.090978901718252 0.000000000000000
-0.428519540322756 0.000000000000000
-47.636667596994052 0.000000000000000
-25.194033289330502 0.000000000000000
-6.483555295755247 0.000000000000000
-14.218728799623904 0.000000000000000
-25.720589359711305 0.000000000000000
6.426750883234407 0.000000000000000
31.135058783033514 0.000000000000000
29.641056711687199 0.000000000000000
5.192095085339410 0.000000000000000
-8.932840242849069 0.000000000000000
39.507480274590023 0.000000000000000
24.282732260163094 0.000000000000000
-29.759030657548497 0.000000000000000
-34.786293187746303 0.000000000000000
9.097683815335072 0.000000000000000
18.282680657379061 0.000000000000000
27.431370833829220 0.000000000000000
-60.698973471939865 0.000000000000000
-32.190888668907128 0.000000000000000
-5.801674285263488 0.000000000000000
84.177457529718993 0.000000000000000
-26.929534463816829 0.000000000000000
18.391560315134193 0.000000000000000
-31.317153826070548 0.000000000000000
7.279892876527614 0.000000000000000
2.852527209725983 0.000000000000000
38.671914125046015 0.000000000000000
13.094662795386524 0.000000000000000
-10.484818362116350 0.000000000000000
-22.885856443445117 0.000000000000000
15.510472736281532 0.000000000000000
0.000000000000000 0.000000000000000
-10.069770734406070 -21.477005252396179
31.576197138800332 -9.939892498444303
56.953915384353927 -33.436684312782567
-34.134630657399136 1.024053832350538
-5.097659076727885 -0.108867232624562
15.648664369023587 -7.848577170929828
3.212912233502931 22.506115553893007
3.835321837067500 -5.569274881627221
1.670982659407660 7.415152523653425
-32.950016980899122 -22.378390821153182
11.858392172886155 1.815014703086627
37.338820785175002 19.964649917214352
31.019443224496786 -31.929452059405250
-5.212273331601352 21.678832713337528
18.690768601364478 -20.432006972328939
-17.607245204346025 2.521612350020643
-11.325222787902566 39.069921799166380
15.705234109205108 -31.273882360435920
-16.093580181264713 -6.462759432719186
-34.996544700865364 -2.492308284638148
-19.310737425230865 -12.036977827540010
28.542805326097810 -28.571125686798375
-1.811830968574735 6.938553343254400
4.303851680408517 17.967171345321351
37.672755533448317 19.618896702997336
-0.941440483155976 -2.169865662908322
30.640657280837555 32.236423576903086
49.196550069144060 64.120689682207384
-8.629803092294937 -41.928872053965627
-44.880371914856426 -5.196270061677924
10.036969357158707 27.761235368004964
8.355310934203388 -17.179959233715554
7.303151888485570 21.580369938220585
19.510534356089014 -5.363682863329711
-17.093338736137799 28.324927863455496
25.559342379304500 -1.020286690571378
-16.506206246857502 -12.059184362964452
-73.466590559514870 15.772669551987221
0.152778104507063 21.471734184989888
26.436799981984098 -3.252179079793819
43.393562304464282 -36.483867753894671
0.945819276544465 44.073601969790893
31.807109048635212 -9.745693351803785
-11.048916987533827 -28.137288021928686
0.468720529190501 0.525441340978609
-31.113865350786153 -12.326065193208828
20.787736175062836 -35.133618825919712
16.890670095545548 -43.608436027700975
-7.886304778238968 31.829969696498395
-19.497292704296058 -30.890729882916055
-4.418386430036832 -1.176351859155495
-26.981343718683402 1.551160662552081
-37.412428095347707 5.570614881902053
-1.002880958480905 12.341081502386086
10.060067967974208 11.368577333868625
7.646491785082328 6.164766852589247
14.210868575183836 -19.896930608793546
-5.102360296172892 18.584796887661120
-10.166602364847394 -31.060275676316277
-18.444404628160083 18.210554790962302
4.551632374484321 20.564246577544409
-15.552337387321916 -22.813193746770551
32.654618714830576 5.797090177328221
-3.849464787407734 -21.600528869014987
23.488764474095280 0.064411577572064
34.118967846528044 16.523954814109135
-0.227568709184130 4.207493921319529
-8.812224704934618 1.653989481521787
-9.710636450779358 -10.362500814788936
-7.735131525510259 -20.635291657839836
10.706131743435028 2.539319670499737
-40.638913751366331 -28.497002243938333
-8.867112507916595 -22.936529038498726
3.764301316812469 0.980789342338482
-4.422004406768691 35.633375650376884
7.900296632786038 20.631255695368573
-21.242936581344431 -23.386005417645219
-3.370228697646940 12.657134418876778
-23.136542224761541 5.451948933825653
39.758311911639147 2.100355457286145
-14.012966094309446 -24.032239374419351
-21.676159002724855 -11.604039906632856
15.022368378994399 -27.495260887080285
-38.275977748651414 -63.311903290242292
-14.143195670219795 29.693262778829954
-9.620320661222198 6.739084672651775
40.023420700610330 -38.335287963620537
-43.039621783224398 13.568074223207539
56.180261374183395 7.359562176752241
-38.200987583924146 -41.986777501528394
62.378610021585793 -26.331006727672374
-25.885925356335107 -19.689195147949174
-19.763967470487774 27.082513572425569
-34.992202765914719 17.441042138807198
12.815024572139260 6.913659109869501
-12.650685600644881 5.629177289897990
17.405547414891114 15.068417724212956
-14.749770350458315 -31.382789652602959
32.049582603048961 19.862836423683738
24.649165113795743 27.272542829597818
-12.031039148705885 -19.932132633849072
7.251205734639287 -9.536508144926652
30.184017770858429 -34.696808217377601
-2.581873089993366 7.219480205052601
16.079429610904850 11.885616145632596
-10.065631443445046 -15.421779703597535
-5.836776923207784 18.583204526844426
-5.643560655203485 17.094944849286346
12.820203373121599 16.290242074677646
-11.560470785412667 -15.617633361384788
14.805479379112914 -17.262808752016454
-4.302560117581845 -14.119582987920973
-14.220106157429608 -12.105026881938537
-7.316628993696369 29.457066884898456
29.735705777109086 8.305802998836588
12.528092797957109 29.208566869393842
19.619859030329025 34.264847986060886
13.671695039190883 17.768014206387974
8.019770837881115 -15.112371697644402
21.520582036082008 -1.736325319400959
-2.574666061532955 15.196060275856523
-34.224038236370397 -22.445697818226783
-1.266461693879120 2.745885624880346
5.350116541621244 -31.206492132118978
49.391144946948586 -13.927877510371733
-6.450337205209686 -5.510298432302655
26.756622976501287 38.358621968062984
25.053739999855907 17.695396633027496
-2.330487619760734 16.481887836711589
-21.923422226407194 -36.175584448416025
-21.757957851265431 -1.416437891762470
-40.568295376910143 5.236481966759070
-23.677741281447581 -18.602675547458414
45.247949188595193 24.923967107149029
7.658981880576188 22.547616489096473
-13.640218736451221 17.818163487055529
35.623945495998520 25.376213481015128
25.534700072664648 -7.462665698549559
-11.861883545054754 -13.376715262875591
0.536469358622125 44.958628889823437
9.292507364898778 -63.719533877934388
-51.483564877165868 -20.171385781004396
29.256288114674661 -38.085059439007068
-53.460665615909974 -0.794293946259394
-37.534077676560919 12.414965536531128
-12.155656275883949 16.444149234577651
-18.312744963371564 -19.228847359267608
21.388316743209010 -4.899255468693625
-6.681310869723116 1.234313663499004
25.231356934366989 8.906821544717468
-63.449182021080276 13.995029097730576
-17.879955955206974 -9.965875809056893
-39.632525996854746 23.511289190460648
21.871304412964275 -6.386176668007813
54.259142112633540 -23.200710131666217
-36.797859511984342 -30.487491987494277
-18.617766368004659 6.732960022472050
-15.799098787926477 1.191782050084915
-10.023983804224248 61.342158867603253
19.573162183259033 -26.403284033641615
21.857259007881922 -5.882287082262307
35.747167443786353 15.675032960463133
33.167887966414256 -25.062233676453005
21.754893517909011 31.890291275669234
-8.424240207460738 16.038064473307589
-36.007062515794885 -25.266560501196629
-18.879207739559583 3.566692182603900
-16.274345849319563 10.700365508288879
20.740903732023313 43.466230627374614
-30.158997273136155 -5.501441940270070
-14.105426421115252 -19.140654075338073
2.755945442357385 -15.260090613101974
59.147288173889606 -8.008441244589394
6.285190208616703 -25.522259064013021
8.672422948509910 10.860573338831781
8.325149182233316 -21.071989751765560
-29.787429374055847 -17.716654053396361
-9.101081907884886 10.965219291328284
12.463753410549749 18.058868710707252
-40.679365226208752 2.814874185250511
-3.151674971755240 -17.015932301511164
8.567960168176681 -14.246309113552421
20.137159871130059 39.923263885238903
5.054322799452947 -2.114767308952771
59.997965093738785 -27.139031108284097
-11.897900131416931 8.431880962896614
-36.157555809436964 -23.117053042248859
40.489712047239408 17.139356556073320
55.505739315815731 -16.548187038742640
3.142946485142320 27.832133749511428
-20.768265471202941 -15.708486679390530
13.859460182823970 0.295251202301773
12.552141344146881 7.987539590779714
-37.405149741271160 21.888693284505727
-8.192855583312850 6.839850855199714
32.224138082214324 5.466887040960489
5.273966851912493 -9.758328949163756
6.193524525729070 3.555364041994757
0.372774096829782 -29.679207369255646
26.050184307047196 -17.178848869078383
-10.023445601264296 -8.932744469411523
-46.176554566012236 41.825250389479059
0.775686176832830 -21.851460794264288
6.326826643626545 -8.247995178148543
-3.906074033366874 -9.025248571725637
-31.655750958730433 6.753151614443375
10.855352767473949 -26.703885265681581
18.060845375836784 14.837102402151160
-19.301911509112966 -14.435990909865845
-14.566078897290092 19.935713630916055
22.194541426867886 -11.716354645894404
14.993419795833981 20.225655406246137
-14.411811829567888 64.209453564767884
-5.827269758101810 12.447572388612144
-33.750035816890374 9.130311456007419
16.814701061984536 -2.420204253368623
19.956113052837978 8.871335239915378
-5.920069495548558 9.293987939380875
-3.166538876499421 15.915620355059589
-19.509035736182962 22.992704933892792
-1.007094388564592 20.825157219752302
20.816829609693830 20.008144961239569
18.588820648054483 -61.962205971156990
3.450261331049966 13.120065745151591
-21.955315265147640 29.272872331778135
12.742704840782299 -27.630236240065457
33.712496988186246 6.581121117905560
11.851250079454593 -37.622419240511761
3.050186648525378 10.241324680312688
-18.268254729634759 -4.437312191543961
-27.929678102703097 -51.260900394926225
57.245002217594433 -40.190971846594969
3.194580086012352 71.142687872813283
0.275655478251329 15.937280348144743
-0.629031320555479 2.276104088669640
35.887065375623180 17.614814753604389
-17.619736536487235 31.756168721659527
-3.562852817780615 -36.847720525593381
9.958506455762956 13.326182537909975
4.109966536077431 -23.976999756171235
32.214430691657199 12.407765137244672
8.851783939710137 -3.447391553196185
-11.036646610054150 -11.735309957639172
1.340074213176493 -4.267622727575429
-4.316466030206216 -15.395176627409311
-20.801670320638035 -16.182974837838611
30.073250286064692 -20.120420776613550
16.917414896962345 18.484864059366956
33.242486476691674 8.605265652265370
15.297514083444057 22.728788945707961
-40.316651553427462 2.940205175280829
9.106428794606412 -35.542795185064762
-2.821839957086481 32.404687445124253
-28.709333177882161 -12.274379640616360
13.423550854552229 37.578457627646060
20.813909353736516 13.178300829487736
34.716690882544924 -11.704487086902837
15.261346319160813 11.514835038144012
-2.100643065524948 4.411411625143810
12.544844213114596 -7.909423293474649
9.130342960034067 14.586519911386034
10.657612390081299 -41.207451576077680
15.627668975240391 30.509491267010166
8.588534087548430 -26.541423322158003
-27.147407250426962 -6.171971831788022
6.647341109147118 26.475298282633144
6.931543445480787 11.952340232067760
-50.224611419940409 -8.804821117541870
59.801257275633688 11.647178144623583
0.239332436795954 11.336715715358148
-20.712526205764927 22.003171061325276
-9.391451567358940 -27.588673799254025
-6.547051122103762 22.704539610118999
-5.713321167088203 -6.089206720517649
-45.247428478272994 9.822202886967862
-0.179641301620926 35.430296746052278
-11.142552898526867 -64.921575493843534
-25.887187174702714 -21.788316269047847
14.804900534898550 -32.680959789136260
17.544985911539577 33.803270026883567
2.897195543049535 -37.156824780833190
-23.259408062963871 -56.100488319183661
-9.552458219943384 11.195685436075541
-39.076637407249201 17.534357859618975
2.756350416715217 33.220415946666073
-34.648266403080598 15.804392265222052
-15.259305724694464 12.970520898688150
7.287233560676067 12.097936443671623
-13.236063271870075 -14.385949216605207
27.539521181019289 -2.129861372983822
8.657619577766576 -15.631960750218926
12.607629061711769 3.753015078840248
-4.523150646326490 34.021692756451174
14.516847430194355 5.470450958220050
-1.154116443573805 -30.667972538909652
-21.841492867184932 4.037242620183202
27.225607181553141 17.356657334244005
39.873471213836368 9.298348883179379
-21.397818079623693 -13.357632255134385
17.835370157655419 29.724183763631622
-16.204940765409805 43.400332436610313
-9.912612538216420 -14.567671177527453
16.347231904236651 39.468704874982947
16.682076373350739 -8.815549203910191
21.635147702095214 -18.129979439569311
17.883971208423343 12.946305117228851
-2.639722578493558 -8.537695178781760
33.118464889196794 25.781439263722437
6.330689797718303 4.446190481012170
27.161953261466937 -37.745832030487655
-2.974287148522861 -13.871064640576080
-6.421394387400315 12.914500422767148
38.109427979474866 -16.880419167296893
12.327222624643726 10.704764645063369
-54.495700140669818 -3.295935779799366
-1.884273762189340 -1.597065795441013
-3.435160129591003 16.001164545931285
26.519001789930623 25.700446515503231
2.824403981992929 -17.048496236144842
28.877286711165166 -15.248199737388815
-23.010695462356303 35.565380352791443
-6.734830215268783 7.430266486733800
23.895016704095944 -40.516446396394834
8.051580109081392 35.971127174967648
-18.519421216864330 5.980705176393673
6.275704964973635 29.477444417261463
-27.789185401636573 -19.093268333091004
14.651859850849034 -16.140230380281885
-26.547488992077223 15.360872967540196
10.313931105560670 9.603034886032354
10.277316495664916 2.460958154692426
32.684616610245335 28.769932977763499
3.585898388163240 -4.625043234007581
21.915542854016852 33.937349661200315
-14.825694185618877 -27.454545410292276
-30.985306300265357 -16.263138916525417
27.221117689691489 -7.508458619026227
38.684282295493205 45.338432092465830
-11.367444407121452 -34.129970038736033
-24.686644009361583 5.345923539679925
-20.073894613046981 -44.588222541882551
6.550277614739971 -61.648489093992232
37.065317831992857 12.251633519415062
-20.555761379961332 -11.227228963897375
-21.233306702066425 -6.684304341411460
40.906000161443771 39.219542380779025
14.418038589496792 -17.474842370412464
-9.630495260675588 8.801535838413402
10.312139992969827 1.073083374566931
12.354806978466661 15.637393562288684
-1.123878810632051 7.860672988477265
-18.436898515686021 -27.893750166903651
-34.842451253634508 -0.850119413333301
-8.302185982817027 16.994643539818782
-5.740599703514008 11.173492175058518
-28.638603099238299 6.580493052575829
-28.622656137977039 8.687453948694904
-36.257782625963898 -22.457410188958331
18.789512222502569 13.696579753211946
-19.895807248556189 -9.218873876826130
-29.490315967135256 -21.790995465818817
4.430806655588819 -16.597476947708149
17.400418946953273 7.218800955373011
3.942655995400401 2.774669502875491
10.712954319241810 17.457241473388606
-2.126823652106558 22.994844251222904
-30.067151659175170 -29.061934866071898
10.804480586845038 -11.037465881198097
11.712632931544880 -4.453905816927299
-28.218759283107161 3.318082654727178
22.844221380115155 52.052220613491734
43.628655900718542 -28.382322571237577
-45.738725618477190 16.933044203633621
36.719045103976789 21.485283827460780
-42.044280255492609 19.334552841707055
-27.505213997567623 -6.164503611766585
2.086066744213214 -15.422023448206163
20.542739460578506 -17.843622025790456
17.398425489676459 15.821411813550935
-5.515519867429110 -11.415620485377756
26.229225919825627 -11.169090457735429
6.330326440037968 16.503787489624244
7.486681736144839 7.761822721833361
5.827294351953072 11.662206831091360
38.018725891855809 3.494298669011345
41.465476703772339 6.588132936399687
40.735356876193926 5.922578550808464
-19.032219262732280 -12.066602056852984
-10.094108483504982 15.640964271938939
25.272105832885913 22.796229821108014
-20.787473534853991 -3.745120948845372
-0.700009694568551 -22.991668658609871
18.622211590890405 15.476032372555204
3.275548562553931 23.825410234697582
-18.990019521197588 16.427200782479453
62.158049206116672 -8.588691168778983
10.383035174026885 -33.357023847513425
43.315064701305467 6.160620730003782
28.297309081221641 -0.056272894663919
-3.705795092914126 1.191566892006386
-32.572994217534117 36.976243453444020
8.652389302991624 -17.368020718198551
-2.108767399646047 -10.913341930207205
58.362312666166687 -68.929991420181352
-9.873873745929403 19.760640371924282
0.191864953263775 18.514092921593544
22.401401151359419 -48.354287961235990
-16.321469125772559 47.416344267539422
-20.768055346988984 23.189487339245943
-39.472736654690458 6.709998920647017
-16.693801970700996 35.767749585263672
-17.179404679438470 -37.434188652657454
-14.645410200269795 22.596159645786695
28.016770121104049 14.507911126693827
15.459284313160166 -9.128321277019337
20.469306251834212 -20.760398419003103
41.767433845283065 -19.709471372423405
14.522755923839791 29.746418980663197
-1.914859893601658 -9.460434747680052
19.577431214807127 -9.147640366447664
3.132826819229656 4.040654118047764
11.482283797365781 -9.020933450421946
1.878506436435545 -32.596231232622969
14.297535020283986 -11.400756320159173
20.947499975112247 -9.249915276083513
12.395589494614926 33.283732401135950
-11.250399364780707 -0.299990418769513
2.296179288766333 -9.852396485795156
38.813480364098595 -19.896518826113883
-12.135849371959948 29.174184253743618
1.440182386529041 29.497035419650473
-23.631416581216431 -36.311754447189763
-4.957852397758363 -30.156068707566178
-20.582170283394476 3.939119181502122
-12.712001755945588 21.391330905991630
21.476414933721475 -21.801624119350745
2.448998809101731 -33.542964876576761
38.712088587379654 24.887926109774682
-52.070793448394575 -0.303368951600436
9.178355739552414 68.423404759951225
15.799643090100103 6.202117861288514
20.001599438731240 -15.158756884579944
-9.669788872040220 9.393746753124997
20.391160482391481 12.362555622964901
13.129598308703681 -0.696646358616481
15.028589018770401 -8.914729916753842
17.480685180807310 -0.296842484258139
-6.183522450678554 -26.533001980625759
-14.717344230400467 -15.053747436875049
9.440832329511782 35.899468548987443
-20.129033810898381 -2.977316414458423
-13.323307180668165 22.141310252596327
21.079010438203731 2.504638155891930
-13.372964160639992 -5.483827779279820
30.832756022621641 -32.142570997592046
-12.568601528073151 31.382089573728063
-20.802399610531374 18.596988421385145
-4.710379982030963 -22.341115690146871
-47.327447069839096 16.337845679229655
-23.870910464031315 5.632261354283890
-26.450123583007478 -3.288483634107158
-4.291942193761762 -30.970263325148320
-21.495677138825961 0.791708018628784
-8.706953534437162 13.820666238752203
-36.616465709939959 -28.098463102992543
-2.150030795257579 1.970206661749362
30.347833447427817 -14.233673087709059
26.518971483560588 29.391155399270719
1.080081870197229 37.211901024955729
8.080546161916788 11.822456497565083
-15.932964447351907 -29.838720592205171
-16.554314028057600 6.214377117072183
18.948609544802320 3.290555331564920
21.381908395493411 -33.156089176478822
-18.553352677041271 20.595464877526695
34.007052012914620 44.339181617175548
0.312940564326443 10.981436944357464
-23.514351213725021 -33.569480040892259
57.515820171563107 -25.239316121265404
-37.625386993219294 15.427052113071701
-3.242512248965286 -32.626858284085905
-23.565782604644127 7.040408729917896
14.635113818781045 -8.315995935553035
-14.664758612027844 -1.780678150541599
-7.287528260400889 19.501866222714085
19.834136603987517 -30.878919965067539
-0.369427246296644 24.628305772000846
17.957686893572284 -32.605136963104592
11.645744467335899 -24.100366625661565
4.407173221467461 -5.399971906887243
-48.170130355719706 5.809184972071344
-6.339856728811699 46.998325706642611
56.779774843494046 -56.258997209378023
27.222809832335457 -14.001986618440544
-36.146138315125768 9.806704780533360
22.364626695991355 -19.635709826829945
25.232242260885954 -37.408436287007795
36.358366733763148 22.642635637520005
23.865728039643134 2.167343442935959
5.383199305508196 21.518348253702694
-4.062595709569897 -29.611816857889956
3.047110924662499 5.277987394479956
6.013793333145079 11.784008597843478
32.037580909970558 -10.993539712422852
10.817948763438418 12.510633189132481
-22.764022346543001 6.495622240567672
-13.734872186681303 1.564484937046231
17.412905018043723 31.284231013448665
12.663852422545542 65.691690677995538
-25.961580513941076 8.060929741730479
-1.047931100390082 -34.508559971441258
14.296143783975010 20.123277434216071
30.035463102889747 -6.170951374385459
-45.902026873062745 14.509608214443752
-35.044781823258226 29.114039309445882
-5.008697746568854 1.491905427221573
13.966227913701720 3.399111397936741
-17.154985209953750 16.472638139629030
-6.571814734975009 19.289486867797891
4.632185602899415 8.232079508603469
-3.850783368465054 -0.618415020689932
-20.732911192439857 20.551652162803805
-1.163058244066050 -41.639465228555224
-16.310793832815641 -15.399729295116195
41.389966203021594 -15.774235770610076
39.894092596260236 -6.471292566940289
29.698147837037276 -1.067552276995668
-5.246248599657882 -2.509815719850037
-36.140641764564180 -6.781800522666383
23.281358168411270 -9.166040451254668
-12.582703679616527 -7.098242293573407
10.241980656488749 2.554426689263671
22.289375388402831 13.476588154774907
11.410737483810740 -13.010133347205240
34.739792335435013 16.243490079759738
-23.628733383070898 31.801551777726445
8.083100718864726 15.483082527821580
-6.076654103147964 -5.135159741649769
-36.799298612163049 -0.112866844419435
8.048266739897276 30.236791123878902
7.904550662305541 -28.245707055247038
4.806169031403882 3.964534116616459
14.918914368000870 26.542160489194554
67.063209715664115 -6.451384335676031
6.730936833835290 0.255489179531362
30.068502287430071 30.198289763117337
-25.929943630562086 26.608228144514847
12.434560527707408 -21.397316853795985
15.296086957641965 -19.513948391742325
-14.531327679673218 23.248384739666101
5.086156042096303 9.433786064947631
-18.580992426635571 0.203782794158520
26.950690068842249 -21.437099883801391
-16.583062247703701 40.654797372645618
-37.587890682276104 9.213690016206526
-52.317741592814791 -13.359648008684310
7.229173615766099 -26.611509603211267
18.324268421424925 22.762084201393517
-17.613582888159446 35.121912743443225
-6.955803919404971 -24.905805177755607
35.471841574671323 71.645358321057387
-43.480578929336083 -20.179044615876883
-31.454302834420719 -61.458404095954123
-18.673680878961484 -15.885931207121228
8.874276001053831 -7.824838148775975
4.899570880078588 20.527535095434079
-36.491258880535533 31.865965893815435
-17.787811417950717 43.867269246171567
-29.511821887055930 -8.060541132930283
-11.487247093554460 44.412309718599531
101.172949169580590 -40.062798301085820
-36.193531822284541 9.911871809496255
-16.684530587826632 -1.417316126808091
-3.339893905778243 36.787250626066061
-26.288452504336643 -16.659673958477882
10.930587273560146 -46.019681568658612
12.323169397307046 38.696604490449388
2.158776245149593 -5.592317763985835
-31.819215969835440 2.465257227880425
-14.148930943473054 -5.151723923439973
-27.610071290214734 -36.708320514401414
-24.095965379282422 -24.401824222340206
-4.650293946685876 9.789116547604522
25.241779830574309 -1.325907127207752
24.719537660104919 17.739837974221501
-19.721630958847573 -8.493431201774962
-12.477397364086892 -9.585642103012812
4.402366812877426 -8.506203273340121
21.847305876178321 -26.686675087689302
-47.042591125020166 27.617094797161943
-3.498546609990095 -2.793867358991899
5.246832640615324 -1.249605984918958
-0.699564160395773 -9.993679036006631
10.723091754907744 -56.724071524079960
-21.507977730541491 -12.126715760801231
-4.836357038675358 -12.246300781436995
-1.650896995150218 23.719247770622992
0.236252819869510 21.576460478706828
-14.299058253357005 -37.462446113815098
-25.961991161125948 75.641802636430683
-30.726513559634508 -4.222432846659651
-12.926964901687116 -1.903902675312893
2.118347433596142 17.311937907738805
-4.834602082796273 31.463373357016511
14.884133900002885 63.889025651401205
-13.501005404195800 22.388801419363784
62.690459013227141 34.750431034127764
-33.413035594870735 0.440226683198268
-16.845472693194754 34.556637816111476
42.592298004383451 -1.020204636960389
21.530413946931382 42.063850078479973
24.930580089299145 -13.564724733159741
23.855521347316227 -13.502687525680253
24.681809193931429 2.189419048120930
-17.841590657151563 -48.108959454779239
-10.857395613475850 2.854390879114426
7.744452930736910 3.158115548587960
7.882936334903102 28.420947158018752
-9.155300937527183 -31.437688269560969
-11.525090851815127 16.417369830702128
-1.820196361906428 -26.160782206892762
37.826017056020611 25.803158581479302
-27.390099343057244 -23.984248115002977
15.963177803401265 -29.345038754462539
-5.155033216252821 -0.400510037057564
9.177029678617219 12.085653207426851
-3.695275510127901 -28.297468418976926
25.494823834292575 5.293059776646866
-48.774296684239275 -52.497333045019822
-29.982269074233386 -11.251915477843262
28.046213047383816 11.386614781798729
-10.017844090364664 -35.358664782792758
-1.300569271799908 -29.894744002573244
26.552749107462407 2.775389791971464
-28.883292671989047 6.078542150359332
22.545774079651380 -14.510936399934774
-53.017437831678748 -11.269603266114743
5.118140168170384 -12.563362359447906
14.646860525594690 14.733604983321891
-57.964085762481929 -15.963609904890822
-7.251025067907554 3.839081234111593
33.255676747502093 -44.039228405662314
16.967932288289685 -25.997692234556808
-5.675743534276890 51.685321611958798
12.540967043153302 -32.722088318157056
-5.217746697217081 9.710740876738031
25.069418945804138 17.013874856224504
2.053149448533313 32.654535426022129
-8.274760715587636 31.803160634428782
20.236367957828563 9.516114555669308
-4.219670921940227 25.644483011556773
37.268719262377388 -40.952262817384053
47.019360553686901 25.692884778618918
2.986698162735372 1.257563360575877
-60.092095993765092 27.624047857956256
-7.813548463100940 -17.481670965489577
-19.810299221162921 -19.454946153461773
18.556959476618211 1.637422988241759
-10.137264516817115 44.508357579943485
-8.798488424430547 -62.446190400928145
23.925476845856998 9.005570854088075
-53.097751379034534 -39.771245718582669
5.268128377385857 18.100136503937307
11.238448130470745 -3.841904547966150
-1.799733786902392 -14.682520706089640
31.408411593192813 28.990580240262478
36.321985035161809 -19.647800587044049
-10.171530012280728 -3.727275214092308
26.923791653359228 4.854973367390539
10.060463073757422 24.514839564239061
10.342306989571885 -8.284816615268785
-47.586469605969278 3.796771854184581
4.885510777331031 24.065158358770869
-10.737095777195332 48.709635699961403
41.013255793158656 -6.125735171862173
-15.494116420224449 2.901793237336966
-59.741092268590030 39.376966501285985
46.643394743173438 56.806994278370311
3.073698553336606 12.781566933946069
-26.271594869727469 -30.305071037692851
-2.103166386235327 -12.534016996435856
1.237688371993231 24.294271868314823
4.666183253212068 5.720714681078130
4.465386682871633 -17.805402512410193
21.071954892652926 24.960665289871095
-8.413337684753213 -20.212050042011775
42.194662503609365 -14.122824706523582
43.370423973918051 -3.609049207389603
36.872359425850682 20.251783260726835
-3.337519899385922 -38.057782692557353
-6.600766544106895 -10.672139668563323
-35.908016201456185 0.676123938963495
-18.712081770030487 -1.653044482406389
-30.341720791563304 14.779069315116077
52.813853645767146 -54.816811892481802
-5.051307706844694 -7.730620434975017
26.249486659528813 -20.175356312389216
-18.558625898277342 -4.402835698750867
-17.650308342048906 -58.313249430179070
-30.540289212397827 -24.110126027874138
35.836400731464124 2.811800046103063
-36.352477002250936 -27.108923376374758
25.884054581731458 -6.494139412714934
-64.076608757463575 -2.154221003772555
4.417836099778081 -8.477802438100904
3.777629517368039 0.597238426729273
17.705154645817846 27.548952614291313
-7.260925638859511 -14.567071413332391
-44.056652396876480 6.824582802386922
-1.755692789735349 -14.471300034515899
-6.094979495990057 -9.947929666259050
-37.134975206565741 -28.083684440922859
1.276044065578703 -8.256140745858533
13.162471378397123 -0.150912225258156
-17.304272016842475 17.212052939270524
16.915129270574088 -12.517340204302306
-14.635950765060960 -1.653258874338314
57.252185363621841 7.187378825996817
-41.410414863860176 8.630632077279150
-31.813670433026374 2.741549212225271
-22.133262608240898 -17.833508151871897
-9.018823510728669 17.740099247511772
43.163093792571999 15.232499632821145
-0.645305448243674 -18.918501759394314
13.969951103225881 -6.230197125691650
-18.548524013020455 48.523726404236996
31.424624051951696 5.774789908218684
0.893199926769597 -4.488940802381904
-9.325352417993892 -1.160395730549468
11.845782712842663 -4.419120780038223
-6.180454702796129 -5.267973273454976
-44.766119431033538 35.408997963585371
19.219259261848929 -4.495944710919524
-0.591489327767538 3.132335690019015
6.658543890244591 23.514930249633942
19.701536324208227 43.478403385312532
-4.204397740429656 5.688347396438458
6.272356482804186 -14.305091755854889
18.598040807915943 -45.586135433026413
-12.534838695427814 -34.096294159010597
45.962489924632521 19.773226471621093
-10.640535242327076 13.612247412545585
34.782949550377708 -54.472992361698431
9.408991863779990 -30.235459365234366
-6.096406417830678 -28.847983656240018
5.134331859298495 30.272941519587047
-6.685839071732341 -18.482626476498009
-18.570592479089395 -4.496871835481784
22.791112000863126 -2.849143299931979
-14.262016948757566 -34.777628180857604
-36.029890936506654 -25.343497402598658
11.623318327312232 -7.898002153288226
17.363611640900128 -34.345689202743557
-2.313938698613915 34.733270987347318
30.925837048185802 1.790295439105763
-1.174195204894615 24.297610286679564
-0.568464577718073 8.765377335261631
9.236539482897539 25.321046781539767
-14.395216052120064 -20.625530521442791
28.837306845327550 -10.750612207385972
-21.141665904384119 -42.929768049530580
4.672336377645010 -2.743531170861264
2.360953591657015 -21.996191597578182
48.195889070245421 -0.523590462515760
0.332460286979427 25.320130308822730
23.539425644513770 8.550184007281803
-6.010753505599682 23.624199299886552
-39.737711517452219 -42.070195977133828
-16.254893259644771 -34.915548661512403
10.724573675364280 27.047381603473291
40.971414329497229 15.372509899368463
14.972891763440586 -25.446704386766157
-20.074330688948290 -8.989539266740673
49.755054780517469 16.558684640915654
-5.802449490308890 -12.089939020212112
-2.286658077519800 40.557638672494406
-62.998555023702878 27.570370831859343
17.943381565514105 2.674294573003378
38.027270996670886 -15.134505322294727
-7.961969945447382 -50.340203610215390
-7.165330671118770 8.876897439271666
-22.187801067296103 23.297191647363693
-34.519686078020541 -25.441453002195892
20.516915562572859 48.100117781963363
22.913150758600043 -45.079284635237514
-15.299925700163206 31.520107334624896
-48.026569716174834 -25.203579745042916
27.777585152004495 23.467696422784329
-22.089775804694884 4.230093751925879
36.240022797784938 -44.204553833128358
29.777551104426792 12.753339977097580
21.314680157060071 6.411452453311546
-53.051008987143788 -45.323529032388997
-14.972664338772985 12.894564151941392
0.954364814206230 -30.961629765181868
-23.167628962631301 -7.584196530621357
-49.995906880314124 -8.326735475533205
-4.353709743802557 11.812723243922500
-18.954816899158669 -15.600687454658731
20.969704174633925 -9.022243011016213
-29.732884623504432 -12.991330123658223
45.706803732990970 -30.440010517717113
-11.059852374209722 38.060899131065604
-6.878553056633907 20.446591963026012
4.415056118223393 -22.633716257156220
-23.648881402427723 6.066865415972889
37.167928013381335 -10.434579041188996
8.054092819870583 -40.632534594504079
-58.544781095820355 -23.426756329098026
23.255614513026163 -9.207703408480116
-11.310483156558442 17.313023547495792
-17.364595230750332 16.750497967425655
-2.786504308209120 -18.437200813040516
-33.424515504676201 15.671818137458098
1.364739140618715 22.512372274467371
-5.071009111804348 -8.072426257194431
-25.635760346609779 18.187834874342720
-15.050377303455841 12.831409321680882
19.805414437149171 -5.443438615202181
-44.628043580958796 0.502273615365155
33.219702369030713 -1.756681481034141
-7.450247804479043 -10.324174037849922
-30.242647535396600 4.680643009157489
-2.568968336212561 -10.228424456821241
14.703912363069925 12.154061564288725
-13.602130852942349 1.764733439817728
-36.356955777436582 -20.768783500805259
27.785741710203254 13.124833839981985
-36.396123216775180 -21.758469720540536
-21.891983087691731 61.987398756904284
-22.133850138701014 33.956113734456530
35.232591623078406 -17.558912072338710
-6.704330411320012 -29.455243785524001
-20.751640589853796 19.868785474160440
25.522362689568880 29.690648088876362
11.627846288832577 11.415576300984283
-1.620225094922275 -12.188449252614070
22.348301989529297 15.988745386446285
16.200413330296982 -4.114188271248833
-43.203084911682062 -18.332779761419541
-27.308587373768194 -31.997948660565754
-48.733626454276674 15.426270683792486
-41.540046334184311 16.455914496614472
7.833807744641419 3.456453792733790
-55.136602419727396 22.050770736210765
-10.380774271748896 -3.969086234461774
-1.277258025269648 1.306659503500725
-21.580316963520168 -21.324519121769651
-4.205484452440142 5.190336479708101
-13.067106955535131 11.270664024102642
-10.289669895535537 6.893394196198958
-44.331962656030129 23.055605602412463
27.878109397470684 -17.136070743075855
-3.229492200248524 3.357799509473146
23.990642105989338 22.356063185367546
-21.137239831724621 45.301143292151394
-34.189833632282557 20.179493246729720
-19.688907201647911 -25.561701167487335
31.886359331630487 9.196414638127075
-3.325244693181789 35.541664239341003
5.431565557370813 5.307302126659298
37.459424296655818 1.603182894934053
-0.332973769135382 -14.961504361575139
9.977260860830441 39.200986298729390
7.842753702125261 -16.728475071508250
-34.047580251628652 -16.637977326565700
0.946325399810488 16.541775478098220
16.442443414578211 12.415308018381619
36.915023057682397 -10.790828674294920
-24.452071094491732 11.792764782036569
5.711233343836398 -4.507688088413215
16.542705758085194 -27.974532665466477
17.359617565383569 20.085483576661087
-0.115547405122518 2.483670691799190
18.795548048007344 3.915949089201457
-19.524538303991857 -39.990243311880967
8.148112286155142 24.692800594886375
-2.908879629309811 -0.356096696070820
45.494300969023989 7.282690048883770
10.458413245320131 1.047946387951068
21.858812396959493 -20.507189838342068
22.116475140681555 0.554086306854227
-21.281277341565026 22.987109560471662
-33.391833133578722 28.571421941411991
27.580996607568601 8.517294135336730
6.124548872700594 19.537475000163660
-4.403245796926863 15.562215359059262
-7.783112915192036 -45.247197780288197
18.213786733718489 30.573081320483592
1.710179920617175 -3.993335238670845
-5.128255319586623 32.557126399846986
-51.771281051180694 -73.730486883156857
-15.947865687957597 -11.706100434084638
-33.028291039176359 20.387945244459416
18.370769925880381 21.830980516050822
-21.000876428160904 -39.599458841243788
-21.403945263192650 -11.147074203891286
1.879676015148952 22.606523367254869
-32.167906236710522 -6.406192092051429
-15.765942502506846 14.091514440888407
-25.522537955368612 -38.017288066749103
26.776012349313469 -3.555976181426270
-3.594303807235226 31.025981965170615
-33.209448429617652 62.049884998900986
-14.729550393182199 0.996665387191418
-11.206229839729469 -9.097665089415100
-15.571599966980489 10.926000261205980
-3.262750520995285 6.118608822865625
52.799638368792664 -0.317304546894947
1.272170622284303 -25.067449590960592
-29.766690298591946 17.567587166993864
0.594832727129335 -27.758954580661342
-18.564258365688733 36.100987032933695
72.143400796322567 32.140704270580073
16.966599053607251 17.942319006323160
25.940283114458737 15.114926402175621
-42.716261908034014 13.351924359136696
-47.476006103373145 -12.984583388241225
-16.673279967081044 -3.641942428538131
-3.061334836493207 43.249674530339817
9.446710296009952 19.829013711545699
9.304152358481433 -15.538789722304777
26.763596739930069 7.001333001291735
-6.420725188907710 3.089312608391281
-8.133456173653787 20.227903905076687
12.732716479110994 13.449119374510872
-38.902030915413654 -35.703331798144106
7.666398693606737 27.466660314403438
-6.241023107712843 -7.910873831998070
-14.950724539586910 6.266797230804749
-0.500966857614053 12.631971368512177
-47.042115111113795 22.875706377422958
-11.469121248622900 4.985733631139770
-1.231035889014786 -5.792043854354318
-1.712092243851200 57.269709547694234
17.170193699016508 -7.323689476300124
0.454963498022675 -61.038012215467155
-7.703381886050469 49.170896237869769
25.814790191952554 46.445127240046965
42.463186711176625 41.095129707642329
8.488199736402990 16.948434502845338
-4.160231885254375 54.703145839091007
19.086508502766488 -8.447108845402269
-23.570127658954579 16.744900338309275
-17.665680529198251 11.805990209335850
-0.101940188194070 10.874098910703365
-18.574132762461144 -17.650140214174559
21.642155291708367 31.011730446436061
-16.575896930443204 6.203595809661979
4.176778423607707 31.946762030663887
-12.270813892921675 -22.986724218844511
23.745048117214424 2.301284420712890
42.672447096998859 -18.207301940887483
8.461311370372409 -14.790474823892302
-8.072238119114880 -27.186622187388853
2.331810412970483 42.624476353127363
20.743777085648290 -1.899586805227698
-6.825983490001878 -51.801920441574701
27.131938794918742 -2.255326151872893
-27.802400085652252 -10.299834210359673
-24.785376486065022 21.555941789014589
33.292180897723874 -22.674525766836375
-4.641654001389493 -37.500710416099011
-36.119753855009797 15.264319652403360
-16.080223386314639 -29.374384319271734
7.896674539964583 -10.472397498311189
15.031682897707972 15.070770511875978
-58.713646970001413 8.550070931572296
-65.150204676101637 15.183733044812266
-2.566766319939745 13.293413016288833
1.046762998032936 20.331806207535923
13.262233318729409 9.922393210687833
-2.991228607819040 -33.692315945570577
3.439035508518606 27.668260865773401
-15.351501736393571 25.049307013743668
10.463347959966809 2.244536038012119
-14.396772963257826 -45.054663454582837
-31.204721651970992 4.674036647556377
-13.780072114733912 -26.536598893613270
13.689456007032300 -14.219232647232232
2.777169441466400 77.361971832629024
1.928794117864525 -6.170437704817545
36.260446340312015 39.791607216259209
9.799244741824955 5.729129077199278
-13.220834231480415 -2.789616586249259
-10.877808059243794 30.925691816009607
-33.075071738516343 -48.708973636072130
18.707385296837778 1.793831546561936
2.020360359806762 27.699417097944117
48.097336285007529 -40.171192980983136
-23.578924487637334 -33.254382199985898
-6.605848549713859 -27.091914114891118
22.435937505599384 0.822066877420714
-32.444601678171871 6.384496359957590
-7.922157702949996 -52.468875406262505
-30.571420181347705 -13.034034824609842
-31.875522561654233 30.719806560032193
-0.852596983951584 -63.757883145328705
-1.268034872293961 -4.602922181078085
18.931891813620645 4.534490301465240
7.582160894898319 -26.235047321416477
6.406876408767296 -36.871018788927621
-14.845219272273576 -1.052908593817497
42.967189305026380 -5.405662727641826
-16.160210784174691 4.060413361859473
30.757406766852544 -4.596611094630373
15.658638549567474 -14.547049269500018
20.223931384646814 42.539054193552367
-30.717126306082484 30.521490299338332
23.060645320453371 47.312381592750228
22.206290664185161 -6.196308821310594
22.306282434005563 -21.503794449756516
-29.078476034758758 -21.874176544270409
30.578860074111311 -16.578535128597036
-16.654430032985239 -20.365197493172442
5.451031225331656 -31.056646551867242
36.109583385139267 -27.996444803483030
4.788419383580869 27.287843680215683
-11.592406907738301 -19.810774994509458
-15.465984513531479 -15.312969541262342
37.366844436268217 -27.074024658480322
31.478316035992531 15.904007425142865
-22.460112777855773 6.195364749379236
1.140338145094271 25.997021569425716
22.462614402338207 11.073518300287031
12.894437389067054 20.398567194128098
-53.115394265796539 11.291817453192195
-18.782544114786997 -4.868864748473265
3.972355380960949 -17.168807956603700
-0.938928214664395 -19.843464691094852
-10.227726941670857 15.320760748583199
14.333096111422787 4.833268130096265
-8.817667380395573 -33.515160006101077
-54.488709733227310 23.093891422429596
-43.636885470788144 -32.208589098441777
32.103011051725431 25.944186667822734
3.867444525489413 -11.558448474149468
22.468399094793810 -10.707788786263356
-14.505209069725716 12.922340950261324
-1.764031778982151 7.879601223356970
7.389317866571542 -6.291153657662526
12.048954193039981 -46.962586212118296
6.516507065088023 46.813704567085900
21.752967885260475 1.393609770438763
-4.669246895427425 -11.180297661318869
-8.135540625758404 -15.239333171336039
15.555886051776248 6.211035798773636
0.188054267838356 10.919715271516203
21.127603290724824 27.041918530242931
26.335222990607853 21.987098249101450
-0.319358319709115 53.195281130188889
-34.144816783290466 27.743771885173494
-35.776261676660170 -14.952488575871348
27.877470215435206 22.250181449544957
7.737839240232396 33.033236351752080
10.114336073969868 6.227334683642134
-27.828677327273674 21.865591493222460
4.788479222575508 36.422812832103126
-17.974530420465193 -5.810119603093846
25.485670576717339 14.508838138549777
-11.224251774889108 -8.207699830725332
39.496112997931760 21.675393184311847
-34.824315265681506 -35.137592679722239
4.592505787187667 -49.764963440130444
14.579111569301043 -8.759657205214484
48.701056182952847 18.765674515028291
-24.150943990882425 -28.696031915378004
18.394947074105289 12.043266431433270
5.142263620579825 2.574563787031608
30.084458646769139 -43.303938946488636
-44.593219167691430 -2.332076331274853
-6.775900578536578 -19.980697090481765
10.586741543917856 -7.734862348651599
6.918638815193917 -42.386435975738429
50.372179212884461 11.945217726972581
2.130120940989512 32.941380525407268
1.073185413715995 -16.502392546767044
40.322817861823097 -46.981698911149373
-4.012004728198845 10.574136669333106
58.110808131373105 6.055424109963527
-0.061974139034992 40.856021249929647
-4.924283526069138 8.378756111481605
-21.399436186508616 -1.221396543800009
29.585149585269544 0.964786666499547
28.533554333219254 -36.132987302179643
5.363108027351433 18.718185340625425
1.600609047587185 9.178329596784977
22.489606869052221 40.739359854604295
-38.206753769616213 4.263926948197413
-16.650930113393756 -25.019319187218365
-18.813118147468970 -16.074525454145455
-58.997791424722216 -29.239999046107048
39.860678037290732 -15.390595654883549
-15.015853651183631 5.338127780126388
7.392445563146532 -9.173456086251306
29.209551270167175 -5.825246756048790
18.126535638822052 -10.120216601602994
22.370559015727203 27.139983616423851
-27.187655707419108 73.983411446888013
31.105866381264565 12.692421291824557
26.720159082372732 60.710729239248785
9.147295581356984 6.381989717407563
-26.829326769823432 -24.937885500654630
23.019936649390928 -13.992889169485913
15.112536750402041 38.877486806725244
30.160716641628309 -3.958196116113800
7.856883235178663 -5.403065699513136
-54.668918011334185 20.664344530284172
-6.991920571348514 8.247559745694515
-13.954978959500234 -11.834374641187408
17.160526381765457 8.507907554351394
-23.797773342384140 -19.138958881299214
31.857528117357180 0.197329965194763
-52.899052741983894 44.747943796365298
-33.458594133812959 26.843998797019275
-7.162190283197305 39.870017877321843
-5.701788195330757 38.225853032955435
14.279520875041610 26.000440844269775
-4.749062747690409 2.223070325342090
-22.298615177273039 -24.274544078436300
2.636754505306631 2.343065026630051
7.234707231687603 15.413223010921183
39.022943427235958 42.569258536416285
28.042685651664058 42.837426345418315
34.849650802521012 -11.035354588156236
15.923681761848426 -12.368054663834048
10.087696764138290 -37.140837791362650
49.201419475291289 21.655847554402104
-24.423673556961131 -3.577326878370020
23.152987623465442 -13.818093660836158
30.109210289807752 20.826849791340084
32.674151521244177 -43.020019298028274
-23.258323616094213 5.399237970646014
20.547609620007371 -7.508577829231561
-23.370563007141318 33.734232751292382
14.647117129328755 -1.163047649734283
-32.311177884880983 -51.100516545386476
-41.699720137376318 -38.120840169459647
10.084837204856557 3.931839002377400
11.321230088438671 12.918179939840371
-19.984834230436196 8.442605882785887
-1.066369996348104 1.368569204697819
-64.849448435995896 -1.368347895628096
32.435083741391018 5.627436292636424
27.289118970552952 4.562978514474202
-17.731529588680004 12.913953905604421
-45.640517236081713 -41.194739753880675
37.774068863771660 -27.679370533494069
9.419115445308165 31.717090948623976
27.295664219349327 6.071728178086732
18.172470640780155 -29.189346424018137
33.103455946971337 37.572617112055646
-42.106872055590337 7.245562034137274
-25.153483824125281 -14.385851106560837
7.330414358244328 23.810619350502513
-28.445690932445903 -62.553289793829798
38.124374018546249 18.415489996159547
-0.769087852231240 -8.008805026111727
-7.722336091467940 -0.677808326774834
28.103995227366408 -18.946215304708790
61.076785832122020 16.967562311952875
4.531154487313886 -31.221462945104939
-9.432257339886197 21.891994344484548
19.314965573975329 -9.875938786902760
-5.812836985602623 50.612105174156234
14.998134980340145 -1.433989344420773
18.085409111464536 -12.993750730217927
-33.698176139199042 8.268071268778190
3.822525062573096 5.121678485422072
11.820256598584212 -21.370932432868887
17.686076541147074 42.897241592841752
30.856899890333487 -0.044836351296892
-7.807827101827461 13.899334338946899
-35.381506374770694 -40.090235565583747
16.393559699093192 13.836932226243476
-12.772006141546843 36.398578110580274
39.624118952413284 19.262104022948918
-2.342303394693401 32.661366633992344
7.245693451306126 45.666359894315974
35.500880326147708 -2.813099988317513
41.376174278202122 -15.933140512957189
-31.857546143734645 0.965645586154932
-24.692994397776634 -6.697927328636974
-19.469901823522001 0.295292945861759
5.324620770115894 -50.091669083461753
-12.773882815280361 15.175985945350979
-5.642395872176381 -29.696451535527341
35.713301651462032 25.789658431031256
24.240228713944727 -9.195799035869676
-15.783627926587496 37.293489635955403
-13.281959507956280 -0.574417241427473
2.919643216947156 -19.692812585695961
27.160308300911623 -37.632774351433227
-14.449405796161596 50.227273532355028
-38.245303015357209 11.304056691230784
42.071306368175499 15.528749533372523
34.524277625945224 -22.187364742996920
-21.493711165834476 7.253709610535761
15.098926449986468 -13.671691875653773
-15.808074182959709 -12.951368844314898
3.079775770720132 -47.781858335285456
32.433324563944844 31.513040349068969
10.153526721291348 -34.414905742822810
3.372035448787713 7.065138709224318
-14.294683927028780 -4.031463613169811
-56.720926444952376 7.615585744899737
13.097094014244524 25.463214376639861
-34.892263338060395 -27.162402392810776
-11.326195093754945 -45.061117584104082
15.241114196825713 -27.219268961810286
-9.092216596494850 -9.640886977594777
-14.995212541537230 -15.273660656601674
30.993948146119269 12.885952040816958
5.914079935971586 -17.563545789542886
-16.623925469970150 -21.520400323954124
-39.422778459602547 -36.589064022279352
30.076130407103950 4.859970126583757
-25.054811956838460 -10.138834818945350
12.373438002968335 75.381578710519520
26.104066460981350 -26.730903041473738
-34.457350811056457 -33.276851140335111
-33.383300483910467 -22.562108003312400
11.215366364312203 -0.906541345629501
-7.005454806943951 -17.647367603864403
-27.795663844806917 -44.716098523473661
44.603484804684477 19.278853982269659
-38.671547922391433 -13.983576381308099
13.598686309422328 4.266148985806208
-6.871914671680670 2.021363927227930
-1.104182531828737 -44.600498465285881
-32.389106092187703 -6.460002859200845
-15.048361793963975 18.211286281429601
1.038362818183054 2.933755385262554
25.709436567194270 14.344600554712731
-8.358701221082642 30.461989785368388
23.399402063682100 15.724302456816931
22.584872611021119 57.558597631147713
8.204059433913814 60.815654242269297
-21.718722567501963 40.367359134124953
-3.092066392280417 -4.666339394607557
3.629763601051284 -20.102935106358483
-76.638260457466203 32.038399079987592
8.928259926168655 48.609345469256610
-10.527295681969822 29.445921302217688
38.039373150580786 0.919342894040508
-41.239294270552790 -40.314501780009586
-0.806597555140254 39.673210736017317
17.837782831783965 21.675271034698422
41.876219964996771 -54.694336271297104
-25.989497754741894 24.619049850781611
5.019836766750642 15.576080271619331
22.023746942791846 2.556259326439486
0.432654435404505 -7.313497099059932
22.092424979534410 -27.994943456033312
-2.388889097666901 15.637106828297174
21.478839699341780 24.685239571740805
37.486308949304124 25.315391169816884
-7.930645080658961 9.936970823199083
5.182665529323407 17.737568934961420
21.285390858799524 -11.506171705365860
35.468959536246267 -19.109815947703019
12.422387543847311 -10.672581987483124
-0.322768828058901 10.524904679609408
-10.078959180299920 0.003749616416813
48.091293590130526 44.463148990532424
-26.784318697091827 -19.545947645287388
20.560531425600914 -42.221257055278464
17.302992423859919 17.065697085665168
-6.973144881484055 35.372262902214025
38.527122030610201 2.463917538776901
0.726135975788086 -8.740028083679826
5.107504043555648 52.668585020211253
-63.735865266394143 -10.271451416360531
34.273940129232294 65.735491512441541
