0.000000000000000 0.000000000000000
0.000000000000000 0.000000000000000
-54.969075612628806 0.000000000000000
-0.523535746965920 0.000000000000000
12.064614340600283 0.000000000000000
-46.448030559540065 0.000000000000000
35.825347388007195 0.000000000000000
-12.635961821954329 0.000000000000000
22.720110704454960 0.000000000000000
-14.415316194491718 0.000000000000000
-13.182201244888002 0.000000000000000
-35.597776012884317 0.000000000000000
-5.857333781915339 0.000000000000000
4.116134649565384 0.000000000000000
-3.872325136003925 0.000000000000000
32.856514783158090 0.000000000000000
-19.544000784186220 0.000000000000000
17.014007245889459 0.000000000000000
52.191900149160141 0.000000000000000
-38.562006378971795 0.000000000000000
-22.941294294469628 0.000000000000000
11.356289974359104 0.000000000000000
23.628425513550777 0.000000000000000
20.823956527592387 0.000000000000000
-49.060202893106599 0.000000000000000
-34.703290392813145 0.000000000000000
67.914053427604244 0.000000000000000
30.426473394783606 0.000000000000000
-55.142088805609227 0.000000000000000
-39.072425657990124 0.000000000000000
14.692704679952435 0.000000000000000
45.306664064384989 0.000000000000000
3.093637459518911 0.000000000000000
-5.656456543149561 0.000000000000000
-8.269178899700194 0.000000000000000
18.464105576331047 0.000000000000000
27.714683127110408 0.000000000000000
77.564433575547810 0.000000000000000
15.483141065262842 0.000000000000000
-35.089512378488166 0.000000000000000
-1.226752505516322 0.000000000000000
18.907146394409097 0.000000000000000
-10.594287851404010 0.000000000000000
-40.357255713910035 0.000000000000000
-5.007262430564768 0.000000000000000
0.379342432147905 0.000000000000000
5.319754026783508 0.000000000000000
-19.299283381412650 0.000000000000000
-14.098565020145273 0.000000000000000
-21.492376952909162 0.000000000000000
20.862449743298452 0.000000000000000
0.000000000000000 0.000000000000000
-11.657650125322045 -3.800196830489465
13.665465062488298 -7.047232623549334
-24.333735536198738 -13.837313359236786
8.047309008318225 -3.952653318890649
5.205327603974664 -2.944864036158197
-5.597696289702795 0.593866311781730
19.829233155812627 33.403636972327170
-12.975651884246565 -34.528212185525852
-16.194139042971990 1.154014564410641
27.132417481416166 29.095743559869280
29.816127370344851 -6.262566205367103
-16.012321122359637 40.482171790029383
7.759475217505725 27.465924002631802
9.165622837683809 -23.740461491325490
-2.389507125978351 -52.477307899223071
-20.797492081030587 -16.820463540557668
-72.122510428254373 17.717481323525437
-11.096295266598146 19.387031723606665
13.922652833922530 0.320312755677239
-29.720653110441997 10.582568363763759
-13.042204046955039 43.004917462634111
27.755002197534214 33.018387695801685
22.204702769309765 -12.393234632189422
7.899287259955486 -19.853201746340797
25.554055538653376 25.430132401828605
-19.251471912186215 -3.944219232479597
55.654565412441301 8.427390237338804
-11.406935112373297 9.756818452107126
-57.992819950527547 -10.520537535999523
11.902569115752813 26.988742139769300
31.739795164142521 8.300085231787840
-16.695565927884029 -13.656323247740303
-41.858579853063006 -41.823440942190580
-14.097936223424533 -7.890202274808318
6.901246689885269 21.659668913584731
19.954138324308655 -19.084815537205500
-11.923603729733548 60.531347039030152
-61.090776410868123 19.920239113803532
-4.001663872652831 0.010321348833685
-8.478875798193485 39.786078285856128
7.739253713754869 27.010353857017304
-7.736644718312104 47.251121849972328
-16.469519640100632 -5.594039829598886
3.111396354556820 -13.339959685108393
26.267443502892743 7.710526430049491
-0.660301165645323 20.715610416814396
-14.463911311141295 -19.106688318281613
-55.111686936718819 -35.284891257396573
13.469501964352764 -0.257943702923284
10.238874975609603 26.095153072837395
21.910116559841057 -0.102959373415921
23.508124715992874 -10.033999562842061
30.684032652378868 -35.050682570952716
-5.607630181259210 2.642413950073748
-3.614915366552865 -29.968777266493955
-1.095690526809322 2.481072535988202
23.516622210028505 8.243663865545454
-31.460409131938576 -16.582195332308430
27.875934024477303 -6.006960150767379
25.108462404042008 20.465201078286718
9.269688783354516 39.214114956710596
18.882290949023563 -49.499754968806108
6.973507181352543 15.872903658869889
1.054011917302331 40.901455355875164
14.031146404251480 -48.567516465139114
-24.884485788041715 8.490550801764504
14.383317150071077 33.212101017761938
-47.205773851202643 -7.403459929914114
8.861879766099193 -4.975973265147604
16.851847804108328 -2.723752062365445
-21.441476524976864 -6.213371299961875
-5.212157104597262 33.854659916669917
-2.997653995998806 -50.973290803619697
19.293279845853167 -1.511922385947251
15.760724620383984 13.667321682205138
22.427648538552877 -32.870265710326166
5.044845174894813 -2.585984901576070
7.058576714323696 30.024853634125588
-11.248939155936089 -24.793049954807557
-25.319604360671523 -51.910981985597047
-12.363899094899537 4.523453958878872
-2.325016005739776 8.900058982685643
34.408205100884921 19.109134153018466
23.835900983906647 21.628495535328792
-42.454788188653232 -1.282152216568029
-26.592369567110950 -32.680814062766714
25.336597459537810 5.896881310444720
-3.517300823467932 -25.193042456700173
-29.772328198143203 -25.709283693676284
10.572619903398499 26.881397334786168
-18.257161314510142 39.626429884819132
37.652943276360340 37.852325487993966
7.733888101124951 0.774956947919694
19.458476207387363 -8.593608648065032
-44.781565922523676 9.229503249374979
-45.968470753388800 31.072990683706568
-55.243995155518760 -7.890811342782115
12.059560536791448 -17.131782219885380
-25.220469990846297 13.824094901833362
19.965518226923503 10.401279748010658
-26.027801147786818 43.999593694601238
8.537377370400472 -21.175592435089133
-21.573480673494863 10.908013468029727
10.321959658957907 5.768858032873923
25.604801242747925 3.862615635835402
6.013801932561811 1.521355748220019
-17.354512322162925 11.512910271821958
-12.687954228841731 37.685932996392971
-45.301720206630577 41.404248130770803
27.244720188487772 -29.777060312960391
4.994500716967351 6.344797080219045
-19.669647693362663 3.206960526187120
-33.160601463653869 11.854841134471075
-19.949246747347932 -16.403294957444057
10.246031020459597 9.935977826606218
33.506713206198057 19.085337790785367
28.595387601393934 -30.636487524024286
-11.005499868923307 7.389894598236610
8.615761030856333 -14.858862553051088
-10.244948481484922 48.350317067024321
-38.781591565775862 -56.471460175703236
28.215251515335304 7.633694392963402
25.932027687907478 -16.992317916718235
-27.545999039558364 10.339947868165508
-3.558287075596321 -28.076439289847301
-20.734351473765852 -3.452955997324183
4.738982124187039 -6.094128064275909
12.387182123631854 -6.643842450047458
-6.778145129033670 41.471248673593117
-23.117566907054972 -18.885511438287487
-20.625863114146181 33.188281797336977
49.116694281257793 8.094189228722287
11.741079597474029 16.617005105338855
-13.446603410728244 17.289088055684410
-13.067833371331020 37.946197717383320
-5.503625670667701 18.170510203774704
25.201152935654608 -4.328135779821283
-11.751028624264936 5.608734655249299
13.644846470754464 6.947531805546403
-5.061727994909007 1.781539786591920
45.920801339967603 -9.719463637320093
-5.142148224848963 -32.824129316045401
16.455523055643837 -6.206145696651596
24.079211179990740 -19.593640415718813
9.493827743903214 6.244111770181441
-5.040236166034593 -12.326004471258711
48.176285757757846 2.944666335713656
14.142286091323784 20.885627243025702
6.941339025151946 -17.662705204179726
6.505288399591028 -12.377157929258187
29.016634259143419 -6.865247421515233
17.014754044644182 18.922508158409389
-2.124615664792465 25.650923623846783
30.749704966767624 -14.695131793987169
-28.809490190408525 12.019415645551291
-0.998453712520097 6.341656649727849
14.320732898964376 -17.323038254424361
6.306132131609483 -3.175311514728475
20.316774372750945 13.869436144640437
9.887088645531300 26.684161248917931
-0.579855251215445 -41.065715581126412
29.557532323726370 -2.409481267962077
-5.966905310117445 15.878622473111932
18.307925497523765 5.166626914872962
10.373133546447114 17.222185435113719
39.400963514723969 38.619243195661447
-24.910233743297209 11.724221726834552
-3.727265815209599 -27.205294073722492
22.149830606725249 -9.316157627771188
49.340413805317297 6.611997599885962
38.219606967685557 16.936821538732321
-20.435309938501536 -24.305699204667842
23.495822927932128 21.445358417272576
26.347677844738364 8.791324239732717
-1.052006699739102 45.518268384443289
-13.545680052409782 -22.616543055962474
-10.268220631750486 39.323403764175133
-10.915010331133425 -13.796733902945290
5.659010564711167 -41.574266719359429
-2.737959342218133 -31.735988683673959
9.956438585857370 -4.365710407283605
-21.142331548575104 9.396336422268236
17.301252514925050 -15.852265421862999
-10.124541696007277 -11.575491910271422
17.059912306699168 28.051185991972915
-0.537541245936764 -13.743600077586279
-16.524837878334495 19.490366270378839
10.478752389761265 -10.702272971527805
4.809264107582119 39.355137192563667
-13.760173129305409 -1.675509277695798
44.892648938551211 -1.312167481903574
21.726685858882810 -8.540084364800228
-27.638487122080477 -16.739665758539061
6.237957911940615 40.337901399855291
-25.183742962454264 7.555759651673738
22.643322089132432 -30.617786187890996
28.032473345483247 13.174252476148087
19.645721175168262 -23.409760495862276
9.458456971349991 -21.535615944490257
8.192248701698428 11.942183139357397
-21.615843869361150 23.356364603170611
17.651377102401266 -7.954093099625881
25.932997552681222 -41.654779434529992
11.521501995365027 -7.706219967466592
11.997159859725439 -11.505958851147092
11.373812566024183 15.244440968429686
3.088556967141942 -15.881477407161423
53.899227156667159 -8.299248840327721
-13.861662856579803 -34.582271290837745
-15.153030356395508 16.883393010616544
29.761573633474647 3.964945233425586
-8.034469452063636 -8.840115232617478
-20.811959866892913 15.218222547317959
56.634566531666252 6.648718319971342
26.182097682026761 -1.802859541462504
42.899348667731687 13.677183934354067
-26.890174917669427 15.513797931560619
-7.597426557381167 17.439880003215993
-24.513916180095109 6.699894078259132
-26.211365104893705 -20.517072436433040
40.922819692173412 -23.427952804167745
-6.048933346167329 -2.056992606923371
-19.306226609430936 54.862552495021149
53.422225752896829 -35.374762596817661
-43.963105816350307 2.780018121846647
-34.419995111428868 58.969266579174388
-39.794149981484992 7.412850988977373
28.004826999060072 -33.139993930030116
0.205614570403575 -43.104629007989999
21.772871725777350 6.716086034001788
-27.099257568906193 -17.674840088107075
19.534914992153780 9.460404934779925
4.782464359032478 15.437526835120160
6.231065672489298 29.980099350076038
-13.171392436141927 13.126990002363661
7.122607728816305 -30.283563073875886
12.812332005108850 -27.245821873919880
-67.796697264249872 72.448530687848049
-14.212089932281094 11.715414707554826
-7.739434477854981 3.328323475862097
21.580916833638408 -23.759641852310359
7.735781917277399 12.010388704844027
-29.781700901947669 -3.482807868305737
9.601242108830888 -23.203791747037563
-3.290900370789672 -34.053172196432392
-1.747464428193333 -22.277674954037685
-10.968697964451293 46.573638171004582
6.409374031981774 -29.928904349769290
-12.729281781274826 2.647116015269257
-3.183377497599795 8.122476706791472
46.857401983038812 -9.812830261958366
-31.278330434054070 -0.372718892726700
-22.509263887055461 -3.753873106264198
17.450586841931809 24.111043567057695
-9.522852638901064 -30.879199976566859
18.163338270322413 12.760008266479472
-8.909870094430159 -8.765542699593162
6.595474458829365 0.205116439453473
7.687120392855383 -2.717533443777626
19.453612087606238 -15.690866603288363
7.785964710365385 -37.232697535147715
42.614783172411322 32.872133185063674
-18.162174493643512 -35.580498588920690
18.181982089210610 -32.128407820820762
12.750010273118338 2.371086346633233
-32.109249871742961 -37.653641475405571
21.126319031908007 -44.342648281413204
31.931918244891165 -2.504970075096762
-42.508773258883451 5.186133944154951
24.222112601262104 14.045287692666355
-20.888496979457166 -22.502298978930341
19.871777185044031 -23.253111472193769
5.748327789994359 47.514194019405132
-19.622966330915286 -37.353595046114918
-19.725740155658762 44.726338192735597
14.575536233194503 5.526952119532693
54.373705100908715 -3.005127507779516
25.689436449489069 8.302414907687890
-18.969473338099618 49.780186976861508
-29.143599957074922 -20.636015434275581
20.094240492037713 -4.019912191051668
6.705331755953829 -39.256846572356515
-22.052009419909528 -30.524232887899537
1.818624133151338 34.254019313204019
22.864633058934775 13.475553444488595
-8.146861545129562 -16.649306759923224
-14.108678760645789 29.094228364943490
-12.218021580478688 -24.602232006222156
-2.016828744034032 43.455512880516601
-23.181097713374715 -22.995276681482004
33.434546103794531 -0.780436364794687
10.263011067184596 0.200123432340633
16.166295892520733 4.692235578114477
19.203999734104897 31.074925885703145
-13.633011867400082 -7.629521007662926
-8.090278031832609 1.505349461423344
0.173362694216695 17.254026262936488
-9.470442553141190 -11.000382023566017
-34.233465843511517 4.120218157356364
20.934950910068288 13.957522317964960
-13.038577294717085 -16.545261978282227
22.116700555583254 25.565149828965929
5.187864402182030 13.146229855647263
37.294585434787308 2.203765772674064
44.402326761918850 9.015598029159115
23.525845005780056 -31.561407133582794
-8.788254656977823 -29.152002895330771
13.541031507103796 1.727499199825557
-9.269782866791255 -23.891384456059956
37.218194221659196 -11.698811445229026
-6.522972382066861 7.825806445637919
-22.619564762578051 9.387768610608466
12.985056801875505 -43.216130803258636
-17.067932935210109 28.954397045645290
1.386884488193728 -8.117418744711333
-47.338189604895227 -28.780702691622963
-18.286319743939874 -4.957451365741953
22.588924217651535 -50.128278770542039
-4.083917421036812 16.761312013849462
-34.831242473451255 -0.069664580508037
-51.740120068618026 21.394120548006914
-5.048155114617455 1.606248167997858
43.830551743582120 14.959815079508560
-17.360781411042545 -11.838353699852892
-13.493494395352830 -45.894566488274464
-12.396143846529139 -8.824816653828137
0.088690376371722 -1.993222737549263
17.772423878665705 -7.398385086168685
13.509927965686069 20.858325256978937
22.557580475439170 0.687906658010265
14.622751630157531 29.396810534522984
-10.855762918038570 -17.925041601682477
-7.467065576771692 -12.857713305920392
16.489253210841930 -15.820836093966651
-4.923420204180505 -14.635163608155022
-26.139262534570740 -17.429525031063022
16.839916272191779 -5.893310113790367
5.963029621115592 1.142369299881556
-2.571567135403980 13.282633021376581
-29.754692245647785 3.642242515500367
33.195538943185923 -6.032608367755768
23.702803619932773 -15.616697820686701
-1.913572407906696 40.494901746209571
3.180518941356433 -13.895178329510770
5.042590976886824 -1.986182329564820
8.743358080663194 40.132853618166202
-44.607765418192571 18.073260736803579
-2.050693043834517 5.193323420189262
-13.518460440915391 5.467496017543731
-13.328135027630026 -5.382399071136921
-26.638960324652409 -4.661684917196604
-0.815318444562820 21.775761739824436
-35.947506585943884 40.427971493450315
2.202734399004808 -23.181630520760603
-17.541706285401272 0.454172685411168
-40.626991559467150 10.365448862579163
14.708205525895869 -1.839160787335560
-30.386214229868813 28.281004799341243
23.842471369009257 24.426681155947833
35.447392460669377 45.140472829029811
32.935322281927434 -2.124114023202420
32.994289536059149 -29.476035521896751
-44.356038817721213 -20.880845837961569
50.249241551975231 -22.128372520104598
1.728435607461523 25.742814802488894
17.402325882382954 -4.448893718059135
8.760367734409597 -21.241365796325162
32.909697557107286 8.275566957103633
15.177214467019686 -16.248579040490480
17.376840432163323 14.164686830144733
47.719745866842686 19.907745373667943
-20.668444707389707 -25.905332078008708
-58.621454452768788 -14.219099206331094
-11.393349491728552 -0.917386891647143
-29.768984930591287 2.689983350814379
6.480773331071723 -31.944725204894809
-46.215505480172588 4.483796127223375
17.080309954796153 4.890254519156760
15.356671245847251 21.543798436857184
-9.081251548268620 -12.461857309528813
-12.475584609571074 -1.791782431510471
44.219325953060270 -1.263611592601042
-40.260667389431831 -33.561140091433913
-29.650876235223897 -5.790255386671960
38.507584647682791 1.991457264717366
41.863826054903186 13.381567895362105
6.035781952119327 46.858395757296094
4.122870949599666 -32.701315227780000
-7.841723668496750 -7.490356902319060
-18.112262184928806 36.838669897124689
4.639731253110294 14.552524415479665
-19.647432669850595 19.379535732218930
36.909562057433142 37.876205143304475
-4.678766454141742 9.251230875582497
17.292581186496623 -45.847380360561480
-15.432749486507205 -11.792107637722982
29.330775016999787 -5.315018716144607
3.741651230308435 26.402039344248468
7.842308660114330 -43.003490725887332
-51.972029734924419 -8.088978771283081
17.327518614297077 33.463584874278482
-4.657677766824337 -56.444890217469037
30.762337284468728 1.919215819788093
7.415826886589498 25.600003619543479
-7.682567550738134 61.408581834942019
11.042303858442184 19.727003298063696
-22.232810452603836 -0.170465374046756
-11.537537770973191 10.930378052369750
-27.602289643103862 -21.139687664109513
-9.221389248256514 -45.305935564503336
-5.025170119317732 -20.728025468550040
5.086884023882192 16.873513976739574
37.568367684564123 38.701454404884650
-23.099654301047586 75.272368593405204
-8.899564331266596 -27.256680480067935
-4.622835041285958 10.179076985341219
0.424133496205687 9.844263851945209
-14.838721415117032 25.104562699005847
1.159104474979865 2.031775309436891
11.417699321103957 -12.527015036525725
-4.886474325855453 -6.996597650373533
38.636435017224436 -32.842485782099928
2.159386193059968 1.532367986429959
4.169972323502236 4.874751834950847
2.135031992633348 -46.588949580812709
-0.828784112528130 -24.025561185043625
-1.201048258258069 -6.165289204643846
36.448507362379075 -29.140459985780932
29.991174300553364 -27.571380856038992
6.432144520442184 -12.979545000686761
5.654228888314368 -1.568189096580788
2.806348002087348 -31.814852822642894
5.089890014349894 -2.303568778829525
-31.100733126139840 10.766054327844328
9.394745988147630 42.560925272342892
4.925553376373354 5.082147564270845
25.239036829956170 6.009281003346383
-1.780384693077214 -1.046606857003442
-7.953057733525829 -22.741574175018940
-19.063270115279789 24.347372011246147
-8.226795799416683 44.086856642323738
-3.944817029269925 -35.688909267255760
6.133564792482768 -57.201098515292564
-3.067305789599491 -13.726388599764915
1.719481982450667 -1.248467783902933
-3.220092853284003 -1.354776831313597
-8.750770763350085 -19.128055004787530
56.617177582361499 -9.191253880693136
-1.328053548833453 11.171719575022665
21.392708031642609 -68.864567528885416
27.412510521320321 -1.650922757671810
17.405912531209996 -4.300596551862612
44.230618951534616 -3.075262100187778
-13.215646238700492 1.680477309815641
12.732450473215369 23.936899066518095
-5.949103565404188 5.450623179857836
8.250860743613080 -12.802239442825863
3.103349635107245 31.141879428000536
-51.135474264371602 -11.417800460417185
-9.977055761201179 40.848318831359030
25.043974396821042 -22.382791919567861
7.813238582397370 13.820509419057473
-12.833980495293154 -3.627702460348062
-13.574366819201719 20.775406540085317
-26.161368793836186 13.790212672492554
13.838491580441682 -7.896867468435786
40.053858749226428 -8.726865416889341
-7.256254351862776 7.032112094374789
34.434059006090024 5.835691161850515
33.834232796518080 16.065771342137808
-21.153517109654494 30.450537287151835
28.677800448497166 -4.055930260680696
-35.299318162301240 -26.775586104932042
13.190147714020807 15.450984469507912
17.095315584004148 5.124453180364816
-10.188088296950568 -53.998396957201301
-44.759550255370662 -12.972062562946626
-11.161623064342633 16.013062093057943
25.457344339029977 12.828457118201770
-11.787603317482874 -32.122477976148318
7.304650596199109 9.138282351496088
-34.156918086012190 -37.383096095442411
10.102429831846054 -23.801834257649190
-16.511253962749390 27.481511953817034
13.547938261383079 -26.840682931723535
19.868944383087626 -2.719830111115552
36.123478501904970 -8.583517270412571
-26.820185733765662 22.797755213055911
16.684449935348127 10.486728932019544
4.586668809588692 9.260932486635616
-13.038773023570670 -10.407380198241098
9.073113232321615 -20.332724990690465
11.471331922113912 -13.174370686576289
11.553517312259373 23.247632803001274
15.545928760577288 18.200566040745080
3.012661362689228 6.829029397071796
6.822196469512523 13.679584515590463
-27.935203862651992 10.626782943879128
21.827840454914568 -7.682287517411039
-15.582668381151572 4.574793610090667
25.543600391899957 -23.084221917679791
15.295134290089605 33.472513283823311
0.420128882672112 28.365158054871916
7.319861087775174 28.557747294389589
12.027282678566989 -9.217012944724534
14.061294237924919 -40.367956349997506
-8.714901798051125 6.284465169396470
19.240748080320454 -29.563507618309551
5.597023809642130 27.452200620628670
-32.024269960332902 -7.955316727720143
-2.699182597289007 -25.738924175166815
-35.125928939688094 -3.557454243961689
2.004088341419431 7.524349020658748
-16.819145717932798 3.223411840796016
-25.584479276169446 0.803884352785542
12.236504312167279 -0.600365314548801
-1.519989874386315 -17.370579347181838
-16.183490538059917 2.201799372551433
20.158586711091722 -25.418231943418462
-19.608488246352206 -4.880152965044735
-14.979192245217694 -85.695442993645742
-7.426085985686048 16.157091843959787
-8.072896468883137 -37.367952810411779
-11.923532625400334 -4.670663436942467
-2.880080305157459 -19.931051225062234
22.526175699556667 24.392229087085546
-24.866048484948738 -14.162519979042195
-35.981227623279580 38.602684982066101
11.459772497552564 -23.711931854354628
12.467549866563166 -19.694206773415139
-8.845179113710333 -55.089929719907957
6.419716434373890 63.611749210462378
-23.389789540533823 -47.370970549499191
2.523742033567927 -4.502194064853052
54.006574709235601 -27.525906158399536
3.049367410852137 -28.675400545280375
-28.854891332885050 -18.390905883366290
-3.965592062065986 -4.181736872479100
20.657773075149567 -21.834089059760256
33.440700161121711 -7.097623328697797
20.288205212086947 1.319169227184563
-16.383127237074543 0.308862918666338
11.823025412546517 9.563051986047714
6.326494708111047 17.736755523308844
-2.574402301991031 32.784685852826854
32.858785352613694 -26.311335610080175
15.662682276090912 28.044099517637402
33.868486911294788 1.521963896068812
2.362013299058917 -54.586152873720820
10.810493977855900 8.759335570083238
-20.675419135225678 -44.902547704433815
4.767581494530257 -6.064402316351792
-26.386440496256178 -26.023003218796308
12.165664034592901 -17.330513530918299
28.642246561716604 -5.933404328704680
-20.411316302871171 -8.288453565829130
-23.471387322626196 -11.921119675362775
-24.229620600654297 -16.371295625645612
0.370985076408297 7.523276575688437
29.307954627869261 -10.678578119277571
-12.923059338911610 -57.028748462849471
16.127031544183442 20.316096799868614
-26.133738794673359 -35.660928333902831
17.392209922302602 -6.814873370066438
-47.377019755445232 24.813788880023871
13.413278352651714 16.055306768103161
10.059799109749362 20.293407216293694
38.800720800277190 40.622061502950473
-14.652914839795811 38.054095620876900
-62.196924858340779 -26.256069718215279
30.626984002751634 -30.584301259702482
-10.174887311181763 -4.588268111720288
18.700977319393395 -27.491782443757398
4.800463763805314 2.526519689578240
-9.881727289686848 -2.773943099257061
11.711873446073236 4.754356603974100
25.442841297572414 -24.331616886948908
25.720308056817647 4.413099973483580
9.029308466124970 -48.755709375419848
2.389719244797286 -34.677561463974357
-45.645989359805796 -27.052910603889796
-13.843941818674377 35.654472684109706
11.583833338183073 7.840213191536520
-14.278272421027784 -5.074987300693985
-8.728787007489172 18.241621277652875
7.957922257136045 19.074724555854313
-41.123751191451881 -1.581027606399100
50.138298053798771 22.792813733371979
-27.079490954288747 -8.511667467856395
-27.875350077010353 -3.222428771205014
50.639537852806519 -10.230133349231238
-11.021170643955511 -5.333221454188203
7.865330916128847 -22.922536306443579
5.274915212414428 26.579924373820575
25.383533023971545 23.358482406792231
-18.039945395845844 12.224075832892721
-40.134420669076270 6.835722095356273
7.900940437359789 34.452691990397625
-1.281058325608931 26.959461747443044
-6.219743626883839 42.090500993206589
-22.177237005361789 -2.532691451188381
13.875030530554511 11.116665271242248
-0.620801456085939 -12.010140664842739
-0.081592044752581 -15.843983232439882
20.504683735786177 -42.535662609751540
-34.392290765568482 52.175605806436124
5.401285910328126 -34.727337833739838
28.318830183997107 -8.412238624631330
13.065986323143179 -0.949516636435651
0.021760686331341 -29.800777430327400
1.154925663121375 -23.077961911550855
-2.172453771022909 2.183333492096290
3.732326052764274 -20.890863278861861
20.129573486031219 38.961980495186680
-12.520848031154101 -4.384691727635591
16.815761759088666 5.960369719798216
-21.767867057501313 22.396879181042909
-11.368294699520826 6.955020190827663
33.544436046310452 -0.146092519688852
22.176957935035031 47.365958819597417
-46.995818734355204 -43.267235963666721
-35.431512441855304 -32.227538312590902
32.483880903656726 -2.318581309826443
1.635268341553682 -17.218014461692054
-28.427595127422020 13.583865431835195
20.895442899997423 -15.897610675212624
-7.600008801071296 22.791531360387577
-3.528499659039596 29.999495699402022
-1.285369365683513 53.193907107327057
3.853061433673050 -50.331083270755130
8.972909730298877 -4.343031533639250
21.482316955096714 6.861534567668359
7.301625550529584 -10.164594285358811
26.668740174494090 2.027501199577554
10.966309576434096 47.370676821452705
-4.416356720050187 7.052201884179513
8.329820312353958 -2.752967842844448
19.798867180505319 -19.940319371140813
-54.441177202704978 1.342334575009106
-22.726045098731440 -35.656590031491774
-24.172654969294811 -60.849746136876092
-16.876242205490538 -21.384802155583554
-20.058399359862186 -10.546520765966559
-29.583746299323227 -62.086958445416499
-20.674212985153204 -6.910461452191948
-35.524127131319055 -48.830855512653095
2.063853261455520 -41.110138049594703
22.442516281407737 10.636698127514970
3.540928318316252 40.748965670725880
-17.717456076380930 -17.786479103261208
47.821802814613903 -10.075339952623741
-20.210117363223130 40.574204834622357
13.834491252376020 -3.953197053040786
-14.482660234022037 9.592221913729668
48.530756132284779 -43.455718793440845
-12.916246571171328 -33.070599941474654
-8.087706226312708 -29.589587267918727
-17.461140796629508 4.025521944553102
17.955487146531357 -14.914164772697450
26.066497213986636 -50.889774200770397
16.158245032361190 3.510292797315623
7.370632395520028 -7.374190792074991
17.265615673450544 -23.243684909011264
22.902301411592223 -9.370909333789855
34.976689063457286 31.604847218796383
-42.306300097907986 2.611256002141908
5.831947173578084 24.154623470459192
-5.593901705314719 8.146641788511271
10.686569535764296 -8.002196807852226
-9.351483234003254 -12.587499291905900
-2.008550179033009 -34.090391527108245
14.264581819955483 32.857894978019075
-3.888267137397144 1.163831793198547
31.363240767548522 -27.996279846340396
-23.113069772333933 -37.139647224868611
-0.855846003432746 36.771715251554092
-65.269371544605917 8.358209396342087
45.474147835338179 9.653560368487687
-28.709008644663946 43.646111185102875
21.617925703462848 13.821410930898418
7.772489057294754 -9.358747682974416
-38.955147384399730 5.840136740052529
3.633199428080566 -19.112994243078024
-2.990352124970612 14.423265605726089
-46.588886412613292 18.631613269986488
-23.970549797913186 -2.982618261419988
12.956794651817622 -24.557183072570080
46.539681299091157 23.759222020498544
22.425442973991135 30.832125644286712
-32.941035759730063 34.270740666561110
-15.953478150518199 14.593541793616808
20.078423567907091 -15.513000863547477
-1.692325652054535 18.128322559392164
7.889687420623432 -2.293331833370066
-36.207623625829562 21.556153746367301
-23.320065253555665 -5.632346958380924
9.777945361159791 -34.371306352034757
6.943540325639251 -5.777556941225808
-20.224267851865626 9.937485221784549
-21.964520193254483 -17.688124970128257
-12.202773701500000 -7.083578239412529
8.643156330440757 -36.073875607863563
-21.455408703012974 0.117751953971357
12.851596583062305 27.214350494898870
-5.284663847734634 -7.383567223969467
8.771225342629913 -14.167735465614198
-10.405471084291507 39.341833475551439
-4.519842817867642 5.498502816153663
29.036820345631892 -1.757920823294980
-33.885137286747117 14.821863119500284
14.762833087394135 39.912344686438111
-31.448209771958151 16.190553200250026
-1.925169539854347 18.223118862190670
-34.686357464761990 -7.504599122109441
19.948732310354501 -11.077290398292874
5.401252107557672 44.761507794684398
-16.084531168023929 3.729785713784930
-15.030340739820838 1.161727312066570
-7.956821006858911 1.033487126008869
-45.945475193279492 -0.165427119924794
28.617532957075493 -8.109913463770260
-5.432534698193217 -14.915449316527241
39.054248145807243 -48.456318419650820
12.753609521959522 3.545268384728050
-6.353766772587111 -1.102445580511671
-47.846904192641382 -43.052739611450761
15.900766422435149 -12.713112130834419
21.292753825762212 -6.451283693786072
9.543933620960434 -6.091576525026765
35.243944954397698 -36.797229830429970
-19.641677694930721 -1.386130357801967
12.085763892581637 4.674887910202977
-9.797652433834413 -5.790979479187059
-9.116806840461571 -35.949826089773744
23.559422877006060 -4.062559991419170
15.672357073832595 36.071827917767344
-26.818395306428688 20.509681896483858
18.340041209656729 -42.806205429304718
-34.452938061785787 -5.915520420745175
-18.408713698218747 7.382360332389139
-4.507732796932109 -22.969517837189379
-18.626919726091991 17.194092595517937
-2.095057262619308 -32.688428231619604
8.122920309394527 -30.986398315173197
37.474418723152219 -18.239168353283787
27.305690263044653 -21.525703270740973
11.100311599937568 35.918483899035309
20.083236266148617 11.676640066216889
-25.798716969985726 4.116203253912782
16.950313662210323 -5.190658697272264
-1.501824464053674 -8.360501111165721
-13.537795991504114 -9.565480286840726
8.366950504426400 32.015062804593072
12.606028727176831 -5.373704199174099
23.090042767662439 -18.062952769419979
-20.235651397040563 5.603332104279119
-2.990523050061181 -14.721102124287802
-8.371049167731080 10.658731439230639
14.893201234502715 -11.671905790942651
27.877241397520169 -18.033199205146310
-18.652147797757269 27.298446598145865
-5.055574314271443 4.154216894658864
0.521502318663535 -2.998149106469317
57.887073222157369 6.126898776580322
-9.847290628209789 2.168821159948256
19.969638765286412 5.282337731763179
23.207819799939944 -11.412726993431697
0.568223179417661 9.626873334187568
9.135725998433688 18.712058082463919
-17.208010245910152 27.381503243109108
8.298836816909562 0.369671783964885
-35.638883442070345 -12.436483520950359
-14.456224253821510 26.575438529780982
18.334998166772515 -42.220355168444279
10.115638367281932 79.155765521086806
-55.252679364100949 -28.001855845177445
41.079094269491186 -20.139530833640876
7.792874789371131 -17.192925387919271
15.503873661581103 -44.745652498466747
3.064136338057834 8.269417019628261
21.602950865611959 31.378986561877667
-13.616258943182650 -41.376709192345423
-11.902990240730276 21.142923828485660
-7.981179757950864 -8.805601894436082
52.822920664344785 -0.574164079771947
-13.523130419496340 3.838658435964621
-31.001244245233405 -7.887545847841060
26.885262735648492 19.048178006074476
-3.027394664764109 24.026968405929082
-6.896739766484251 11.913263651640243
-0.427888343119163 -43.973359900521842
-22.456868192196495 27.711546314626609
41.096862095032058 7.964696740175707
7.491901354021295 -30.875819408039483
-32.721814702765791 6.409456935770882
6.353602299728211 -0.567407086374432
37.519328030299626 18.377923441671733
16.738721925907218 -5.998450552859763
54.157249077737539 -12.589773570875877
-7.426576224200945 4.254591807813111
-17.379744237356419 -28.343285956553309
5.161861844277364 44.525501594646293
39.067744953118762 8.664470850173181
10.857845179939599 53.221571142726880
-8.711239615772731 27.627957277663061
31.789650767182138 29.984861281994007
56.798807924573367 -11.124900239020951
16.409999417063315 -0.160241404291484
-6.543882410240510 41.152558145210392
-2.719619924285823 31.136474986198809
-8.674940384330990 -10.300190088054226
-9.804902847698937 -21.921823709826924
-29.284105782339910 28.665472108840767
28.083010995444237 25.300615076097770
-36.000887028208155 -33.135804488709994
-27.030327819629722 31.271512273340367
-47.501826989075703 -36.262853718016004
-12.012011980705992 -21.376874514702756
53.013761932606705 21.900322077577744
45.456365584626923 -2.734221646861744
15.327273496735097 2.098970846262279
-25.223690183236165 -5.648385852989216
-1.958649806721819 7.561872224943169
1.157487886753408 31.492315962341412
-1.139465304022734 -7.323962834669600
56.614287038950579 -10.127481668735454
13.157792638791367 -3.961116013793293
7.612864694163154 -29.091872146847315
0.314858661692096 39.939973170475305
18.360970769183805 14.016074291807634
-33.825220005483402 -3.276420522345070
20.879776406170393 6.549131176969838
-9.078330585693763 -13.179371051522779
15.370411757757664 -11.844403494640975
-28.510399088449550 -18.856778225355317
29.943636182801690 -3.586280629037731
35.126144099274512 7.670694159733364
-2.230061254017894 -38.001274585474228
28.872334621468337 -15.040113147344641
61.149860184878605 -9.507660380327767
-11.214677851518861 -31.862200726497175
37.244053777760705 -0.712507225788257
-29.841361189654556 -34.258832980402914
-20.406396848488892 -8.316599170703251
-33.259675850121596 -14.200869494463772
19.822513026449574 -22.230772895041273
24.647526617265861 -1.933423817317471
26.531723358500038 -42.293743653947715
-20.931923224745901 41.111144332877053
28.233733045639948 -0.900769199402082
0.695656035282285 -39.027825418555480
-25.873366989880026 20.790322829043099
-18.177958546053514 -25.162119540827899
-1.472445972941950 51.389077004456574
29.713363354597654 10.212620656014298
7.969882468805295 2.381902073626243
-30.025055702251837 -4.979571121860566
-23.032051385385092 50.221623350738028
-26.789337126557790 -53.100436185001001
-0.755167978067551 -3.191128308242953
-41.612489241364038 -35.980825458834978
-28.563059985384967 -10.970209943252852
-40.237319191760626 -14.395889442178770
-15.779774622141039 -0.321861115581166
23.480934541456367 41.173953036454684
-28.503336004102586 -2.926215216736685
-5.064462155438151 -0.381595228036082
-8.333138443154043 -47.436817347348672
47.663636545706900 -27.249503556497729
28.799431592781200 -36.820340246093309
37.035822387534161 8.735322227311572
-12.776327483229483 -11.448534495925003
12.787339494838182 -7.847321841975369
11.865403539064699 -29.083128654298608
8.225363116981020 -33.546872359153937
36.564053989629542 15.851250713790744
-21.965153995982778 9.490997849371103
30.576633488022804 -8.959560692099698
29.335597401527576 -9.536365458504232
19.344981927555775 -40.660477281062391
-2.735326660647210 26.878172812433739
28.031294696944247 -22.783253284199830
-13.824638637590688 -10.536434694467067
24.267461982812936 -4.606178830307995
0.662384783575974 -8.385098591571644
-3.591456621343560 19.818335413801350
-28.186396909071842 3.283588714594819
-29.331270958182337 28.281258441555906
39.015812793891882 -25.924156792530656
33.742888073104005 -25.221579014398277
-25.577573094651502 -2.398168886782924
46.013289594894097 -35.725678075673002
-0.103855242793976 -10.886678237460000
-10.346585853852043 27.270927664584793
7.871277593343740 24.273067947423680
14.728424468138465 9.037130149627925
8.034450462571177 0.340135399316560
-14.813972254536084 -15.718351866692835
-0.607086538880449 9.622635419220460
16.012603531009109 32.730145860281723
52.800206720745699 15.785923844360997
-0.220697150762486 29.630670322336684
-12.768243503447014 -17.806582187839606
46.977767272747073 22.204164705618631
89.798886909476749 8.449754216134391
-17.308835859049736 10.132368385161110
3.689637362181106 9.575086304675390
-8.288241603295045 20.217335883816251
10.745315417811488 20.251183969864194
60.780835156892181 -42.398234933903368
-1.055804955522798 16.599666845875525
11.704104811338663 13.781344408944150
3.764843691192116 10.673338342292984
0.808231819021076 18.267389003216341
3.528508657469637 -37.700226393167711
-25.608120695511275 -2.068096804612133
-46.955087831487766 16.460585305060956
-12.889528341638242 -23.937509876700020
22.464483758121233 31.473161990402222
-35.232858728191196 46.227955569368028
13.026474110552723 -29.092635480134760
48.506051857701834 -14.515648426555957
-2.733407304205465 -23.167777986856088
14.619181570274312 -4.258036971648940
2.869762281797088 18.664698468751162
14.844472323456072 -8.519742436778158
-30.727198622076717 15.722849752142743
-22.591191976679877 19.938926790635566
-25.574469192350190 9.559640951149362
-38.431524379041292 -1.944191568024791
-25.719722892704009 -22.449234512691739
1.944748508158724 21.096987235606747
-10.028551566203561 4.450878711602880
34.352510470187759 -1.244540496183876
-15.711791982119026 -41.532704321795990
51.842587041159881 -1.599602471415422
-31.338943863516139 28.092606773307125
30.909510023987721 5.157122238278049
-22.568529994468570 -21.544762144119066
-81.312919293971675 -10.437009720184228
24.303988786714754 -10.404635279867742
24.262414072011094 13.410934074367315
-7.553227986211959 -73.061620506065196
8.067526121328923 21.088332294898809
-2.456614721805371 -16.128906878821461
15.540131291257588 -10.420993168243355
-14.774991493282656 6.424683024560452
21.846038386122789 -27.833470710701359
10.221224389972344 -41.079059096097524
41.485192786984399 -22.057627740630174
0.938213729841591 33.500293502755760
-29.755871454127050 6.548045037655521
-1.387522415172910 -20.369465314352603
4.272056469569949 -55.326236755165958
19.602036869626126 7.176324209649481
33.057965365421225 -38.513838341618097
46.313100196235474 -31.061323455805436
5.160915023561929 51.493865836421435
-8.611369165954271 -10.741896179016827
13.436556495864625 -10.068002924930285
22.173926736512971 8.635661651073830
10.696540431416119 32.661668556769939
-0.988084429725855 11.085195045508815
-31.644533686586769 -44.731487373401080
-17.565064828800072 16.085242613734980
1.476671074940220 -32.960281949172753
-19.287098117758465 -20.523828951812920
39.886965480787204 -5.122108960037340
45.568792000947788 -42.904037307775710
-13.273310717312620 -8.901681452146990
31.254401424998299 42.994139149801470
-5.987800732612214 -14.287433003967095
-41.685919572999190 52.327419908997349
-24.963459783805661 -22.594738823091358
-22.700168492631985 -23.754668783040739
-37.809096274142064 -43.134201795340537
34.419146070496218 12.212414689025234
5.771813555842214 23.252081739668064
16.029660736246903 36.025819445910791
-1.502316494687737 -1.942614100083292
-27.309916111714539 -24.137376141969405
2.933469720551114 -14.899293475984402
33.039969483037723 44.127980650676967
-21.804796806648795 26.883237735228359
-13.361549827683545 20.740197873003989
22.761389688083401 21.911572518494228
24.142182492007418 -32.966576379619418
-6.241273360930577 -28.980514134463945
7.524564808968724 -39.162960669422048
-57.985525433815646 -2.804809162611806
-10.860028662639953 18.093130595660831
11.224645426980633 4.443703538643590
-7.870491591029849 -15.062638171591422
7.969170269552267 22.080464679092252
5.720143926425607 -29.910680470400447
21.204774720853621 15.237594705098450
7.418338181559346 -54.758413699452170
17.638656200873648 -4.098366241913589
13.920969250032263 13.316130134410644
-4.654763918215568 -62.951748355586894
5.740669911203912 -34.019943188299102
-22.205134579671785 -12.381055020168420
15.670800669848488 23.362711885119165
-24.464585989807187 -8.885276375490255
37.206641982330559 -17.902666392245159
-9.010415385320018 1.600024704608201
-3.881672675429891 29.849939964891458
-33.173993525343690 2.342177829544465
3.861129598096287 -33.945805012293974
-27.260143859413851 -8.288103926912843
-7.080470393986598 -26.334514662222492
-0.562483273259711 32.924066972981755
22.237853733767025 -1.116020111141635
-32.256047170084557 17.664976508351334
20.254205872573220 -9.069203934501070
26.794938147434078 56.954125077822688
-43.254440031678023 -31.749603724371351
-64.573029256893861 -38.835764660218210
48.223799710835110 0.724037910188530
-28.247539073597714 44.282326040914327
-3.802569433425008 1.218914359292048
10.707564921909848 6.895996182663846
17.045233626738828 -26.473226575927164
-38.661991051487604 -12.756789691491786
-20.817617282332140 -43.827682951307096
-43.292330038795797 -4.695067106843241
0.125130266954846 19.846314652569699
-21.863775731933835 -21.936683332869624
-51.338419377258631 35.886573720562346
-14.261542510703602 13.710248737539430
-23.778314704187508 13.599562407952103
-75.823383414183141 21.126636884670177
33.307524694022490 -6.745750826966220
-20.163279116378682 11.336182313685187
7.378447398105213 59.885019474138012
-3.308887984442160 42.655121419403883
-6.681787658012124 -20.204962437597548
-55.167137041496780 -11.663647215898726
-10.951581873917339 -14.187034545558069
-47.652740314114943 -28.463430748777444
-55.980850485910345 33.761119846382037
-6.122530787745449 51.695475929610105
10.903692777647128 49.702864448739973
16.993074004298951 -2.320844285386725
16.791447606087896 -19.556556460692196
36.026589601104938 -11.673363239236433
51.835909712961588 13.480298429164511
2.910029552022622 -21.498480982271396
-10.922127281933866 -11.693885408958247
-62.325502914277081 -26.128992208624656
31.409927825153520 -12.151042531537636
21.304094985074777 12.520123227964289
19.592740150105460 25.751009194431784
-14.683556053899713 60.724609139775154
20.282286946653862 18.314730941626763
-0.742973866632723 22.161763811976954
-7.718592500515903 -11.838757272761557
17.160251606111984 -27.305997133332514
-5.570773757060766 1.214005100426113
48.153552720062841 3.138496749178657
12.649963385901636 -6.529540449655614
-14.060486383538969 -9.196981257838923
16.994402777900536 49.349448188174634
-59.503231734500631 18.898981682187220
-31.932340163461525 19.496416059901101
-43.856184044991657 8.274781163808591
6.548145866214984 -22.279411503436165
-11.276770177101032 -2.975579562347318
-2.837988028993865 3.526726795709435
13.783137918696834 20.860980552032977
8.884530556920897 -22.680494177832941
-2.924644160170524 14.879262016003770
-20.742220216846444 33.298002820599834
-36.268678699984832 -33.163216775637842
-23.548537927706008 -17.870478974163806
-29.737680260173875 8.802852970145246
7.950969576251859 -1.543654886030203
-1.040682657099836 12.800894317258184
12.155463812683562 -42.683379036858149
11.644028741156561 -18.597652149178540
34.568981001696208 -40.277415612248078
13.032781164739029 -13.133361389337447
16.769498871877676 -8.559962562191396
44.104285998661624 4.756300217034797
-24.093599822804538 11.721811320102255
17.747214442139249 16.109643750018105
-11.802125207142439 44.557356796189907
-55.424207075353486 10.177909648381871
-50.448964753711472 29.940387707695844
13.677389673469772 0.332238709953762
-4.261559424900135 36.999224220383255
-16.128109067896940 35.621972153337175
-1.209351874034210 -3.576556795991523
-22.523430952547976 3.873235856657584
-28.582151447471848 13.042022169054269
-24.630748153314389 25.508957859789000
0.458852244720516 -31.128981971041945
14.408070358118081 -13.805778483721991
-10.564191252711810 -0.709079001734786
-15.508070215209989 30.345060169651642
22.827761983314666 -19.773253798240624
-16.520738788187380 -21.185675703857964
21.160594659858400 -1.743548876310217
-31.856891209755293 6.676324029187422
10.366541165500838 6.412381228769539
35.379057123390282 -17.006505361696078
-43.814182596427230 -0.636768979850507
4.763794932092451 7.125107251526493
-14.811998576811483 -19.098790378014314
-10.398038750718301 -8.555793988543655
20.124548138519440 21.266018721465205
1.115127259001770 -21.410195202528541
38.213202724751561 -6.626604652896693
-42.442497272523539 33.715068741371404
32.037131307250611 9.092837912671284
1.325819048726277 33.494097234322368
24.549168738017208 -17.303636788480926
-20.754837397690277 -12.500477192816058
-11.983239628607937 -5.562726959813200
-21.043442039874837 -10.248961187243617
-23.494925247038399 16.192649327864551
3.180474416548623 2.063568576161732
9.695166208396316 -1.079243732028937
-5.017679472633907 -32.333869972946822
-30.717602377353469 24.711686436602868
-1.768883778155867 29.694768041394230
1.617600092577804 -34.571760026450455
0.584428483222545 -17.632918014512267
53.789890368903173 -10.582065488714084
13.249868066285590 1.153171682467107
-43.898738605887083 -2.687745461689591
16.397172156672671 0.057774449866404
-31.199034326071423 11.674167087318001
-2.140672259999516 -23.516086955816341
26.608077809561713 -6.452769783352482
-8.424116064745290 -8.935417916681294
10.681989178114708 -43.445200555012903
-3.979138628652227 -23.557756228599590
5.446978284256166 -46.655253376975125
-25.308407334616689 -8.793896365990932
-27.067973514389479 -65.138532705342115
1.067597548643852 38.978237964189887
4.851919650680554 -60.297754772259886
-16.371279106349306 -32.353808548444817
47.381343376311960 -4.737548454991900
-24.495603483483048 -9.563931605570653
-34.699837388151479 -3.291432629353646
-22.051107193065000 -42.196207570870648
-4.432393781388678 44.393323356693038
-3.405494594334061 27.399360016734054
-18.214488889761114 -21.458585426504101
-8.952973779699109 26.016813623816422
35.679388960274473 -40.857060106819894
5.335018767816027 -14.936537145896668
-3.563799169757859 -15.948823855481162
-35.183364842061451 13.307225233740033
42.564861787948828 62.006418602975373
-18.502317606129747 -9.845083803721939
-13.123973259637063 -29.021934246455405
-21.807474915189427 32.922624435404693
-38.453364646563699 8.384326700914725
40.722732059448390 24.067509258816649
-25.588789868459479 -10.593445149967822
-5.957862431999925 2.244061002856607
-23.396147397595435 -35.573553835390868
-50.837713450975286 -5.336072662071536
1.708193920325201 24.914594986631165
-7.804551450615188 6.432540176977097
-34.143521422969322 -6.129673407289767
12.842892759216880 -16.029668384339153
21.341204665911185 34.178713997539667
-14.546264011017769 15.932777929319558
-27.186027109863836 -23.615917839402059
19.347881044582277 -16.622295723469431
26.604306669402749 21.125317704196181
17.795721153626065 -17.280897904569972
18.964407563612468 -25.419589351417436
-19.779502924800674 4.054598853908731
9.285580013994567 -19.273727796122419
-50.378379572111385 17.640073903938593
-4.473586057508632 2.008468425243660
26.764701807602432 -29.061067025740787
12.322958189218282 13.268200161066579
-10.291030012039990 9.493904282623294
39.482910188752598 3.975452568405224
22.757191064324431 22.417297634682079
-23.846958036902208 15.886465405940164
-26.294699675440970 -4.478582211633547
-4.230635056385461 34.772725378223647
-53.467923092468133 9.132080638585030
26.540495736595798 25.486111642706550
54.054397143082092 -30.287573121113493
-44.413977793166310 -28.544896456129575
-32.485102182226065 1.704376022997536
3.731115687573873 -17.500138397045045
-6.469525897004368 -2.661467970593642
1.672707141428399 -27.075139070228502
-14.086669448432250 8.167701687014512
-9.148950180645290 14.980802300065262
-21.107809486826444 -5.886189735983135
-6.862202276172762 39.618230353656543
52.149131429449447 -6.189091090803700
-12.252892837967309 -33.524310399794992
15.896728705061388 38.255132696400004
-22.252146341959492 -45.240827942089332
-35.648759943771040 -58.071290300422071
38.953293876315982 16.860958746908501
1.272191364431815 22.764928721967689
-4.626954528035326 -42.287374645773248
3.151571835948930 -38.707001812744906
13.539949077881893 2.623688646650177
36.718313977070316 21.281924935204067
10.799755042156901 -38.801946522153280
-2.252037842504161 11.090057785842060
42.721264653705177 -48.498762652450210
16.937639133953937 -18.605428515857199
-16.845759275007396 -4.552181569540920
-11.252571406273246 -44.204619394738863
10.965003167368613 -57.719369613908889
1.443376879113979 13.309518300055645
-24.158193484207363 -1.174448482566025
-1.898273750097666 11.914418026591898
-41.773729002740978 -0.895144724530792
-29.427257580805239 -0.734125103027143
-5.955316598119897 -11.895832425193346
-15.790816410164092 7.350697135710840
29.361770370005470 -3.307580869444673
-25.537716812184783 16.112084203749166
24.134414996978155 -49.025783291566377
12.815969051605204 21.827977196319292
21.221543110436954 39.842449211831628
-4.407368546661540 13.880431259359092
2.120944866233800 0.237667506803973
17.457828217927737 34.849407774268684
12.228138383354114 27.624519610234440
-18.711420305994945 -14.066545387188642
-2.598094606667434 43.581608487070007
-19.295603167803780 -11.385102066919075
-39.096145760072261 44.733166096446695
18.501720121284269 -28.537488900722796
-7.401989275959673 34.982154779452351
24.702908488812444 38.462151100560902
18.004254080939322 -33.564863691762092
-8.823161251431586 -26.862992771389120
14.481589832386319 -11.394315624628574
-28.300327251784456 12.262754130831349
27.269928388806029 26.202584411996174
-10.669934829943735 1.132699800058232
5.065377076062564 -4.933751449741853
-10.015326266882090 -15.342598040889966
-23.470416505750826 -22.890089785414595
-2.217130042823060 -4.226319512778444
-79.210524791759440 -15.445430128801604
51.096130042491389 -25.423376067599378
5.181926641624773 15.949154825513929
8.697568156133968 -34.805289763730741
12.574688055305144 -12.018383407991829
9.601299159248942 -74.913033984464860
23.115861996682494 44.224611247459784
-26.760381275987708 -55.768138977638834
4.192637504932391 -23.960872850754871
20.926105740092538 -1.898841343657226
-7.373728499602866 44.990527387940880
-7.294524430725494 -3.762340534618752
12.714106822270567 -36.889365166397781
30.735585848831885 31.607788333161665
10.730958177726029 23.236213817481183
18.634718823191669 -12.965063869471567
-2.422829664247278 -59.090210474040305
12.515691590930436 4.527874734487791
-15.067879188192007 -11.250475523903127
4.339008260995315 10.248329279096374
26.881192947602099 -62.326763696021523
-35.429432819684486 -0.012112432282927
