0.000000000000000 0.000000000000000
0.000000000000000 0.000000000000000
5.501638726509769 0.000000000000000
-6.410991574912275 0.000000000000000
0.069399890519677 0.000000000000000
37.025122895383028 0.000000000000000
43.840023531168242 0.000000000000000
-16.312673048870465 0.000000000000000
11.330324923627032 0.000000000000000
50.308114722649343 0.000000000000000
51.544626953961568 0.000000000000000
-30.295419005742339 0.000000000000000
10.426177759999668 0.000000000000000
4.977046995625201 0.000000000000000
-0.522710281224649 0.000000000000000
-23.500806542347682 0.000000000000000
13.884566803602333 0.000000000000000
-3.530867384723501 0.000000000000000
-8.151136852922493 0.000000000000000
54.128833439349933 0.000000000000000
17.682895702035111 0.000000000000000
-16.153581942896835 0.000000000000000
-25.915718590155340 0.000000000000000
18.969430300807517 0.000000000000000
44.498677506008036 0.000000000000000
-24.964452560748651 0.000000000000000
-33.437768379445245 0.000000000000000
74.036381116394224 0.000000000000000
-6.098325797497555 0.000000000000000
0.472232451383794 0.000000000000000
-27.591865994146790 0.000000000000000
-72.436056160481940 0.000000000000000
16.066559982093587 0.000000000000000
1.380937624910398 0.000000000000000
-60.385527293711839 0.000000000000000
-36.255891358742453 0.000000000000000
54.712989917797138 0.000000000000000
-5.412669760593393 0.000000000000000
-0.363639659899289 0.000000000000000
53.359775354269530 0.000000000000000
7.928192603095368 0.000000000000000
44.862804537307049 0.000000000000000
-48.505791689256526 0.000000000000000
5.291523678026265 0.000000000000000
-20.039462401117998 0.000000000000000
29.170129706761674 0.000000000000000
-31.701840896824415 0.000000000000000
-6.560313784421409 0.000000000000000
19.037247527628697 0.000000000000000
-31.477291594750689 0.000000000000000
63.111158009885031 0.000000000000000
0.000000000000000 0.000000000000000
26.121868234184792 -25.665470437539472
-34.924926593425319 -37.271129748399019
-28.118493455707252 30.255756555866991
24.658314058297364 -24.962699961070332
-20.810020594079745 -18.728279233971165
-8.480406877152381 29.867919903875318
-2.416565062703404 -37.202721169018631
-9.349304173562667 -25.567240893948561
9.217504260865237 11.933559849414831
-17.615512748313780 -21.151515518578140
-32.295179562062955 2.337519783479520
19.143408347607760 21.157812570356764
3.300884836074297 -16.290734422628290
1.041153969589149 -25.642992140795585
20.406615703235474 10.117542932145465
-34.982454556568811 -11.105132925244902
41.118281252508304 0.551762331267496
-14.365499684830494 -3.205177099420767
0.047643163478675 -17.300266718428446
-18.546628987898721 6.440697903711795
29.228340405417104 4.701521497041029
-9.670940685732605 -49.833526360373440
12.112832550162574 -26.096652345686039
-5.767076106059425 7.682678193358078
16.448539061773154 9.688061519396824
2.251865579587532 9.872334640040044
54.737969627191866 12.707056167575633
-36.609151444501236 21.394617919656763
-36.996760830288515 -26.381425932513398
25.257486675910140 -16.684789495480878
-70.862861377461982 -0.465236876255538
8.084516684077338 20.104608150121400
5.635128827996524 20.932568571591155
-10.598613560036105 -9.839078893909740
-7.837616990544189 -6.601222452475481
9.441385633065583 6.516237288101268
-18.800806639080459 -60.147086417429392
13.719748447892156 -25.701315610378327
-30.068368923963934 -16.557079471915731
-25.110853481781859 7.235940841096280
20.440710842838854 -11.608403062432901
44.904788269729970 5.260432674418960
-44.202911345004871 -1.400583014075442
5.597333789078475 12.870622654457668
-68.817276829621619 -28.409535997516468
-24.898655239751534 -39.799173396555631
-24.722979540963390 -8.767840696253428
-0.671615520976367 12.871138964410934
13.547203141100729 -10.838860885920464
2.780624800681655 18.043751072222811
13.633508631531599 -0.948379115446263
-10.643463809580021 1.110730854461495
32.877786685063946 8.163892633043407
19.184314512903761 36.250601079448778
-7.761699244233697 4.656680928552424
4.273950939672068 3.877050261830966
-24.455064824517777 2.313832712727886
-21.602122462798665 -1.850626391794698
-23.460629369498267 -0.863046689962201
-1.395104939144675 1.621228208635696
-24.154971936358269 -3.731977160621198
-17.817752539800402 -48.593922209886358
24.920577299026004 -0.159981909923463
-36.641867753615422 24.610037960739632
10.157673853089284 -34.874817639114177
-15.378489713415943 -6.778538402740188
19.457592720530329 5.165340440322997
3.725538514157288 -1.725298995399843
-2.286480165180460 -22.011872207754696
-23.452865724115423 -26.196106701975737
-11.988955150157420 -17.654349427480188
-0.351792480020456 3.807883948110602
-4.436903862019040 17.999006854994093
7.708061968293269 13.002263081657423
2.642949464739687 17.720782749404545
22.622161260729818 25.591647509383847
-5.542301949514399 -9.585620010949240
13.825447893095570 45.917762260384514
9.644763410908476 22.954174738046152
34.292885895335900 -11.319827917527093
6.169145277852355 16.555851367880457
-22.797438107042449 7.963473432194589
-1.612667915043136 -15.573361473671124
40.571014824228968 2.835066379588514
-7.801828342225917 -23.396007443546335
7.463192548167086 24.166046728684414
-27.001027089425211 -10.523565226155993
16.681743420145846 38.971671967294697
21.001206713705713 32.791120241512260
9.026476581919589 17.066875118224157
34.720759927584083 22.952200711989082
-4.140273992431869 36.553599817289310
-42.258292054596026 25.971076122835367
4.921257737162023 6.370791353490723
-9.150056077512843 20.231025805340906
15.083229344934882 -43.211455356381755
36.128801534480310 -8.081446907417526
-10.039047748375955 16.717338913481921
15.471993477411877 -8.037596987728840
45.912416772268301 39.758154377326939
4.752302407770005 53.567581160964750
24.346678261254603 -23.811204692325859
-0.167714443808483 60.928249139071042
49.437999487510375 -14.200840367041096
-33.981880369654036 5.706832884586785
-30.873543473753102 16.641765467952577
5.803681802973281 -2.256567595117789
-22.721718911416296 6.056847237224233
13.833394786331299 16.711445611568067
35.998634095982993 -12.155080842708852
4.894786088089926 -8.712395583244577
-2.265424519394270 -5.007901989090922
-33.149616955315693 -22.272798059789565
-3.603961362756389 26.488007742458890
-2.702846694092259 37.160002707317659
-37.404214788142347 -15.108867863028026
17.867175923167345 8.694416790591857
27.404181980883969 33.438011941219315
12.314645551034099 -35.094787607057889
-12.348420190635311 4.636991193734726
19.969670938489074 15.178044529953855
9.765189810317878 -47.557241630731475
11.395640985234200 8.335725250830802
15.062368971663233 19.518365737230088
7.077074212256063 -10.757188974005997
-28.833605060057728 -17.501077697398188
10.658981189698032 -2.705336694329940
-60.605300782528303 -7.920227344036777
21.337483940589635 -27.080301297145223
-48.019562711802010 13.900084174742222
-37.833297578368509 5.748278108701228
32.792307629312809 8.569071004090503
-15.560610294675485 21.387354905742896
10.961181654215796 13.063880370834035
46.493897595694456 4.090263050335534
-0.690788181746598 -9.396110048753822
4.220217502109164 21.266253074119110
-15.491825176425872 22.758083648991327
-12.896164089082315 7.998907180722411
-1.887709506264515 19.280359151519793
-44.605601206027004 -40.382521732034299
32.156149759702913 -55.508762557944799
3.901575776455126 -12.710409806127906
-33.559019877626824 31.124093169186786
-3.377883798917645 -5.474798165857529
5.952404118637915 -17.060698808765864
-1.281643346033820 -32.492137085769656
-35.920161784539019 -34.468163188413463
-13.489975600454654 -7.768443104479751
15.530959669912084 26.202309761457204
-0.582423099145680 -17.551067423750315
-17.120086462838945 -10.730864467618819
0.257485271868529 6.560721074352267
32.465786796466652 -6.309002975190361
-22.864358899214377 -4.894795387086926
2.575131290056393 -4.531201100221203
-1.483162193890281 15.728119442016826
-11.159886113723223 12.585400305418361
-15.477696654173421 7.434153840613639
40.687403272274665 -31.204058459841345
8.923929028354550 4.469447178503325
-26.246990803132487 4.835248892326792
-18.994805495116108 -7.124449418613334
-15.275302651987504 -22.102857659007146
14.789300693479493 43.618739043156765
23.685128187420425 51.933949350101550
-30.785434812698956 21.756878842112151
5.247033294479672 5.723540861536999
-6.325416616376521 -21.405680972917935
-38.515938320833769 -8.448331896335635
-7.161575189785050 12.782700727202144
-19.701791540866623 28.694893054739957
13.608108600328817 17.503770713407715
2.084997968579847 -15.953301464350840
15.113109947583004 21.930560111976760
3.703541887287791 -1.781776410932645
64.156964970951449 -12.774121706649190
39.880691945500637 21.927611098632003
38.133207495336450 23.529700095775205
-40.506889544562632 15.341157581853851
-25.454316739889137 -25.267424156550618
-6.597671542009067 -2.774079498451604
-16.745248273667613 38.962823705724311
6.675525073286261 -28.592662377753655
-14.268862842926501 8.238695853772077
-17.779464488610373 -2.297200564742346
-30.630633722010124 -4.754006931947762
-50.004579811626236 -6.809622651760412
-21.539909072843535 -14.359072288745510
-45.874058687302053 -21.899898880390570
21.483654512501616 -10.439209725796188
-24.833019590198621 -14.108363258023116
12.722029423539880 26.736757519623236
9.377096407025512 -2.854904818967272
2.148358936302984 -2.802699487394996
7.147127351937827 -14.559329008937732
8.550976563947525 -1.192532457879055
-1.793168198492328 -10.932185861487250
-9.466368417113031 3.262375902939399
37.616513297052485 39.945825841017850
-26.765851135139652 20.134883375344870
-4.551599078973744 -15.135594967391409
-21.066015660974699 -4.488122809522489
-3.941337230889208 5.089083567231826
-36.309313282648233 8.009006636129115
45.030280680651941 7.144404167995631
5.957063131902855 -13.951110933843283
-56.595045899583390 33.072393315435967
-7.960086160750961 -12.479364163686499
12.792255751935096 5.243619782093565
-10.035103101468735 13.479105027091546
-0.448013585623235 -19.029349196730784
-2.118375062099953 13.285232737686895
5.413635463199753 21.691583823646287
21.081444506714568 25.231381512199050
8.403170544546139 -14.875139490748703
-7.757875607453776 -18.147324142836727
11.326353533226126 15.329851209126387
16.557971683459098 -0.821321543110717
-8.743348782520471 -1.544102306597787
4.409284390127184 -26.243095825835645
17.009489970694734 -7.693064431556389
24.730063713372104 6.165719211353048
8.940161819649429 -2.424757537626998
22.932652026598795 23.219908947088470
-15.186241188228202 12.047542886800445
-41.932138436682941 -42.791804165472470
-3.384511536922073 -15.170689771484854
-13.098310337785099 -11.325715847481820
-41.100717660586312 -27.525799259094917
21.886753492922068 -9.195327051190281
27.115866867093199 19.184186972608497
-24.441120933907346 -63.182102901716476
8.420400688456933 -28.681628243673156
-13.430787912204950 -27.917426216155025
-46.586554943713196 28.129097248130652
21.496916940385230 21.593727067368921
16.916123076144157 28.253933917845838
-24.157130267763602 -0.967150249478283
28.538648975293576 35.815915077839790
-27.239262535201444 -28.343969333575501
-21.086265670994543 35.359463445390688
12.195376432233594 5.597181362027745
-2.704413482760956 7.603312016286376
1.940109459264689 -1.768854672030500
-2.644332672335670 6.872485580848753
-50.084594227988653 -1.100149916826679
-14.206866155365629 -17.019130912436239
-23.636529021589723 18.300683973091292
-8.992342784276815 -30.009750618892827
19.560251278129599 -12.392183496775374
16.749558180152057 28.172218130631407
22.902852973814209 7.615146307059641
-1.782124540271237 -11.401291979307583
5.693725523656914 -25.209827470325504
-5.084067851341785 -24.460504650554924
-7.810454760472073 10.128605751900086
16.088732216713790 6.689649464535470
0.469398254268226 14.432814988604830
-1.098799594556560 22.435152660590255
15.004771482622917 -31.268406070096010
-20.071601992690013 11.075394417095676
2.472654944093550 -1.148776730797031
7.466797748759034 -16.525245297869958
42.508884978941857 23.515660706856320
-7.721066400877781 35.910845090102470
-6.748697381494810 26.374147033675939
6.010971976878506 3.792507882469540
2.488893430512170 0.121454707406646
-41.679047195715029 21.865046101345392
-22.480921810393266 -25.196650596928666
-12.897866504832693 15.918402487147537
6.695645990321883 19.749395943886334
-24.206561702464032 10.765796840509704
-51.322517603320655 -36.970537730708479
-33.224528025017769 24.119533394451697
43.779158721837732 38.041139421486804
-26.093261697125495 11.106496418516416
-20.237927316113858 24.405386290289115
20.263693271138909 26.769308289534273
59.534418856174057 51.887580917903819
-25.023088036664817 -7.648326213021790
-5.424013952696936 24.774046521257389
-26.686224460233014 1.499435889805085
-19.968274555978642 -1.477095911718990
2.645961078583838 -36.238149486344525
32.803490587948836 5.850566296459058
14.315692716210172 3.043468555413860
-16.201994138994941 21.654484196062576
14.400180244391859 43.322556235895732
-0.127507720569935 17.230751692904843
-5.397885636506635 -0.405051294744147
10.185548033938863 2.452282451088529
-3.583687113135063 12.976988958210809
12.620686648458033 32.242122555721764
-0.724237794187687 10.584706956309473
-25.860188086906273 -0.899407537681006
-22.011778657907652 -30.807671525066578
3.935066985967337 44.853612335131025
10.733372001414345 -2.854226793205007
21.101698304900442 1.253837704638677
-5.973946177909784 -2.403189462169266
-29.491522834269826 12.650313066034981
26.167579707261478 -23.165338816941055
-30.878864275986508 -2.231897844865436
-9.500347629786157 0.934182787210548
14.633027081168152 -1.400428142642917
0.099674729107611 -13.992354329617196
-13.949422216530948 6.041103940244828
-2.059132643201736 -1.665271111049280
3.874181963189320 2.724488193973231
-7.566967430351528 -28.695888438395027
20.997048549134181 24.696735809125112
-16.528536431600806 -20.340537940583875
-7.951024938863053 -4.714614455257333
-24.002121542281973 -12.934252120659277
19.172933712290739 6.084076583582029
-5.010373726038180 -10.636115457845662
-9.516862074828740 -33.439933515376460
30.668458953493044 -28.965121077266467
4.334148493056065 -20.091752174081506
-6.266443828980504 -25.539108889443320
-21.174423329818421 8.802203552790013
0.580706645956087 10.064480554252695
35.683591098319980 24.149234593211528
23.796198680361890 -1.445231840781354
-7.347938379373645 25.318115554982555
-10.085066833938010 -18.284991750874163
-0.553841696527077 17.526204080146339
-55.582294684586920 -22.249366085845750
2.195871910993896 60.425032234650423
-1.008782702035824 -11.156612647553766
35.159703250908578 33.151758966412736
25.412860584614467 46.196572306559467
-2.805195325204806 22.167015439484199
10.778021057160339 27.911589218127567
4.144211552940495 5.430335255866575
40.728439962616861 9.928304297204923
-6.989212163307490 -28.713650402474066
16.604023286546809 -9.370529356490904
-37.990751008921556 -2.600281585122043
32.607744508317992 -11.158368500242721
-9.674951744675035 13.963212984927605
38.823764072651990 -4.394247951492229
-4.488622072674961 -0.029469609677304
-10.240452285505611 -12.210662460827038
-10.458229757958266 -8.244233589543185
-38.396818912762598 6.800410223823903
26.018596770811072 34.569313918532153
-12.529481739635175 11.520395051082842
-23.208397391129470 -35.839879185680246
-14.800898536843620 -40.162892510141830
9.186394081312848 -42.194316003688201
-28.403387078292230 13.967699956716890
9.271533949648886 24.015666771340431
12.791617554400078 27.485333966558972
-14.147296800435372 -26.717285022973901
-10.141576691536567 -7.114405034232751
-24.419443129627805 7.980296136403149
-6.006405382101264 31.886437110722188
5.367088129012041 -25.576804519600461
-38.833228638703773 22.364930317930035
29.597847246819068 -56.941565071386158
-3.220693753716647 31.556635904425640
14.883601440027491 -26.788081539435726
6.917599966575264 -14.535328159940624
27.887219184796518 40.487892970056599
-25.005980939609948 20.018546100848315
-17.504654011193956 -13.881606344247668
0.432308122478873 6.711582140641093
40.153501809318172 -8.000437536331381
-10.150665276227269 24.576253020556269
-3.886432633767426 -25.751318035686868
-9.035954751053161 -6.193356561778034
1.258783584659186 -14.612046292554110
-12.434376997004120 31.523173578591116
21.319045434082152 39.562420369682293
33.280463633733859 -2.257718203408559
-13.423210603586671 -0.578569503429409
31.957360927658691 -31.355368426421073
20.314704807791667 15.077901448005528
18.087335902345050 33.483405859860824
11.140619053397929 -27.195401674374661
-16.024421415550680 29.277995257135636
6.769021612094972 -23.814377048025335
-26.977614166929968 -21.483624492697025
3.478434850362712 -15.886800915052417
4.891653586318926 -30.397827970883448
-11.945138234285587 -13.415008688094256
1.033090747734374 -4.272242796818603
6.248376504709376 -38.842545481545564
42.035543760105142 37.093299053811045
-7.455225734141651 -15.503795884028627
-43.762579281014126 41.144592887710338
17.196929847361496 23.090180218101739
0.057921659018105 44.189296382553785
-17.695870721714449 -37.059336585521898
-7.796012480977504 -11.728535089895296
58.403174149481103 -16.645960657750443
39.694217276824020 -1.569385483232020
2.476286237119301 -21.838330401067932
16.363416651008816 -32.491217904779070
5.926012902324569 -15.905324878503452
13.452621460688379 -12.779233353754053
30.747550130497959 -19.362044364296061
31.222183954716396 40.707350088009733
17.135385971131825 -0.105670882403564
4.079313732025956 29.414171866195215
41.148375515834140 12.608596134941283
38.718628332861101 -4.188711811911329
27.231659183668583 -2.588230785506175
56.480206252673021 3.898622155684614
-19.041440952174945 9.454050347996919
-16.313347968058959 0.956138191541349
-27.616295466857213 -3.333100435341048
9.296376216698816 23.052653550944122
21.260928967700746 -34.128406143141532
12.364318112033612 -22.213460532114635
-1.555496015968346 -5.598912958633887
-36.925739725975298 -7.151660358620603
7.603061058689501 21.902782513009946
1.272586322562238 -64.950382040821538
40.379618098905247 52.865109237245598
35.920431146148864 3.706958796140628
-3.249270322894402 18.298219475688015
21.969309078062270 -2.533578070805116
13.784306041116254 -27.541710034814351
-5.350756878600100 -27.288323479299891
1.899651031442631 6.496879336568020
-18.155665809960549 -53.303068359206314
-52.102697455884808 8.855598012905720
-40.164503564887525 -17.891691944122904
-0.173443499741590 6.112973107627768
41.902078030573342 26.708624151034648
3.986973487161364 8.203343062618965
12.875352412599446 -2.551216769443157
28.809016585980753 -6.679943802150131
-11.090569492616666 2.304659952759862
15.351291151300105 -3.456700102124064
15.685209053716056 22.928415028475332
-1.597867105379815 -6.415003922424052
-7.684501874717687 1.597601046170429
45.080010325155030 4.313995410084804
-38.017428469145933 -10.740157064916218
18.615395742648399 17.130449652416718
11.644630326302755 38.779380571323884
-34.747264252072561 32.128180801171304
20.179392108631934 12.285003577234823
16.656816658597851 20.280084353569560
-5.174954839888064 -43.314134412005203
-22.539562589653027 15.284977458073923
19.616538983504515 -57.850878465908586
17.534442393734704 -5.669809221312753
-19.315997510575944 -64.160598104997391
5.632358021577203 2.151576453179194
-2.839891990128589 26.339420136396399
23.324018646025699 -14.050066060096862
4.180929836037754 3.737768655530873
10.249312709349859 7.818540110154631
29.992331150200364 -7.094934565972090
41.142517266904413 22.851554042324302
-7.563162242410639 -29.444832258383848
12.963091040963393 -4.632591457103242
-4.221151572220394 -9.437807754165505
21.172114195814512 -2.966183066919850
21.582857027175542 13.583924049504299
1.827576405195802 0.680453022296543
-5.667271017403180 4.017215764188827
-6.669028085820816 7.379030179915805
13.648643112385143 37.316682258722764
-20.320985910291480 -3.654672624165121
22.838040155791305 -28.322442602014117
17.688702167557455 42.785057689057851
44.703996848865735 -1.737378603576901
-15.803510260240740 -27.154298922102626
-31.848819074933107 28.597629899257949
12.855182437674618 0.109548768692063
23.056640730629525 -4.543341698314693
20.891163550714975 0.331347478807197
13.597767393355612 -25.859342219297915
1.153164970161431 -16.253030690636276
12.264768728384750 -2.770633092783873
-4.841886997796247 -5.094232128879554
9.918323982292391 -32.405955605069195
-0.105086103588801 32.566418990882241
19.999800063983958 -13.982291683017481
-17.224681232560652 42.145902285803345
-9.302824754174219 30.185251191827675
16.572209814044470 8.088234482133887
46.803799091135659 -10.148828707637437
-26.259700844484200 -12.373756191465501
-34.313465428291082 59.759215083399141
12.174929584101672 -12.280618162226467
16.610575920533648 19.914705843016705
-2.910699605787932 -38.986053895169633
21.729098043390159 -22.209449089013514
-17.789698662885790 -20.868886069956361
5.984986824184475 31.957472328477358
-4.576361328362651 12.023203576921436
-5.840233351144317 -0.357838095856107
-7.497463950935273 1.296202687723450
-30.509110314484087 14.663101149953530
30.633852767026202 23.588794625063294
7.571318168507098 -23.805250852705786
-10.631671127654602 3.965736318867422
12.447614891940946 6.930918354811996
-23.965416232965488 -3.714415149308437
4.588084054301385 -12.618498357593669
9.217446671664733 49.344810812712119
18.292191953206547 -2.023042595469663
-11.898537331877376 -31.648827866235980
11.213185164311440 -8.929217794756926
10.800415950802225 -8.467969632820916
-8.985138325683153 16.439105640862568
31.039285456644681 11.355125739449026
-46.727815279404801 9.919398296752467
-49.616343857647202 15.860177725057094
-18.978090038927920 -6.106947840175550
54.758923247418387 42.489542129191285
10.199622094851785 1.051206869392044
17.047107747826033 0.481446784810835
28.828692888452220 -27.895442276613444
15.346456153382462 1.859297514060526
13.710310992413623 -30.058099940766255
-0.141881572595250 -4.899294378562475
-9.694142163005669 -6.977509329291300
7.122568031895816 -6.883444560109164
-28.480656572849487 -10.430495141907944
-17.411926508820457 16.604923087321115
12.601781993365083 21.402004297619332
2.805215225470066 30.295047213909342
17.944703472232842 -31.457673871191453
17.494757306815917 62.970577988899905
26.584010225455426 -4.900121168474607
-41.772207697945859 -16.717876148851868
-0.965232546987455 -6.952089020756973
2.219232689450624 -26.408234968922137
39.655863539156357 -25.471993120767070
45.319630985509221 -11.652312764853670
-4.851162755828286 5.045193064260682
-8.434608052456209 -15.981740533639890
-1.271323477429352 -17.151019277907860
-45.871551990595570 -16.365951507310356
23.530855219827124 23.256747370471007
55.980132182397284 20.576785966721761
-10.895980927324958 9.792858501833125
-41.088906735450429 -31.336585098209291
11.806302005460667 5.034164308551313
4.464304776056138 -2.669243252324237
-39.557460106939168 8.451721227910962
-11.724734583821649 35.465534687883434
-44.223348826298349 6.431268011317795
16.514655123053814 -28.457290791390189
-13.244364955093074 -29.061482548610982
-50.781097499774113 37.479146438392370
30.358235424055593 88.821593510460701
-30.562793194473564 -14.183819903771232
21.299757469829032 21.860988804127082
-26.836733915412310 -6.322926815036225
-46.019850884248989 -3.133252285299125
-3.830909722409993 -10.489462266112220
12.035765756873387 6.840054960459837
7.018011255644169 1.337859333053887
36.928591437122122 -18.070322750773844
23.368786521791090 -6.529898446065755
-6.169354770073208 3.822034597594570
-0.468360466558843 -24.946375561883393
6.616680092914279 24.461013403157047
-16.051674663530616 -7.783101582297284
13.561847459574949 -31.814984630179232
-38.706742657385135 19.064622553581557
3.711466451545773 -6.374211625302001
4.522041735503792 5.238979325370906
-44.491492347469482 10.939769227227865
-3.762929275073754 -26.997276844990839
17.331478672847684 11.083339836018045
-24.137617742900829 22.423943959958883
5.189046187450454 5.188843841676731
-21.282345224954419 23.472454671590437
20.066002618182438 -50.431909216730503
-2.898520112700826 45.082059330493422
-11.038354668507086 -5.109118916833494
-25.416469042357072 -21.498097603119696
29.528830175253034 -13.823077694024315
-3.158869845941414 40.061423099025987
-4.629176617473933 4.226147867889060
-12.232333727295410 20.981636624330914
26.962770837666813 -22.929197740882117
-3.511276319427961 18.833224226247516
-25.982969449372032 -14.845265978239791
26.541617149064727 22.365040159251208
20.055919466430773 11.518462286999002
21.621134275573315 -29.100004748160980
-8.230119124298998 5.403358300280720
6.995788813870520 23.500348057173024
-23.322373696464663 -60.741583996029654
-14.771141959269167 -13.437007637871901
22.349225437068501 -9.476883386181123
-5.886062538005016 35.081677422244852
11.542449076367205 33.872564139615505
15.579559859685880 -29.822716859178112
-0.716617620031640 15.711936736369491
-9.693487563994932 18.286178085106698
-25.527378445429232 26.779886569188552
-2.671686814276154 -0.288707109794344
20.394190192141540 -4.460226620012402
-18.179864566990265 12.687727571480666
25.373066126310199 -44.162840052262567
25.036229807114676 -14.952761565848268
11.853746094758019 -34.996722422851235
17.642237290283585 1.033637066137107
16.018931217805854 11.180085238505217
9.953221120624764 -28.727512881683843
-2.544214512911201 38.639225888046255
-22.248986268851752 0.211602589718071
2.254414073904226 1.467386840550750
40.688614234847151 7.946766659367054
15.002408414707915 12.546613443245553
-13.915442420918069 28.963833735127583
8.851037795476852 -31.533932496741144
2.611746725141205 14.836040440565872
13.568170349133418 5.704638183552206
-4.819894889941303 -20.547546259947616
-18.305088137040535 12.010570058530352
37.592819291872878 8.522761312832840
9.326909481432253 -13.485756890740490
12.982434958083509 8.032592974340053
40.569679584652022 1.726258740456021
-7.941814712760392 -16.810071041285891
-31.626401959369655 58.228887108613932
-25.104413225736838 29.156639070692624
24.736838724634524 -13.290988412660257
-22.976029090982120 56.202019067755806
12.716784620128129 -36.053047372931005
6.754939905150009 25.363201341107100
26.204422367877189 0.876636319547656
-33.734956201562262 -9.742937088794028
44.431546480596502 3.389336051684700
19.567618948382474 -35.991106654427682
-48.269369379147030 10.401252507113780
19.237912944972290 -14.556514962234591
10.331689155726787 -41.402205409636522
25.817604513668037 -53.765975747179752
1.931324942422127 49.605535564973842
30.228548167874365 14.409693469461931
-17.685004206596311 33.475195164597302
-22.036224965448753 30.832146081511773
-16.900368890672716 -13.331132935983920
3.990321641977146 14.225754825772212
39.364752077438681 20.524363313922294
1.107952685326665 5.251621198863617
-5.580462227474440 -43.188416449857051
0.421419283757904 -7.274406815441019
13.234000368937032 -59.785066364115330
-3.030131833296606 2.239105660094151
-2.153325295125095 -6.544148226047864
24.084333431373778 28.648613478906888
-13.080234786777897 9.075809561124480
-28.585113818802682 33.952532865962617
20.937251233102149 -25.347664749014001
21.584427613747209 49.905175753652571
-11.819205561111561 22.308167395351930
-3.567927918830155 15.908350805687606
34.208789888003338 -17.820870891095868
-12.435566204875959 -0.453197881856562
5.201325634702844 -28.141289682190184
50.397631362113643 15.651617787073549
2.144116205025045 -42.870232413230262
-33.282903327642948 7.174077728492875
32.915406861098560 9.216656108063336
22.442766604626708 1.831392948636395
-11.589771262295912 -20.695541149272614
-43.821434801936903 -29.453637606810144
14.985364315719815 -21.460556620832545
21.996453435881460 -5.998871224195721
-24.353568531865449 -3.945399139702391
-20.927120895014941 49.840040206456052
-25.024121428412830 -18.945013760176234
-28.864672958568132 -2.242058667277062
-20.081299045070246 41.772855335268225
-0.678236321393071 4.430973066164211
11.827006126943232 -21.086401780751512
-21.366264137683917 41.993998206036387
-14.897458905374441 33.148627159037382
-31.405052085898937 -38.190353395995359
2.142454287555497 -44.424431687516787
25.636418549374419 -13.310494612952553
-54.633966344995621 25.999152346987003
48.128644884197200 35.432184221111505
28.053155948350042 27.076857277599515
-16.236143213144832 7.829154327593794
12.644454354773123 -13.560596430878579
24.719133680572337 -5.435469297835028
-18.252770468259026 20.728217759511118
-20.381402714021608 -1.952305221102869
-16.075712813339795 -11.529957480538883
-3.523045384797781 -10.269361938002792
21.662333131201855 55.841293184911628
-25.757319594869767 27.349237864109508
20.945609230398347 -16.272912475499648
-25.383575886938122 3.912332041435776
0.924855333327270 -26.331797377851970
-35.425781183219947 -50.647964125371224
15.115732435508264 -17.798602384769751
20.382513599973063 24.557828871946384
-15.287016099760955 -28.621152034705940
-16.148646131083773 -16.728064764631874
-28.321517609955396 -10.762923651410892
-58.928846252252015 24.816485725800145
-5.639769426264071 -0.209041306469459
19.082841306346445 -7.692069577610128
61.741773171840713 3.134666098356808
-55.688190150877261 31.504741073841831
-1.743322776495281 -20.954968025223401
3.097221602857161 -15.367340809710955
12.421292707489471 -2.516850662685109
-19.464503740765771 1.791947634096528
-33.321859901446516 24.398410387424263
-2.951471692300027 33.618131139620012
11.880912007125252 17.967198226805472
-2.400343951233161 0.737660128858830
13.676480630234879 11.486479248043720
-22.538260571511213 8.611010187682778
-23.170591088473547 37.922895358666288
-55.107725639104281 -14.603584579612209
-28.578900469658699 -9.242314053320321
-14.170087535981583 5.167392915092129
9.720880274157166 12.896414765587449
6.666133699573551 -42.873974022899979
-39.750612918625372 -50.992282398590746
-27.808689612427639 4.614238405840005
-58.494436445756563 9.831915443547489
-62.434814486055394 -43.406410752536928
25.419505501321225 -9.319322814717106
-2.662231364603445 -47.337810892017053
-2.898175380399096 16.294767476627815
7.885788321008030 -18.228636958451993
-0.193661749730955 -53.419165693802320
20.381713626306837 -28.425464767668974
-10.855787314620947 23.938378301217799
-38.137585420531238 -30.592453432259585
2.468446870917974 -0.471313256805672
-4.515054096645038 15.703069628394239
21.611123795092375 8.588534589958721
19.721159372323768 -2.096593717313384
-30.898961759068222 -21.614731079569463
17.728153104197215 12.920651806696480
-13.346543560585737 -5.741870415704162
20.676591223074357 3.533962002630151
8.129389708380499 -33.336345588642544
-18.911209818629782 13.437633648822333
-12.534065760104472 -16.618133005078899
-16.516656667329258 4.229727031718799
1.733254787559960 17.665082564252426
-4.560037026131296 5.871122376706609
29.825326616594658 -1.275863837287045
-28.904577168990109 -9.509485776950015
9.260480176627183 -20.275396890541085
29.336201996298541 36.983163574402113
17.831948192690707 39.133010230672944
-3.272219705305178 15.819225537086949
58.155958378642673 6.234286956392218
-24.963243215536945 54.563600860594484
-13.933154937426947 7.417668715156501
-21.325299860789208 4.282316978691358
14.825740746356242 -16.777523991020569
-23.664795618286938 4.181948799597397
9.454078931484789 26.572598170027383
1.269618532037438 -5.578857189790392
-9.861156426059335 12.653322688428815
-25.572401458113607 40.085277233183469
5.911536427963046 17.356284985356528
23.515933942211259 -43.238947706743332
-17.866373052919975 -15.665875589640898
-4.913752634581252 -7.663872667612887
-6.093345572660674 20.423729491876248
2.557409903084367 4.402807602263690
-4.732261421512968 -16.981187628916938
24.467249215340047 -26.844245593596057
-8.938141326741048 -20.225491046001466
5.515351225872846 5.059068291725377
17.746421526680237 -5.559776221511642
-10.096384150575769 -16.124754424324930
-43.065008527361385 -2.921690023281169
36.347196416163968 -9.982991569841575
8.519919439921564 9.070321306862992
-26.019226760797196 -29.115050024383816
30.466951114825878 -11.537305409697643
36.712156540509447 17.234446989816540
-14.863472107551077 -38.126529427780454
22.663449066053577 33.012216782354393
20.311903941519446 -6.284623779477474
-13.661289294271157 0.914913537438940
27.006326520351603 -0.255297443742277
14.852786635267931 19.054567650074226
26.871787742710811 33.921751871586167
-6.143427319712925 25.196454071518151
-46.652506632088851 -44.536618323672812
-11.693414090131840 6.068395692033259
22.699300946687320 -45.777636776706380
-0.522257314865425 36.970634102162677
-29.142841212781295 9.391935292195882
-15.361348912263322 28.244167701660395
22.246753284539050 6.209135453310823
2.883506351447516 -38.732404947067984
26.810522007752375 12.467530031671814
58.651936178327702 3.884010817004129
27.591238261711656 24.830655655332762
-32.815091283794303 25.193950683176695
-13.180745744840715 12.578787948536592
13.073730315643187 -19.002945682908393
-26.697473662613941 9.313880177614129
2.658870490578329 41.308007245194048
-9.286076813898548 8.377236484055892
-32.196229398416939 -37.441517269422704
-27.633803548031860 -14.610529495756811
2.100931659401944 -7.514258273211075
7.245594337785060 16.690788040265598
-22.647620010425811 4.157993745235540
8.873114886304611 -36.017608692778261
1.765409873474882 26.864250198981818
-17.942313569112027 33.268029425380902
11.578853797132195 7.198561241832392
-33.224312546043542 -11.292331947314921
-44.879400505426794 -10.486683683246866
-11.569526039658752 -28.474728820352020
8.305151401206484 -25.323145379898953
-24.666872463457683 -20.816057367822090
37.203613693000783 23.858915572965294
4.514978289758178 0.298823364939421
28.293189380664018 11.147337269964970
-14.844797677505289 -21.238784263710642
-22.266080794285234 -6.317816264772488
-35.887375597092046 -55.767609656629112
-36.050170330718366 23.915699633388854
55.492073943449192 33.010340058174862
29.082569410426583 -29.185957788092871
-30.655122825071906 -2.924546519704380
20.610693383978038 6.460241721020472
22.411884626311760 -15.476174823090387
-32.277839361827205 -8.951786823312533
38.384612857662702 -9.298301485529972
2.578783787924563 1.705202927509209
15.227324115183972 -22.275447035911807
-10.906933845686506 12.943864413888777
12.241720179783867 11.863088218070974
-0.715658831683443 16.967751971942878
30.044418695635475 -12.165433145422684
16.014325313159809 41.424113897157724
11.331122843342753 23.314018905199404
-14.999059425433964 4.733169038964052
18.726873886606985 11.238810231317938
4.687699686043154 -5.828245572306076
-12.955500070002607 -45.442533218590370
-22.994327679113049 -26.924844063847072
33.133356446549875 -2.022895932818832
-9.996185778491979 -18.160865984256809
3.045420318018498 42.961293394899272
39.639770793775980 43.986504750818007
-13.843695162743968 26.389289107761854
21.973063154879029 -2.641312392157806
-33.593561064112357 -16.780675461104732
22.002725483809638 20.713867619784608
-25.252360843075397 -7.681017216422547
-4.749219182805361 -12.777028449493537
50.775116575082023 0.556995796394201
-30.269897483806375 13.008784906846222
-38.907044602315359 -17.625465226268208
18.014133914719409 48.555136196762398
19.882014959221749 -23.341191624507992
41.383042578599451 -21.060340652596260
-15.603810921066758 -6.037945760833999
10.751392713631033 -15.805093185692117
8.804694427760637 8.273360647860400
32.092815473279302 28.871546582706085
-0.818353099408472 -2.012373617481072
-58.138260494832309 21.199727078780519
14.673583451207801 23.557834070065727
-15.114085379041512 -2.324006256890303
-9.051697654214530 14.262459899882208
-3.175822355459713 0.802747660191747
12.666822212998923 9.435213931952694
18.093223067607255 -1.753347049456894
15.546565695022380 -48.599403470068097
34.729901565019915 34.325372365065419
15.739857546122844 17.165723464792833
39.944795372480890 -17.205067777922459
1.045268623406484 -29.111242259029492
-22.240658740174542 -24.141247276315507
-11.519909935358628 -17.317880355645229
33.311232012627670 10.370753352374553
-9.929105824060510 -12.733473864206609
-17.355964636319129 8.303763446369459
27.977424429737816 13.987819246652201
-4.402530894092833 -16.566262371533394
33.687261817556887 31.950694130868044
-13.154049407183630 2.678934935531277
33.014284429513992 -47.882066015952205
-12.242115568451904 0.657259900958752
18.681699561201967 -2.401199791806906
-10.955962534828778 6.327172059597135
19.995849559025576 3.800261975926424
-53.222511581209559 -8.373688357807243
-24.879873957488019 6.389465726199782
15.089076860599130 9.273699707866978
-23.459886719313097 -14.326312297585936
-8.552157416824747 -50.457484965983070
-17.882684968741195 -14.598396526554378
19.121645155220040 -4.594042514927811
19.927358725517145 11.833806642979368
-6.017538346703623 14.492940836554494
-25.041093711611317 -6.260632247863323
-23.163799923280742 1.437398008276878
-39.999475139241312 -6.390002688210548
-9.220156841000946 1.346323234697703
-26.765572581171902 19.288642531687497
-24.454422234103628 24.176689033025454
30.660008925996653 28.673822667684668
22.189029927875989 -26.589620986732776
-20.737832265498700 0.599129232763086
16.575488950998682 13.360133625491830
43.867616542125795 8.824570808061262
10.025370911286769 -58.284698854836250
-84.800383208456111 11.008341205579145
-16.592120902618731 35.146575641998716
-27.146961569567029 58.209261026897288
3.033688722677176 -30.919623033205365
-3.493457981036665 21.517035055195077
24.643891582690848 14.077078429199135
3.204000452552138 43.657271784329332
-3.980175698554346 -34.940606214920962
-21.241076534174901 3.320276317698924
-8.455329865445783 -53.661634432910425
-16.855091184203765 0.648913660484797
0.579854452234104 8.434763569588082
-20.671458691915614 3.235239563509941
-45.800569542536387 3.358574970901471
-17.246039987611574 -19.411283291832735
0.342486888627037 -13.555836321445474
-11.102855678598486 2.785216156220119
17.660574808043101 -20.576787151193326
-4.942515439036304 -10.686735127858427
24.966117275333357 12.643242077624221
5.047690154417369 -23.206865749355412
19.429433606225754 5.113659524160123
-16.870562872251035 34.793706927501503
5.547009682298345 -4.445023607971971
-38.826336929218293 -17.025358033120792
0.608163368099843 17.387889781196478
18.938131043611168 -42.671197490577740
-28.319328907111366 9.090644505430019
-12.118232751959006 -56.189844289417607
10.245519545068007 -5.746590945299404
3.695311153601884 -8.623127098186142
32.587831688072470 6.188047394866208
-7.417575917595471 -13.512413791452017
-52.027271552450024 -0.147427126137599
14.840194171578151 16.693627292689243
29.524057732785600 16.932532989609093
15.331098904973059 -16.772599629751920
-0.969939763997700 5.532178074870608
20.199833734700476 37.301411760274469
-25.122621870206935 12.563322922993262
19.820637230536004 -41.817333567322599
-38.687423527505885 19.847295805979417
24.857677735983135 -2.703558703402654
18.114083171100734 -14.064296453130940
14.440657981570808 -14.968566111498699
-6.540540086993751 30.346355545669102
36.520932890066305 -5.266784732982973
-32.579699958722998 -50.167001835286634
-6.015423582440358 9.306503772062014
-25.935862193043199 -30.897424721379188
-9.426098227916379 -25.603200681544880
-45.106217520823073 8.995273209134025
8.129755530176357 2.229925978987450
8.757624594535608 30.163408364183454
40.212787152305459 -11.325250396777177
68.769369640182134 -9.718949882807870
-11.179207640310590 -44.550308114982904
12.848359550979097 3.572075912256741
9.297093226786060 12.465985684760149
-6.858756370719224 9.052188673889978
-32.870843735002765 37.360876616174124
-13.719896895133195 -29.192256609943460
24.421674732302741 -3.514478125751785
-12.973133368869814 -20.060619035376401
-36.087734649699762 20.246319138921923
-9.340342840236797 34.116485245446214
66.008620123158821 -23.720622877037489
17.508104238674719 -32.205112230480154
31.483543007673440 13.463029355880270
66.703785984593779 -40.455116825690851
-19.879025583073972 -5.652259836496351
-37.946514866518221 -36.105107045913869
41.684541204997551 -11.436812219709090
-7.982618067455820 5.761767084397622
2.419166852133797 -24.895262358337341
25.151199859416398 -0.017972292249892
-24.412225517454445 -8.589722150619943
-22.277524837127370 -48.504353505903190
9.155391903675989 62.520471403703461
30.679759410540775 7.777573089600557
-12.696706025466538 -6.953967747958267
25.228782762512417 6.661205266415887
28.238417550068075 0.661291578563303
-12.276136802925850 30.843023093527044
29.575020444490136 -50.721990839862507
-9.512345740935618 9.162639317687175
-18.613249286917462 10.687424614692327
-12.131097142119632 -7.817446988839246
-7.911974229599700 -29.264615339870428
19.714417887850217 -11.091492616172243
-1.422233656642464 37.738706164630763
0.685534508091737 29.542246009617184
-11.238674539769413 13.248846719841747
3.371463881271676 -36.383554758639590
-4.816307669449325 36.289274326961497
-2.524090235685304 -11.683704923214936
-2.789892554337480 1.314755486276887
24.723524495451599 -2.128445038393227
-44.380621780084695 -10.131750072713706
23.503204303203088 7.015204526401663
10.267914041911082 12.483237521197832
-50.589278694565046 -0.122793310945224
39.006862174485548 -11.497070906378443
-46.875842055839186 -24.013622456534602
-13.241247148187089 -9.705884354921599
-26.564596542203123 2.361767365357358
31.576610001663578 -1.077945125198685
-17.816787067165897 -38.157753633441068
-33.740359077802339 43.582391754547714
-22.948238788338607 -5.588135001302871
31.119523914207644 -20.427936890997156
-27.895611749171724 -46.588136787027047
17.980142937001229 41.920573279458914
-9.608004545782784 -31.501190449980150
16.238307479811564 10.729945244127201
-0.069707092747701 -3.881955169891249
22.526058968351201 29.449106735163934
21.333610742802634 3.332403386936590
-1.555878736382905 -1.712937558250574
27.194313101553131 33.235753744471722
8.369265071848002 -33.053026496301506
29.011455502757983 21.930364569962688
-3.258160617503186 -35.715995862144958
-43.445025359030950 -24.065127166437659
20.193722338734702 -30.436587563611749
-30.096338913782620 -33.100048147824779
5.396878277858628 17.218778942780954
-0.067054690114255 -36.719128687260337
30.901973985037799 12.017648228073538
-6.040543369710070 52.338426292078793
4.211646398217695 -31.843058469736164
-25.296389570781351 13.626871677486790
3.075044844394439 -6.372743787847502
-19.774079836439920 -35.842414580268269
23.193777573984022 -34.612126763231622
9.660975137998706 7.847474938768823
-2.890788292256169 24.734434574338042
-11.666950066441963 -10.563717839158530
-8.352591469916771 -4.823928204704855
-3.053045229596695 -16.825097619409664
17.981917678277551 -31.808569042856771
36.115852161186673 -10.564151974076323
-4.483754738375771 27.915999599988535
-16.954115528264609 -9.785713600166456
2.913154788987482 1.854487825980157
-6.768400331534502 17.656223602800072
-1.321084884997704 28.148726493960933
-3.970856763673960 -25.364905749364301
18.362724140017505 9.226550512938671
-16.921240065876635 41.977704349494161
4.192719436005548 29.210128727809071
-21.090869788209289 -0.521901302690319
3.225104788029291 59.818905743969978
-17.543789044236291 -34.752824217320459
-16.642088934815945 26.182562341696944
2.910412110838524 13.275863260021584
-11.429456248923751 54.113489762844239
-6.102582739647809 31.398768691536723
-23.900599847550080 2.174384545011666
-13.492422294795446 -2.894510697008152
1.682484943341886 -3.757701932988829
-21.991469987994694 28.932819078279966
40.737258433822802 -10.076355130154459
-22.671521836037808 18.864602049301347
-56.138374470277640 -25.600892317362607
39.627988225735059 -10.359645366615789
-7.000994129414097 -7.230832628681970
16.152610482781824 -24.495523673822856
10.659809284055072 14.439071937099770
5.092879821046408 -40.056637605422480
1.559619232193176 -17.895936104321304
-19.634508869992452 -3.281353013391417
-26.852342255991399 -20.674423697326457
-1.297176906025004 -21.565703108298983
25.901369536986646 29.841234435020951
-25.959559437397285 -70.653053228958896
20.207123434173621 26.823811675857854
5.402020419972645 -25.155543716183900
23.506610208805132 -34.732737284026960
1.414924621091415 -38.770803980133081
22.272080846968034 -24.386720064041544
-11.131674455365731 9.642980264528584
23.539314757256506 20.154209974476778
-19.545280744340516 -25.082356924600020
29.640768449780417 -18.576026378862625
5.494262113794058 18.626987609578578
-13.527114018650570 31.904605936639559
0.974625946812945 -26.865618940534112
9.922878168912169 14.283021138791927
10.462543529605892 27.815937589285184
11.976136163581925 14.968219333681219
-31.372644174479294 -4.948495812314720
-0.302759016166610 22.672558707703821
-1.535404858594599 -5.114795560129956
-35.735222284478283 -19.420789054462350
8.729117739019028 -5.296883618269315
5.153653810871435 -9.214324563441737
-19.542042343557132 -61.721902567085650
13.806207278013218 -15.242486648577012
1.564861243570678 -48.581705395047599
2.618025762193818 12.811531386077187
-5.365451352541259 -9.180111716608387
-15.150779323318972 -9.187770039535309
-12.962910907332276 -13.728647025780631
46.682992195140315 -7.245100782468191
-15.292643303459725 -29.957958304341172
23.949962814287847 -35.162061686490020
29.470226700180454 17.527143426776533
-4.809958042196978 70.647564513723040
27.218441129035988 39.058857791554779
38.712161663682892 -1.434692052420197
-20.496487091284923 -21.611169663060309
-4.753907624657034 35.215805501538256
8.957832122270196 14.677128958575228
31.257950171564946 12.485047558616021
-14.566206226959480 2.630924091032337
-10.025783949772457 7.587340524325504
-4.806158556029447 6.097288916838296
51.490279084303218 29.260361475612829
38.434522799451962 -9.139980250890344
23.125291033044746 0.414687430517132
4.876251857879006 34.234704652885881
-21.513822796584787 29.349018378282945
3.850215425286443 28.100130967822732
8.943870137651857 3.472786088579808
-28.123907829737714 0.664694931737490
-22.716406414962535 -11.796204768781557
3.142742098005860 19.061469883289430
11.023173218977444 13.620076699008925
-10.208192915249819 -4.779717146139783
15.767390259180670 -27.806897217213386
-5.525347120948248 -36.198883891679031
22.848562356541340 -18.350392439284651
-3.584554773682122 -15.842650913185613
-12.907820472313315 20.089197768722745
46.262062626740047 -1.943881561113939
20.527310605640466 16.793678761728330
-24.900004488404115 -26.157804258943489
-15.972204789275537 -37.136021870215998
-7.773756851470350 20.712177123005276
-19.708304758699246 5.598905012217495
65.445004134772347 -18.436796376018684
18.074396802987042 20.425119493485553
-55.888482080622175 -13.660788701364034
1.559732598219584 11.756409662956210
14.914831268591438 26.559505975340684
29.698745459488215 39.064326957309937
13.184631263988498 -17.005242197891633
-4.757270265954091 -2.093592173452787
-29.292375616916882 -36.734015589920027
14.963568020487244 -28.265242204921368
-10.741846828842746 -39.492561860661596
-20.708242292737918 38.029035284201150
-2.912075668957229 -2.664418227653174
14.644334388771599 -4.824819420742556
30.454239237821795 12.936203323472816
31.591161323454759 -26.863275279396618
-3.218369230808628 29.069582824043476
12.611569932973513 19.460820581665104
41.236531501991081 1.919263773712949
-3.484440467967803 14.693981302870080
30.999907737187904 16.182466454066237
-2.453235886613496 5.508235409135870
53.464975785845851 6.308600154922470
29.022583028855497 14.697913492931329
-9.674911013760971 -5.053905760554740
39.159382201322963 -17.790058466880442
-14.248270189814193 -9.171452740483499
-29.277818963366258 -50.663162067744132
3.721739230253924 -32.600631325343535
-20.590171161907730 37.114072169646306
-26.888778669226461 -21.291102594907652
23.246627400972574 -7.899824732494967
-23.903415556782303 -20.460892001547172
-28.607623792237224 -46.051634493678137
36.992492725930624 8.069467011334389
-32.693018993126280 -34.164826081837226
-10.866359277727772 10.284850825284739
15.247522523495070 -36.337557286855919
29.056911519299067 18.521408698852103
-23.547399953778747 -8.171096546949943
4.727965760395513 -52.185955674607172
-29.991879691169849 -73.488766968650751
39.025614599038072 9.049876720221771
-27.779411016237127 -8.664168320574293
-22.288530071515215 27.349485367811322
-17.406459038987261 -17.754805544842544
-4.579037866654376 37.397781662494026
18.458677527340249 -53.003716629013425
-32.582576918166161 -15.138332010701077
41.381990194787484 15.643182186436142
-4.567812269286549 -7.381929584406847
-10.912954980466129 20.103083114081002
-6.267075854135110 17.557243076423152
30.161069268354158 26.574151294336779
-5.731925506623014 27.870446857954398
20.784537513825821 13.900550186481853
-18.621887216152214 -41.062218522816579
81.431052574107511 40.222290919328273
-3.190118568811009 36.953766893406957
-18.153548678481187 17.692333484613769
-55.133290683821699 10.616049572661655
-3.443320855870438 -17.814578532828012
12.939038385192431 -11.103761755564944
13.743618117781386 -20.782328284632953
16.671240810891536 17.558533579914648
-63.577676465758216 1.352230734287303
59.309204220872623 -29.045805427035280
-29.881164455795496 52.369440097256508
-18.526390522572303 -79.472923648328987
5.935094560993035 78.350202057523234
10.653989402319965 34.305507829244185
2.191928104319337 4.621887962923778
-16.140391026518500 -49.273816061490855
6.402832006916073 -37.173414257006314
-2.546318847953573 0.408606685240004
16.295937261816391 -30.912774636789589
-8.252379921796994 -14.768631809109188
22.489828350136239 2.918318038227176
-23.530449948400097 31.393568133305923
3.783700430984935 23.962235926797355
0.761049225192201 -24.862242894876392
-1.495241587681259 -40.893643069726444
26.746705021576084 21.022670486993391
7.152401817700601 -10.507835780141590
10.828215983776397 -2.623449762875580
3.229894457069687 44.785203961583854
-14.880004721238073 -54.535932908161506
41.848507312663685 15.409693639638775
22.721118137613828 -10.696072951722956
25.285183080611773 3.869281547865637
14.507153861992480 11.165883445451167
29.915846924623093 49.557470141827224
-18.503197199871494 -19.075252631279827
-17.115808667534026 55.326411747246894
4.141359281063639 19.516512181534004
25.460001483489219 -22.356391664338332
40.531147829062498 0.936018027313911
-36.530235341971036 61.712359265113534
5.761132622475559 -40.817255385917669
61.952266496421522 -67.503635704172311
10.930732814530311 -15.200681943553322
14.969846560778301 26.785331766080819
3.083616632897674 -23.632681433610028
2.150146734985969 -44.026765276584285
-14.458506876040410 -10.893937721816675
2.348447886798219 68.049106418981779
-18.846349635461795 31.591580521560406
13.006965223021457 38.214070673142380
-11.172832565967640 33.846094931065778
-7.011002808154121 -1.510667540893051
