0.000000000000000 0.000000000000000
0.000000000000000 0.000000000000000
31.941946046720332 0.000000000000000
-7.372655942202799 0.000000000000000
1.264294052564571 0.000000000000000
10.768102674745787 0.000000000000000
-14.624046222786623 0.000000000000000
31.678151242823422 0.000000000000000
-18.656005323390701 0.000000000000000
-32.149234108075120 0.000000000000000
-1.314946175048653 0.000000000000000
11.358201986106293 0.000000000000000
-31.199811363353611 0.000000000000000
4.911126918354870 0.000000000000000
31.030643635901335 0.000000000000000
-17.177479421569370 0.000000000000000
-0.705369859314448 0.000000000000000
29.276839542250464 0.000000000000000
25.017127728045061 0.000000000000000
51.375181360931954 0.000000000000000
8.307296908964638 0.000000000000000
-42.471584835695715 0.000000000000000
15.704742649141293 0.000000000000000
7.934451499921263 0.000000000000000
-17.530118837773895 0.000000000000000
5.912566356392142 0.000000000000000
88.567189159763629 0.000000000000000
29.128048871236395 0.000000000000000
-4.979479006174371 0.000000000000000
-31.875412097032449 0.000000000000000
-10.416003543540633 0.000000000000000
23.702668717706928 0.000000000000000
16.166372824534136 0.000000000000000
26.283163398023124 0.000000000000000
-62.882620022480062 0.000000000000000
-26.019378085004590 0.000000000000000
-21.480249164888729 0.000000000000000
-20.007972039722635 0.000000000000000
-24.801416010387751 0.000000000000000
36.025323711956950 0.000000000000000
30.264540595761193 0.000000000000000
-15.774484855630444 0.000000000000000
-32.719404776721092 0.000000000000000
35.363390323744170 0.000000000000000
25.052354929392177 0.000000000000000
44.348124866736420 0.000000000000000
-0.302012905217597 0.000000000000000
-46.837814458791620 0.000000000000000
1.633656726817662 0.000000000000000
2.624350045082039 0.000000000000000
-12.479303551608769 0.000000000000000
0.000000000000000 0.000000000000000
-8.151929187812108 -2.931661131248509
-5.226671214668158 15.380414308061042
-18.984871050376764 -16.490022061494862
2.013294795159843 -14.068907486939743
-4.540117474910859 -3.115638502221978
-15.179027988765913 -7.829918486326773
19.871621874504648 -14.645210803731041
8.554284885352816 39.392063940479993
33.497005582368899 5.688894412626102
29.684459222455750 7.496862859761924
-0.327282279470206 28.610208741226991
32.990509830172897 -18.394772908345420
-3.128464749679439 21.730381705764465
-2.340866251698215 -5.293359381239146
21.695477461456278 -2.523676394386282
11.147613999325223 47.878376932366706
-39.768966807969669 15.393757544905935
19.087926651979686 -15.909636592778911
-40.626066466990082 3.491825993881267
-26.786732813577522 49.055579018037996
-2.608042916730174 -13.800155950316197
7.322191328301273 2.878221597585010
3.405855708156996 -33.006434660257987
31.811618316294858 -23.220307777128188
-14.750719444750221 20.128531925028568
-1.724197882578551 10.325912212623521
8.766607302348673 -22.871815016769400
-16.787344603794129 -23.008610107652562
13.790601159034399 -26.636384574612677
15.909309818801960 -35.044000908776916
6.889558737641565 -30.422159296748582
60.347192202767943 -3.499000726033346
16.269502974180384 -28.096375914825884
14.734111737454462 30.103492367096457
-23.627431840311647 7.713016975482930
-4.581371421949883 -34.759193911923113
-7.673754423876000 -6.847083027312701
45.864779481898054 5.660830925773516
-24.360200929678086 1.072144399145350
13.957732285140304 0.985266020451550
3.546069869093068 -32.330753238945967
-20.242069911871528 14.829181987171777
-13.811586508599779 33.623667113209819
37.737661366395095 15.722297848352554
15.945252045822945 57.310181185928748
34.910100193805327 -1.386364472230103
-16.933998889286151 -3.471754083916816
26.158561042716180 51.707127349707477
-4.009011274670061 60.947618110079588
-25.706707945464778 -37.879913799425907
33.501935981845655 -2.294372337026684
-26.581322329770611 19.991125990346426
-6.754150639799064 -22.157073264693718
28.715836172541621 -9.831634214425062
-6.068951984847318 -25.395819071532841
3.506913053670855 -47.371148051869355
-30.442469870339039 6.439721835617046
-23.201277234787145 3.309029534046012
-31.905657452019724 -29.765231385473424
-3.859813596144845 -48.009919503802500
19.800983110463125 19.463931110394327
-6.474292945603922 14.255269056731919
12.847270945333429 17.414327200971545
-8.928284854645900 -24.073451811023808
-32.336137008192445 -19.181158838231379
-19.520554740351166 1.379617834037877
9.062517141164095 -13.982519429128075
4.803974752180046 -20.938094422180001
7.942238949927762 -2.224509354464896
-20.624685003107349 -8.663650248631582
-8.400932902237489 -3.326724033643861
10.093511608178588 30.728747045799587
-1.304598716484539 13.374268179428112
-14.035351520769519 18.255782398652084
-16.107230115713303 -14.892710504935106
18.537509776708376 2.451207361568165
17.630817182829773 -0.615089845439015
-23.418420722130001 -0.031718830041895
14.414271845041682 -60.472974022143418
18.659014654096978 -7.167207761229577
-62.999449875326150 -12.918116183320175
-29.194289782690586 41.129854868036098
8.632621394991183 -4.089204017496106
18.238815985121231 2.778169301403417
-14.552430748314421 23.999058886020595
-7.860192700546404 -11.353571289586901
-2.417492421566627 1.587867778986992
-18.530077515528561 21.085025603368436
-19.502906460328212 -15.127715690102360
-47.103341866994157 -8.633633096928671
-30.895019450183483 -16.698680003142332
-57.298836594228007 15.753380260962633
-43.079968147401885 3.904027206369000
-24.613093093832536 43.323412828738100
-41.200708273105178 -5.151785115190766
-40.391913014967876 30.551864531801165
-11.954851136570547 -27.279171247672860
-1.962354784030198 -28.332213877520886
-0.815019109920687 -11.692468645124125
-13.467163996564057 10.022329326758602
-14.324134413271075 17.272314336302543
-25.891396739902881 -42.233238725766903
10.524182217530809 9.174750928477325
-1.087423429174475 -3.512825396582191
-24.970265074100102 8.087532012084061
-12.053300584771613 25.593936923376983
-28.788192673456379 -6.250596647621697
14.545743643111280 25.080816360019401
6.472086543877937 14.489145412809858
-8.828322883040803 -1.919823647152748
5.912978634651011 -8.640414700980367
32.004855921986653 24.784255598266967
-1.000612635773139 9.655538094165943
50.573191358065934 31.681664239551164
15.863373737967244 16.706338829415106
10.208045538942018 -7.985127040730510
43.932497422915958 25.098246756481984
11.075559352755814 5.336615565390251
-23.934541155129057 -8.071082180826640
9.703908420764982 24.064349199437078
8.208501388036410 16.630124511316925
-21.491682422184933 -9.083030902167488
12.576903250858544 20.601033780611214
-27.425679706840199 21.695063944757127
7.275967145628338 48.869771247180722
-28.664803210242297 -39.157865794131453
-40.527381772901322 -0.406870337377713
-6.008649747541870 25.080748036840745
12.273489384158093 10.794905941201975
5.741068126472654 0.502259194183066
-26.208089751945831 24.570783182515566
32.003541111445429 0.707059900037803
-9.371843817457401 -28.129217940521375
18.404529423947732 4.765330329310475
4.233979965377934 45.275313933055081
-6.132686289859396 -2.224303267481935
-32.702838421148130 36.813879196894703
11.133044854380637 -36.031552938604690
-16.921442134689066 28.014168922605183
1.910775383258108 -5.103402489041227
7.528685549561772 -27.333239194810343
44.798101469126955 1.390138896464253
-27.403965931673632 7.630020801236766
16.025248604379247 -34.874309186812688
-8.759301755170055 -24.484300024550176
9.288262644128611 -16.830768144508021
17.141540783200732 37.257035459235283
-29.280829723933408 -16.506830223103925
21.909118106956200 -35.580301310591736
28.249558309882879 11.744196612742996
1.373642817170335 -38.231280115577746
4.368960640975106 -12.866976159458840
4.626977415384790 39.435755784288915
-13.799531698615667 0.477816919996156
1.729203830950836 -35.576430989751266
-3.681768894731780 4.904217450832260
10.859506889584292 -21.890864787860131
0.536656089948056 -11.107270037984405
3.221381631068235 29.218581230740096
-34.604183926269094 -29.797661105258943
-14.335247074765066 -29.200024009247418
-43.935768547991913 26.303726116330825
20.580208607959282 -17.135080223255418
-31.847981438543414 18.141909732741556
-8.568555351442710 -24.084202265356755
-16.274392081399323 19.579918129946833
0.139575572751303 13.827618000386837
12.857012327412534 8.992473084824869
-33.007176055382367 49.008216597947865
-25.613115609722421 -0.767491142714553
8.325121926936323 -28.699734579825570
-3.891227369342788 -9.297788813363612
10.705984701372961 -33.336904582133876
54.896746860769035 27.095792408193748
8.561957077411702 -7.992917480963066
-32.959502536497439 23.636211857827234
-7.741449573963203 17.258474292865746
-4.117090021502365 -6.275481494441864
-15.062493325985209 -19.437110082721301
48.681468281989822 -16.188845264999891
53.479764610740226 14.435926424018762
13.695282579594320 -34.829986884339412
14.651713785419338 9.058333391372182
6.824197954424291 15.822285432369776
17.764556614967976 15.833996176854370
5.862429575083745 31.170822319560969
8.934241920162334 35.495271017822958
-14.170516732399779 29.031240423487795
34.038042348896681 11.822957514213105
-32.234301512310054 39.793841633959964
9.074114635305405 31.142265993687356
-31.677377812071530 31.663494725751384
-7.895422218212714 -24.796822167402773
25.509873104758636 -16.621183424978401
-25.732802396269228 4.848336666442139
-28.586035841694716 47.464483573434130
26.956972684919926 -32.881777995667676
-22.980458604249772 -0.428913034140696
1.353232582188963 -24.234047204838575
-21.968728968562335 50.316136641168974
-29.629814844911003 25.693671123509965
-10.991042375606790 -46.493422044798187
24.576990953986598 7.656487644330161
16.677945902480730 -13.568641923073814
-27.053598109127680 -36.781081759668403
-45.171172985611598 2.405125104911800
3.073712349174358 37.055833786198257
3.290765312339262 18.378383534973402
-3.475165898090531 -24.855054998487169
2.754319469964682 23.940632218100522
-0.768608792904621 12.751573833271234
-4.871105472766398 -13.144631192941848
-33.485881987783273 23.848650082505991
-2.581146828887658 32.533943237230112
-10.471435419840491 19.481254142966971
41.924472814959351 13.385369204689963
19.566517533469153 -0.777087936609662
-4.139760296018878 10.653430633132976
12.235213692065576 39.029670176040284
18.864104140903684 4.647513632744867
8.618759294279625 -16.719756443750828
-10.629235062293288 -25.157067991604567
-30.640949921279308 -39.843792301182681
20.841372598133571 1.217587079703943
-44.430568608547823 10.504246992119027
25.431166072418272 -32.375732280136567
-30.581133855417889 -35.414676068401143
-14.983179970415659 -18.261946103426567
20.237343429316155 22.880213861384995
22.014813953443291 25.346939901070058
22.503604811901003 22.572698267686242
33.321499188733647 -8.622370241229770
22.989697963798339 -6.640878786925831
41.224160850729760 -45.314523905950992
-35.236381777085732 -14.809752405187510
17.745348023553838 -18.559028846230010
30.515252925700107 60.038318696749272
6.977135752118558 -25.129485400913104
-20.408551246290529 25.769234029530050
-46.268907995816996 -27.241292203951758
50.942956370917884 30.041323784595878
0.929001815354576 18.518554809446812
-17.062123205891506 -8.656846124160053
-19.687947309525164 3.703593441568634
4.339789274411593 -30.219899649714151
0.908410739436419 -41.209701796012375
-35.905761306173765 -9.712596124978020
5.616971613051737 0.006710900033819
2.312427475383886 -15.453946499150856
-27.725645703592651 9.649574403888479
16.468810426050052 -1.303538329799893
-53.079630107266738 -6.778249093371476
-26.549204446977207 34.929897455874126
-54.103848663228135 -12.798649034975037
5.369261595958402 34.054497282011170
26.410525228474498 4.428683374215622
12.505918548077300 8.454980575666720
16.508790227494774 4.269850630464934
28.796162894295328 8.853045574185069
58.474944835135929 16.887042215437695
16.805272349853169 -16.316270537483099
-2.121786197481158 -9.698290669974426
-11.314120380333900 11.308861667483493
30.486184009378412 -12.616222965359929
-6.548412888911268 -17.518851521193017
-14.895083011176789 8.629979871438293
0.379842730119071 13.693387832061655
22.503402392571402 34.390956179721350
-6.263881556899872 -0.782728730816919
25.414134625622303 -3.879922020233900
-0.624374485145384 29.923884971826993
19.901125916223254 4.129545033737910
-27.034309297425512 -8.393266749619828
-48.033505156905512 -2.894944335820800
-15.642866656426030 23.128447153457582
-2.698954092247283 0.240597291623458
-14.739466234064183 24.726630231903130
-9.367084414519724 39.095826588551894
0.998992997084575 27.538728675937978
6.211393584446545 -11.688818924733255
14.911976602482770 38.427345852995266
20.002203622886885 -4.895258796595652
39.179535688249729 39.525327595831250
16.363987154657671 7.119809698716085
26.857339140768978 -18.774244368468054
10.856582662834308 13.729977210331079
14.596736825312268 -9.351612625448071
-0.689591466688473 -7.267098880846079
-26.092431748700747 11.651563334409683
19.175652687517818 -42.515487322947592
15.575613073685147 -2.986054490626306
7.841242751286625 -23.873172046504425
12.479386171708756 -33.808108774683326
50.464825964658722 0.917825373322480
32.341458622196903 -37.711548077044299
-16.043297507060519 -2.098552878062235
-16.431012207835195 -6.561596703516036
-0.466846494113839 3.890541510794971
-0.187007778925716 -3.280896821768297
26.481925001318995 20.743065150105863
-22.367922910444321 3.840156332633974
27.536882283307129 -2.489467982298787
40.631739319124591 -21.723489725680736
-1.992994309622758 20.406580851673837
-3.742736699508650 -30.837180779939828
13.611177901996415 -2.000473540139589
-28.515759906174935 46.506499453986727
6.973524098748070 -14.155132836345260
-29.738655665021046 5.950776996854148
44.323737788729971 9.497615113513501
-9.935995439573569 -15.236445702561220
39.685577285267058 -6.205426980285316
-7.701872483766333 34.390094689914207
-34.990916036958623 40.143807554766958
-16.396569396942596 10.486945488876451
49.241502944381281 -5.255009137442177
-3.744094752681417 30.975049833309949
0.546037452549419 -21.961588813208994
6.747838028730619 -3.453336945027596
26.347937934473329 64.041337663125148
2.171258838045747 20.569242426430659
-3.925332030761461 21.978838077598404
-8.891059946663821 3.448419316219916
-31.087480749657917 -24.897293971935493
15.088669334856142 5.412639057553851
15.471431436843943 19.402105639865422
-47.351652427305439 28.227973125949632
33.796274730866600 -4.573694592178644
-34.302959388929985 27.633841917619716
-1.395637073717986 0.900343121383258
17.995964543251414 19.418799276761106
28.652828101346550 5.042854287108478
-54.681979266564952 -22.353827432124756
-4.510511262301269 -24.401012846473474
2.018417683289314 -18.787775292134064
-0.351408123774124 -11.652068255524808
-16.989409378877223 -19.832430212399586
3.952074718770815 36.083121788184954
12.842882578564575 15.000333328725905
-0.475954390026515 11.266764123984775
-2.012994594111281 0.582044060711601
-16.102395177621045 -14.481956501397097
42.081578431140684 -19.624452835258580
-7.427976552864854 -2.564299922650121
9.934197467544667 15.433741122679054
-12.770438933796781 -26.199348342430543
-12.008888977498268 -8.413075587126725
-15.229687835849173 -7.577466149054104
26.581523322418750 -45.300846781092190
-20.129119928921416 63.891431010715337
-6.371860409848034 2.533738351378617
29.028650368206282 -29.319358175808471
27.055858298548554 1.312996160177067
-41.784449483694225 -6.983373023218737
-12.055411363570082 5.819216020328479
3.161194318091572 -28.573571655310239
-0.976375283865063 20.588991861876870
-36.066007727024385 -9.515194044767718
22.980513896143499 -22.517588900228841
21.141622932440448 28.466431344056240
31.709249869459260 -1.764769272484297
10.137269123677545 24.142244608388491
23.769099351429759 28.819461449479327
2.119867376838198 13.343897436158695
-3.665058476411581 -4.366937730232134
-66.531894256876512 16.236746386388955
-12.411709996507845 -53.063184592926746
-15.750292585978530 -7.798956353277670
-39.736679368308458 4.311423146145120
39.263446578606391 -23.267431681184640
-18.123781388746821 -17.340966434674698
43.789617178496307 -11.436551859991612
1.014751306057929 26.218843490008812
0.433636086047957 29.316400648137506
-24.510803489560576 10.353784056156819
4.278094966803409 -12.622656148153260
10.527261552003582 -10.250496585697343
-43.000770124341969 -25.498804406086851
-17.097365562696716 4.574432653978001
-8.608909931377736 -1.548513677744344
1.562267639690424 -16.280684766404125
-20.608682683410287 -2.124051355782396
-15.787682627827767 0.576457517493942
-40.594143880927895 38.115308795059050
13.179757655987865 -39.875340024870177
15.535618985081841 -6.314340226610374
-19.361964755803616 33.723657947746212
-22.233255692985065 22.685750266793214
38.072930523304564 -20.498319162272278
13.333553235760354 14.526771713324841
57.098292815488783 -4.162339276237547
25.606117353909941 15.548412332541494
-8.959835243859301 37.475377652244845
-1.264769901446504 -28.528440449902398
-17.841294112578804 -42.058186332781112
21.712386308436891 5.976216635512324
-0.169782050508606 -18.581442167117618
-6.108473857165676 -46.683648075872590
7.778312060141728 -15.675452408841618
16.601350211554728 20.170100540148731
17.188012824558946 -28.850469072287691
-6.244149434048021 -19.178275675382253
23.605059174352302 -10.933864706479637
43.496633752845980 17.333229919107961
-11.939715675546505 6.339926348646785
-21.336091631399551 29.592166435493450
13.390171970588824 25.035475972609067
-64.313834701292308 -3.191303241551856
9.205645607701447 31.137913160148145
25.895961462905486 40.866838248439279
20.265971368711792 -18.417554955447624
-41.126441413261176 17.249209315113575
-28.762794409441980 1.989208454414334
11.229593449257393 4.366975092469057
-8.596861908082905 -37.016464068525295
-9.752609840992502 -10.573455193911455
-7.199766286753452 20.537540800244582
-3.080746397935103 -8.657931472950564
2.256879174190365 2.743684860379693
12.578245050817111 5.969742923870601
-16.390299194904561 -20.701679030269080
22.211032747321010 0.152961453047947
28.298869177141235 -36.885176519879614
-11.124705562963321 11.594226048388080
-30.513194424957906 -7.061193401663291
-1.534549687162862 24.932219745243120
18.071370721155674 -30.427446749930350
-11.387145273650972 5.111482747123737
-24.901821842991165 19.842263017346919
-6.735798752956311 16.505133911905762
34.305455989211012 -7.209721019381851
-21.759234325837681 33.652979982060010
8.419701881504293 -23.505414810039554
-22.650431562149215 -1.406108075725706
-7.156335905999742 23.943082820273563
1.132682640451959 -11.682666341806501
26.651770143546401 15.171439540946391
-18.125839832177867 -31.321941822688046
-32.711460729512623 -2.443556985841807
-19.072836646726110 -17.894069049968010
-49.568406053306084 -2.726944379488378
-4.263349038036915 -22.407752637382778
30.501282835742661 -47.313299993939978
35.600993713147354 6.337058055192110
13.524929958301062 3.443814444673664
57.767719866929511 -56.994394386083876
-57.515768989211537 5.776748217667798
10.009116627137029 -1.166985200313311
5.861236210706847 -16.858700348579404
21.822007019459420 -2.996953052792333
-36.764712671616515 11.039753046357593
-35.246968031607558 24.145988773992254
5.331281611797730 33.132317758366582
-5.324393009969453 -15.388781010631863
8.976074927276798 -10.694774812109360
5.191932262659736 -7.102478165491063
-16.580316538433490 -17.817705368330081
31.751021908235593 18.330515990675089
-13.615627350976030 -14.924404480166203
12.176578414572161 1.424835833656211
8.524248822888387 -23.969294341113788
21.053948536723290 -31.905531548567069
24.556158549572704 -5.223378728531030
-6.197100079571525 13.462631550885913
-2.980044801143500 -22.108339831026463
0.823129010167538 12.924701161509661
20.331161433841913 -5.760637754768271
-25.936180809017973 -21.495584932208320
-11.194636859729618 -11.401114061652985
-4.456999156107186 17.533552042664667
-26.230831223687016 -35.636786321963029
-3.744880351817180 -19.076333409273804
-29.498627124071305 -27.370680277848965
6.492476376879358 -36.854780488180815
-6.200830315805124 5.633959364292294
-33.398527100428055 -18.149814750162598
7.854241306680386 25.302706710143859
-46.114722389107392 42.159487598374390
-67.363356984806231 -11.949477174063171
40.223533777927187 -32.714855003493689
38.458339211600119 -46.570389109138326
-35.634743881240688 -8.937319648818983
16.257689860322394 16.698033011365439
46.837357205467541 24.791024437360822
-51.299041697165961 -12.094046055386441
-12.290805198780633 -7.062247011719092
-2.182676660749433 2.741238963245801
44.749539182582801 -19.715204541255730
7.379363172776808 29.569678851329318
-6.783250842042266 17.091495325125074
-1.334080275005374 -16.338520728230975
-21.304828614837888 -17.617132593604545
-3.984630997929937 -79.334944571260166
-4.599238905614712 -43.326021435618465
8.973074669034098 0.146288776529423
-3.220943941993678 16.393846224802623
-4.703620076364450 13.867504192231307
1.882146545214867 8.538241287239272
-11.980721610099019 -12.612644184776997
-8.724688610346615 -31.231390409417582
13.451098307934640 -9.143695272511218
-19.793351350768763 3.209694966102257
56.421760120910086 62.860737653274384
-0.331051166868018 17.785935674920857
-22.095027679263410 34.329686250367011
18.366473401347626 13.832517258393549
-18.554775251034197 12.735329104372452
20.794827409071601 -2.925059962182556
19.014106068149150 -9.932597897867831
15.965227654585881 -1.377391848077586
-1.891368075216022 9.490091601777985
18.960117432391264 17.067878133206090
24.794602699077039 -33.934221103712538
15.313388787975715 -9.997635568619570
39.961448694955827 -29.126733872406888
22.505789098309126 18.451044493229457
-27.254405368994799 -5.227012645111258
0.200455424027389 19.126523894184249
-12.042412043536650 0.944548493036330
-23.260640387781699 15.217669025666304
-18.165618096524486 19.314584867331465
3.175318917355745 -5.821374280171415
-17.671301747048652 8.491824596298642
-7.665210190103949 2.479614999817123
1.120262992397888 -2.373036199709819
-36.076922536928706 20.477259259933845
5.217519808575912 7.811726089187101
-2.648585523190963 37.347683283642077
-37.663960511420349 -43.251806325280533
-4.174046212057354 74.220392402860412
-44.020875336572942 -52.684994676820565
-30.940616224799719 -58.737724476596767
-49.663338253411737 13.905266938103180
16.968730628152322 -16.393846447919664
-22.943299933559246 16.275907882543493
-21.672646139052723 17.105169496732707
-17.487634153621393 0.539835528112404
-62.528007428244223 12.355691620419334
12.273798235348142 49.009042566361494
-16.760808260009469 -16.154542884891011
60.397511880216008 10.936031909502937
10.775987873478194 -40.533359959477366
43.263836531870567 -23.384042892288821
-11.522976598186169 4.641317218648030
-43.074756650387222 -31.106874236830581
2.594960478002966 11.732720001975144
-11.580093500916458 -29.933839155747140
8.962472528326348 19.075153148950424
5.772875991765622 -16.776470215010811
7.372873424870458 -8.578739067909359
33.517250608189784 -34.886784826032546
31.693475419788854 9.475707725143163
-23.498117096346444 -6.709504429372554
-31.393548815652057 -27.900292044140276
53.047983508089601 -21.950251657103415
-0.247916130739611 -19.678923902500088
11.908472954931469 22.348740176743654
-9.417443910192670 -3.286995876933825
-1.869277654189693 41.138712181034116
-22.768668850370243 -0.127701741098780
28.715679260408077 46.790665411629256
-4.316771849293964 21.799640634354191
-35.729781715861428 47.202816756276079
37.138235923815579 7.047838608336043
-1.366533652047036 -42.546560805004326
-31.434372572175228 -22.462338782541899
-57.083550676530983 -5.249058712210434
-22.515428808041769 -12.341658934813434
46.299751094390409 -31.745856292780445
-22.790438227258065 27.530734596276137
-3.949005646304546 42.937237150100835
37.138522205407135 2.527240558601458
-33.167957630521627 7.990006836091128
32.776081583966324 14.192033964868742
-0.015776129486482 32.241733763659134
-13.732889587256654 -13.188573990927722
-5.361965393937973 2.754874906967417
26.958385880861250 41.134670615430792
-21.735816300706986 -29.864245231240350
-15.908177680933903 -56.185802883989624
-23.083802202323792 -22.020119244754991
-52.210253245910152 31.650723146285547
33.815555679711167 -33.893277850005390
-33.366184942879109 11.503586516555139
13.418174561945699 -5.262098892636940
-7.948624357050384 -25.756006844897165
-24.640520706231186 -16.382282346719556
-31.202161889679150 -16.931670923328550
32.005661310273204 18.344914198402030
49.367475898274726 -29.680029013908847
-35.697482652375797 -2.789111991662358
-8.290426448775898 25.043148055491876
34.141211248079934 -9.793906119316281
15.442978153705633 6.053997313469678
31.940136803411797 15.455600274086894
16.759432405253776 50.356027471351645
1.038561813537190 -8.728161631775695
-30.986390801241292 -11.822738803223896
33.557430493637419 -11.771049997876158
-12.105127052500301 -13.112475265861935
-35.625873506620742 2.985083611397765
-10.392111988520277 11.166225296640464
-23.289922804569606 -57.443724708666487
-1.617753385204724 -22.406058235625014
29.197893781002758 25.424432252874727
-30.476197937524866 -11.882937050901987
25.973709009225967 -30.893441864487546
1.994094480572735 -13.563266985131325
2.948765153190341 -4.599461248552859
21.520406978540937 10.389436107167729
-28.184399520491802 -21.166060340140938
-7.773461192794122 -21.626171170296921
13.029189756065430 25.223551761903064
20.203933888479817 -0.680820683413829
22.535151273588124 -28.366630663736100
1.960687099212764 -2.932140466759015
28.217376048593241 -43.207567011461528
-13.008578199696045 15.127832843079274
1.139502196661932 -13.925066213747689
-6.364220539418239 -30.945003340849205
5.227805067286637 18.316698411691348
11.575242409389402 -19.744616590027814
-30.618655932523264 -3.810116914350855
-35.959890435430637 40.134970748226685
15.448134646177040 -1.895344739287599
-22.775227834389916 -42.682558705404624
14.405595898791848 4.500769399194565
28.454026696533628 -10.891053926515239
59.042287913597534 -11.778988011692006
-3.502165721562347 -26.079578787380907
-17.471556893462409 -32.994863781057411
20.181084918767933 -20.145482176692017
-8.548482509631153 9.066557391509463
-2.973385186070186 -48.404420259875614
-42.487645345586287 7.441624286692145
-39.467863771753585 -20.273475288115549
19.898397546107489 -27.755266190914018
-49.425320800883995 19.161373161510788
-37.571072616570753 -19.476767973516473
26.936468346340220 29.457025361651116
-19.742516742996454 -0.953253536537913
19.864115721709101 27.938891377183900
11.414119152952100 4.907774490313143
18.489947984087863 3.750427877018333
6.866382911502829 -5.949676927057542
-19.606479539695442 -16.096851846649884
-24.004972912982062 18.784140339896112
-1.927973861192940 7.118031737512801
-9.190183068261868 -33.272647929495250
-16.882262152439811 -0.895788033177882
17.021321104321888 -15.259760735210977
-27.376123566641418 -14.681394995392685
-12.454603316010934 -43.980780990791651
-3.406485695314221 -16.212981896115885
-16.608851005511532 13.340627466662076
-8.622980560804738 19.600840847564992
-10.456099157920633 2.437459928422810
-3.729298911393736 12.024706076480376
2.132640470987829 -7.245331273340596
-9.888316750516964 19.206720152644571
2.677854926446441 -4.094544439249569
-9.088258006317128 -29.941797061107394
-3.784115431535347 -0.990783555943293
13.280897810288492 -11.946880401751628
-6.276112993227295 7.324592269045276
40.525190687954833 -9.554996850567154
-3.932800818628740 -6.994859392928652
3.231840589188096 -15.214038168841602
48.642838427953919 28.833780072054846
31.944463401873506 -4.122265631058949
-15.545440960649927 -9.797880724899896
46.155903070034590 -56.891928589250540
45.384668641714967 -13.639367056523009
-7.552993232562541 23.197417327226116
-2.333739585898359 14.028733309540367
-29.315784550189949 77.661861111228362
-28.940145797258126 13.999411790597836
-38.111218044188533 1.891323277320010
46.415180429743096 -46.672092188870302
15.557952066447122 8.202276206391767
33.454704000022410 -32.699772204347845
-24.217612262789991 14.838990694344400
34.520387573031677 6.853169312414355
28.740089370478884 9.413228602800642
0.213854954764313 1.576512888556330
-18.857476548382110 -2.302734286543382
28.224361240867299 -5.096532242443756
2.867459797801157 23.238081700311952
-23.026422325982452 14.417233089947313
-28.069609644711431 -6.950670647128031
-10.069162610705186 -28.411699828240195
-7.927839485007461 53.186282614402522
9.229330907769079 41.200673032306000
-21.243711461876323 31.575494790948081
22.172762112587677 -6.826226563019225
44.528088037656971 -12.427920155298363
-10.420173173441901 -16.236091134042141
-9.007722250364607 -54.233486624875020
-43.760963998878161 3.893468826294273
-40.575274453247090 -9.265235903365930
-61.300553139712605 4.314279668199036
0.854083975816328 -13.117761968189884
-39.234991245400579 -51.672859051123012
3.976045885159988 8.466075026248353
1.420792908752950 12.802362142468263
24.095354964297474 17.038485003979819
-0.651325164462327 -25.720063825452701
-31.771320710942309 -5.070622661788390
-51.205490402382466 5.456759864764642
-36.311727652134479 20.124862150043647
3.827038350222414 -7.469052907242969
3.029587546293229 -7.437112452930966
-8.127452154599066 -4.296054755758806
29.430253362453463 24.960405304736053
-18.621474904015379 5.030251626023333
-23.169085239046741 17.594640821704747
3.812948743876724 16.964398080196435
25.316292187261414 -9.853861447860105
4.544090649254640 -12.657135781049824
17.106555736649835 5.568952711178031
5.128230767456764 -1.295842150171102
7.159706193578585 -13.420802601748798
-2.308582989650106 -30.473300569490156
12.931814855019280 4.989497124122926
-16.323411218507896 -23.366590461863925
-2.323481355099404 0.196813425879690
-6.619092365596111 -6.506689049514200
-32.135306682421245 6.481676351373785
-26.616256478894005 22.418967706556096
6.504769709579150 22.623004814416081
-39.089838053864447 -29.175272961475216
-30.592217117871872 13.808606355719643
21.752774169295311 -33.579515819528282
37.538624097398355 -4.351536443713527
-5.871528426466378 25.826566835775697
-26.261466127348079 40.871412950712745
-2.719171417020783 43.542232770055541
13.406520806946496 2.829745131129068
51.159562151758145 -13.851843443756881
-2.412361130215177 -15.609083086840343
26.493301788509665 4.872068822176588
-67.404041108617392 -15.435371804808668
-24.012460170606374 -0.335423201092070
7.207608421577458 -14.238616211778972
18.348681059931774 27.033382019764730
-21.046649323793677 27.768560958462306
26.092634784090638 39.813704336674213
9.803878934478558 -4.076322445436143
-51.589765676026204 11.156141020347164
-2.289483274151092 -11.806358706479360
-22.529858485062942 2.079233011521267
9.846625447716118 -11.203618800215830
-7.857286119605818 1.342896910648090
-6.943696743112228 1.148133963863915
19.091560214060742 44.089738976417749
15.086631436600927 18.182253637727865
22.718329359154058 8.885216981289581
-15.867992555881445 5.877281327512927
17.752479004464092 15.548289356176994
-6.283782772021449 7.530697289743429
12.883311979866921 27.738727038629190
-16.159887399641185 -23.419661763493249
12.891456210860218 -13.173256520539031
-45.951061752054287 -52.537069872482981
-19.259887044979276 -18.078730806087268
6.131696233657148 -1.369285542292886
-1.905917704199969 21.186213701780936
-28.127540843831603 13.083418972603146
-24.115013023463632 40.482222111248710
41.084176261631448 20.535428927385187
-30.992828729453954 0.880900338996640
-18.258970038465289 -31.084937582572312
-9.196017057662088 -5.862150963447315
-15.860779650366352 -16.665747547255762
0.501986039602064 23.268438784338667
8.295222382482962 -39.804427330913306
-65.310187656635776 64.404322738431929
28.774879291213132 -2.446347638568752
39.686930898476064 57.051974333156842
0.962141139101670 -29.035740485963423
8.392753610422972 -5.639534500155603
-6.317790167028384 40.542311466626806
-3.870812303941552 33.974406456851412
-31.562991566154711 27.046199809153830
4.235744369253305 -3.503090690734887
-5.064319747199230 -1.799905373813129
-54.825822958999112 10.547688501284613
8.680682315638133 21.774813918049517
6.166589700319127 -12.064206911380538
19.902575294647121 0.889054702295345
-3.337034620311377 -19.606757239915122
0.034942809574945 -28.247571851751964
-38.522089389199103 -2.058418652124111
-5.755899833428024 -32.540858635892278
1.625117883238803 48.162886818565717
-26.991585428885536 5.669917804931766
35.713206801907994 23.789733134130479
-10.409599800828657 7.660920925429371
-52.359709895287757 -7.810709183574035
29.808429306450609 34.401916647908848
-1.529092784981833 -55.500838695594830
-57.386895035844880 16.063135076962251
13.706027604676221 -25.193776785184138
-3.838234823081985 19.675563610449846
-18.325600855363334 11.727242765455276
15.153774327075709 29.055763523327848
14.483200141220484 12.488271808571650
-26.777532929490960 19.302033269198407
26.909505840532567 9.533267774517986
-6.183194626179276 -45.014717905034935
7.772649106782486 -0.291413538294583
37.693006585569826 10.656422006028404
-26.098330096289104 -0.553382453854719
-76.689103027276332 -2.238453638642936
-28.484411341169913 24.178164109832981
-6.115604021944343 -24.565625873870932
-25.396911455438051 9.525372047996209
8.541122088140426 -14.137936205536171
0.598052429693548 -13.976281629942580
-9.994462466252624 8.334997190925375
17.027362504624769 -9.879708249883480
-1.599864367372173 -25.105140322623601
22.644832319770678 -7.920155247253051
-38.736343243891049 24.986497408968660
-20.417731348044512 -44.819813338261206
0.676952250615510 -5.867347677047206
8.240640452036109 37.295128843827818
6.770744910501793 -7.185237724511281
-30.377868118664292 7.400467873482856
45.221797346069430 -22.655060897401935
4.310183018771403 -38.131911058112067
21.174593090920279 23.360038288622277
22.147200648127455 64.267704459102120
-6.873133087887013 -23.497341840209678
19.983138474985203 9.673601954684182
-9.042979508371866 20.617902279228066
-40.222762294176782 6.352606035568139
-38.592095351845366 24.434638616098052
-2.604950372319477 -18.388900286127811
-13.399676419671749 -14.125920391083875
5.433856587918050 -22.516645131591883
-3.001823251886535 -20.642368058108143
18.753233485594095 28.579567110395843
-14.744101691666261 34.634980033135804
15.335209702059855 -11.011979962333980
-8.481803187715091 21.753814197972087
2.046018634617042 -18.538269449952217
-31.354730996085166 -57.226910363811719
-0.098868666132062 20.538415272832864
-1.252053392698282 10.674353545512973
16.185491384805207 1.101117945660998
-1.577849731944164 20.112456716060958
-9.846810794085414 34.132255751749881
5.193928751526098 22.746013880062719
24.804821992248687 -31.303313837510974
-42.950089871787227 10.252121253114218
-3.725945790708943 -62.788150760998768
-18.108049905704139 -14.650247159761831
-47.359824372845132 70.769997697340699
-11.206146677451569 6.224246511178522
-15.553466257606722 -3.254327028353495
25.638604711878802 -17.118574641745070
-29.551070442414286 -60.571449055543013
-8.636457486134328 13.206348058315159
-51.974602136263471 -33.935450854093936
-34.032651244944411 -6.274109411397183
46.375494588657887 3.899382253239133
43.855466504691606 31.632476840069536
-12.421441592892933 -19.409335671008613
17.590296852315394 -17.608577194096139
4.964169238930896 11.192734614987955
-25.791782870369254 -8.977701970240060
-1.004776228053079 7.342612969405574
32.712579749925901 9.352892527478495
14.964267172602796 -0.131483210234517
-3.596640158528123 8.941879534453939
44.262133063260912 36.304923127700405
0.424039098287326 -9.243719362778378
14.300492094467121 14.631675230519773
56.767983735235461 8.968310384769218
-20.994320400823810 38.338872550374660
-0.969781766651522 -4.907946262764932
3.659828446603377 -14.912844444059214
7.329566372840855 2.950760632926167
20.550031732169220 27.639211960058493
29.780519565076947 43.997962511433229
-4.541663036370007 -19.531912680798381
16.496292264200761 8.183923257787567
-6.428796861191190 -18.335774481605426
46.788834620617259 0.878621524010227
9.542700611161672 12.850415478697837
-23.528321312408497 -11.412669041668840
54.666303473260108 -22.739437626341118
-31.760181920996700 -16.411020319774973
-57.023174859552846 24.947746797134911
18.404691416843946 -8.443633608989991
9.696725155265305 5.962144085334026
-35.111218871361721 -24.217272649714324
-12.504677450828915 2.034993080432727
-9.352886556495497 -34.606689688587771
31.791065690795147 -39.796936560338786
-19.049988559762241 -25.579711575848300
10.736233247078111 -29.888395683352041
12.927453956771421 -21.626345539340402
-5.590237621587766 4.448107385550181
21.402478987459414 -44.867384346899527
-9.004089296951868 1.065739671029635
-31.050648276380358 -54.388033763475086
27.245067219348801 1.901553947804886
-26.414153637244439 -11.041970426135899
-35.174497966446111 0.400683495101296
4.905916534113023 -37.436866727831372
57.989917499987406 14.108152507050375
40.324160598568184 -30.314227755927053
32.489757606825798 -5.843746792139829
8.280675838031199 -18.487498171520844
32.045491921730289 13.017737137111849
23.602350621812974 -46.458669552804864
-12.186693755310685 -15.788195229739200
13.391001920291847 13.928100310637664
-48.085856340122902 -17.802513311291179
43.431834779605914 35.681044144934653
30.520994188325552 -7.319490077128388
21.863217797503530 16.951286928572603
-9.527168800293891 0.201665560216801
19.326040768095574 31.579678408051528
-0.888970336249978 -51.131900745617976
-39.985761940202799 -6.233250807069222
-4.944089292474429 -1.582193738083105
-22.146378678255196 11.626436601851571
37.639039963806120 12.489865609567675
-47.409642738691026 4.951717570818206
15.074847075053828 25.398101713561459
-22.671412510101000 -12.185226405709296
6.848863671997353 -34.291997763515788
31.268461598832694 -34.345006526034105
30.320619388452947 -8.175523611417455
-4.562195436011441 24.347656989010051
51.211099542952930 -1.377959173380089
11.865646437986110 24.253064434905298
9.968205444895666 -18.417519257704900
29.254206069184814 -2.341044141706714
55.709992142986991 -15.216810926310556
-34.399120569037514 -16.439671877234652
-25.024756605180006 43.329153544929426
-9.141615535951646 -15.802495884833254
-25.174080798668708 13.856182730718292
21.197610269415790 36.547187436510100
-37.861941899791297 35.547435898614758
-4.590064201552611 -39.653694843393104
5.387364695557929 1.908646527055212
26.530114829837526 -9.030539310305054
30.310446126635075 -13.131180680154891
19.046990690028288 4.424236999168579
-18.023477972752467 4.620371143504558
-25.231730356437158 13.389341178620429
49.497272307230716 21.188236976933720
61.784182204363972 -17.339600059775133
15.317346911474655 -25.583117371819913
34.121996939830566 34.146332344586433
-18.758995133868957 5.219436018203351
50.989821891007807 9.788621546663290
-51.494663091304886 -0.069546149116034
-0.517868909095770 3.607061888283853
-10.893861319531124 -30.562924717489054
-33.720028237099108 -30.038670831388867
-9.931908815595087 20.146199441473456
32.513815317730412 -30.784680271316777
23.260852967799433 -13.791498659964159
-0.563536274196263 9.841511942256833
19.453330237186854 -13.798215210190422
-8.714492815448972 -29.236714650688928
2.818265392836627 46.915190489816695
-36.790278744249278 11.560396999709319
-15.311430218982661 -23.561350408497290
-1.217060499510219 15.065686349324467
34.456273838340152 -11.866986092916658
13.085953796228921 30.193639668428077
-8.508496366438703 -20.240603962894994
7.986341992939129 8.966821556583511
14.427460868995935 76.427987214160666
13.204481609575033 38.950637696178603
25.409087165152584 29.797356758600298
-12.774761606905647 -16.093591597967020
-35.496020591811835 15.090013391640174
-48.183664808505512 -13.876402999144959
16.855859375777055 -26.910874856286494
9.300315232671835 6.125299297339485
14.085531757669225 0.223242823097421
12.533990340172544 87.585670884472435
-0.726552345168840 -4.319133403147127
21.405823848409330 31.008229269881056
-42.760477316418758 15.905401740737219
-20.515857719471985 -58.110381403298184
52.261330956360304 -14.535233097921957
8.372992703582447 -29.297925561436969
-1.612608985127092 -5.560772775194736
-2.167724941465167 11.502059118917252
33.536273664348499 -30.648749061002427
3.083948241809443 -32.495293761612281
22.461301563592922 13.531373138951714
30.990101415702629 -7.714053915751579
-6.226475691467172 -54.497098153867348
-22.019724296777547 -10.173895774015294
-21.452958418043977 -30.897592725179820
-20.122097540723175 21.185119336895458
2.167283978817739 31.633179506350086
18.554034798965194 18.123594801508254
37.055612254947548 6.290219328056877
8.866667498373006 15.065429899404796
-33.781815265686575 -23.546488299299650
53.872725338091968 18.672498311567587
-57.879980170233651 12.591861630480894
44.250717254747421 21.124604392607264
12.878260839236939 18.884690882646353
15.711065333170415 -11.049275083674718
12.914173975311511 40.418463534329604
-1.193195203527873 3.329394105383913
23.556936424834291 -12.215359575833658
-17.495407338816200 41.446878800690889
-34.861390134365926 -63.327424050176340
1.374373931992628 21.517058637746558
9.011074476394519 4.360132009088512
32.673853885034035 9.973731374235761
-24.199278022741570 -5.929452532517955
-22.255872839814085 -17.155548610767909
2.499991100957015 9.048534088490804
-5.209001483463341 6.991613548775198
-49.977955072786663 6.705248680755004
48.350956952573512 31.699527694273325
-60.744547009972976 -2.225724276842605
24.552110413235255 -59.597863091399859
-47.345407000078524 -10.114024658778810
-49.314271506399358 -17.944122699863669
22.465833996088811 -11.738955350876859
-1.917109216501591 25.841995394545894
-41.978674552001664 -6.170940449612227
-50.376540690548389 20.916055027378132
-5.804362164544624 55.100588723662838
-28.059911069746104 11.694039033746444
22.071793243064032 7.315178453092710
-56.211243670248216 56.188946967194433
-2.277111528246770 -24.613688307664422
6.645583128305807 14.388121482392361
-28.350598872771442 -31.747283443453579
-18.010705120469833 -5.329149612408759
-3.992063920410014 32.071855546879405
10.372203806359597 13.904424697785121
-11.652849816794221 14.716774973293163
58.715563249263752 13.472548132090859
18.546034327734414 43.130657552248813
-19.862572177703022 0.830518002194049
1.923080133404464 11.342386133635902
20.785302005799714 -15.323323636252056
-14.622905350130184 45.076409917911946
-21.136642199307843 29.462131270933909
-6.446448629626580 6.388287952543943
-11.569431709779671 -30.720422858217329
-27.081799515991332 -61.111910209759301
-36.024143289200325 19.582670008042740
28.301124365302918 23.234395619638139
-6.756095313293352 -19.147633172934608
-10.727745696535580 -12.010608394020709
4.571933257489953 -2.491091156378934
-9.114777947329008 -5.145751433295145
-35.307527798519587 13.442173675018068
17.125096091573504 46.234499319484954
1.957611264667598 -8.760062098398659
17.093623808613575 0.310516469849730
18.359123179522037 -27.747600870858065
12.961534267857431 76.185661554942087
17.368038429452984 63.477310720711593
11.613310466421652 -6.326165647473873
-6.224918403832084 13.893033331673578
-49.353170870215990 -39.854767687761615
-42.144181858108233 -16.568027133120680
-32.055420745347185 -7.288102117679720
-34.173200636027971 3.530040575880878
27.816863879248061 -12.326189750967217
35.742787661208439 21.597582440358330
0.007044526126841 23.898611129907220
-61.439736365160520 -20.750960509531776
-1.457358487712179 -28.619695783649750
-20.016837570512934 -11.143251622767670
-38.628227172197249 34.754778540958462
-33.491168414162878 -20.259783135859518
59.520080591732942 -18.126203562231836
19.799766920193282 18.911062676059490
56.373614872852180 -18.340797098929233
-2.454123799856785 -9.769618029970799
17.483239009025279 -46.759592073344656
19.736014886305760 -4.624930112827965
6.290810833399997 1.576377005634154
-39.385534975145973 32.331673774646340
19.478451921080289 23.879583282404340
-27.527919189217329 -20.513205557998219
-13.573790401492428 43.205679673177791
-1.022915281372419 14.152912163613111
18.066323167237442 20.547647908023499
-5.026505794544593 31.706315336451791
-20.905257575168708 15.217865756242857
21.320514275743800 15.917805007913232
-57.906760463397319 -12.348043163471997
8.558415374216258 -1.871027650274531
20.354644012507169 44.993501898360236
-17.551736266634052 -21.766151861101658
-18.418118035158347 6.147647740845340
-44.939628571314692 46.725029380478439
-1.280874278836204 -26.539183320183398
-29.287515861907359 2.376380917202066
-16.101490014794717 15.181177943417639
36.891204358671736 62.407953528681368
39.325980127558410 8.632571448749632
4.198759049371223 -26.197847314432824
14.628209819845569 -24.841673097617804
-11.172987357793341 19.382221487569694
17.890869231234770 12.091762706452704
-4.761695786920471 35.732022494056977
-27.431633739408088 8.463082328120430
-19.108050929817630 23.327863871728006
69.626790191038793 26.166142376136687
3.110390867622126 26.056827142547032
18.619564393137811 -8.733380308849604
-36.119981527217945 -1.815335917136762
-1.105013826376259 -11.023972160289411
-14.182000494028204 0.486722258488227
27.543321567854129 -57.429195488587773
-11.005167698335798 17.171717238552827
9.611774570946011 8.340710202006816
46.846845417204364 37.146119561220111
-29.322598446169778 -38.463020876544221
-3.803473691667993 -18.696207393615627
7.375832468285190 -23.693457809586892
7.898543213730911 39.489120244399999
15.715843415904942 -45.856044187712648
3.845010494962727 34.285178185697774
-20.340496106784041 9.363756966887754
8.983101286341268 -0.792262036463840
-13.918193643604379 8.028661176181888
6.539449383916425 3.107772184097684
4.390291938815229 35.187695124369938
-23.337746476874244 16.693717525764537
18.805943182877176 26.569088647565632
23.443467994908907 17.441824989039656
25.439895991621515 -37.153206349413971
20.598407188747398 39.236486955173071
21.846214974088475 -1.638767860011006
3.239214550109563 33.489212317625928
-3.819815097832505 12.757122206129166
10.139330107124614 20.091191115641372
-25.275584116524858 8.539827869083391
14.879551249943816 16.940118951704221
-13.518138189995449 -49.513936482116733
-6.099624875245420 -57.113870330493839
-33.345724944129195 -42.135096937117737
-17.339561267765362 13.664741503647807
-45.225670048267240 10.596272694798666
-8.694317518622652 30.199046885212045
-21.638426939532440 -37.679530494765018
-10.781428361522446 20.963920322664592
13.525736067266289 -33.770880012465938
-44.193848871035811 18.903626974732187
5.076193990539672 -12.945462845038117
19.940811902946489 6.985452881228935
35.135584847698631 14.241542169269815
-55.227261717174208 -19.221119083426377
20.314506615951892 -52.040888937650180
28.458229743655476 -7.927271455520291
32.238083543785748 -28.845101112202929
14.233505319698139 -8.941568202989803
43.201601550105877 -34.120832960460760
-5.710638883071487 -11.175919283348410
6.319630408737483 68.958185073045385
4.354622031642245 25.792180044884628
22.529099678547929 -4.139871013025853
-31.844451087918035 8.082038967399138
-8.994589471333448 31.944941274143407
-12.293393905806425 20.585968166014474
37.239185436179653 14.563070291632183
-15.114309415224607 -3.129329407409275
-16.056388660653873 10.782968325458642
-27.901533912674960 -37.122665298657743
-25.275420086611735 -10.813405003478133
99.880758849908148 14.076741639324018
-35.466554604257681 0.222932113743555
21.370271613901242 -8.289172039379725
-10.467851123351423 11.673274576858791
-2.819583563296585 -2.257352128513401
-22.280643616305603 -74.127876698415520
-16.278951326225048 16.928078911517119
-13.948990940034095 4.965581211760476
39.837887110968119 34.302510106137412
-34.234940227715711 20.778191384627107
-22.688974717013814 13.442610958587126
2.530848337062011 -45.766601920537809
-48.371184940537574 26.466981950187900
-31.101958168499024 -43.912288223279255
-3.623096605722858 16.724963379088695
1.481306247742153 -29.124420544455706
-66.482669490242827 41.925141434307207
-27.755597357428673 -30.855731791476533
4.369380614980861 -10.801231293418622
28.355228034281993 -63.815674611988321
-48.547406782136278 28.252630623527118
4.847210579414509 -9.505321240379390
-7.856975280932108 23.031481006767102
13.112527786555509 49.192648073288815
51.209850619034356 7.730369160449659
-18.154853363270689 23.508248810589251
14.536836201693866 -64.066700446276300
-29.333869800133339 -34.189477465021135
28.350683724027210 35.613436074018523
20.775153881039220 3.893346790282775
-5.473449653946355 -11.038122358140903
-5.270851296402294 -9.605158594625951
-18.062356098883068 15.784858345152205
-2.539027812049204 14.975070087284761
-17.778279303494021 37.560181619547791
21.590621120370951 -19.483855927659619
2.415264448673718 -11.095398696466621
16.306145157894491 -26.086417204383512
-4.510039407285739 13.285187427974970
-6.490781275215429 -24.839378801920454
-15.700179668929453 -37.079330783859653
55.328114557259148 8.910991977022851
16.572838822631269 -24.599500568053337
-16.488145821572381 19.795095666941162
10.294172113934547 -27.836733778323566
-48.285336904456528 5.256809189329005
10.678304294252245 -32.036245946751094
-14.226633687350306 4.092636305802723
11.124274206987140 -2.987534496815935
-42.603791282978605 -7.965537059530043
10.875061563875622 0.625625415877360
6.981111689384539 8.436664754872417
-15.203958428090878 3.585109418824236
9.079461064679117 21.361302279040579
0.509511924770336 -32.982160692073677
-1.144366063549809 -26.617565049949107
24.363646702089753 -1.235257493722411
44.295879409791254 30.604309681913140
45.833367280649824 -11.345721627239818
-8.183863258498757 -28.457451784812442
0.087853243647230 53.538532002794376
-10.741100546382429 -5.192788214190002
-38.730516178068989 -31.327635196362031
-0.377473011734889 12.650713676858222
-15.992554239659507 9.403827011960761
13.456658335698204 29.420786908499490
-25.415717766166264 -2.754789391294988
18.200513928119612 24.899825483085696
7.955819540670742 -21.037417610341084
1.705343609736279 -14.116000710006206
36.736845932367579 39.795900443411703
-4.170624970118786 14.581893404828234
-12.347267978234868 7.172165284504162
11.423718637946875 -1.754133947354529
-28.986326536535458 32.942731900062419
-24.554284448133835 41.775109936486821
51.371453070694230 -42.301437492496127
-11.294942784433532 -22.805166262169980
-44.027503996394550 -29.412635069701665
-52.764406565824238 -10.622970550898353
-19.843309450627821 57.028750726020057
5.733045448187122 9.759000421458044
-10.731827310996197 9.449376763629015
-54.304525916350073 10.994712616374043
10.926210437048315 -11.689415529830649
21.189360465753548 -26.596897714862877
10.844841354336761 -17.818588278935845
-17.156721622869323 27.559039496903779
-10.113971571945200 -2.639443258070894
-13.125666770983612 31.968097569969277
-14.577747189413314 33.591806928370858
