0.000000000000000 0.000000000000000
0.000000000000000 0.000000000000000
-49.141985022130520 0.000000000000000
29.645339767359616 0.000000000000000
-14.053105576323393 0.000000000000000
79.234830954578356 0.000000000000000
-27.658440429005211 0.000000000000000
67.113695636946787 0.000000000000000
40.831086794375921 0.000000000000000
-13.032538315164521 0.000000000000000
-36.352218910308601 0.000000000000000
-61.711437426632116 0.000000000000000
-4.585830187312480 0.000000000000000
25.208637982819859 0.000000000000000
-37.790333591537518 0.000000000000000
14.735964576394020 0.000000000000000
-27.291714328042982 0.000000000000000
-3.792163841264553 0.000000000000000
-48.403759111338736 0.000000000000000
3.849294531187406 0.000000000000000
-24.520652184678383 0.000000000000000
-22.383739955578722 0.000000000000000
31.801713628628416 0.000000000000000
34.672944146656597 0.000000000000000
-14.349649390171544 0.000000000000000
-0.953136058494333 0.000000000000000
-9.077828965014175 0.000000000000000
2.143425228082415 0.000000000000000
-45.917142578439424 0.000000000000000
-5.612973838096997 0.000000000000000
-12.248008604069117 0.000000000000000
-4.568862614462147 0.000000000000000
-16.471398385954270 0.000000000000000
56.858517149088058 0.000000000000000
-2.834379578763580 0.000000000000000
72.028021276581612 0.000000000000000
-91.914110008319440 0.000000000000000
52.826615820309101 0.000000000000000
62.117829183605082 0.000000000000000
10.899098464755838 0.000000000000000
-10.697521772833881 0.000000000000000
-13.655552154943830 0.000000000000000
17.668065141114607 0.000000000000000
37.829043743979170 0.000000000000000
49.007410409815364 0.000000000000000
-39.812616507559397 0.000000000000000
-15.978590753195164 0.000000000000000
-31.703459817571442 0.000000000000000
53.102456757798123 0.000000000000000
-79.438194256851759 0.000000000000000
60.743044317443832 0.000000000000000
0.000000000000000 0.000000000000000
-49.690840863540366 23.896678003851367
36.155167829474138 -9.093298512308884
0.547393993465873 14.537102134306913
4.397161319551597 -2.907029025367097
-4.155980631156682 -17.682384516615453
0.718631928333948 2.879004990828588
46.391245557209139 20.412201869251533
48.871180936248692 -1.222261545658823
17.916277280639438 -3.159650695744277
-10.175423413616427 -1.975612761541722
15.602697622739683 4.508916656059672
-1.869070451732695 -3.929680027533690
-2.479318669220665 -6.097695342465150
-37.924603063512052 -4.063666126904413
9.878784352607786 17.281099170128829
-19.755934683058776 -16.420058123213213
11.434248478089485 23.180315528831596
-1.981171225161125 -9.486002779270313
28.445067522690501 19.831546667499492
29.354162794073396 -5.404158154041669
9.618631943357354 4.609978138953134
2.069367113811111 36.475265985235225
-38.638084774639125 27.309961689145137
-23.543086659984493 0.573098631505868
-25.113766852963298 -26.187605240368708
3.359512975850013 -2.412806518412920
32.189770550813073 7.469064506958614
12.079110147741583 -13.115054132043287
17.313347754961004 4.441082931681373
-46.014471220082910 33.485150322496068
-38.950485040185754 -33.580254841707735
51.805046162866198 28.354786459745192
-31.361504699761309 -27.827789392221725
-24.114082685664709 -21.030917931730112
-4.149106696985929 12.252806518066361
54.989002505392328 31.682461701233763
-12.219285171609807 24.562768000737947
-8.088996319070011 -10.310043518935471
-26.320748896159248 20.257105646522735
30.855322692874996 -9.141382551591446
-1.030962131409497 -26.048549785357604
6.422327855738693 47.561463190835561
-8.951334066127490 30.390073595956689
26.821531918066828 38.551228848949748
-43.046959730427311 -23.120446819324297
-2.408564059099080 -11.199461724615258
-22.352485230909153 14.825469445589347
15.509043115153750 -93.149378616252747
3.819217925997912 -46.352580541342043
-31.273907045701748 -5.501620144810399
-2.170003233703516 16.028222935482372
24.913268727212905 -32.865278541672502
4.509494375657131 -12.091656084266242
-0.599869728121788 -32.300704744019100
-24.324507449522727 -0.891372539695014
11.062263102510155 -27.936090673160447
-6.228888984267759 -30.302773414699008
-11.149261914943430 -38.261749818729236
10.053230450209051 11.751799759716056
0.885538305119948 33.327387197494403
4.256039934247159 -13.252577209868420
51.310236905136911 -37.424412048424813
3.020927932986972 22.994963490749456
-36.616091062003335 1.566417242463408
2.044692220902030 -23.545497779239746
-1.535817033693120 20.834388019735659
-3.262790092070082 25.381518912777082
11.534777166981117 0.728446770032917
-22.713293784559760 13.136355764169638
-3.980774154859710 -23.393146227338658
-21.792024250813139 2.900941290837781
31.305164055014810 -3.573027297528495
4.809540874924985 20.114934826727133
-20.674402413994734 -19.154991958355883
7.873437317595362 -19.176708617174771
-7.660883935397167 -18.286524107262789
-23.741975683594440 -13.339205757981775
-30.013513933811133 -52.234185677634883
36.910739636030293 12.900605485058572
42.328929817843012 3.809152225434405
36.167477374684800 12.090493134196558
38.624599245892156 -3.108509531759697
-12.065195723486754 -2.238784983267614
53.396074706988664 1.823855403182318
-25.727802697548636 -11.706362557627550
-0.999061655903829 0.475620246713183
5.157580544077459 37.095001704697417
-5.312087252175342 -9.549378623490325
8.824581219149358 23.364203942406835
13.994677388250855 -1.528989988897536
-39.107590731147951 -41.957241911633318
27.306613891460476 -8.243382749279178
26.700029583748574 -7.262286177963447
10.114607500366670 0.670373757262678
16.992097292756139 48.496331536287833
10.077187832029665 10.515601510881112
20.759636020599341 -28.119394941564760
6.216334065282217 2.637710647561542
12.862056960382306 -25.550836580067266
32.806389455819819 11.126905637530385
-23.242871698087772 -11.299442076561087
12.339957644169878 4.843164184713139
20.670122839681333 -42.357702856793992
-9.036601776719708 -26.961566321705934
10.917773072714652 -26.125601351272948
6.137926040053889 -28.872130123493427
-0.359393447488951 -15.694664879463213
21.669226584336183 -3.873366344731343
-1.786312557224067 2.149439160443607
-11.131991616532689 -9.385384266232712
22.073146055440660 11.273505188959096
1.703317926170328 -22.450312693496429
22.954769915005254 -8.152692917916040
6.304449473408581 -16.343643971329474
10.162280901589355 -11.483549031383706
17.349025012211420 26.173677567270101
9.653688590773953 8.695242180531174
19.851492284108090 5.361180725913590
5.568491017619627 14.597847783258770
-11.791556738354847 -13.712365313208370
-26.837399684812681 25.112648630923324
-24.765373336480938 -4.099523449182187
-26.346762697299468 11.504794220226636
9.844631333660670 9.679160223334321
-14.173176866136131 -10.191772751349509
18.329508583712226 -4.588275595279189
4.203363102021583 2.628122245592651
-15.275036945518671 -25.268981571222486
7.160028606017059 -7.280815421389940
-24.601643697078696 -25.624896295068996
12.030213838920176 -31.744759352655887
28.889642179739422 4.601268616656355
16.640519619056793 23.980275434828343
0.774396370334549 -0.209369731087712
-36.312552400753091 64.743504269459166
-45.044002929633905 -56.317978592740175
22.925367152779934 31.986162925380690
6.649390104843500 -32.559830611533620
33.943197590669435 21.410073858423090
1.667049137888205 -3.306566384923841
9.312641257812855 -8.717377506828955
-3.621778872665899 -16.518083239062424
-43.732631186595768 32.258791854671749
-15.691161224969644 -18.420383160283873
22.317494871589798 13.790003545694896
-63.525958097427669 13.968098884136751
-4.714930895347350 2.877113225007576
-0.451646958026165 27.116809105067926
-3.981657562053389 20.193127437729792
8.460608695903035 58.975534726196301
6.606183621197479 4.563115087532432
26.950800442334977 -3.571288576863461
-6.345553703315026 -16.603900055087429
6.673375724452332 -6.171564895982639
44.054939668850096 6.780475581720542
31.325142530758619 -15.732776791771549
-12.588048072005561 12.195050237560370
11.081122003690131 2.392149181309583
21.962834498266005 12.260819264128591
-3.604965242339656 3.509229474148068
1.794290030288319 15.058209735885889
-5.346014801526858 28.124989576643035
-12.425567693176095 -6.949603881537437
-40.964581301368533 40.122562193307026
-1.380716508913423 -22.978895475144682
31.887413634575534 20.470576686825691
-5.577205636681581 14.551351357146441
-17.910831533158955 7.561160391507235
21.757259912880755 3.929812600139454
-36.742654890980440 0.739665876108799
-21.458341178114615 9.503381235066433
20.529486580375302 45.264418144744347
-1.996609261725601 19.155644675320939
-42.692805365734131 13.018154165091833
-8.869211141692128 -32.162480132343958
-9.682588298305285 4.823385867770540
-20.583717334961570 -0.058876452086059
6.564739659941164 -1.648068513665884
2.128983917928962 14.389103408704132
-11.753807297775900 -37.699426507137893
25.125802754906239 -3.202218256882889
11.180094171119206 -51.021004829710350
-28.680763270702617 10.472591906253955
-35.743671528145605 30.623615808625843
4.338697596796979 -75.598762207689774
-32.764003308651418 21.248517942226261
-1.533262482001872 42.440228085659946
34.392895198129629 12.124407869153629
13.150665316795550 -45.762029235171624
-37.322655416739039 -13.718732048895014
6.726985035466601 -0.931702029887237
-44.605205344193401 -12.942353732405341
-52.185086930844356 44.866783970687962
-4.393967145399694 7.688461638330826
7.883330675778291 4.640132262041876
10.677469550241110 4.712731346341868
62.836393482613040 -21.638711055723924
-1.758129517284735 60.827142489067285
18.013935718581237 1.858164676828728
23.765958313019080 -42.077946364427895
-13.480868182070662 14.896781842097450
10.539662442141832 -2.487088658468413
-22.485973687572027 -36.618470433511590
22.235009150929624 17.158535969051311
-12.050469532716827 25.892541592049341
40.626848266258577 -31.429638678973522
-17.626131068282131 13.976617591848399
-13.750752623737698 -14.981105727973896
8.572690628217289 -28.922585944004684
0.127887766496183 -24.649213060088332
-32.123782260672122 -11.096209285566998
-23.065075090581168 30.073836192028100
0.834979643527808 14.847758157424513
-10.171027496665666 1.850331160785188
17.056980958599947 -6.763511583796171
-2.758334098427707 -59.315182715279605
32.284513306593233 -7.062634194888884
-21.692866143633445 -21.671657892563065
-4.875596817662996 -31.537985560676994
-17.525068587279996 2.585253469894242
19.341908790788125 7.245911005862340
-33.789450678239355 -30.832509375127728
26.924249427195438 13.797878773492158
-38.866234236721688 15.014460969158829
-18.179097468325566 3.222480857355983
1.552236349390877 -11.450094261754982
11.442759961658430 28.635101705610769
-4.167757664607931 14.084448892826694
-4.624138623905334 -14.751804001566436
-24.270678577384693 39.270256823591417
-1.482718139628049 30.769322531681414
45.372377853751722 7.825134122554469
-15.049653055957240 -34.396682565960781
-29.654799770561471 -33.163201258781783
-5.888312303431720 12.738628766295548
1.008359254096971 -20.337783845036345
-22.295865551454188 24.237563130547528
22.341332226836471 17.480462606284437
24.667947984994907 -24.419262448679866
-38.523065461270320 -42.464529948471629
-1.904361634434327 -23.076646149396030
6.472315315987232 25.550558845410659
-27.533533730463404 -17.917379974352855
-3.114739778653827 -30.662192584219877
-30.461599065014248 1.051365738786032
-15.938743754569613 -12.787559678453411
-1.365131255286417 22.002749448961460
14.293178764142571 29.235633131385960
-15.645386998037830 9.136633695755089
0.080740629910829 -18.927426835039121
-6.290542724528758 10.217425166340158
-23.726340907614006 11.453315329712742
-4.593201680790805 -7.352618215474039
3.205854660231986 11.924140018865746
-4.512370135968770 41.641989507443519
8.204410987679131 2.220690229247965
-22.537012957232800 -16.219822648214134
-8.527902009550278 9.897569248713983
-9.632623542055381 19.611879409695771
11.534568479007461 -14.310420750129756
16.760524668838286 28.654656507168212
13.879292979725610 -2.032091100412499
9.377405058154167 16.505516720317271
-14.668629689620811 -1.788812873741508
-16.586752712145021 -14.039379963155330
-20.310473947154343 66.901891855434243
-16.165604756173245 12.219575980986212
23.892721573137131 -73.162804697618000
33.758023426379637 2.824875646111525
32.711071580605335 21.583168594581579
19.232431644230669 30.424911164950736
24.641707488080360 28.295114726132148
-20.698381987163128 -11.598339065547339
21.671725054395473 -3.449774723489247
-7.724126287626062 -8.531772480750787
18.251712242630152 26.016918216875503
10.312918909908149 42.638753386613423
-3.363086417841472 -15.971078936998843
-7.734542290438987 -16.497030863104740
-20.700453906172111 4.348312577455187
-18.128218205833051 -4.185571935165597
-5.086061194212104 -7.006269611405517
48.476718955078326 7.606138980166286
14.741482659941358 5.651831404123265
-7.225086870599638 40.305574289306612
-7.589695628115328 0.737858828579339
-7.734945551501329 -9.844534845248120
-11.473584018228717 -10.712969583644419
3.997401947430570 -0.572632316206491
-8.736755452681242 -9.518819364898544
-33.710010148039167 22.420991901553052
-43.255012435324971 -19.270901408779693
16.324517745892461 2.261257486533379
-18.605845029597269 -9.470749716581034
15.655803590300328 -1.065078591847528
5.717916241056233 8.060397272751713
11.854006490284595 -11.886011125772507
-13.546300439279902 21.988241169812142
38.053882934962857 -18.293390411225595
10.678629204704666 15.070389542968345
8.080137749100599 -8.878056692454962
54.485361650942934 39.559657730858611
11.386258898177557 10.094387228758110
-6.261246385114072 -7.216899962495800
10.591944463317928 -39.454102629644972
29.767440588020396 -0.887670189957000
-6.999579621539483 43.976785540815726
35.662418808601785 20.452842948256158
-38.906496775297846 12.398532146963195
25.119821589804200 8.633065722398079
7.008658500987393 -18.466514100737015
4.647405766806440 -10.206481331143504
-30.321632421475215 0.945182673001167
-8.984495286208228 -26.211187792354245
6.520903471714028 5.202076353755738
6.663895177188922 7.159144176620469
23.539331369129460 13.127143115521143
21.292971956544925 -40.555974820001168
2.870959755043931 -11.898130239149292
-17.836800788887640 15.291784658997130
38.068316637136824 -16.800063806085380
20.148127906897173 10.527072419281314
34.817980595407150 -35.381151422864448
7.541984073382653 6.772415007418568
26.673010004351955 4.768227626151996
50.001221376592852 5.280952422519953
-45.119271755513545 13.424482675119494
-7.035084148836176 -33.809851603010195
-12.331104133096471 14.275665208648672
-20.973454380218893 21.737149653391757
15.104049411304805 39.860560638127062
-6.806080518558296 3.071131881442444
21.001190911273678 -8.152047750896314
3.242629244297668 28.135194273609265
15.544374557570022 7.583180626074189
-15.853552009838419 -13.495057904166003
-11.991798168311737 -8.813260261136088
-12.857007093106846 -11.146599188724771
-18.274154922012652 20.645504137905636
-35.536249336231911 3.877969700129366
-18.709947728432677 -16.096021721860392
4.602905103130419 -17.096093251501657
-6.108374719289449 -54.646985407968842
-6.007771841955766 -30.016076264050131
-35.844322686239636 7.823604912458344
2.635450363614543 6.631629973577675
21.559586888454884 -2.266056428197625
24.687371320453174 -12.393930126343550
40.810649654875391 -24.166767799567314
-9.278160866445162 -8.926206482219802
22.090940041995186 42.325107644890828
23.789373722142102 32.000691254060655
-19.559542245411741 -11.893881614818111
40.253471325066258 0.123377655830599
16.851794818117348 43.185851864906866
-12.858752311159336 6.145889628985828
-8.893391583220767 3.860494285748708
5.217180098792694 10.984364015530470
22.449261949190554 31.806103337672980
18.480738961531738 37.087188224397728
14.523805452879776 4.375344693353717
14.982895444389106 -19.646653349967625
-10.907090276543217 -6.960302067341282
-6.961330134873249 5.942815353149131
42.454927727222717 -20.464299374189046
11.357745457169358 -55.261355809364723
61.713095741461807 -2.569779419864523
-15.297204582561584 -17.066031656223309
13.092802567143806 -0.158422960002468
25.285319722983928 -21.305024708232231
23.899837565891183 4.476328730268657
0.921081140985330 16.322075528450629
6.303026053726916 14.446910081242597
-41.079018029149410 -24.226941332736047
9.246911174422635 27.518238229194800
20.770804786388947 -28.747582930524018
-1.173703375840375 18.347367596456461
1.403789414645536 -33.337453408344842
-29.665275793389583 -16.143851297857488
20.082387289041211 -17.843453335068414
34.414681116637837 8.788905304351228
8.966177723587956 -21.073668776060341
-30.239857976171781 -1.978797854704307
-3.060569595842578 19.153922499896289
-23.541420307851357 26.903600735850393
30.543504239083976 -10.246117304332111
-25.845032426504808 38.171233685158313
27.485534625050175 -0.687077768825992
11.999961347190048 9.797289381250502
-0.880411409948684 -6.008593624356324
8.554311093326184 15.768512982706151
-34.426323047706958 24.994146119317108
19.212383364792892 19.169813105047268
-15.253548576037080 -24.388970049926161
-19.650166536870863 22.560840315095728
-31.869378824462800 4.561045673793276
-31.160024271444520 8.162027785543163
-24.073534806475578 -0.510667185702880
-12.395571656172997 12.234743681986489
-35.445837709416281 -29.138669035261021
-20.682172151814203 -3.417624472988374
20.474000463869938 31.320149920823784
-14.773900656798975 26.319788603382115
-4.370386008978180 -12.236088769203828
32.070518103769217 -23.510430257866130
-1.444046263865833 16.350249424689768
-6.330712737417907 -36.696418351244681
21.250796738010457 -13.845220211533821
-6.756357127358301 -9.309984544914778
31.870380015555686 -41.130785775063096
-7.522239563774520 26.381594750034083
4.648673878038962 -1.820265159209769
-43.777830093685921 76.236844132021531
14.780806727782306 0.607074756821147
22.126654166578746 17.059475935497485
-14.266676512543224 21.385687453970313
-19.649937499103647 -34.084176863717090
8.439453147028500 2.470854088821997
5.348137570335426 45.257370080922449
10.078864756573227 -2.051906106748366
-16.413243328295742 15.077591468975571
-0.687299944261483 11.980298742256693
-40.190457387667870 -22.607837347081762
23.695074533897319 -12.769415973667062
8.798946780077895 -31.855731086975858
-6.516752917799829 -26.335373526125611
-22.914507032345750 2.985259141387216
16.731710555371489 19.482509510660858
28.048940997228978 18.449066619452509
-11.266427236086585 -29.685243425231995
-5.586578063820527 -10.432967827630213
-13.572884495868847 -24.937962144655760
9.215863667447946 39.399711385935255
-13.836637454541240 33.864459113819045
9.964483805968790 1.443780151455010
-33.357054057895290 28.080064602483908
5.921317290084498 -6.584112277836919
6.043652863613405 -10.419761491325705
-1.495356461024105 7.552091885140123
-8.644054754614730 -7.305571182300328
-14.151737516282617 -25.321374719424796
11.242076532195371 32.034556225010981
39.366209911596528 8.299159541020302
-30.528599805308630 23.372186140873669
6.134579011620300 -26.647402394018972
28.052966748303803 40.413868412750496
-47.391922962274215 58.985153973480131
30.867317695038434 -3.396958863562776
30.106588476977763 -3.780099973742391
25.129707004640174 12.760408793269519
-34.249891178619229 3.463966349664296
0.902255540561701 60.085469222279499
-16.262417061556491 -55.505196029289905
8.431833478992575 8.455084892477332
-12.778376757319700 -5.069220466468676
8.166899216324801 23.167817127755587
-16.861112287356526 -17.414891161374747
1.331075502265877 37.932792791541786
-7.055879381068763 -40.985073459086607
36.272812692452824 -6.568286732672648
22.148372634014134 32.695300867327035
8.921076161753749 -2.106076721256801
37.056339395257055 -13.471484059175589
-10.892818077654564 27.319549043361171
1.750777630148019 59.199270775201605
13.151222092897118 29.280193039243926
-33.464484123193145 4.595995452298171
-28.595930849184356 -19.658544958113215
39.392093431487638 10.785826248665826
-8.004049841290856 1.550089235844027
-2.755309949817693 -1.845455118437748
6.796386010783528 -42.973676432598339
3.118276336752403 -35.510083835473651
-61.616673987223521 -3.399036402725823
-20.435355356179038 -29.028242374512555
-20.365315204698469 2.469765756105717
27.734401164070164 0.809759129689798
16.916350304318552 60.438805758788718
15.406797680704493 30.323099027821240
47.962125912681358 31.479305877647970
-17.093453003722715 -4.391401740494270
-17.544761354382398 -7.218614870819226
1.287188818419417 -8.061790216700199
8.995583786192293 13.265031362724949
24.837803091097054 -10.090971098327259
2.110761482085411 -14.900350052999535
-26.409298082300001 -7.021282468459300
-2.791019010785388 -15.706571734171247
-16.570468065362750 24.991132535613399
-9.048588190044049 -4.115186044300249
7.507633127718720 3.872554475588476
-13.290590415908804 -18.801072473772638
-27.766546652357288 -19.564983924026606
-25.676930207861847 -3.659930692304151
-9.409667943612321 -26.913119407373479
-50.637127905337131 11.735855885834141
-5.798701789476443 -21.234673673821657
3.350501592415156 -10.866340173074684
-14.150200827229366 13.494376611072340
-28.966990649753342 13.402495199004081
-12.141660098968860 -7.926972980634442
-24.122142117433576 12.129340409186717
-5.789292516117484 -0.946015644350006
10.350944160656404 -10.226150953440378
9.538701739723072 6.640440527043328
-7.447857003698268 51.259304794661077
-22.735334904825965 1.107643045166744
10.198403088946369 12.714743961523860
-33.767006927620464 -13.888192156308314
54.084193858793434 -7.159643937558883
-19.923355861068956 -15.897272693886773
11.831067627117333 -3.938377972311074
13.847140666082216 32.808885746937776
-25.611842930274886 5.131813813970341
-8.618065341690471 -17.887465041996457
21.458213184378309 -4.810814057760721
-34.954259352150906 -34.006689698838876
15.061933977194233 17.051986343277061
25.733044046723247 10.577423108090148
19.756926570571100 -14.700105030481543
-35.369006577246957 38.076314454530561
-17.857674261711047 33.123670230973083
-17.364680419812846 44.992487772007436
57.663159531047079 6.843919633635691
-20.235853627174979 47.358454299028814
63.462549602750833 -1.890262715664467
-35.282173308281280 -13.237431610649203
24.742795570922826 1.531282205143065
64.648044449860421 -21.361629734249206
-45.680094384501039 -8.157050340661021
-78.746806425647179 -2.089479637050022
-19.494006490725170 56.984325542329039
52.703865937800799 -22.917170383899911
5.109209969332384 -26.539420644441044
-21.843765889147424 34.884433156983050
38.795445738115980 -3.122024355466998
-17.143585937184639 -6.742928678548124
-15.780087392144322 -3.821979879214819
-6.852704765175413 0.727754885723880
6.266359775497240 25.944013634728901
-1.609455173188864 1.214805475042298
-22.487366175328415 26.023403107749115
4.938100613881548 28.975071708306118
-20.113154990463180 36.299251604892120
-9.593212240841156 8.903640989179097
36.389004479705100 -10.779605528351311
14.561338954617124 6.509815691795072
-8.200060767520711 6.204733583518664
-12.733568191131649 14.772761579496738
35.668356455961394 9.653560034746345
35.762831697276937 -7.655931798730000
1.941253216818704 4.484275301442818
58.488532284906739 -31.599455307982272
-2.951239631266717 -39.590928234885119
3.531163891824270 9.288777285689436
-1.431116622914471 -5.724270871257253
22.102384716545576 51.100877112099901
28.220190366444236 16.326959115168794
-34.279342142859186 11.375505834940117
4.016580235229173 -17.834139394294759
3.951850590595426 8.871141701798242
4.382233555500965 18.144463362234266
-46.954249947526357 -20.429443086174906
24.806168534036615 43.286407688357009
-48.863347120616808 -30.722631944876639
18.165438461588820 28.296323577781042
-12.283165893589102 -20.444623947311960
-41.404026834358689 12.952158185416117
0.240339519931594 -54.814482333232597
48.939938423513610 -1.279802910921074
26.468119538298918 16.799108010280541
-19.907348670992121 -21.016648761625351
-10.686898730720245 11.976008811829692
-13.820856649794127 -3.208443871592402
24.106523844311997 -13.795096145453810
27.574728885335471 -27.580892777066957
54.245019521011642 6.067422073798838
14.080692698159194 0.876051951365574
7.020142780244600 16.980229829156620
39.543427230324738 -21.694657224738084
11.189416105768114 0.857146450883200
27.564411254583650 -19.616906013375527
-12.189551466901230 25.436752835930594
30.927267107576732 10.825490554829580
15.289773427062539 2.004350526634994
18.605142164575373 11.413330459809826
-13.751299210653835 18.196739841533443
3.854956707638792 -19.002644540536576
22.488136901819242 8.455922116217870
48.380258306712797 89.656591951285776
1.652671244462126 38.723467379404894
-1.708290277172333 -1.458673373808943
-16.021399022782621 19.263337669942644
12.588005867596856 -3.462205301466424
27.348558647676768 3.282630586145263
36.336249094885147 -7.066549962447883
-20.421472482299436 -24.889719777601588
-4.300212914330191 0.151532617069476
1.387949760577269 44.073683763483231
15.469629102276260 3.326823292112068
33.829156224203594 -2.215925404607053
1.511207865372003 -12.275298131731491
1.563281272445317 15.878258082735496
29.367108849112160 -12.169134571992938
-5.005014108604810 13.599550428964340
-9.706836167136311 -83.370383117874326
-7.132423628946131 13.194555107919665
-3.613387990627908 15.943822937216087
25.234418728124393 -10.973204558316263
-22.760367653789707 5.677085389444533
-43.523083588863258 -10.922439812889300
21.011330664920955 2.100337339212423
-2.551233350170778 20.940251711207662
-13.993914459681902 -17.328679889706269
-36.476340349447696 -9.951953556378621
-32.865254400141588 -40.054781562937301
-17.047143942787063 -19.884006776542751
-8.585851539062636 47.344762441517439
57.684332839611045 -20.700945263181250
-17.470652796620289 2.945694142698837
-21.974506730409711 -7.723936649549695
-1.885103172211096 26.008267833243657
2.293581023675393 -8.131357652509084
-46.624218981086848 -24.775633998229200
-15.643735974704132 -20.698961875616913
4.509961189176209 -22.036287546587317
33.032449188611942 24.166479396958508
23.523015600482967 -21.392189978717376
8.442468718953418 -37.223087718178888
-7.051099843623210 -2.485589915425560
-16.105351304867483 -0.221127170777424
9.623202518179594 -3.892353187867136
10.014369649361999 5.201758832089146
4.984949367940509 -11.502415514660171
3.074212830247557 21.244911077182085
6.582274890633269 58.548422822837942
27.638773130776542 22.972552390539771
-12.350945012345351 -1.470664160088974
38.663475910097880 39.135834712338280
-16.031411291048371 -3.769241304663745
25.554409803869110 19.813105185119586
0.284470233166415 4.703554448579863
19.841824450742241 -19.915080662621087
-11.395097759508324 -25.838176389510679
23.746504623120408 -3.751686588049913
-42.764790527072272 -12.024522283460733
-22.765827585671122 -2.675000343362993
-20.700452149692570 -32.414313466151071
-12.065918621928970 -0.514083487847279
-14.239674597643875 -3.170920245881005
0.448212892455724 20.520870704459448
13.663976185172313 18.751975825981468
3.000868037536226 -29.795477211043281
49.735322677276997 3.217447194078864
-19.266408831919776 0.715606030726277
29.103004371545140 21.114713874898872
0.220964853334971 12.666147877376133
-10.689037520735184 3.910536337641038
9.570458563752512 -35.162887628244320
-34.531750580887767 -30.508421795109488
2.453425607710829 -52.102100658883600
-52.220490981631606 -15.288130728288767
44.376816275336630 38.076118917127154
6.025051880077832 -49.788850184262763
-2.606375160346041 38.507304038595514
47.750575935151716 -7.168001877621428
31.306835841680382 -7.138337330004486
65.067900576325925 -26.438130067020239
18.657599843855216 -21.197717812857292
-57.357086589177378 -19.044534209786676
6.445435797132907 -6.240604019357576
14.741436459223143 11.003562216759065
-45.164669838642403 17.302469987218654
-56.235982861787882 -16.699028581038888
16.433219358196180 13.686387435708053
-0.826374038177600 13.762125654760995
25.680133615969403 18.280714727427480
-2.853064565791784 25.961430193178305
46.525919603734835 7.032458421102563
16.289983853279672 -4.482060799115637
10.811514743266899 19.227804194456866
28.958701851981552 4.705441974225037
-18.458557081225283 12.822925987214218
2.618660698445520 27.703006730455140
-3.548174902807385 5.731274821800771
1.258608745134831 -14.742159658241970
18.923192403673745 -6.286821421067564
-36.803025770187077 11.488660136819249
13.059437168114570 -4.294744584901454
3.492733269204106 14.770168511340380
3.492670716057473 8.315818706803521
4.349268639468476 36.088603843587897
-18.184237766081200 -15.632987438485662
3.911647561818446 14.093436848280126
15.083444158236169 -16.986295468362790
35.834869242069978 29.947683392438048
-39.320371255188270 -1.436231640664275
-1.033913908042083 -42.902561927191904
25.837881593781535 21.330897562087522
4.571553542172192 -23.641079467254549
-31.879678435747692 -46.117561028433563
-4.315393017060858 15.074758690847753
-2.192831400210114 11.249181322198636
46.290915841358533 6.352602961442523
-12.193833565822457 4.289995379064991
-35.716348162312492 -4.616836344057808
39.886766004716598 -5.716735502694570
9.939164895726684 21.964661885839192
56.931492265478276 55.993488945926956
-21.816637783776386 11.733778634130255
-48.363604073666160 46.867654188027345
-36.587430115810307 -6.993692988471144
-0.745647505086896 26.123493226582138
16.197845772666746 13.538579023613705
16.578606807772072 -20.916727726006208
13.008354917038160 -0.698614099347611
-23.284325649231299 -0.148699090664909
12.510639158208281 16.134994359701874
24.284286029109101 5.602422510281515
-5.801948829656177 -10.636137461035569
29.539626349907209 6.862291897678065
20.909649425089238 -3.291490950778339
18.258276079706800 -2.576546048101799
-18.388857554687927 -12.835896761084170
-25.917475564213333 23.645238078195074
-42.639377894572050 17.592124281353357
36.546627546566000 -13.530594326809934
-16.550281912433888 30.037766799576456
33.407307016743658 -9.599911377092353
-28.986084643933346 -0.821579599977678
11.679631224307045 -1.369334723817975
19.187778552661733 9.813217562699478
15.046629925629052 -23.089855743108380
24.869642888311343 -55.827035748060545
6.473593611152238 17.032294200500228
-3.622186956805583 13.277455684550793
11.372315898850543 5.795613616364733
-15.757580980677924 -1.070717752616439
17.053072669514751 -17.863564449307397
-9.867197235722204 -0.271414562097255
15.984015543994683 26.003754068142246
-31.461812478819049 -22.631688374694662
-18.655943574160165 3.918595213276889
-17.252174652010730 3.687359970130756
31.553126408682434 -41.531140379392163
-27.542658726816246 0.640176956866257
16.350508646340419 2.255915757834756
-18.246049936941798 -18.058995492284712
-1.850967340924203 -17.571613698985001
-23.492797856547476 31.501097952588768
-12.197985066008400 15.180083048520848
-26.238702210323115 34.109793118469632
-25.591148241793043 -8.592138104937298
-2.791042382450229 13.562467920558676
20.063774817478201 -11.863932390371566
6.902589905012875 -4.816949972849963
38.828373566650477 -39.434761773202105
-28.414995440765708 12.136551484581144
-2.683927003196515 31.432856173775473
7.922540003710300 -4.524968554363115
-63.136368318718034 -3.551587487604945
-39.571588415603607 8.928716498663409
14.689933909305683 15.157232107697109
42.575921591637275 14.787867243987067
7.502230671402499 -27.476335225586865
12.937572600815059 73.232381959470658
26.155276586783572 -19.230071750491852
-12.212482106333423 -1.044095314097480
7.730574000478317 -13.846982930511249
-37.538348705353464 -6.228126174501473
59.011063257732850 28.757401528367136
6.914435076791859 -30.761928727378905
-12.064442384064760 -5.765919261314925
-4.014397976721162 14.102143317575031
10.192126267012696 39.407990187015891
-19.747560974917917 49.012757007674971
-28.608570149521096 17.251215807134546
-33.883084438644154 -7.238815569964528
-9.914673760274216 2.930932461362141
32.076483995559251 -15.022194749915785
-58.798971657044348 -17.845126129612510
-9.646801923445283 -4.343919439660040
10.803394684468277 -19.492806861834282
-10.288668227709390 26.023624226134785
-0.978668519690906 15.262844110825807
49.844684521682311 8.819141996241981
11.044735675995389 1.882566410381821
30.096441457688169 -3.893858614295675
-7.775087996003059 -10.197622019719079
41.944845267839696 3.727295963231850
16.640619560963355 -2.896957391834311
-0.010515109025276 3.857647208111551
-13.475168423971567 20.036394584240163
30.274029245440797 40.380645469365476
17.853272160871612 28.767198836133907
11.754020549399515 -9.357686533222612
-5.105234797064020 20.931023463292913
-12.612072105725444 -28.805155152943250
16.931424156405750 -20.179651522789381
14.192697914631601 -5.543313205653115
18.155475395907661 -7.148817579146493
-45.618081550114205 5.574228328488755
-41.186356401786917 -6.273665486079405
-28.373165114971052 -42.227223112951833
-20.161040281664889 44.998266889742112
-60.404816009846577 -29.593226017375411
21.159386949298352 -1.140063513556595
-53.362285097837763 -33.367025843019064
2.778681256499831 -28.721654376982798
17.162173800411438 3.673875774638636
49.101750488586966 -27.322709200447182
5.288215582905995 38.126110205857252
-7.790060734302751 64.636334441022470
-28.229496182702757 7.202067920927926
4.031100116113169 39.292788947676030
-10.844299630380302 -23.930415567728613
-25.486075699125319 3.760205164935375
-9.483947555695874 -18.387271937100113
29.197157839242163 8.764834235636050
-5.273294894356621 2.621004995780841
-14.240692526056071 26.856979883635670
14.809876690634274 3.566446927966212
8.535634205591625 7.667061849429517
-12.083267776545597 -2.682091720548114
-24.924073785202463 -20.304124299248002
-54.605116697716191 -32.509065899672379
14.298626234755144 -3.833648861906213
32.532064385961576 -13.711893416442500
-6.197694576307594 10.013914200083128
-41.860310124268445 -33.590837217358896
-42.246626375216657 11.663406316959790
-7.692843027525411 -1.049978850959775
-32.215290854241118 5.898451101387049
-7.379175883719387 -64.080391749753261
-17.082123591381261 1.239824112274269
-50.448739831419971 23.564562346473835
6.730948322221999 17.696235230202074
60.006993868481658 0.756389580767505
3.474925368462880 -35.172246397013851
-16.117824345260960 -6.158564912109679
-0.475472333588329 6.423100863711042
10.829137095631907 31.340553621426796
44.837247377872615 14.530701209603835
-23.678108688245526 52.597593832816791
2.803258054071742 22.981317877334689
-36.236351180250352 10.492186149273810
-26.210528989163645 14.498681799912198
-18.530338307442879 20.598111627615413
-32.295019274674587 3.658263001842588
13.492934981293448 -20.712786505766484
21.816905089074663 -11.820462761664787
15.888493552014944 17.820472579601727
-3.250355288066693 38.424217404341441
6.172431345173792 17.135143501606933
-22.188758962651121 15.905988531951516
-16.533789534724761 7.486646820263318
14.656317246123287 22.744446035552532
-5.210034903573193 -10.540549136701106
-22.919921692244582 16.162922988936046
18.960451015896925 3.997880624828226
49.100662647860894 34.605102021633080
-14.034999604380578 35.547576257309800
-4.905184201974543 20.458828532136412
-66.178816794753118 -12.285957844391534
-21.519897801781635 3.395810984809688
-40.768823732259428 15.908734539080479
35.980843331027394 5.448725500138103
15.310375726556989 1.411192923232047
18.116169072568272 -19.182196398904761
-14.928441331283951 13.244146975851200
14.386957945063854 5.343902831747682
50.723357506359584 -31.089005835636872
39.586164134782685 -15.186004913199728
18.101494088991849 -26.583413872129007
-0.588067846638071 -0.357165225930675
-40.976050754068822 -0.540146055359751
34.624472481772095 9.076480564548611
-22.677674769529329 51.407654784768518
-15.628901062097015 -10.368574554255174
30.299040394854909 -13.452544159689712
6.598886078417105 -1.401355111566448
18.221985563367628 -38.378581531760659
-32.891152700064985 16.541399559654639
25.357657756232076 -27.007024073369415
-13.063440972823303 23.156779162226734
-0.968568271387499 38.585390512860876
-5.374140452749927 -11.911143845698152
29.505920946847240 0.837413999391241
-46.484662687740716 -30.546258567613087
8.364408298920896 31.943107179257744
-24.679599154124521 14.493542468021023
14.632544582123076 -26.854200792012694
12.163976340970564 23.613675635233118
22.124201286163107 -48.832654484374196
-3.059461964261355 17.850631323329324
-56.262300611690691 12.310238204176915
20.488915384617755 14.829089800502665
10.027215799620562 1.215699847864644
14.906146953465374 3.130398009352196
0.829233671506930 14.608087918714947
-1.724712546457011 -29.169606849271517
38.501725113267007 -54.090692050872889
5.352916913714988 -31.129703171141497
51.051323370974593 -54.148008559217395
-38.826244273450129 -5.572007593173911
-33.433624157908206 -14.309864921385737
-27.844026052427079 -15.860173012503928
-15.568693661971160 -43.204820211407302
6.775630371668219 -14.716779673925794
-25.295009345093735 19.040702319410578
28.539513969969565 6.647356184522003
-25.406362562884851 -10.160320443291171
-9.355715413618075 -20.581485204471427
25.578320473520098 52.434323637894657
-42.223989936830591 7.993448428013917
27.459865074290981 14.720911600515100
3.223947505163652 32.063666748302488
-10.296887645425524 15.288131254086183
8.914400986109863 -10.667256048381937
10.908228303090745 23.442926940735301
15.645327386200069 1.641211802179588
20.911420604234440 -47.163280783660177
-25.162024256252383 -9.544593698533106
-17.306237027413211 14.104312199389943
-12.769718588005016 13.761153332594702
-10.272894228054717 13.958402140372376
15.107184869853178 6.892406019999465
-17.412366862500846 6.036966601212551
-14.901241632680632 -3.046196644659700
-13.776580716115767 -11.255860418535020
-23.900976150300515 38.234109973295894
-38.432270755611967 -11.251217535007246
6.168901025500835 28.018160738050057
-65.657539204112439 39.518979866826811
47.746294398379355 -10.495145502007523
17.998351110894617 -25.269579717581177
25.139955404921313 32.593630105422356
7.968624300097669 -1.229127601092248
-17.778509845903145 0.190561706086651
11.748364204544364 -28.099067422083795
25.768667427794451 -30.738863279239013
-5.198584631632940 3.729148598535499
52.017598279893221 -2.827272664466749
-2.010509196288186 46.420181151084165
-16.577960676511527 16.699664314137490
19.956782629016381 0.217051738096499
28.736325165583175 48.499452207960537
-12.520605995702329 -27.799400239948575
25.642725592209143 -6.022048683986440
4.451104340203609 -2.998943083358454
1.566430479397713 8.809427832490003
-11.267185828865207 -2.463486458208258
13.275199031521268 24.811373240949987
17.099963564456143 -11.551280222677331
7.321058704980211 15.298166487551867
-15.849408933211674 -52.846356121645726
9.272754243563574 22.420734044758937
-33.936923323082873 11.376920581681059
17.100644325271155 -8.196444310731001
12.570271722030483 17.893827721098244
30.731775976389816 -15.326047531105349
23.710569867113399 -16.935552773669993
37.042483171215217 12.973737441250382
-34.613512154698292 -14.508680684477961
27.470496155504129 32.427402426825303
25.843785018650298 18.490622754192994
23.085464899486748 25.309136751316387
-19.995920639735466 13.424495373138408
-23.107597603894206 -16.175246193587228
6.097623291399460 18.206740017888848
-5.449418049705383 -10.541634151413055
-7.990540480949424 -48.353874009969786
7.335772067588026 37.319875461029341
4.027807776967046 -19.149321951700912
-50.595309344244420 -7.008848425380024
3.189473444245850 11.773289521338913
13.130244006157236 49.995655819207947
23.110182452857291 -21.727504511323605
5.966285114396499 -17.746498290395305
4.173206547887229 -43.138555990112884
4.044038827475085 -1.424108413392412
-6.104630260909572 -29.404486265433274
-0.996463165407721 9.389813830962993
-8.417290839151752 5.975532806822657
37.695377059833852 10.561979595996286
-10.742656912613931 -1.684546297994217
-64.144488050620936 -10.366321626743380
39.420022803673973 -6.926925948843719
-4.664288254805567 22.536217916967903
40.072353787128804 -13.126212439797499
30.673263089365545 -72.114483314432064
-21.003610439958344 7.238011252505953
2.417640469582718 12.822070005595128
-21.030946094349424 19.587871746526588
-5.890198174202991 0.920286380705992
-14.194979073177858 53.243620393321628
24.756703932116217 -31.404027313308507
0.911022473366790 -8.432443844867450
6.364901506295303 -5.770180238621866
25.676336154129594 -2.227639956598896
-15.341417835317944 -11.119811675092011
7.726222564432765 12.691250931347760
-24.015539304150582 -32.497520814147137
-19.692558323644125 1.254646057957170
25.243788483591977 -5.217248269689653
14.432014602694482 15.097164525674298
-27.058396585672600 17.350019928891829
47.797221569013779 12.640301663938851
-20.726551134353045 24.546424950040290
-3.522046093632113 5.617592120259439
35.194218223029729 21.042503805912492
4.702954350311870 -7.508739886453348
36.773087453770664 -9.856958788739156
-6.772162709248137 5.675007824882334
36.722288188491923 -4.366940114768984
-29.239423875608843 -9.112932609632178
-21.321021449825754 -26.960828149139555
-27.690059573414782 -1.795950421224568
13.088789996558566 -10.864727876652548
-0.963074645531527 9.760311250392322
-5.226135552401312 4.808967833138966
34.595786478166509 21.494469668415494
4.615606072921753 16.995284983896024
37.080675188079191 10.028129886841382
12.249735465913894 13.380549492270056
-15.662637848600630 18.734129738812388
42.006185965035520 33.045259779764379
6.726378463091888 22.176332001093215
7.006840124139613 -43.277339468416848
4.849239681867733 9.068911285332359
-3.785266092528441 -15.415240678871738
-40.731950046284581 -44.963512714710021
33.075109700312773 19.922487900601247
43.863907332333781 -0.807966283404715
11.695925796404595 -43.209412491631809
19.487503890225586 13.681861015249291
-37.440714177098329 -45.616550493183532
-15.561019272642367 27.752749063651461
2.423711308334141 7.361494719140097
7.542696103006634 -12.524546505692127
-4.517160460867838 -26.569362560301773
24.014203804046407 -0.394947773839612
7.693246509987720 33.191517051941609
7.834969302626017 -12.241686662906400
31.222400715067632 26.100298678515035
38.040983778083096 16.581117179669970
-41.362660633131654 4.005472320723399
-64.514434631083773 -54.196352466851742
-20.098491589036559 -8.991802278183002
14.440109573594681 14.770236077466299
-29.822673388790673 -35.288163654806162
40.002543245337847 -4.285163827017663
-23.020475959850387 -26.584581990557183
-3.526206033583311 48.098642385056820
7.658739331965693 -13.556713174030445
-37.151274379706862 -8.660518673768582
14.171647703417225 45.002881211357305
10.304720231699827 -31.945520953419866
3.424140428403349 -54.459049811787303
-42.769134994103034 -33.509024339470628
2.925001179068086 3.895066721789019
33.418507278350376 -25.682282788334753
30.842220545436025 -25.831693582660161
21.043812532232696 -10.926679721622877
14.286738535369791 -29.979206074797336
-13.517256217611022 24.277568290445192
20.705376649231056 1.496533576017965
-26.903369891120047 -4.626785008536093
-13.946990416316224 22.147347344135760
23.173897650188444 -4.973563249823301
4.265433418648428 4.105419994917524
-18.683332445459008 12.540972870591643
-18.995055340051696 11.586734364875122
1.132171893740785 -41.614621558227931
3.173917805249071 35.187302391931134
56.862162544435535 37.303855995907206
40.134272513425088 -15.208148732850056
-22.306051666920599 -17.682242510729569
-20.248472085217500 39.594549753231043
-11.439903124624388 -15.132727346587062
29.376182545216636 -14.647019334179445
-38.037096533298978 14.986016628397334
-30.589605638003256 -11.677899257963713
-0.231025631322163 -42.031613069218700
-1.293297710485695 -0.248046238341202
5.258519723475086 14.492267179087147
0.913046339319433 -17.018295924357581
39.315202758112839 -37.128739746118328
45.450603108522891 -13.547372292688605
14.817928403340328 0.544484595610137
17.146113830355532 -26.792662040404903
-2.850133977271458 -19.168985192471709
12.654334254040144 32.777219178329844
5.689952904007982 40.089976089318220
-4.020930682022817 11.679291364515885
-5.289374342271000 21.845105210012481
-17.822724543918934 -21.301050547327410
11.688723050977636 -9.916673328280268
-3.380525033668541 2.796834959529999
7.826227453913986 32.502365831693830
10.337218123910272 1.922273718748218
44.080436038784391 -2.458056208513732
70.623654697967069 14.977214828403861
16.125505179147712 23.090117285822124
21.868420074077360 24.738742519366397
-7.440263085881801 -17.114611705098124
-22.744253080183512 -5.069992295878303
-45.589931572652468 22.903609199972962
6.966531764710028 -32.154353182294670
7.961959044972404 -34.736225223051697
-3.591600945501429 22.381939153892610
9.159631685317070 -25.090350270319792
-9.630890044679530 21.139025451906726
25.711701183329009 8.429949703458254
-45.365998563891573 0.701487236445619
12.347334295868782 14.767666042184333
-9.100113403861634 30.598879486166737
-4.123083557310257 12.477826223534505
-6.364317838323511 -8.251265778049454
0.551045159497801 9.640416747165757
-57.252223631564185 36.778461012828828
54.932762521955411 -29.008912465722737
23.467031874341668 7.558087745449154
11.276515552631716 24.374852725846019
5.796210635367555 9.244186917375819
-9.710086364758471 -4.931786392576655
-1.721242981990172 -20.020100048419721
-9.738058978438957 -42.594881362754762
16.705040780603934 -29.081333226549102
14.052248183270873 14.703033167484666
-13.416799935879883 -13.863771048429557
-19.382269026398696 3.165262223531137
-15.557101833214785 38.557845175579700
-23.375050669178520 -15.747865214700035
-1.229407909922697 11.942270675054564
59.399649877095868 0.554784338837928
34.419327624125430 -1.816529958087636
13.579843948895965 -8.684325985610586
-43.986190175256297 16.109543890043760
-32.600983133430610 7.347856467154009
-11.830308405980828 -16.583306103204794
19.040057394872399 -37.996483805936613
3.414645423643768 -28.282368376416176
-11.548159518207779 65.264227916398326
-9.062161348816222 -64.970572777979172
1.187803116102130 -25.828043513404250
-11.532128457110366 -27.686492101063529
-1.155552764903611 -31.712658390615946
-24.575971201821435 -17.020894052950389
18.489791736707058 9.281079594362525
-35.738765998309489 -15.252454061972060
47.230965203338940 -11.373524583106404
-1.841886499165405 25.491420228442493
-18.138112539544519 13.705175094241296
5.212176171454010 -50.646312508015036
3.983085078760786 -22.400632552844513
25.364307404748001 -16.445729815318149
-50.868565746482986 6.129773799175516
-26.992794178366559 20.613539659884641
11.860749397516379 12.562832743534905
36.165291898052203 38.759501015806947
-24.519068843138715 -11.393297546609036
62.130556702171269 3.022521828046794
29.224133560449591 6.480530501076359
-30.719843385886829 0.909386674150161
-11.901737975051164 8.572731408258001
-0.379143717476119 -6.105053547458761
-37.021383110074780 -24.073599750665679
-94.512163573537165 -41.752069342582772
0.255801959079994 0.759340850985748
-22.640879246742578 -3.903554620022875
-61.118632809057310 -3.718394609711449
28.186601787906366 5.580614025738851
-15.698142885300282 22.789897722827611
3.825189587747938 -19.752569557086037
-55.416204084917879 40.615850878934971
13.041580423835516 -80.969925422208789
-3.508685562056582 3.285577010717760
-0.827250075544240 -63.464290288651227
45.389491609306198 -1.967312610029697
11.159947322859869 27.238511603598056
-25.533176871490468 -31.304882953219067
8.967371860388932 37.219546910515518
6.056773268594086 -25.634658915568547
5.629586692525406 22.496514082179708
11.888892079298676 21.082337712166630
-57.837576213933879 -60.205403526294290
-18.439675287848232 41.250637754465330
4.605647250607186 -15.042571303575986
-17.249834544213137 4.164182723120134
27.184993831211891 22.006705283800997
-21.114031612143584 65.613169881389467
-11.480017664089365 -52.442844663186264
-11.571595373970011 5.816647128630860
36.843881615424252 35.096638624030525
0.677616226501273 -40.310110881219053
-7.853939902344625 -25.371381290511476
36.588330395851578 -25.670700147723178
-4.876171790822471 -33.090897258572241
2.639667631628214 13.941198149228184
-15.107817417887112 34.905295558184719
-20.040315118244980 18.374170715965558
15.220822881869523 3.549656271691675
-40.874030539381259 19.604489911067940
-44.339855184108316 -14.243985188406306
19.958853708519964 0.337179593783789
-12.253243259659419 7.008315125531416
-6.308935910918617 17.218352978892149
-29.970628985879799 -9.106999970781512
-15.365471743685431 44.550233968152831
24.235127545813199 39.961794347741638
12.727501504914732 5.419626537160489
-25.669171980522432 9.630637385709676
4.448828588104163 -19.799826324151063
-6.533938346678247 -5.406478338965404
6.816131650299288 31.871562477930812
23.468692598300638 -40.532345106364950
0.910768473739351 11.266829501798389
-26.931480560429353 50.225584352647779
-0.746093192162940 -14.526996670171110
30.697240509214371 4.993881518361849
3.716347744937384 2.315360983773527
-28.664174029140842 -30.145243064875398
-15.285099023465667 -1.545265576573423
15.674822438355632 -34.662084073916617
-11.021647739831186 15.261290245333276
22.471645398460154 6.294254702374157
11.537386792394999 11.678804843376357
12.977753497551385 1.275985485864169
71.990407741798620 -4.576125968632450
8.109826451927374 -12.551954009059857
-6.786695113775854 -5.928030875645746
-34.461741518208079 -9.914415720811496
9.807592876353793 4.084638774268797
14.161125461955866 9.801524796366387
39.318006996004577 23.414181624604186
13.961063739616884 -41.939102782930995
53.701496626408051 -19.840158535529334
-25.872224977000879 22.939197712911181
7.577627960241608 2.528152190603681
10.790103166540877 3.550148529120870
16.738195729078800 -6.353768789660468
-46.397237622035910 -29.256778966362063
24.302877030396409 -8.977414013685276
5.066323917220873 -71.164307044029925
-12.135217872880157 19.918260225266764
51.099399521411996 56.057068503094818
24.390264039238524 44.151430120373632
2.599388222830509 11.527298598005542
-42.798375010203323 37.217030110045428
7.042154113634322 -12.435042118575627
33.572372614988993 -40.713364481470890
17.392462794243638 35.463156872921644
-8.830478017321973 -13.493634759351465
31.396352747667404 23.161672026965931
34.527155609257576 -33.269683047770371
-6.303383207555351 -5.711130454831484
21.549903393210979 39.288518042956454
8.100176072292063 -47.124743363349573
10.513372029803284 29.243418879055096
-24.811491103192303 18.523193930682122
-28.979883327763542 1.245371050931440
38.477168258163317 13.251803964007156
4.759995616661177 15.038520988178325
-47.748487944508916 8.574465175546671
-32.236930646755354 -0.583304448804093
13.809983960519403 -11.419151026131068
27.369714124114552 16.263488198819410
-21.396311620508136 7.017493356765921
-2.791815172831420 -24.948224472776431
19.012263340455323 -24.453836371257314
-32.699501771904366 12.542311754944595
27.788193569758352 1.240373984950963
28.493557542671823 7.101287750235901
