0.000000000000000 0.000000000000000
0.000000000000000 0.000000000000000
62.360852229338967 0.000000000000000
13.064167304598065 0.000000000000000
-71.261872773369831 0.000000000000000
-17.489715946163095 0.000000000000000
14.820306550274159 0.000000000000000
9.630380936397625 0.000000000000000
11.856127979050248 0.000000000000000
-31.689653039063582 0.000000000000000
15.446758783909408 0.000000000000000
43.321049120240986 0.000000000000000
49.451792358002322 0.000000000000000
0.255655023900049 0.000000000000000
-34.314964022433443 0.000000000000000
8.708261812959959 0.000000000000000
-31.807475876174120 0.000000000000000
-5.464353330480041 0.000000000000000
-7.536910385195387 0.000000000000000
-15.764600369306450 0.000000000000000
33.331616071577727 0.000000000000000
34.978309119012309 0.000000000000000
38.337834109817308 0.000000000000000
4.082381258032604 0.000000000000000
8.702349019756078 0.000000000000000
-5.696478547764213 0.000000000000000
73.197547441033180 0.000000000000000
13.097848874958062 0.000000000000000
6.936226248217060 0.000000000000000
21.178862660507811 0.000000000000000
83.278165838353686 0.000000000000000
-35.794984738933060 0.000000000000000
-9.906654082299788 0.000000000000000
19.326380752688735 0.000000000000000
-3.509355089309484 0.000000000000000
14.956003430464367 0.000000000000000
-2.934488950552494 0.000000000000000
-10.763963351702781 0.000000000000000
-3.440008171499814 0.000000000000000
31.887627692489978 0.000000000000000
27.173004162981488 0.000000000000000
-31.383829964564903 0.000000000000000
57.123146803744021 0.000000000000000
-28.766658327656724 0.000000000000000
31.757652420233473 0.000000000000000
-74.906417106026169 0.000000000000000
-30.010796950526888 0.000000000000000
51.637715259898158 0.000000000000000
16.672702055375940 0.000000000000000
33.856905822722716 0.000000000000000
38.038161583719216 0.000000000000000
0.000000000000000 0.000000000000000
-41.258950085609584 -16.158429840317435
-43.254036832938603 11.815428510120897
6.476754872400249 3.077940166185852
-6.148158177524040 -20.189336563794672
-8.547992529462611 10.582712808522324
40.944737961863119 32.542705923657060
28.147397983716552 -25.738599707077690
-15.261157816894064 -12.644933023490735
10.942630649124668 1.624819576357960
37.457835204578373 9.665376189590445
-19.591353873084401 -20.505358334335952
35.637179441239475 -24.752828236125360
14.271065877114903 4.619095970925692
-6.584636069005760 9.914059726919973
7.455429765153228 3.109971430859159
-6.300608507220779 -23.889168939415580
24.924011415178956 30.805926357811092
1.174893768986118 -19.812761296357241
18.617227293882443 -6.308331329526329
18.634622476752529 -28.489726675455984
-3.955035384313647 -0.579381410138734
-4.945389515968562 -1.376622035642934
19.255170164787280 39.951613841518771
7.732953926942804 -0.619847966399614
1.262328698168214 14.351610109383753
-46.734084167853695 -18.414768860543862
-12.056660076555525 -14.674384731000471
-2.006665219279984 -0.000056626306505
-19.505015304295338 -35.315876343545519
11.793659708681332 32.284030962545920
27.207548542509024 -14.611248792119145
-34.703977986801746 -2.046283627757991
30.823324386024328 -14.119164958795873
18.452130658382039 -18.877755069920841
-8.607946293049061 -2.114357735149608
-0.632283674922676 -12.281281453089470
7.019715942685131 -15.284024751105537
17.664967083958199 15.907855402654626
46.875325620257463 13.838877836051504
3.226926149915801 -75.103445155254661
-2.082560263458764 20.150699662287053
35.250442557006380 -45.531967718130367
18.131403856191699 35.068724377833973
-38.683474679870763 -2.770253822505525
-6.380485323861834 -24.533467924732403
10.293941936407284 11.338492237210463
51.195111595708759 7.631713543163706
12.491385474010345 11.106756681629236
35.204561402238234 -28.202978104820208
-21.758738416683951 -22.332795823273173
-1.984537703198807 18.353387128549070
30.052823199354780 4.970242090599036
-34.547432241131560 6.901541046289176
-17.976236770295849 18.505541061371826
4.127551014149510 6.437210715272646
46.477281626323943 25.184146759918580
-16.063634296101732 9.439461410502817
-34.016707222444268 -4.913023698931026
12.888116197400970 -43.242768600103048
-4.397933395630722 -20.702518771190224
-34.687916792680909 16.530401724040679
44.726934733259093 40.215680922938247
-19.317376989778353 0.404784311135623
33.953623184077536 -6.166712181029632
17.843492231393441 10.754487008302831
-1.677388996598031 -5.216623420923344
-15.749911750650170 1.940245040844448
12.192914961779383 -6.154499602322216
27.343740930833249 35.640543224799842
-1.798340647407278 30.475928941294491
-7.200319972521865 -6.640609525495766
-19.549134237565376 -44.543142241992804
-16.149988486739208 -17.178667221062987
-13.320036452108427 26.686387857926253
-40.312237464545383 6.676386323683177
11.405072956469464 -17.470182233374210
23.888638452875089 2.461635969515505
7.101280379992581 17.516754660806669
-15.183961030210481 -1.745300957591638
-8.742895677676589 14.894994237431218
-33.858948082415310 -33.952767427803863
7.479100705323170 9.712206391230326
-1.020927119669759 -43.079786149823363
-36.153034075214983 -2.492621288815804
0.154503942891399 21.616012985325195
7.504561091317553 -11.570594991527219
-7.702700442984108 8.728630932148542
35.549739964297885 1.294760254760253
46.054636467159888 44.644830580748611
-5.931735812092660 6.700291754333701
-28.573706847614158 -20.691957836073843
48.944537743569484 14.241237317745814
-2.810745382105365 31.144457892710822
-26.582876721429265 30.732766894248208
-58.759531434535759 -12.096131238370477
-0.304787297428148 7.166705377062868
-1.603951115679696 -30.248105574062940
-0.884403491789673 -3.111392628793657
3.517765099800661 -17.531909294142757
7.808581229580295 35.635717016340053
-7.822319343629157 -16.583296772527667
31.873832309280065 13.034628723522205
-14.340398372270625 23.322624633723379
-14.479186879633490 -34.844923164823157
1.308061327615998 -23.499800252546770
9.925615889213191 2.535582958536883
0.318800414389170 -0.194436321300278
13.787408331221981 7.230731490241340
13.081692901156648 -9.070496095678061
32.601184615634850 28.172758613547394
31.758870664071928 -36.603562440498898
-12.106810979072053 -1.901791506404940
0.196458975885693 -3.967071772954890
-7.325993934010597 -25.558873633438235
-14.300208875020251 11.224535825970117
17.248326573887507 8.222106791636371
-13.230946520452067 -56.897193004465954
-20.091643816778799 1.771354915615400
-12.561925646156913 -10.670030408377034
12.293218110714774 20.716859322451398
29.046028585744214 25.436452665029570
-20.092051156415266 -12.807004405430705
-9.416485552544845 15.235814323520062
38.252665803167297 -5.958917077892440
-34.920925816667634 46.904243987273070
-58.757998271402812 30.452299356090133
25.805984241733057 21.808068129648177
-16.814957508879413 15.443976915173112
-31.036830697230986 -10.095199959924699
-31.361080353846305 21.491288007774632
-55.912772949167184 8.117644522034848
12.734517338991250 31.372350830394339
-22.199343195218340 -21.789027916899776
5.873516578163366 -13.630681760264617
-5.072682448547235 17.238283788990490
-3.918997910572268 -2.847487432633609
5.713636301634318 20.243070096567607
-17.924918469906267 -13.796216128447863
-3.748882961768545 12.195584053410325
-23.957157869368540 -9.520376326396299
45.551581480158490 13.872261325187809
13.601313146763207 -0.901507221282987
8.513724119566822 -27.024745664342102
35.902323519814004 30.151219276872112
21.461862247122379 -1.313240617051769
-4.945724219603584 -33.621487950501439
2.887277771674099 40.893917160881941
-2.474065490409649 23.173098380450270
-11.052418623290002 16.063568552480458
30.601957318808221 42.435183774535140
2.527393887415441 -4.566185468388008
-24.203227521945543 -9.673039587441043
-17.942899603708774 -41.615785007350532
13.076334548784452 -15.723782733106106
-9.384232067545694 42.641257952944571
18.103910886721735 19.193690100618117
12.005561641710170 13.163158234747430
-11.403743235195522 2.020001186012558
17.053669165142754 -10.661568543549709
-5.306301185139571 29.395502580381656
-27.275933175869746 35.176725351952456
-7.670169219633662 -15.781624078654309
-24.195540864505389 15.592394670094320
-8.558796975544253 10.966000548184885
-16.679884632191857 3.820162625300795
5.893595210048054 1.813742153747423
14.215632968647293 -2.887271339002492
5.937953627085474 10.342657072700675
18.801550070184234 35.664872091556369
29.371794376174197 -3.371787067915385
47.407656716467251 -11.947322860220064
50.476569013200354 -20.174853444784425
-4.252198969796414 -15.760887542192442
-12.390672141132532 30.881611284961188
-49.871455292257679 39.456066332443406
-7.008044285000905 2.516837580929720
-5.454247238144728 -6.411925899431517
-38.208589021053584 67.408434348024784
-23.926761447166552 -41.333941590433120
-16.362287953230979 -7.855385074927432
-14.225571686494812 12.790972991859398
-8.215961240155282 -10.925440158459580
-3.362803002781809 -29.046404368200378
40.099827452785888 34.286379149011914
5.798054062618522 1.271641216538402
4.677154946618777 -25.538863173121278
12.691566606201885 33.318770302259651
-40.829481697706598 5.480696948415343
-4.369246434741302 -35.964684782706932
-23.463652549686422 28.433850023743108
10.207008484294928 -18.943173761606868
18.420748368072072 9.166966597309573
51.311177652687959 -16.790897180726276
-19.859146726989803 -50.463887765709373
-8.321823446213598 -10.695528942113874
36.654893609431660 26.310881867408650
-34.932463550196331 17.641362504658805
-2.818629185585849 -5.171549785938148
-9.924287962871901 -10.521616296356617
-2.316267859594019 -5.759118707365317
17.246319816894459 -5.661668897824587
16.035534894223904 -37.501517747543332
-7.791133346868813 -10.758152286227254
-1.238669318830243 -8.449818121148180
0.892992645397480 16.372235283650998
28.427469909124291 -14.157213359499860
-10.565813219630124 -3.405625273222797
57.257322493029612 25.597799798050190
7.767531972831424 11.165319439992942
2.508192914138647 7.809598290247207
-1.510804047399322 -7.696665114442475
-10.458441203277987 17.055884997685286
11.891621941572131 5.042019833695199
-17.560549516225436 -4.757242458158231
-31.689370151405825 -6.014236605045701
7.272998397401502 -33.236442107578192
-6.503430894539471 -4.928139435404577
36.096779256306931 -60.602029906244248
-28.482146767096392 -8.167879027156259
14.818265236902979 -6.233395787162340
-9.374220591076515 -1.943934484883269
2.948927916529743 -0.277983414865298
-17.431732150773339 11.227788241584532
1.617451479691066 -13.106423346109381
54.475162661651687 50.077426585752598
-2.591497581066895 5.736679924632847
8.438381836074711 24.624564253903301
-37.204400019710711 -20.428263448680145
-59.839728427307378 20.157205843020826
48.831003421829855 47.107452107090886
8.222019567241523 19.906807697582831
-41.595832858080087 -37.838676583436829
-2.785502032659803 -33.139304868445301
-37.500230229687972 3.405880185714727
17.193634399577885 1.549851585064572
14.194494619842875 11.064962272194229
40.288821842002832 44.642854944096754
-14.020096647313766 -7.192303804231011
-19.673466787516485 -10.517244314096761
-21.627327231498864 -1.084934346948503
-2.129157085288544 27.317855827977933
51.312658562398198 -39.387829904353787
14.058271258738474 -6.644012567112448
11.532519903816761 41.182570534621163
5.090823267863954 30.671512414695385
-23.532034144310632 -40.795259423558811
10.104479060140898 -13.728638841346596
11.268944647365743 -8.462645951192911
16.623074502231255 -9.552394488535858
11.787139092107170 -12.654896931250345
1.857791660995106 -20.065304519017651
-8.005826022497951 22.087351683624135
7.035244846093249 29.558037246337161
-7.182076517446318 -16.409487497468202
4.577209089918722 7.311327379070147
-8.537747179894769 11.497930491722116
-33.040346837715646 14.420715464338931
-19.764501959422901 49.437845816177223
66.219709962409112 16.634227631723920
7.913049183014076 56.862764483464474
-22.330763336011032 -15.159909802739920
29.324545399731534 -7.629517977807539
20.038262905997325 12.005572660928207
53.973559957460637 10.675446221336596
-12.275547235024822 -2.007693648625833
-13.145698961914743 -10.834975103085556
2.811794237681945 8.653432687926070
-15.907074097453739 12.996451761387370
-21.387444706817934 4.444861516338696
23.982801633536301 -25.451004603219275
-28.619548737325466 8.254086637620622
-12.421373977594810 -1.726715092470370
-36.380141709553342 -11.401903842672892
-54.162820135260596 -17.289491368799229
-5.867761526094411 -42.769116625202102
11.050632777950979 21.387095964920789
14.613181284583781 -40.765130175915559
-0.657446573910543 33.551242139989853
0.586218494611266 -49.371385295263607
-29.217761537525845 -24.544788022796940
33.803942811399658 4.476890419506583
10.181348806852323 -10.621511612786547
27.920810804916385 -1.893089275615369
14.758241197598069 40.756625026968756
-3.664568133525514 9.210340074478747
21.961112701814461 28.178694893600916
44.896935960761198 -4.746273995568742
12.263295962342054 5.555708390933526
3.632810746932094 15.784865451574495
-12.017370490703069 -20.472148477374926
-19.098438906694426 16.425312056952528
8.136883010259210 -22.145128345774413
7.178807981512104 17.355491499419845
-17.441025228179154 14.190811627001441
-22.969185390862414 -35.997768206504716
-16.583914695877130 3.618159889842445
7.432293047261780 12.320087176473146
-1.770228596566768 8.281020979987757
-21.024303938990215 16.415625710786621
-27.588626698989135 24.519506744689664
-9.950741215417766 4.230620846260526
37.404667515986908 -3.951440998126572
-4.347606649955671 16.241961716148630
5.741847535267696 42.737479843234780
-37.674723682109246 -12.199732856598555
24.441162983314115 -40.662186391488014
52.215760749329824 -10.177235045949880
-19.519839213194462 16.361415463841343
5.084550104560536 7.807837734668594
-24.780936868470498 -3.006003352792223
-6.297484767325296 -32.491991345345433
-15.982301998132034 -49.122612131090989
16.470273382340853 27.741759190501657
16.662120462999063 19.824574086883764
-27.879894320776849 34.902282391518931
10.099217389039220 6.974533782889758
9.226149676098157 1.753034937314135
-1.856170053538662 4.708498519603757
2.837018876608421 -0.748747994996136
9.868524659870413 14.797200504940943
-30.920438877930142 2.116656098708229
3.360691990036474 -57.660594691639631
-58.309033919262738 19.282665403153523
37.976434911979773 10.335544710221473
18.663274602119465 -14.111806748790301
12.360485769552755 -24.702730571327351
2.891136140007008 -35.139363783068710
-40.965257226226598 10.917432396859498
6.033362101868144 1.647568479141960
0.954107811562554 -4.389474431995506
4.281218108425707 -31.092012060550775
8.939549801828530 -6.270568448534583
-25.886686317262949 -9.387037504565100
22.361931190214726 -13.107807080661013
-26.887733259742291 12.492899556434388
12.474920054692465 -8.196300384092334
-23.466476796519053 -13.021742449813761
-18.555590767673412 8.291171457399702
23.803901650207209 -32.253696766077574
12.665446294598048 -9.821320861264311
-32.449420563486832 -19.017242134052154
31.900709908223703 -32.538939090498332
-2.679877059921608 8.628404991771649
-41.232215586515224 14.619208915361202
-2.508641365043252 15.555750788238587
-16.103295610876696 -21.650914048823925
8.104052529760260 -46.125362329600947
-12.141781398582360 7.457191672892595
-24.839376177424864 9.244882752825795
-2.291743550579914 5.855566885444617
5.960056385898416 -17.634476578972720
-23.747754560586575 -9.790206132488940
-6.959358785170953 24.560461033805371
-10.151102297987098 5.746806031503823
-16.733622852006981 -21.488479917375564
32.562369798721576 10.345720122271857
-28.385601249982926 6.002581690813418
22.699458344532278 28.436728958100758
10.175471107695170 2.095448167781591
7.437789307778306 17.592149645924344
-6.717114491818575 29.742650491451126
22.188900188235142 2.538943796317115
-40.217003409730893 16.765750826118801
5.828593480105032 -11.860972537819951
-41.580059906407222 -40.929714069274709
-12.965735310700369 -1.642911658992885
11.192061877419608 -23.467672974669011
-8.556035529036270 17.749357748161245
-29.365751098363688 -11.619214434680709
-68.533143248936213 -17.139526128183153
16.756153185425145 -14.613439158953449
31.852774044401166 -12.900424665380989
4.524995876215264 -38.984847913805034
-12.033654915562163 0.651819244187188
10.138988765135046 3.455999252471126
-13.546721244862017 8.036556994084254
2.345425047251958 36.230114529976149
-9.120847497513749 32.687838214071476
3.214609247719926 8.425102493030771
4.002724183290161 -0.619784560915401
40.317997634131039 22.898596480587937
12.061353405162514 -20.204057512622281
-1.208525253924860 -9.380965357732659
-36.747711724890422 0.739514974973950
-21.605016770320223 -19.131929376784484
-20.069005081051952 18.140762692967112
-19.851598311275072 -4.717945564222846
3.039350912979950 -3.525936947482376
40.106912933328971 8.346447812635057
21.693057279068078 -0.747651636090363
-18.914000788368224 -25.171590305230104
-29.638032303611627 -8.851973550444280
6.002133710867616 -4.303770370650841
6.798944537976223 40.295215568014562
-31.939263323031263 -3.044486633697050
-0.484787804427351 -13.115341377267425
-28.055092149195843 -32.602078779148350
-9.183185263191676 -28.798031890718715
-59.989988941405841 -7.106579667145834
-35.716283649843348 42.758336596263909
-12.580269827354543 17.965540450535670
-28.283799825979244 -3.186825383305137
-48.922613556571136 14.250035062759693
26.287120895133736 -34.259311446035255
-41.596648333828796 -13.687911454401418
-8.844678433455673 15.666445578657182
24.992491625561875 -43.870950854727432
-1.879973129828253 -6.693366829512803
25.851993793138398 1.547006034735744
-20.744179653244281 8.736809922126310
-3.333706017539694 -13.356399154213392
-45.851177476864407 -13.667429833131134
3.407136944326774 -12.923974228190877
2.092875043303617 -27.669335543027561
26.409840169154343 -0.666338456879552
-13.032892964792820 12.744699832820691
0.502757824924782 6.820305579113308
-16.920174499426416 -19.108428443850030
-2.452305345588269 -29.998279941132083
4.131545471925243 -9.098105589779612
-7.229090746219789 -11.105391949152351
14.376680473956251 -3.529528904765680
-26.628028670075711 -4.279641719550446
8.656804067737536 52.167842187297481
-4.536245088037535 49.162809055457409
16.046386351131275 -22.060488742902756
10.667973081374267 4.581635358633820
15.536542305718442 -12.664944296315912
7.745531880678628 18.664507344248417
-17.706246893463479 -16.089524352844840
8.932999481791482 -11.484038485171412
16.083431371151946 -7.624977771707849
-0.662743762335692 17.735677276805191
19.937962083267216 -6.149172118963026
-29.355891891762880 -47.623476449562133
40.626736470177889 -13.179643807227764
13.400334900436226 44.582163314415453
-6.383034151648177 58.201452449459119
-48.114451211045036 20.479576667448082
24.147630246103393 8.752030046168437
18.036913065583580 -21.271522432926417
34.898943865130128 -13.585825001269045
-28.284628111840927 -5.084772515810919
-29.302762982381175 -32.411515694988175
-7.793113466597678 13.572303560855220
55.541179661984721 35.055207257179980
30.451303381011364 -17.642830712862125
-26.059549703190196 -34.255700500774246
-13.490279605323293 19.910850386204487
-39.104857574465882 -18.388640129718443
23.386481317292130 25.505140645356480
-39.827006255550913 -1.045447934846631
4.205478465127786 16.392835090139283
-30.900040615081920 -28.556243254588804
13.613643680709865 8.067638106831685
-11.707280640314602 -20.501630572200174
15.501787259720713 13.377942319484479
-12.003327850685952 8.675702087952320
5.690746480787756 4.713727620481328
46.985417859295573 24.694050713276134
-6.612799967311043 -22.813459114285692
-29.030828747436789 -12.014899035161683
17.560939217592839 8.573357824006468
4.797080464348369 26.271972190810139
23.470155560006575 4.648785601597634
5.826957768235075 -14.682767158934073
9.952508248460916 10.954817976034118
-17.499353661961550 -26.882841182597705
6.408211015403927 -37.938854818421582
7.522568005417414 5.789140035486494
59.229267709833792 6.834151492386789
-2.702712096171302 9.511214243122616
-33.498145942157578 8.032539507899319
26.194889608950078 -49.824536198572396
17.657577065213005 -12.523549606841112
-5.780597081050352 8.257913385170456
43.081946046846390 36.240021197989371
1.007947891434527 13.723829498726680
-30.666457861688226 31.292103934996199
-5.986951411318358 -2.639217400692334
-10.261760470702120 -16.116271187382111
13.316258117032559 31.209857048352308
47.813081201739941 30.549450543172689
21.429235753883766 3.080679991596527
13.908063536546225 -57.051437876562971
-22.061819898007904 -72.071642092265122
7.471623781802602 -5.590499593876552
30.153708369082224 26.577992440498196
3.751538236870810 1.686993810439338
-25.081410340106572 13.760714078256250
39.789973935059045 20.113007098111229
-13.747693809843980 12.402508789070966
-23.538942092599378 -32.512336207139867
-29.211829969468763 -2.102026150838979
-33.739676206300786 -30.533087189551583
25.477802256824006 -22.017296880007891
-11.016150213969663 4.684452000978761
58.613572932547960 23.906314159772439
8.651425140023074 18.709759776758006
-20.246523398389655 -32.155097845826148
-23.686699258372659 -13.072993303098468
-10.768308968359156 6.093867938748828
-21.958910252151842 40.040333435284253
4.760455821373572 -23.559463494196692
-18.870148838437920 -12.257157517140582
3.019192578579979 21.938950879652030
-19.911877732293842 -27.078759470026167
15.202904271315743 -17.858740824731573
-38.791516831327854 -18.874978170222690
38.805516280615016 8.908324254849813
4.926991926514681 28.808564180633518
-11.009571428665669 -14.295390373237149
-56.209700446819703 4.738585778829425
-17.660133753857838 -23.485633540675462
-26.411981023668908 -3.542413398395421
-35.367904320925966 -44.226883786075881
-37.156436698106859 -3.148730279877764
-24.374943805279241 3.827347471850454
-2.042228284979419 43.757660291703559
22.705533699106095 -8.388368295417985
-5.652776081011160 -20.592444364876759
-13.168295778187183 28.946679933953682
-6.533884997353562 -21.187934918577554
23.593876785599878 33.643086687600075
-0.212952969962506 21.249156252978494
-11.935381324504869 -41.462932083487118
62.116322706497336 -23.866435539166758
-54.847478731908119 -30.194978752448279
14.914636783440962 31.887429868427780
11.103021649110881 20.443132705185146
-38.089159036388445 -4.001265381708062
66.299378884728739 -5.659896334515043
34.452614729949808 -14.448549113344802
-15.294592332604491 27.586983061080456
9.486587924751722 -20.308998318888893
20.207316749455611 -20.814790090087889
-50.169188270899937 5.223841423247316
-13.144247908516551 21.735110336693797
21.723929096445776 27.797031263215828
65.990267432507835 13.101883714718594
20.504406226561237 -7.561390043148320
-21.224668213361838 27.112035680348612
46.082043432970082 18.630616881076456
29.502904309483640 31.168777717447025
-29.684543782325772 5.159064438709574
18.142049537059656 23.661106624168898
-16.881951442302636 -41.243281208858626
19.014852220596978 -9.173639038370288
-30.928750884475818 -4.197239408329401
28.433640832819790 3.637276606066454
20.010323281229439 -32.566278076916994
-53.615972220474781 0.617218046674394
4.675782918443213 27.854680494849703
-12.854656148185503 23.474229002981282
15.742538726446581 -14.819619653853172
22.740503528965025 5.187495500671274
-28.360885249086977 24.204333044773396
-40.108796855071382 -10.120720410566824
18.878136752105156 26.490327784479199
-24.118217771591446 -44.789304885067430
-24.463038084101996 -3.364757273570992
43.856288020601895 2.308263415892945
11.983193454927386 7.949429310917103
-2.576700712715673 13.081670700499156
-24.468399361941088 28.109323156511916
-3.680248234494445 -1.061195545703745
-23.009867124265739 0.913085995466486
6.268394887645724 44.689664944095199
-10.729593973471871 16.523653809087797
-60.167909407526203 -19.313159539204367
9.997247383463833 17.995799020746048
3.461189538317528 33.846487207102662
-0.982212739991360 43.475668365446680
-4.011377708247635 -13.411446971518840
28.141981256761447 -27.879797470837129
28.875642057295003 3.740075913024214
27.794621905096150 8.627422031945434
4.208304818550954 -5.844061650751673
-15.265757507430186 -5.091833795014944
16.025107794197272 -3.390241868870180
3.718388137519216 24.980291683065651
-2.624970400442901 10.975546239403267
-44.391958442258051 35.826523070132325
0.927714699134683 -4.005368630044517
-9.108223272443778 16.043263964520825
11.935791304257602 2.716252687630545
15.025908535054556 -12.256070228010184
-2.836612758135794 -9.839595279638505
17.628870151983183 -16.462278800504929
39.239325461498034 -22.841567822258721
-20.078949233352283 -12.576291202096060
31.062388941851140 8.721946242169020
31.979596557075894 22.477887120824295
-31.492842086464595 26.259595680903665
-37.576537015820811 -13.853851971210700
23.058110975093232 14.569542444406455
2.227477159887196 23.056280067163868
2.450534960737354 39.102014200178587
29.880018026653794 28.745173786063450
49.566711390125882 34.669861045395557
-8.446685089918045 26.381663505470655
-20.059797659268188 -10.284059673132278
-7.436499267072181 -22.071271655426081
-39.447014672630928 5.443184115785647
18.470966881282983 -48.868154952024526
-41.639600600740636 6.877289695723745
-15.962640552675197 22.372091412869636
-7.174474876873692 34.524808710406489
-15.116442669108908 -0.422601312538218
4.092392295860021 3.613563640553834
-13.961778344396331 1.602934140817438
2.416365137757627 -24.324935724418182
29.000133090438091 -39.714996088358440
-16.712410115712551 -15.727580523192733
-19.701230896346388 11.204225036786646
51.087579767003092 -11.377129282969129
-10.871949775267559 -6.097040956561290
-13.856332002456332 -20.154431341573034
-26.927242093237382 -19.643277301637387
-10.103617192206537 20.381675077659523
1.444047397307041 17.423054859633101
19.869719921631901 -10.697278424658329
3.675661419037322 -33.060061556970965
10.918289545568527 -13.900605685551696
26.844275952854407 -3.624362482137110
-31.700639042915885 -18.432523948160696
-2.285705269951130 15.515422519530402
-15.510784432916987 -20.376012697018364
-6.698668838736561 11.748914908125997
60.906983939481542 -3.376620778542308
14.757961192163158 -9.103622961875109
-37.226292138710797 -42.562098096236426
-44.200577369855090 8.076848679122390
34.741846823758863 0.626352059608299
0.967204541623657 50.168495589931858
16.244140456008108 18.229198674049240
6.853698420324450 -11.627088303750780
-5.017300043886899 8.581706994945224
6.584718938989477 -38.600685540558167
-70.262908052490090 -6.571387208915514
24.001226754205604 -2.126544515734552
24.293846936733328 -11.778459198871781
-8.137074937649775 29.861198594976702
8.866145672139154 -43.477194564034122
-21.589172613581937 -11.051547656367598
9.853133106629546 7.381636169260800
-9.206979829211180 -18.062571594993017
-44.919560557899878 12.458145634894915
10.486565665134208 -24.076387294560497
-36.053408124947829 15.749131623684681
15.200289546310971 -14.049716065052301
-35.828699240740121 -7.621958681658564
-5.950160220485464 -16.277545351061740
34.635069657929265 -13.993501522592545
-17.560321038388960 -19.283001020255384
-9.795481580723854 6.028064691224671
7.757006645202468 -17.214080973034701
8.259845593520868 -12.064154129795270
-14.331495407170745 -27.199530291977581
22.419435958703854 -23.393626926228112
40.305966450322593 -28.430847285140686
1.771672346873907 20.344010412790794
3.771526578381081 5.556540278403069
14.981843320798935 -42.889292537092132
8.746223329604511 42.612604915809555
-13.542143692925272 -29.935096057058484
-31.414293305405174 24.571647467774156
-27.017209091731161 29.880315172482735
-18.177690237646146 -15.666461975556537
1.560726174661651 13.851449517766746
-32.757817829742152 -28.712052605446715
-26.509587273539605 27.376241514847671
-10.989303466361873 16.898054803263722
-33.679639065075101 44.100366753476557
-16.049030768315202 -40.373164156203735
19.714609172568583 36.641189991721717
42.995186422636920 -8.959868223972377
-12.007517371159491 -8.416595942079780
-11.834685827725327 -22.305246937571365
18.997495138574251 32.286165248421113
-5.304928423432648 -2.734895576744806
7.275840013100986 46.495514125950343
19.759703045480276 0.298449804277853
-19.268451788292552 10.464825503918275
-4.150808734512627 -14.836590229265083
27.489916758250359 8.623593391002011
-6.757007740318538 -17.873145899979740
-15.988946266388801 -36.253965210300642
-0.766400456931475 -3.353296603872219
-4.624103392350437 -19.644209433107935
0.442560154644809 -54.796788241315745
16.765415385204758 17.551048589769479
-15.723068873768748 -21.043798774929058
-20.695049154242305 -16.391136296520337
-2.553750932029383 -24.051565402886688
4.269889590690230 -37.589617295794433
10.911297156347002 3.172019077627919
-21.786051563193688 19.804704206376964
25.865357993173024 -25.961707726182240
-8.278983280707063 -11.780740811050904
-30.100915243435050 -24.932645896717666
-10.528066300043463 17.653846055407289
43.110155678238613 -8.373224310722016
34.726852044546781 -20.570296031302195
9.629758056570722 -14.353873630500191
-20.064461170533672 13.512055249247245
18.763238363606277 16.375901273926793
15.942497452706961 -33.231161140778163
15.619360434740711 16.696209579257616
-37.351980517680772 -7.882970100000248
54.173003379282413 13.308896491549012
-16.850019066941424 -29.810085282525826
29.429357237901900 -24.302130020790752
41.010415214158733 2.762415368364664
-36.772998022893304 26.833374753763717
21.723597708155776 -7.951567308304062
-39.165583955470105 -14.046980911346914
7.872283210440556 -39.581828518407420
-36.879948230782908 -9.530317138405582
-18.233153055261813 19.782002034292887
6.079522180855273 -8.230858414586145
4.110993065809931 57.823497817267238
14.715720923926266 -31.813326954665612
-3.231905205464394 -0.145933460887962
29.722700940349455 -22.746065956263728
4.731331378194116 20.191773834853006
7.279854398968971 11.882870821442530
-6.437399183944424 44.495744362635087
-23.448700277758448 -33.862561981760564
26.585618730133323 11.025352117219684
-8.617009760482476 -23.520345733394112
-31.096364290096950 27.271080728415129
-6.237261593855998 25.939539398016858
-50.838839457561832 -13.854968757479627
-0.680796196642991 5.798388441106702
-12.216837053386481 -1.078346847500966
23.655529165361724 2.635422429208076
-8.641857261149651 -22.596951391035038
53.264001204586528 0.670563757418540
3.228768820824131 40.828080895668776
40.270331347203495 2.303937254276983
-35.067935577179192 -30.238914385386849
-42.526004339933955 -8.527576878039458
13.573840955753569 4.528628205292757
-41.568999583821494 -39.584281407794784
22.978886954130736 -21.808970986655360
47.517250387636722 21.715355768583727
-24.066091939079691 -1.904574764472605
5.671472332837404 -34.706855625560863
-34.948365571486853 -12.651383320059313
2.544887915512334 33.981486674435232
52.323733477319465 -12.031786083372438
5.866160907060215 -3.974293546737610
-42.606108479110645 29.809826226735058
-5.061283070191785 30.738808891817509
33.810264554061703 -36.889192767900163
-19.876556640567703 -2.885832154223186
25.711898308881924 -3.733930885731068
12.345324709822563 4.276092977569736
12.245223631002874 -17.289683248148343
-6.814968245682795 41.900248048324094
15.935553758583264 4.818240694908548
56.922538083283108 -5.679578491686302
-34.157363257859359 -2.317117104755748
-31.167865824680565 17.216919107456960
-31.169417526868763 -31.903928178626863
6.509099426466878 -27.519334484992882
-22.428546167456716 -3.946122918393736
7.731003670527416 -7.339008490824842
-8.119811944499197 -21.967518118718715
-22.630639123390974 37.499385672046465
31.497347198885773 20.853433319442647
10.387666075844225 15.017670960298071
19.960693931660970 -21.511358542841872
-17.698123831789744 3.350859441655889
4.362691801732076 -35.735851811961410
38.489425854414336 -36.969503529083084
-16.658399196389027 6.257626519469005
-10.678181460749281 -17.140060130131037
-1.577279598609418 16.205293807085557
0.344564926963003 -11.610980310551632
-9.293432891548770 19.475073958515413
35.263177723787287 -37.953962292641997
-18.211020047726318 -4.953327039620812
-29.107776388964304 62.554511824191337
8.485488017055291 -18.465555831680085
14.008125069382610 22.187962323695537
10.086896603769805 -0.737901646270667
-8.627870583753861 17.790547450630374
-22.096143877458125 -32.892954869581480
21.229232032171296 49.272237485644034
-2.466271291339237 -34.395356193104796
7.267148055811333 15.702157561077602
42.267536838937929 -43.784274381742009
28.978276460015095 -8.660549544099272
34.290476517720585 -2.335878472763087
23.236560822448620 34.943246936438669
11.254040357149762 -24.663544043824889
-17.099482971279077 1.677507561637722
4.998068853191064 12.892312103280810
-37.111106722664253 -19.362183849312832
-19.293353564987147 10.443288649615342
11.718116193535627 -12.236790598230233
-75.019228092144147 -24.271884857803474
22.087450378943050 -4.853356096259782
22.572691332457310 -1.648243523557652
-37.480991565979288 22.930413025601496
39.168123989823151 10.645146016779504
-20.556315957313664 43.135774755213021
6.127797376856042 -12.260437252244508
-8.304493146129870 16.539445749047825
-37.603573416747125 9.992324498369918
-37.111106738714909 -26.473330048537942
10.290994513290947 -6.413247265042417
-8.517678775245127 10.097430178383382
-5.018858509631020 -28.792496618207764
13.722301637546042 24.484968318343213
-36.189435976016526 41.281643461954090
-33.257358403940046 3.246240593743784
-5.792197426735797 -11.642924899480992
-11.688350563130445 -24.520868698655974
65.173971841080942 -11.825922477170069
-15.591310431150978 11.862007223106005
1.363758730792086 -28.053173458612783
44.475689936262789 -21.940046773536459
8.665343940306466 21.564872758698240
52.118880503040117 2.404066487571507
13.015292517188099 21.272722589769540
-3.488153780329220 22.386884227310709
-24.243527533345439 -5.327799611414406
-10.828028822678105 -4.414140434439030
30.693168802427010 -6.459516115977255
-30.294313463095410 -33.154537601095846
-8.897653961728690 -13.284928537917921
11.189712392113286 -2.581892839942041
-23.007482514993693 13.343499204986212
-14.736796154268257 -11.734416523568910
13.332295617554612 -3.169168303098695
-5.450656063099327 14.756440735036758
-7.502525395081086 -0.520853519146996
11.173886815147936 10.926876769494823
31.763831006550255 11.227302750598872
-0.309142775331876 38.601626811225515
1.991359476869853 -37.554359481579581
5.889192190558977 -28.309671102661490
-8.429697187180455 -31.706988212837267
8.737788838396407 -6.501438082968648
-29.420448647648147 -25.498583841033028
-10.000857741747968 6.001811929049349
-28.838892301792157 -60.315638027848834
7.624994179426507 -12.302934247607661
54.273009206856472 -32.695641910798109
43.199620599276599 -14.517467939900047
26.824464578188373 -11.287062767112408
-29.766132173123999 31.019410818429034
15.352666963384914 37.157353334355044
-66.749133567358300 -14.385441201475405
48.434708811278455 22.042041157725819
-15.327091176808272 -9.371908980671188
-23.631226877122320 -27.108406053247023
39.279005641220444 -9.520672620265696
13.657218527471887 -37.266893377416949
-12.473337059134359 24.332256818807640
-15.423972499034795 -5.999504046372143
-32.896362391871214 16.512241454848485
18.959824567248813 -16.204737854651402
7.946672522128435 -21.789953919069617
-33.817722139443212 36.582781789441242
15.373553639982177 -1.289315924316078
16.062151094092251 36.707746993743683
14.583580517324435 11.279626705849340
-57.097479191095800 20.374206199085595
20.504463138335971 28.537626396200444
12.846999807177006 15.864710079096763
0.812679480701273 21.534423796676400
-4.665219645358775 17.553712909054930
-14.623249039346735 8.461699585998320
-11.969727589881568 -39.477177039204769
-15.560559428299495 -34.528491276110849
24.587685958251207 -15.798559561164632
13.789963376261612 41.637148085134193
-2.450915300543095 -7.994938024144880
-49.268631253113412 8.498716214267027
-36.445554720863342 29.941698261245971
18.425220853780413 -30.409135986579791
-17.352219442978132 11.518191574642419
10.015524859567845 -15.502361839486802
-42.583698334128158 -17.316157537111316
23.884818421577695 -2.056771152738976
13.787126631156342 -10.386252746409092
-1.377608690829602 13.869799095649906
21.471020650567439 -61.955675322722726
17.223676316098150 -5.531121696151245
-28.463112240669059 45.060453611221156
-20.058078112047713 4.131650451631709
-80.264369272849223 -42.269102078151114
24.065594616260764 9.934480411423795
-41.187373753924511 18.134917962280799
-24.973319417593764 45.260210315900437
-13.025761592798967 27.023128888868047
-34.165412195808813 25.965273365162435
1.989902862845357 5.414096409290982
-26.474993162796181 -10.549599951610540
-3.524311239144699 -22.256881497619407
27.936855974332641 19.685650310672077
8.514947510716359 31.688674889273205
12.999530379777285 24.337616280868833
9.726714933214936 -59.452895861626715
-11.404447346594665 -32.119007228100507
37.179327702855630 28.596123083875678
-1.339158481752639 30.946330804657649
13.168029084233138 -13.134574307333079
-16.823531663329682 15.310818434870770
60.610541142308598 16.669283690129276
36.611819851998312 44.666911596569271
-46.280165180913379 -19.504574074137818
-15.301199283383133 21.573923414508098
-26.575076041598265 6.274815170015208
15.291641500357509 3.248147345169482
-34.545044199889453 -24.507981880347693
-6.311372859503027 52.698940834982160
-30.330644164400177 -8.744456210646778
1.781610794167662 16.011936934506775
-25.580620285830538 -43.836034098601587
-14.022329066253242 -17.308494306420656
16.238865664959242 -2.549435374687387
-6.953209098598179 -5.422951325938483
-4.470715678835245 -9.084596255069039
-7.713104536682894 -2.954117246500314
-46.808665799293614 5.815079004552729
-1.796235510324735 20.335838479554599
2.060847172988756 23.066015160757566
7.001321862816816 4.338186371393682
1.924211905601679 17.430289230150361
22.419184621407407 7.033560210620756
21.919086358605846 41.569325073111706
6.279304942279042 -9.040069386056381
-38.583896018069204 -10.015843949700736
-20.948216403804292 2.780108822006256
-40.532303352085194 -30.364620782676973
-43.599267719043482 14.955310674325649
-50.340605643795271 7.295044010045358
52.322532020991510 11.988201200104763
43.161431935068215 9.580507922155006
19.408508761285869 17.606039568753562
39.938824350502813 47.429629175665653
-17.448847315019645 -19.552425215584485
-31.634525017641906 1.603648508434330
-35.690768622382812 -19.186588187050429
27.393206986417130 7.609278753987661
-1.101673547715274 3.105469750774745
11.852817616140005 33.963632001225015
21.423767724546362 10.091544350254837
17.156057946762356 3.226166955627603
-7.601502174177227 -42.856773319000858
1.269475332682943 -43.009410486227132
-0.641288578519558 -37.308188452824787
23.610962120758010 -21.463165523248271
-4.049929408069858 1.996950436960494
33.040372794075154 12.060464052039318
40.261917727609294 1.717753958895394
-15.586335702206352 19.338229254369633
-8.161898239182003 28.070014708128628
-13.730896588282603 26.817427759981481
-8.990751128064632 -24.255857099187679
30.005602499198570 10.711008745813750
-29.148763937973559 22.541027737054947
26.079447320494513 -26.119718658127400
-5.949593312754843 -48.623377519862224
9.127649172067276 37.169931748424695
3.022453742934713 58.158775749676373
13.310085691321337 14.046867444485166
10.727903836948306 15.755360614156356
18.667528610092649 -35.908741825189182
10.857227368968180 -14.851358707299852
-16.273254682730482 -29.625933945002558
-3.498278934036058 21.030978185323786
31.189331553291165 -41.896371071836477
12.822424997073695 52.317676367080907
5.669214385745450 11.251822263489192
-36.235669930842612 18.751236773945351
-19.583736204317947 -51.752791761783442
1.410891743295988 -13.647056432616262
-46.009561432041913 13.851188819965685
-19.662132882480229 6.953863262963464
-22.331366785157758 -24.532855089404602
-1.346191594850797 -0.295756532071809
12.735666229132336 -18.277582942161011
18.907796254303658 -25.019750351693386
-10.475011884849730 41.914731584588424
6.988707156169577 0.146173147654803
35.913464532687868 22.838929163583906
6.758344488958223 0.336595018738699
50.995189161087467 13.151025348039413
9.183429334601916 -47.257935378115953
-35.551140268172951 0.241608603344665
20.409257419515306 -47.574548318038673
16.030193885386698 6.052342618310937
-12.136064859588050 12.855705767613090
2.483680766512171 3.248505115507501
-12.924883674805720 23.184769844746807
41.956322136676050 10.517653301936598
25.060762450819059 -31.870167840166147
3.121844453664156 -7.172822639687124
-6.686699655308955 -4.904968598026704
5.233373548655791 -11.347098495535429
9.084712532459173 -12.103028113504980
-8.110235308710235 17.386773231656985
-22.157863240461701 21.309250679417875
5.094694767994666 -15.652842992143908
-18.625559315290580 11.069611441168686
13.814114287640674 5.937876322340516
34.213470656576767 7.631202754220883
32.400076231885258 -22.509659556266090
1.341870491622090 -16.674563018806037
-18.816924273796491 23.358362325462242
14.217323394214013 -8.902334245677279
-47.200153976906812 23.631078603471106
-17.099856496927121 12.242919435580182
-45.247034817876674 16.069741736612364
10.941979413367493 -24.816912183163836
-9.019664943476139 11.188912367012023
-12.009357132810152 -42.340966849699846
3.116033954851947 -16.407976712633921
1.539791970934689 52.349294120997442
-21.680278495427814 -32.246055596571729
12.981586087094474 12.429835274932945
-2.269547987678409 35.255331774822665
-55.681749664379105 -9.321332702618543
-44.485686273012426 -0.106703052921161
28.926382782642975 36.417050125680134
12.389290134211471 33.968542703120931
-8.087487673106615 -19.060319802066449
20.485942250864703 -52.460338256022482
35.004024682873158 2.138987144002209
-7.249409184980835 -43.267023900067834
10.258748164444986 29.746902092570561
6.954584764661270 63.085166676492634
37.205030790420174 9.885118772052913
39.433380406909770 38.852267659560425
-35.728032395954763 -47.842896721851481
-11.367559693773316 -6.038473070605797
-43.784499831953902 3.226957329028469
-18.934404219789410 26.101992118269692
25.598617409085513 8.614359324934187
-10.151334857305455 41.781194324019559
6.424298641133681 -15.548829768174050
15.788680660143797 22.016195680166664
-24.496148867910421 8.570973805749510
-1.749342870426815 23.317916391302226
-9.640944355719784 11.238696803442220
-25.475187937627645 -6.542396192380530
0.613972793554328 13.646419551069522
18.390193674189923 -47.541895636982524
29.038186088111679 27.839431429287298
27.969436339437479 -45.696412075981989
19.589095763974843 41.102864320574703
14.639601311689889 20.101864632897769
-4.875627566099558 -16.691153667378174
-26.044361896115731 8.057757987448927
50.174269294140885 32.968619614231635
-11.917124842025093 -6.638156470196654
-38.141445846728622 32.069427725178556
28.898099194102635 -67.287039407324812
5.517402344109812 -2.016065647362473
25.987597910568748 -11.162724233748778
-37.001667645303016 -35.406671377252998
-19.443314260303907 -2.901630235508972
6.737076403102472 1.095324139992064
4.084333452419258 15.960024679638572
-27.444195003760271 -26.073885212206712
5.203687750469602 12.668574096892018
-7.091512951960270 9.750081637513725
5.057253258920286 -16.984184111717425
44.739839531530230 29.085432246238518
-28.129289072476070 18.924380215778520
1.462735651129369 -8.306863764152611
28.416921116668625 12.802782062297526
32.448285623645496 -19.477086862788195
39.624501540129934 -5.732319753172254
-20.246966894957620 -13.221332124516067
-23.617804408289174 -54.887169967204670
-14.097572186376583 51.083695388850991
11.750713738693511 27.492061917753492
37.687833561833379 -13.310663530862255
10.973934998582878 -24.594231086856670
-27.642711777461194 7.540566077202485
45.727791368915447 -3.354791900659910
10.736714954683345 5.233572099603077
47.329970679860665 -28.476925314106005
17.333079911489360 -17.454382340597832
20.540461727060496 47.551980319811939
-20.959877596737545 3.848522684506422
-15.587318603289903 34.650088107558759
33.946878882356465 -5.585217305138735
4.490823350466444 4.752358367778567
-22.271790505650817 -9.513809273598307
51.637903184382175 38.598123259853388
37.419929731355047 -9.392412059774239
-18.890940622095886 11.907115083159306
40.089035700057487 -11.929207375360278
34.456960877964335 4.355469991583310
12.896209705562692 25.485390972354814
54.414789961266194 -13.547454763893990
-0.739583128376252 46.238664361824227
45.033179273926137 1.619326957076843
-23.482240289565929 1.445219510226166
7.232743767783723 24.832838661068873
-4.861933596983236 -22.858813808467811
21.910666006984886 -3.351315306399372
-30.094114576487168 -21.999951031655176
1.462396315107368 10.570442846619818
-3.352647115875798 34.377248935702461
-7.954005796845379 -12.084713026007758
-8.231417411090403 3.998968061840095
-17.164599963097299 -35.380678373702949
-8.200367918401986 -20.690002342416765
39.795572242271305 20.295198420663045
30.946410696580500 -37.010176929217494
2.468791581059054 -33.051458463159086
-26.042738175264276 15.558587540077740
1.255448356746409 15.800341178924183
-8.121412400607763 -1.339772916818170
-0.476500154499226 8.531755611475131
0.390570496929884 -25.161530870450949
35.080942439910430 1.481289521201425
-18.602469260013343 -25.453780808936401
33.656909138609862 2.042208344238644
-18.673265566759369 -7.614571278937518
-19.284475288582215 29.835441258428848
20.527012447857139 29.328338680551227
-24.855531830358910 14.390672399090489
78.317592078009440 18.137145284580637
-2.734091050474176 -7.850280561657696
7.719903629872443 -6.382561571038364
1.479415291138356 19.420822964190066
37.289841273198498 -60.668801097472695
-7.602342070327894 -35.451381227275888
71.156803610725788 -33.014374904502873
28.126453909750637 15.910368436697704
5.352430605108809 6.480820549037034
34.799738014872908 24.057559432574450
-43.793631479279284 -4.074932375799954
-3.019046290350120 -3.929985864755453
26.348886248990659 -21.364524450462309
-24.204475274640963 -35.931776529722008
-9.303415744351387 -73.564383229594625
-19.295637437071150 -4.364062606747772
-5.583442720336764 -10.554929791449601
-34.313684813853897 -3.986174141091145
30.121828444396211 -14.042455558324662
64.632462806298321 10.158400019017582
-25.371602251760802 -26.216967265040942
-4.029659084407186 1.205042150352246
32.127623894418356 -0.650409924867082
-21.753506950880176 3.987162635026721
-37.531460755652603 0.509405585536422
12.718600264039239 -42.907716999482325
21.826317293570707 5.751852742890880
0.851462787417658 30.262091633917226
49.567824587378254 27.887790380763462
3.505078034821461 25.876096607973583
16.498416437952233 -15.801632683714223
14.634896728087728 10.525263256129563
2.333830508296467 -11.275663292687401
8.322408486465564 -6.153583490293458
1.382201625760619 5.940802452230097
1.631016367752890 45.128867753228683
16.343014952082100 -40.336112743371899
23.803962281763035 17.485987494622886
-11.721211777127889 -16.890003214286860
-6.352619483757362 -42.272193903806311
10.659121338284065 -11.019649591885925
-16.695224952178375 -37.996655659989877
10.356812855861849 1.441103989641011
-20.825449035744267 20.484943221864739
2.690082179282898 -13.108400084231731
-42.886192096138849 -35.194880810008847
24.904854218197620 73.895732709546039
43.087024828878569 8.202099708912169
0.312640164555788 -18.487405298741251
-3.200807408097237 -6.474151915755464
33.588354011755428 -32.096598801687286
-16.110534653305589 24.313865984770239
-9.397990193421585 25.768285779120294
1.386165744447052 11.106025664537798
-10.654452103137922 8.123184926797775
25.970615106122967 18.857858725860606
-38.779349155246393 51.869758508090250
6.745220391100636 81.974161351223358
-1.759533968243748 30.092147119268702
3.180742070838783 5.706720373828635
-20.716236904056327 7.321877313408705
-4.056808710707790 -29.073141061619655
14.068144390921868 19.001822611744895
-3.843734328010418 30.981496398803920
2.365960462445003 -38.715173571242126
10.020468644912626 2.389316654312091
-27.259050792744226 -4.981698849408143
-44.085751856951177 -2.693422068410615
29.768000112556660 -9.446800308199149
-18.328307431189714 -30.539172826664256
69.739610209042723 29.459245328195646
-27.259105358212832 16.363653082852803
17.817661346527274 25.310704459683667
18.650021363095068 -11.447862727980521
33.643091706211933 -38.034263688516887
49.284121909967652 -12.349540648707634
-10.534199008139424 -14.337263707240547
30.626635041457565 37.587385012019169
9.490987480476406 8.934007789273410
56.850469379978243 12.385468164886030
-5.190799691342955 -40.023549090736573
-23.923214201756934 -2.242376522842367
-25.863792449251502 38.239852201593024
-16.133303259355799 -28.476139903012974
51.061308104606638 -24.887615688379476
-9.613728525322333 -13.360244346198726
-8.195194770960439 -8.929375781408666
14.525269445354841 35.779106137872034
7.842545121490029 12.158253725848786
16.255880038204154 -8.777190694210354
-20.873518232987774 -10.783225847696421
-6.160688206016295 -1.324713044322480
-13.522647152282666 6.257843200472421
30.158696941742537 11.576345732108654
-28.093305876532934 -30.797428210619923
3.773953458897434 -11.603537080512893
-24.012138152932927 -41.171735275671843
16.808570648759961 -13.279926580266952
23.167908860571590 -40.851315306549679
22.970454542604312 31.098681147293188
-49.934375736694868 -1.869697565393958
-22.588461060172175 2.032352344925332
17.341607858574228 35.817936134944247
4.231912230659560 -52.096302578070173
32.207805926553661 33.452169088399899
47.853517780523298 5.564627964427713
-9.216949295920355 -2.204690877959961
-47.437909316067653 -24.375453020939450
-19.263312846650354 17.815070012231004
58.009531393201122 -9.919007089005099
-39.436317278128037 5.756241476736691
39.563714658642759 -8.550958296494386
19.378082942191682 -23.045578552672847
-12.248117384629952 16.012341090418523
25.218958419564405 15.365417552195726
0.086996456206053 20.564872516279912
7.618660639898952 -0.496227729250616
-70.960028590039116 -27.296290369108565
24.146630322937327 -38.592981976354174
-1.027387754347809 -5.015571124629076
33.451803344853410 -26.144195503966046
2.558526170215774 -31.913688776399340
35.800630956893002 -8.962481923855023
-48.429120361316059 -11.447202246991568
26.074886549953440 -10.970152089084989
12.271140935432230 -1.751183268777679
50.485446530522410 1.626517412923491
1.970050566991327 -42.119630904007977
-6.421277004189106 63.450463805757273
26.220390172610252 -20.269099442553308
31.886587544654358 -19.560326508515693
-36.892449176949725 5.841944894464127
-13.097235622774523 38.328925044738817
-13.033056804041514 -1.958602615031907
-1.191490921712175 -4.718384924712422
14.866307781391740 -21.660102068319070
-23.614313621609451 21.048764243247632
-10.296464699334502 37.769914424460126
-31.224101592767571 -51.713692882464088
-30.726160427213575 2.336975608974572
3.276685772951521 19.964555037871392
51.116137332213356 -28.344013503045293
