0.000000000000000 0.000000000000000
0.000000000000000 0.000000000000000
13.715236992142357 0.000000000000000
14.470753866391535 0.000000000000000
36.715956420434637 0.000000000000000
-43.639473196143626 0.000000000000000
33.987548374555686 0.000000000000000
-51.394431016823425 0.000000000000000
8.328637214930856 0.000000000000000
-24.925368278530989 0.000000000000000
31.424035247482287 0.000000000000000
18.858802604235592 0.000000000000000
-28.299866661714855 0.000000000000000
14.170348864488190 0.000000000000000
34.488080453165558 0.000000000000000
47.547392478726195 0.000000000000000
-8.757998805730960 0.000000000000000
-14.609590934665501 0.000000000000000
16.189605682074397 0.000000000000000
-5.822074919583613 0.000000000000000
57.203874677419464 0.000000000000000
33.794976732222175 0.000000000000000
24.850098080412039 0.000000000000000
116.692708750728073 0.000000000000000
37.030835212926711 0.000000000000000
46.700172309490853 0.000000000000000
-0.968291897219584 0.000000000000000
-0.889810950183299 0.000000000000000
1.733048430144617 0.000000000000000
-44.218870947931258 0.000000000000000
-7.940778785814836 0.000000000000000
-3.644182833806548 0.000000000000000
27.232554686390031 0.000000000000000
27.160413944658327 0.000000000000000
-56.706783900406194 0.000000000000000
-35.204369791271326 0.000000000000000
25.114679292553244 0.000000000000000
65.081027813492980 0.000000000000000
1.452912139533352 0.000000000000000
0.259631861210875 0.000000000000000
6.552150848643229 0.000000000000000
42.720370828447315 0.000000000000000
33.066765811975159 0.000000000000000
-10.194597182334116 0.000000000000000
19.321420572602950 0.000000000000000
-25.553534380180416 0.000000000000000
-43.125772809641639 0.000000000000000
-33.531636842641042 0.000000000000000
-17.525288709732351 0.000000000000000
-6.943352510059144 0.000000000000000
-5.210636571656239 0.000000000000000
0.000000000000000 0.000000000000000
17.954425085779665 -55.015938795673613
-31.989491845441407 -4.414606351099462
-8.715073604168644 -28.101922720709908
-20.366406424264689 -17.456159094922334
13.783999216671321 8.505002200403073
24.380333421021334 12.437048169671861
1.909712373447856 17.935777727288951
-10.187759787666481 -3.373564148548810
-17.631267776353354 21.069695015993023
13.425568223498896 27.675142607331207
22.810507378561265 4.702098482385665
-17.058731908989824 38.415157875300586
-19.093300500404602 16.270300271544343
-6.743514220483470 -8.749587956696741
46.833075212786902 13.476136369618068
34.008133768744152 -17.377402927354197
7.505004185167287 4.099955820635935
-26.981558233164261 9.463834778444348
14.518170907615206 4.334308991150447
-8.401692143953511 -2.880320656863090
-19.954218012914200 4.654126699510873
4.698036186188448 -8.435286957721948
57.332293364612475 12.101905731074256
-6.208669619060724 -48.093488259178734
36.334479009807062 -18.958256252355653
22.742075060259793 -2.911306603132712
4.810740982879552 32.490009023357338
23.915973912854827 -41.559054550770995
8.026995114900320 13.822445347680446
13.457581647234365 76.211326263634746
22.066169441849503 9.738316792452549
-24.934081321744419 0.200001685531868
-7.375135697415764 -21.951993644824846
33.108192892471052 -47.817706546635783
34.284674607917310 -19.659659328229729
38.333701681482893 -63.447734922059610
-4.912453772163658 18.158462065723317
15.365066990972922 3.214303634305426
17.693843668386439 -12.498668003500908
17.939118017414199 14.859638349366032
5.457059962262538 -15.830627524969902
-8.398421054430598 -33.287192904504749
-26.736211465573263 -23.418015049189737
7.949332078765213 -28.790042536105048
-24.099934328566107 -54.990599922879213
-17.211250881350878 -4.393089535954068
-4.914373504080606 31.551098752735562
-0.622150973481648 52.732018586387085
7.740116894907398 89.516272036194579
23.251736289195318 -13.756201303023284
18.687164288609118 -9.308596229185259
-54.349227926482932 -7.743680187983314
18.504391352047932 7.434272685377636
20.884627391222416 5.885893816362640
20.332632199211076 -1.531911422106183
19.835763854625604 -21.801168379723205
-23.891193418839077 -12.697774497462316
-18.253009493264397 3.322352529982088
-47.292594923370665 9.531322527797487
-0.375881115034835 -10.234696107478737
-18.603162805637140 13.430330494611749
37.902792649161221 -13.775011091336445
4.628263729749753 2.496410402696996
-6.427491111488829 22.199558717622438
30.694254713499323 16.914942818804249
-18.118780958441530 12.259803825926813
2.748525182551856 12.831972585900614
18.990211842902909 -20.554711484082663
4.932439976804871 15.249769785551182
7.506426307018292 16.962039047542820
8.637001514802837 -37.855134985542620
-5.762551382499358 13.081979012508530
-40.570959306352371 41.910409002585098
-28.301649425816311 1.571938854495927
-22.769177106249401 -4.963858789252307
-20.552329252564238 14.627878070975974
4.947072586572478 24.226258634330222
2.521749379750673 35.601035669807871
-8.423818954285261 -8.833386444920764
24.319968431470251 -16.495672302438997
1.814683164372904 -9.553675180246135
17.803370656947827 -24.400906791587420
11.971138331179446 1.280181042205700
-30.868149378376653 54.095560437744901
-7.205410961081054 -6.867090406130798
-18.435070552729218 22.225030210196977
13.961480252096566 -1.086885723667991
36.363424142035733 -46.541388264859613
-10.295821348200667 -24.706882481048872
-12.343216337622493 -13.098579904681833
-0.915001641850124 -1.921655827761617
-4.804515685919893 5.261860293443910
-30.184594749238347 11.371703118695164
37.800098526521197 -3.971804938005356
-30.094842103425840 0.420904913865660
22.744664349708508 -31.268319819503109
-13.294623465168817 -16.300215756311346
0.340192289959554 -2.156110103804973
-41.844523294096419 18.193406152737026
6.235429991184767 15.544382924508779
-5.635445164519292 -13.343012710494161
-0.726482407450713 -24.952468128839019
-9.823062064426610 -22.252759433369114
-32.666212460566875 -38.077712883166733
27.980898652371241 -5.261034996677734
15.793481429703816 11.498566977615727
-0.836901526118424 -12.121287913792962
0.365645581287122 -11.036883155682469
-13.345769352769183 0.770825406713160
-4.026717893818002 -17.566832090422398
-3.261651754082832 -59.639102576899745
17.476227194235314 -23.609564992353480
-10.019788269923726 15.062230858626238
33.863401938158930 -6.546658279005382
12.161094697008519 14.378305977254719
35.460301284268972 -12.297351405126282
-19.682347464038425 18.804613957204911
6.624708485978370 -18.585780155673064
2.372392947410141 14.237606602442863
-8.675793151891316 -40.954464470488318
-25.753489711031474 10.942177785983947
-1.441498431995224 -20.213227080644096
20.893801139614965 8.388141438083508
6.110091008968963 15.870416417429547
16.622299514885221 36.753643546288131
9.811833636355695 -11.919765065773792
10.227806856582328 -5.452651013415343
-19.518554656568337 26.949767286375916
-30.430376475616701 27.632064469254431
-16.653372534878454 -31.254423120539780
-35.472867924016086 -25.366079362966669
-26.060759808328207 -17.200682090535288
15.210908657771038 -41.386196529385408
5.383788027129890 17.314353630599044
-22.038911365914995 -26.683087822193229
-31.999244954881295 -14.092766475114546
-40.305707331781811 -41.886427583592358
26.797883961954167 -6.879758644624066
-37.643807422831919 -5.056380464359036
-14.223059300337468 11.144737002883829
-13.149300609070373 29.228247383992858
-14.793450400261456 -20.961900152362738
16.147581431159551 -13.323990233560929
-2.804009595356837 -18.252663406588585
0.674247993141204 -4.287840752151286
63.164346715662887 -24.478880787556179
-55.305063207020154 -7.631792508375131
26.890349586521346 22.771391340275475
-0.189677483584261 -13.541272169685644
1.726672680715178 32.352959387699613
0.847130757114501 10.417237026654064
12.645159326112536 20.098141454191495
8.684605358003171 -12.996161682112072
17.432507637151140 5.742408413798222
10.364266344192320 -5.215700916812229
12.054436715163259 29.120991430729372
15.563790901430218 -27.925865627881617
-26.309294451569610 7.283226276154438
55.178946607895909 -10.520112494187750
-12.400556698080521 -14.801446955058912
4.239318021807585 9.542470543988550
-35.123833608207235 -25.414650616777397
-12.095854968091844 -14.937761447512083
8.712288058383846 10.475471532932131
-12.259362377482912 -13.509811046819474
-10.601818755937140 4.508052340179626
-9.866627963721729 -0.773893908997347
3.742684819202815 21.225774650533534
16.428432241059486 -10.576366760410146
-23.047535035079484 -30.701799932519737
-2.164769488633021 14.653193394198521
52.592120894957446 16.492960787119053
-33.497723844310130 -8.704812083665031
17.571807365105364 22.316879032426531
-19.559237814857433 12.130653065116629
7.783653498148438 -24.875504997683887
0.628300473875367 22.991023679034857
-13.995254350664451 11.573945591073970
9.251432886371328 15.222094945484654
-1.304172686308375 -5.379633777699385
-5.462836649474816 -14.387994970090505
13.979710376776360 3.289486435811413
-28.430948688212396 22.429339151445099
5.825819361671962 24.065375455436001
-14.725932014636987 -2.683856021180432
3.109059799670971 -0.458141537352876
-60.069700719408495 -1.598526486168588
13.996170604885299 -33.601849755756660
-7.189786611572243 -7.806630734445976
-32.464793857514387 -46.162715238414663
1.539000945647939 -18.492669066130631
1.848726486854311 -15.460737789154757
49.886231479496999 17.679959937614193
2.561852249051911 12.766929099092014
15.511631260245109 5.504825499490784
36.735001588802042 11.930551090169541
-30.146212621937401 -12.056970655433856
-9.793228037589815 -1.194119981713011
-4.431557911957350 27.930371653285963
-39.951521845844546 -2.716320772796009
6.061745244061178 -9.668678378432480
-12.195215471569686 -4.023757439070769
-21.457445780550085 -11.343389020703276
-19.214051720691916 -30.530883275902006
-12.981702633653335 -13.325745290212575
-12.926915470531180 24.974060052237530
-2.313640002255184 -19.032050174457012
-12.396822310334656 32.984785481755033
-12.065148212747856 -20.581732868321509
13.422913259002437 -18.286427308266600
9.631019882170854 16.215774496404514
35.464119875065109 15.884217992108741
27.746051608278101 -4.859188311906411
8.455723817288213 31.264441114590447
-25.886238315046096 1.284783785412645
-43.383393585159794 -38.065702440129655
-5.088706311970084 -5.025737925882626
-0.240780787127427 -21.701786711576343
-39.950735602404549 -15.279408548497695
27.012582586462365 -63.520349844970930
-10.843374852113527 -8.360375433526311
-1.586354729223378 -7.858206749681362
59.778941931835803 -30.900808653487953
-21.590984326953858 -61.031483379484072
12.686047122574561 -10.611302725600943
-1.002519738284742 10.957312533041820
-3.328910605816996 -16.141129362231776
8.338183996047723 13.377332208903672
-4.244119242868882 7.440938730993445
-43.701392955339024 -5.315815970482745
16.079588317476421 -69.949256461466888
16.395945021638290 19.588529093806237
-40.178419712538549 -0.407368609360819
45.279898067134717 -28.696719681741254
7.448971591574841 16.935794068448722
5.990279955369233 8.036056388917579
-8.234343787447173 -28.033643116696137
1.395347852310493 55.399055755540850
-14.823699264262528 -20.923540730582353
-4.750495079826012 -0.872723678264925
-51.589370818900498 -16.361760002547204
0.108660051635048 16.590987596808002
7.873758659152131 24.593121055703406
-23.060136072277544 -10.414368207879582
-8.608575121725488 -10.459917652702842
11.095892376238087 28.806909766914451
-6.105464504397041 -0.689522330997398
20.081828771221740 -23.299274934732349
16.763031137271160 6.529527693630865
50.853319137729123 -28.653032789786337
-26.358989979047248 27.259041620170429
-3.188547528784381 -6.420593241166838
29.006559771845140 -27.681070657510599
-1.973516121757010 38.710455594422008
-4.003751457987950 10.384827647859064
-0.438724920945971 35.695676535627172
5.922850172720135 -14.645742609606513
-13.406723854306470 -41.257945135324150
1.185474391364201 21.909950290107105
-24.537817684083727 12.592172578948661
-13.177901338391255 40.490058191673036
33.472720784623093 -3.712852511369830
-3.074629506525059 0.583257658828150
-3.026210030607019 21.620938960805098
-37.391173824651645 22.533017158877705
2.550720470346516 -8.778439856664823
-21.496477163526301 5.176260757321396
-11.933429469765944 6.740572023911271
39.360125006404665 -27.522516486278725
-13.439948059863436 13.527312855153868
-30.869825460809889 -17.166473078761268
11.497779088586077 -5.491256003839627
5.817796055515655 -7.998278416298533
7.049263439337656 37.085180388688698
6.812774462925026 -4.479428995332559
-16.974536571575673 -33.144643741045087
-6.671851162762296 -55.050127553434713
9.594473961869191 18.938997432677063
-22.178905309134180 -2.491372660263460
-1.127632864411778 -42.127770224302175
11.303959314802372 39.146033057780159
-2.540438497920711 3.524649244853076
-18.305434469985698 -2.943085154037952
2.377821090519939 -4.840694868433655
27.221115573004479 -4.606953408809390
17.805509526359362 7.902748783449950
10.154574602438782 22.786141498078393
16.169495632838764 -26.819508199055203
-31.530362036235317 45.007709152023928
-2.202138172316632 -5.419427296685298
-19.195471392382011 11.950618651674271
10.011426061197007 7.343822268819028
26.230757591864872 -35.518774301176308
-18.102490542270544 -1.942596302902616
21.083291017292069 -10.930749862009026
-9.738879197122211 -31.393128931009301
-20.936275598857211 5.602788207608396
14.684751075486442 2.590331404163975
-6.885473338754146 -3.492647078542213
16.078295093300170 28.721937684193012
-18.678522575859599 13.276989959349649
9.026044658036367 -28.942073148942423
-0.179762075620823 13.992120744217459
16.274669889833817 -20.985623331446437
3.128972499232303 -7.781812396745679
11.805494670372926 30.390370252480864
22.636800097289044 -1.438591029490640
-0.694331127195175 -40.354214227144148
-21.522536233287632 -28.032935062378076
-30.951691327691595 -18.961963432683778
16.477332795393679 -2.315498712218576
-7.391528580759684 16.489412123041458
12.331738649266075 24.588029268114493
8.120588337828941 -38.190915534480702
-22.846889107387550 27.339217165887852
3.401815851344108 -30.802439919178841
-11.726906471977982 10.995096494520137
-36.052165574000767 17.063983377473317
-16.490392962251651 -24.822459833106421
24.006667308579498 -26.498518972912319
-16.343526892274674 10.329695720266807
-9.944475516885568 -11.935151989331040
2.963491299321533 16.715706716955211
-11.334293118488425 28.971499009169527
-13.558614609450894 -15.467790130507188
-21.802918968050957 21.755753906296093
35.061284094170624 -22.177373087316369
-31.506972709134281 10.990069165616692
-13.659222539144277 -8.044183359800686
22.071514879047363 -7.782515151700991
19.646011515108462 11.685332135478211
-16.153839465820433 0.256568085557121
20.416465159127782 -30.497983962629284
18.262948473521863 1.781886606312906
2.649796394822265 -0.064610711236216
5.901244580546379 1.896053777922990
0.266388143962928 49.417502770098181
-17.162820138248055 -8.321014580127613
12.713836336648633 34.513179451868851
-5.574208883738206 -15.268251583513468
-11.930307513173558 -39.593641183562468
-23.734904466763968 -6.184227467002256
7.346173438610200 10.122818937008050
6.997144708055343 7.120347323479203
15.585939076177651 -0.675371526923440
8.852352754560162 29.778667830735301
-22.852807522537553 -37.794512356178117
26.127890948601991 8.915284093350142
15.633256037801420 -20.110876029089429
72.647132372124304 27.209990654059702
-4.970531850967768 33.196797387403819
-28.002788860022555 -2.217876445023808
3.171023796974263 -17.572272813307364
11.642842151486253 -7.351081327438202
-36.297191330054183 5.197440670060184
26.223807177829944 5.688316619909124
-0.647725160836386 22.918193467584331
26.911835252856008 4.552458344701593
1.925176441738218 -11.327956548660879
2.507985947915292 -10.300576398724919
-6.858766840135269 15.915780788025842
-25.470977032924136 4.050476018101789
38.383153827622685 12.082266217108934
-39.777367940497584 0.949506409901864
0.697631762771987 17.347138031160181
-7.717217615407729 0.534110085032829
19.287881028240651 14.318641773706103
37.061763790111712 -12.379773983456253
-14.733620833472971 18.514457922991781
-4.260389855177397 -7.663026721923679
-0.146866148995464 73.448940033854910
3.089830288117544 -43.893194688611651
-2.959945799777635 -18.153439292430054
34.033704002044651 6.201876577427707
-1.180205800927192 -33.450216785801246
-1.943435901112604 -19.431701401593809
-21.762472811249825 -9.055287043672543
37.080010374563258 5.702086041172839
3.826695261741437 -9.441525513119885
27.844665888061790 1.305568773299883
-35.006913068406583 -44.884288036886744
23.028686176952625 -40.936964393344546
26.449750190921868 17.375113328683092
-35.558841683133856 43.701332076408015
28.838375244436147 -12.395521184116138
-10.846777864237279 -1.621995107887799
15.105453296968752 20.503725382566131
0.440446191097937 31.529195542491891
27.327206913497957 -4.021401740988358
5.833066172153558 -16.667595358317566
30.359440007808082 29.886211985401854
38.966214865074463 -35.755109608315976
6.434008120007134 -36.782630179561373
10.071207966105721 -7.952129136764843
-7.686636028438762 -15.337859437647426
-6.825960021326284 -19.705439784759879
36.989658307738807 -29.047014824055939
-3.400262466748202 36.871640118637671
24.324933260635316 -6.300932049806018
18.732758790452781 31.830906226556859
3.181471150262651 -13.056948794694433
22.212255917318906 22.199568064917695
-61.195007539202265 -9.843502629918456
17.518733215910135 -0.643023053903780
-25.406162697426041 29.551395552721925
-30.183964051742304 62.269500998082535
15.100772190019876 -52.301387660036376
-9.151745289661095 1.334115555063757
18.709566675960076 -18.944766447350055
-35.605351878838270 -5.617465274183330
43.554666447162198 -15.855492186008799
-27.611404201769354 -29.406861766204464
-61.443940640843181 -11.199853816801539
-0.740060757471220 -16.037935949170851
-4.569717830685802 8.157936715308633
-23.110482034079709 10.932934755490816
-16.515686224397992 -16.801815023085709
-23.991561270373339 0.106934897507762
-0.928067399738046 -3.383530638978702
3.584643808284912 12.666571700144454
-5.686134219239993 -5.401704807021115
-13.654852204867924 -4.138148350734331
3.591934315632257 -11.936401766913002
25.237556461522662 39.701306604226446
-7.387525891627680 -34.539253706174961
14.879214156494301 14.453186985551188
-12.863680283614578 -21.831850307711097
9.525157808763362 17.395666741250061
45.676226609652268 25.583280988419030
35.851128149114203 -10.524742176556201
10.008503393367157 11.754978779843745
37.794371076402825 -3.866672294920622
41.319965241568170 -11.774067568261003
-13.658975413649509 -1.278057571462829
-46.788151119790221 1.558409958763404
-2.100066771361305 -10.544483011075567
0.876242624242587 19.534845661383407
-46.110755861852248 11.453097210160902
39.463374931888907 -9.086582286971980
15.823186249490647 -21.694246735774584
6.764190403712297 -6.655720045395511
-28.526280871436366 37.869498204220740
28.271352439930443 26.578068212974554
-4.724500212782003 -7.709648019833592
-6.316948626094544 9.099697959201084
12.425958701020686 27.497328430649180
-12.692843435799970 -69.304989445034906
23.061639351902389 -8.317803345892374
-32.970372679674931 -32.448244526448825
24.811019180310492 1.764863696753033
16.501376840126028 -6.644511181901694
2.298931014163471 19.126631695749179
35.239178392383288 -13.562863336309773
-32.690339719545243 12.321974069455029
0.325938398251026 9.006473153534820
17.783769381149447 5.957677751387143
-20.728902883928615 -1.665695529475314
44.035188043581591 -29.839433585833046
6.612406251278392 -11.747320129859215
-5.422440030311178 -11.670997532413050
-15.377736180584554 18.016037762286579
53.512059991227751 13.836692243455552
-2.786193726934225 3.181957598390949
-11.480851233791121 21.391602900682734
-2.276015970248257 -32.911581741671739
9.540166055134204 11.770237246152996
-5.838431858291914 -30.095541715360142
34.268414967057417 -7.673228556903112
-6.677792147507822 9.108197616697950
-16.205607187025223 8.061882497524243
-28.882058391356008 21.982112574558805
49.122559572033474 -24.842976412825955
5.858072300579024 1.603511724973417
42.489458855015698 39.060370280278455
14.473656412451279 -20.810363095217213
-18.951257669343889 24.439616049760907
73.425419850654009 -23.974448467145006
-31.552657532223883 -7.610713898583749
26.469727739368459 -14.740483283771367
-1.901760880729921 -4.686050663823654
2.729206516908467 -13.024153576059058
-27.646667099001384 25.443020445646376
60.695342808760394 -38.691302068201246
-12.497089220621936 57.904990212871098
-34.990944587526393 -36.024259589314710
-34.265494702991454 -71.694738573227752
-23.823707144689401 38.314482508035127
-6.663705261226441 23.413817503075006
20.668173948798415 7.459473426596448
18.346555043746200 4.088930995782900
-13.276678233796257 16.515991366007011
14.655652018057239 -23.254990604700030
40.451285370552839 68.724987414865524
12.777216591594874 15.724294831143389
-14.252417355590074 -13.222692901339894
1.874989626931509 -23.255130547608921
-2.228179805425321 -27.736178716056678
-2.121284179463827 -22.444398290439565
16.403704279412885 26.749047670796248
3.803619596764689 25.482979104652859
11.769433796489665 20.018562495192594
-0.611364650710573 -27.734376582016083
-27.963705795269867 -18.687920506461669
4.714765784042156 -16.480176114512094
25.195824655639136 7.420265465228447
5.238466689418058 -0.901743967570852
15.426259898885458 -10.294341719014575
-26.529056333426663 21.170474633547361
10.018340005321768 -2.091811231354245
1.424806309479974 -29.404877145817341
30.415326955824913 -28.718011611228786
8.034724717826126 -7.062173930313929
-5.599946349550981 -25.405550502556309
-12.280198167835525 9.949156546863321
-5.212762770389107 -3.006615701006385
55.744108355111457 -37.431246066820876
16.260115087778249 11.898799817543095
-4.615187348371312 -8.465179239670253
18.255173798857822 6.479748677688715
-24.936251728739197 16.780533419369871
6.521232551384022 -21.004497177397550
-17.543617414107736 -7.149104203822736
21.476016190146957 -14.432745170776984
4.090172465962544 -1.087969967255703
2.044331096790594 28.006547808596977
18.477996834217226 -12.023650679617113
-48.460386958342198 -7.253103051779372
32.676924104238978 -20.811540609602989
-10.716128221973888 15.554833994251895
11.244607959677513 -10.924865387967300
33.810117727083309 16.641930506188903
74.346963620121855 40.520714232888494
-44.452917962162267 14.901440905540690
-19.265458191269914 25.620057886819193
-19.847560613706250 -3.232201677182512
13.685119642905958 -19.808071031369931
-11.416850123123229 8.884453341443825
-32.444802962432256 30.494451856585357
-9.480120904366160 -9.141632575875169
1.481499649923442 -48.145414321900077
-26.622361108022879 -1.089286610428211
-0.442894263368321 5.439547186714301
-6.282371256411214 8.508486849149612
12.605880011350575 -11.045650063477471
-16.625128644625768 11.301567381637465
9.077585621768973 -33.565239310115274
7.354660620265215 4.580087294677826
45.238621824303827 -33.163861606919049
40.272061868188750 -33.968728860024591
-1.295110663516304 -24.072848787752598
5.577345622429380 1.625017999925775
6.725191696378072 -4.687665668326301
-12.149340342084278 -10.073645331267175
12.246169972381848 6.716872572411894
-3.564493387853853 13.329898761572098
26.945138335891325 11.832712471884181
-4.188384055213977 -7.640663026994483
26.820221860168736 -14.121176270033240
4.659713878992073 -8.769873990579063
-24.776818846722161 -8.926304335650260
57.344459350259982 6.181151891832281
66.566846239458243 -47.751084796634771
-7.627224141564689 28.832754286663093
45.908335802430010 -60.439380071503372
-9.687886650454475 0.784441955019052
-29.782953080211396 -37.780751310069583
-19.600716841713528 19.191263303316237
41.923823847813779 24.868545185498427
-72.694022945584393 22.429339689444998
-10.185105946921057 -5.942722938186375
-26.380719545335662 -24.274645056692364
-5.445844813613129 11.589407755469175
16.807072661123964 -34.095918589130726
0.116063126050565 4.457048353656599
-2.095535924482658 3.998209708864330
-5.719505575299921 -4.972908633112767
-39.487039386645002 14.325658240374745
23.891303650224863 16.142943960934861
34.491506707734317 -23.721102345801405
19.477975035067676 -23.440654453457011
21.668402091930769 -22.650083297550577
4.498812269532979 2.397742789897986
-8.717730156492605 -25.277547749857476
3.172080539390632 -2.605154226158491
4.283670504892876 -24.635212943794240
-20.946940261988871 7.878483599146435
-6.247965117310583 17.013253285346362
18.723261525615889 33.362526483161510
-2.695248166227139 -76.522057877126372
14.022632638445812 -19.869138363872697
27.821108376926997 2.756321953725185
17.643500965750192 -26.754660812548732
-56.001847011212661 14.464207567375093
-26.541774151767399 -35.203689593656655
-53.302144488780968 -10.379124108123559
71.333936266092806 0.592226067971115
19.228169463957613 -21.669201567244691
-42.172715561628216 1.941154537411039
19.871722584160295 -0.012534158273887
-26.469772974626306 -0.550636931437556
4.676802257504168 35.595782556772292
6.157370595678508 -15.307871132628575
7.667035787900687 -41.172650773597510
5.487411035298800 -1.763770705509707
-9.281162359704085 7.419172360013116
-0.105355028330080 -3.539861772557859
-24.105480424297124 5.731410035264489
29.221765899602012 -2.816160907798473
-19.467889088587754 -46.606772578755276
-16.765092091808000 16.629014294685629
-0.559923523195539 -0.020821664281135
-2.457728888291358 27.229554822420674
-3.447221956536496 -26.452137206566615
44.477708608340436 40.447604916331983
13.277314087070037 -33.128893203681415
-15.187726305050186 21.455938340863717
-9.218969073909776 35.219896222158845
3.819496455449236 -10.275396758864311
2.436043208773723 12.022795397187796
-5.362139746471356 15.781589322616799
9.876431832626947 7.310160487102313
-2.811486324588630 -23.017171690719795
-11.994660492401840 12.535030300942312
0.792679566629320 -12.911181206489760
9.485085597187100 4.520723789161222
-18.580399603941135 -1.064317907882854
-14.590299439053858 -27.200769123258691
22.815125102404423 7.148089758117329
-7.160599163092976 -10.868160736450864
5.581480671178723 -1.587166861898426
27.266157968421485 -48.116925631075517
-16.735094994129554 -7.294602086970492
31.985547270744373 -51.145929636746381
-15.554412970628746 30.995266328348283
18.785465035797674 -28.880458083184831
-0.818316163743961 -31.998411982631428
-14.752034848911208 -23.903585142473140
18.350742229169878 -13.273622293326731
41.436569978322872 32.730214685140410
15.711600765196163 5.514979534023839
-11.582233452107403 -8.165085082732979
-41.529860677934181 30.720114396285155
63.850414675431708 2.572649545824266
27.762134928400204 -1.306277458979006
-6.732041129930503 -31.936408645416591
38.630569882560003 -10.385983565422162
23.412115432265008 6.112222869972050
12.244134895390021 -43.169110842176501
-8.734202502279276 3.904187218771197
-6.511395247842798 -25.963980331939808
-21.367261495905989 41.277988650619179
28.423545989920910 -35.050895260916050
25.294509948482425 -7.211406759007222
-23.718666308674777 16.770654656870782
-19.707778077416272 11.630993091873735
10.093595701347327 -10.379224292704306
29.698173994964471 12.446140301957845
20.073803574606913 14.098849828300930
-0.259795930988361 12.395964226775796
18.171505548000393 39.430425997613419
-31.134115860005661 -31.602693545928496
-6.170609543641982 2.739333561331635
-13.305988364105145 -11.167472350738867
25.508438496407166 -47.491947711561231
57.476486119404498 -52.143984942041513
60.024926138117983 -16.080252654708037
-5.535031960633406 -61.417449368417167
0.527879705399610 -29.815571945526731
-8.665574594137789 -61.927943569896193
12.030469460713372 -3.870472077840878
-8.299723344280972 17.178411853805656
-23.877910097180777 24.442295580025785
-32.464517293563929 -61.412800102521636
15.097495062191598 24.278465046481951
-13.974848045008512 -13.440036851252035
-58.332005220100314 -13.194599240564568
-57.582624424080770 -15.848966825707311
-12.937387601786453 8.966087006237043
20.790385512840114 11.440176477192912
9.192922136064650 17.778591277421654
11.549114871126021 43.731637021696116
-3.422080954384676 32.225177054537724
16.559024554425424 6.374608660504770
-16.609917947094523 -11.138093220875339
-32.554026430586518 33.010610072419340
7.881614903872921 -37.030813060452758
18.649265157972209 28.725537903910055
-9.553965582123901 14.750446835491651
3.547031894961691 -11.294408520173178
-36.885895694760130 -29.981017767191648
21.787555142284639 10.843764391005335
-3.764696958579989 8.627750896407285
5.791155770626043 8.362071211004707
2.938904476962372 -16.357717339376975
2.044901963949736 -13.017915995758868
-36.285504686497006 -2.984241226537312
27.095090955292985 19.528215424276436
-13.796742536587614 56.893884713009321
-67.088816212571672 2.314730573886354
-6.889553894468868 -20.430577570888925
-55.317614826715520 -14.263360459861518
-6.339656766372483 -12.891843577809905
24.842623855682934 -24.524414892447673
-5.217979407901780 -44.267359585349887
-18.146260833868141 21.843523032691511
-38.292558197528336 -18.846239715161229
9.396711798119275 -5.526850233359969
-32.486224028373577 -21.121732472514040
15.728483632076452 -3.939599928021555
18.233543818625989 22.755485713460853
-12.427506628280188 14.558178794271484
14.170191014280094 18.474477524115919
29.788939122116474 32.565618867127988
8.450766023614507 0.651128054415957
-3.356075006985046 16.951003182289174
-31.462090325110164 4.643173771973528
5.724864786647095 2.443069318653759
3.887689394943992 19.218078717905495
-19.631977750141122 2.974397098194820
-28.940467466741993 5.967994245322385
-27.103042956963815 5.485996073848478
16.680402635386709 23.103132430569978
-9.183134326001284 28.133031832357705
-3.076137206655130 30.678577952379673
29.031431554641021 -9.035996879217789
-33.479165458911865 -27.813922549214748
-2.469033661970843 -24.389070670825678
9.558498044035380 16.923883032364053
0.504164114672091 1.819499594941011
37.348754910187488 -12.011344698924333
-13.921192498107477 -31.315961019475530
20.598277388699969 -11.697948831716463
-28.231485950007045 34.281407930541974
-30.152682492639450 10.933032865225108
13.619911046060899 24.104718477839530
20.739761836136214 -42.203471814578990
-41.495022111351318 4.674289019206579
-41.338483098482364 31.746073353085400
2.817248236480038 6.785959437687540
-3.194513228439826 -40.255079159938028
14.084252061555851 28.888213157192187
9.425678163476638 -13.348197923139971
-30.470489239656406 4.745476773368986
-25.897859665568923 -21.427194884484127
13.036759808192249 2.225840546044703
36.805352457539662 -16.642005250964775
14.523942801123837 -18.010671705038767
1.883348052333987 9.672546256824917
-6.720603221783852 -20.569448423913805
9.080578585553242 14.768317789156567
-2.542833743300896 6.741237572257393
-17.384235655206510 -13.274409087117926
10.033324336407546 -3.497230666202995
-11.256954850918428 -15.155484692391093
41.431877113280379 -7.037680456467536
-34.126807613494584 -40.611879908104783
-21.030220849194386 8.132588175693112
8.746620786993860 -2.472505085471081
-31.997878759602624 -5.878786129278772
-8.534276274629159 -4.274393028964109
-28.936893357059862 -8.776573241408418
-6.731675973886350 -37.137879454213440
0.900155220515919 18.347764324748692
26.368541878651506 -0.493101617715591
17.331299218059971 -17.089669227048297
-22.365648437692787 -3.856589758555314
-59.417045077882634 -2.311392905163748
-35.079994951485205 28.414814380533752
-15.515270171046376 -0.297119594439098
19.659890957670928 -25.042497567834971
-0.397537030896320 -0.640365872529371
75.906319594230752 9.044094030687662
7.284686340930295 15.073946848105757
28.816557718154154 16.940780764855500
-1.928366813460243 34.810959431847429
23.873846367823248 13.502108301786775
-5.173325414221493 -17.204672697549707
40.240882910190670 15.783925437182511
-54.116757424366583 8.769344944954096
51.590926814814786 -13.555227888043156
5.158972835388187 14.930467596221160
-39.424776737848234 -8.464860302408555
11.882872239502598 -16.573542922817563
42.608053173111031 -36.222910541961589
34.117657870934508 -3.946221544752516
8.004568036731914 5.599385564184651
-33.545183256376092 19.349621161472292
-26.106398685253687 -6.838715177902114
12.765289968100078 -14.446994498093222
-18.542084172139944 -10.339992945109749
-12.826608103947658 6.851240291054578
15.413785547063911 -3.834590305650048
20.743954053143671 31.377388067022487
36.137307113442581 -13.547380271858716
-2.899733845253156 7.542939081573231
25.662309292331276 25.043071600081795
38.350147848677935 -60.798219818570423
54.626841046314404 -17.953320811820372
15.095642378237439 -10.530656367470440
-1.574722449891066 -10.740277806280204
-15.876687952802712 -16.768141167649627
29.097937546130694 47.797494898071008
11.978276583839026 -22.807100317332047
-18.571168517821420 17.993465524628235
4.779438812805395 -31.562211880423195
-33.373164981113206 14.120580180004371
35.580447356856396 -6.952751075054675
95.588913797036611 14.161249895360786
12.439813237914843 12.577033915223812
-20.447810151749248 -21.186443924632592
13.375538886728119 28.191305534610315
22.830681106545121 -5.986276510868811
-12.375412972385632 -7.611746873561532
-10.249326785243142 15.610264681112191
-12.240873568639781 2.801104146239891
47.280728763400653 -13.764919380380723
-54.814720631541078 -19.791694978244955
-13.598956761811525 -8.606143000159719
-0.576698286313027 -21.898754348283873
18.944085773991386 -5.439536063958608
28.189157165182166 -2.040378082609341
-15.176000638526139 -18.280999949660554
25.577985466680090 -17.547035673019156
3.622458546953454 21.763260327727391
-23.714255771894194 -7.919654905465830
-25.561962021435253 -39.635939643612417
-6.496703774291145 -26.904949403290345
1.637064444357425 31.912631738001863
29.483108750263774 13.217371719049671
-17.824153883262579 42.349775948297861
-3.140803387792706 11.561006966668096
23.188224983764261 -22.343651029908997
15.721270218179127 -9.776336937821700
-32.616639233756239 23.007116545832940
-18.306405203250193 45.454508275048035
-9.795737025830018 6.655630838833178
1.706172641038486 101.581649866703330
-5.345175848146956 35.329135537433032
22.817847997382355 -14.919145899379199
50.501568109180667 -1.223468892289539
-2.289693472926631 63.252395977534135
7.548972030334982 30.987458271386533
-1.812067492770620 -15.593904588799935
58.207217201060438 32.491168613273338
-32.900548704262810 -2.341145030620313
2.669762202646770 5.686195013177633
28.833400554901591 27.123619909423336
2.477160221783794 -67.165316255405159
32.539880279423407 -29.005494816722326
23.039179291097490 -1.941107355544496
-23.564003035175435 -47.649042230121900
2.149010960182213 -3.108425343581993
-22.819721740654280 8.824245381348820
-25.566763054627110 -28.706050619746904
-27.960792853112796 -45.676304000505645
11.786980988077319 -3.520837335767962
-10.473023193788604 -15.704041205300010
-58.546035857854250 -49.184344940273789
-30.166703776597096 -32.367079180943598
47.414703389648572 -17.292705649790189
-21.037985081514851 -36.071623733270471
-10.381214514298044 -15.074982047800265
-53.620094257203021 18.463057288992903
3.829081514153851 -18.284353779022933
14.743409330655071 -24.727346112618861
-27.327772122129289 -4.329763415599589
14.235930164236041 7.031336329438724
9.432756027408708 20.283728133145026
3.818792018745068 -31.421220748604149
-38.048034926205126 17.065664692223205
13.242541125929252 17.000085455478025
19.282010955424539 -12.360017995376316
-1.154133656434801 30.080981687381204
36.998543215052599 -31.418271093232999
8.871664478986133 49.834759550934464
-47.280700288346623 -10.777928424694732
12.252639105999778 -24.417823671723383
5.369957589385546 34.689131363718523
18.442684079292238 -44.029495581961321
29.933813471386692 -18.664776875907130
17.698570409566379 -40.176289187496749
31.742644112312501 14.679528242601155
-13.802887635323090 10.142060867747540
-16.248615960246404 29.214960993805718
-15.701009216140363 3.073924693812455
-9.377453947922159 6.197782931546937
-10.763945534766815 19.230910312813545
-14.650384055407072 31.319820004444953
0.515360402365176 -5.953094445921768
28.251668607694029 15.666672614967942
2.017426010230314 -17.889996346905683
68.883672375577277 -12.204400898019465
4.076944180165602 -22.498323328430310
-1.259090867498103 13.436707723409379
-0.335331998897163 6.982033099105962
-27.113948244475463 -6.628350154991379
11.772908755206464 -16.068276578412323
5.495167269821685 -12.865168680428004
-14.284094175738678 13.005273814304756
-20.524561729996638 4.535779770206918
32.664633723248180 -2.025824670748699
7.168899839103007 6.386679361539715
-22.855172108197742 -9.918480087950451
33.866664849682884 10.593668326035028
-10.385264359384472 40.175937019476144
-25.369565960544310 18.319730802216430
20.661471331006595 -17.924333551398423
20.777082248482603 8.196713657216119
-58.057533212037249 6.666980482209640
-35.679219108675447 43.126537958546443
5.923444642659957 -5.862658480960405
48.415261169087323 -11.453195787309520
-5.786177879829448 19.081659081646325
10.559394072049237 -43.338665951376377
-4.506864453416410 2.923191905606930
33.249416378471807 14.652980494927442
-7.078460650477172 35.418746222459561
-4.884364082648265 -21.542775105964083
-2.038810459579889 -28.559573339946738
23.298551266878583 13.479101695229938
27.423973667851534 -11.083801852913616
-11.943161042831481 -0.458992700299689
22.251138702077956 19.617128501990678
-11.282307085255090 34.462337918753683
16.111677560558299 -8.550741046588993
-52.284726372756332 -19.474156662057069
-22.839650359472909 15.468226958177382
-12.368714915458471 -13.906528494210914
21.215118151667856 -15.609886898833135
9.179779145735802 -27.216834197503147
-17.891897944442373 1.451351307798803
42.797586318432238 17.960360159318512
2.913591530122158 6.357327332707732
24.937265639461376 27.533451886640012
-10.294700443941622 -3.559719076800782
-15.982466205986244 -22.981277631499310
37.937875599371168 25.560344372079342
14.677602225733333 0.523551419229281
3.840787310930493 -42.346721838950828
-0.427434982711266 42.156595705112331
5.962983810161631 36.298884650570422
-1.713269530642621 3.674191639715508
13.768299640979277 38.469783248908797
-39.582033320556249 -44.034072133243647
-12.222340665859425 -49.564484459862598
0.896153368773136 -30.731193700770380
-11.566159715886643 -8.441211729557061
25.713134985678447 6.223582818413101
12.292750615428069 22.310958168439068
-3.369190093746689 -31.993922332358590
-23.377674240907805 -24.145563513377706
18.104422286830911 1.202303362748877
-36.261558324420427 -38.165383714859701
8.814415162647229 -3.257117508554906
-3.677355752325792 14.705548268593308
-24.422768512496191 38.300028056301343
15.767957501137644 -3.739495432232208
6.627098647822316 16.884981957341303
2.897352449945898 20.229390123862238
19.670959572685906 -9.263792695487767
-11.663507454811230 -13.690866791506956
-19.919985541550155 -5.226064134290157
-24.453633593066343 6.643240575184768
18.998321335036138 19.729671770255074
-38.742847854341029 -31.818613591720325
17.004398562020505 -33.812361325624217
-43.353017442610998 -29.437217431049138
9.156096127130043 -31.176067653385477
-17.275024213833216 26.276527976772545
-4.339113045092942 19.142173339168728
-20.854025924043935 45.822790482336103
-6.333566582261268 8.295805893765209
-20.701641191907100 29.276920534404564
-48.404945177189610 25.622031331341784
-41.639432568260688 -13.639693248963026
54.450709744484953 0.355539074196196
-56.556365417160556 -21.638784299453551
19.400352826636468 44.933381670484692
-23.488845851234917 -1.605124673230556
-12.729162363600365 27.652116928545471
23.272648302965141 -19.684717389707298
17.101463277947570 -3.262370738596043
4.400107351129633 44.699238894746109
-33.070327592366162 -15.627464398664795
-4.577762624796844 6.867090656540312
40.768994583373093 -24.642307574748123
-14.614182651394453 47.255713093067428
18.907572142272830 -11.132733996917910
1.133828003342308 -8.007888227691236
16.889067618930927 -2.965630497458657
22.387425570040723 -56.706911538618222
-24.239461598978099 30.018627521253730
-13.056457241601782 44.092336523034930
-29.939305353048244 -41.508196053177485
11.715928185381335 2.084809548382601
8.807038011695381 32.835015770199739
31.170057880285107 -43.292925347112977
-15.060655146893881 8.597796718131587
-3.246136827640064 15.230124916814427
25.888117140011747 -15.119218625685043
-11.819733354981553 -35.248141476975803
12.337372987503572 -33.402156219183958
-20.977446817502670 7.237302227208096
-4.055130250711215 -16.146814347510624
-61.267777407158604 -36.574155121787520
3.913870423749266 16.260212710834914
-4.222686585865013 -21.834137271667142
16.144400051318623 -48.716273225794481
-5.017848709162611 6.993671140393384
19.245477093392498 36.330582644503828
-6.631254369315878 -34.502748640330992
5.518980571720452 31.165321094833878
-50.775778587886826 -15.590252369278788
-6.532699722247242 23.102755487723286
25.637270130513620 -5.176861076014671
-35.664792197666387 -34.865131522229532
-4.448240958115645 0.658442785708004
21.258985218272532 38.743003615943991
-34.201350539714213 68.050569009857767
15.898897795169312 -25.019001022261968
-44.275318889425975 53.435752931211901
28.219623901764571 17.995431172684587
-33.798353083606308 8.477864776489255
-12.114121709895574 3.221753235424580
4.445944225867231 -20.934386359079820
-14.072605426518534 -6.900429609675994
26.210108343767995 27.187573395587766
8.592341142678805 -2.384922214169240
36.275392465373663 -5.619841631661721
-3.181297698118136 9.657651100869826
-0.992538025131669 -34.705547272815480
-54.508405890765566 -10.533474939439445
53.823533787982164 -1.130472657426959
11.265315297766284 6.922970260368682
9.000551070840235 -2.263449016216954
19.777313870765198 -34.570137719861464
-10.160783453821990 -11.906302288471990
10.747907579666833 -31.832530626979647
15.803259309986242 38.248203060129413
-10.262053896475337 18.093244703418311
18.171652961043584 7.709413371742323
19.149784848083939 72.500651724130861
56.651841081860326 -10.600817541705252
14.241002442741992 -11.173741273065696
52.714872440953968 14.318704993219439
-3.953118863614199 -21.634205052400489
-38.633755284223625 -3.488477927204283
24.161373330633317 3.605966656149947
-52.893018282917168 20.860223031880629
41.682449514311031 61.876858484248913
-5.503654284693114 31.227004860325483
4.883579782513120 20.938345823689602
7.724777190585197 -22.158724778860567
-14.607166062093290 -26.523297366628540
4.275186367002565 8.136948548826057
23.596430860326912 -1.592810188295285
9.798749441410211 34.040327759485280
13.329542161438754 4.031923512495088
-10.411665796201119 -30.978843581614829
33.401615543769012 -31.558420218979023
13.691721714716689 -1.415114168814189
24.076209622280579 -60.388961478695094
-19.972209060357798 40.766461026415278
3.833991709366213 34.646347881842011
9.600445372844620 0.896884893109770
-34.520955635036223 -65.037700609424164
27.455615634653675 -5.277716301725814
9.612811747098414 -10.219005359105296
-6.284834935481580 -7.690140252847956
12.397445392524478 11.493078570127500
-20.719580301237894 51.473365656768351
23.812891576953280 54.425253970277311
7.733346559418489 34.138380988419172
17.153090788721293 4.575067220599817
-15.323497767658820 -27.370397484977637
47.870144797723462 -16.501835809200962
30.748563780328869 -32.969878485867717
35.388277079666160 49.551723720977535
-29.067484823186795 -17.752910123371262
15.727871582479834 25.846518250188765
23.073793333696571 -51.852683381221709
19.800639249760863 39.235662753532040
58.284038608656331 30.837281757439520
-2.007167823637105 -4.020469146665673
-36.598405016423598 -4.353071210281174
2.861646783242816 28.351298728625849
-3.950411453788722 -21.870898525428448
25.995210752485001 -15.877725622163593
-55.414738059572521 -7.699927165236383
-1.765387533410424 7.150562370983641
-19.863216561535630 -2.541992927520183
34.075441142669128 26.070808632215591
-6.573922759776448 -4.914032442256572
-9.016234239960921 16.743487607092813
-29.463317964058220 6.379332441789627
2.768393011501075 -57.407841989125245
-6.921792524682808 -45.473802556335727
-2.880775846326974 47.320234126054210
39.187716539432977 14.407153455992953
-15.283457994167943 22.116910970282120
-23.318773083511779 19.223705970476683
35.469975001672054 14.855426707127821
-1.916418376645184 14.951782084673360
-0.328458356280843 2.048060775837823
15.443434798761414 0.763911647714413
21.078756864065326 -14.768647294742038
33.899904030130045 -24.449189509050804
6.588960989343785 -18.700439410339563
38.910914965541089 -4.684820822812243
10.267618365376668 15.503924768770620
-21.914884869138515 17.179065506983637
29.317226902100533 -1.826961508815472
18.867826044629279 26.323725741952504
-21.504889761279607 -16.345046384655859
-8.503266014222088 -18.270046436510221
49.517981474719711 23.132509892876215
87.077122165507120 -5.996740637063236
5.025232709608159 12.133869697694321
5.589389067387700 -6.954398363196630
-52.749782243369943 -8.387111625434022
21.745684572871731 10.486632259246557
17.178621651511023 -27.714477700456637
8.569041765490303 1.968029985241618
4.780750773525398 0.564135195892066
31.501942014704703 9.696484685230827
-35.981287794953893 8.767053977486405
-20.524324082289159 -25.723494736341834
-3.228468774667906 -21.409536172638308
-23.895778836503300 -6.056447586157248
-3.886086680739529 -17.985209635963059
-40.569588169056942 42.974306268544503
-12.825565118009626 -12.638620005885553
-50.147647372807278 -19.684134473685280
5.428841039721043 9.215056339291584
30.088321273017922 -6.768716928735237
7.059151275062933 14.607283610253980
33.775411200271947 33.860042483570112
8.986402836350431 -7.210986654002006
14.809416576891223 43.991113936906757
-27.796868363227716 20.045271286241576
59.490882960827740 0.495951264945976
-12.427693101295686 0.810633192246279
-5.643126723760476 0.035032084792187
14.454206386151958 7.186574775951327
19.191833512559519 -1.374609930970744
-0.285801325933554 3.768496768654239
-1.877553139756459 -27.831520154887610
-25.261549621116885 82.360013806212123
-1.014883298239406 1.071832359288787
52.624141219897986 25.189028409018960
34.927065448369383 9.951997214453629
1.948552059263795 2.840356780934747
14.736839716666500 17.781291794568070
-3.030544861699453 -39.378441895522933
-19.789812285719169 -19.153808665671193
-0.496694702968977 -26.448259183928535
-9.409798066099412 32.533303667249122
-12.186216582504322 -11.417725656102125
-30.722247918139725 -25.116650014777637
-13.414738004469960 63.188972152200776
-0.011610345051568 -37.501889119920186
35.012433811876839 30.653461681478813
-12.040541960709948 10.476260020745780
-36.575055739359293 -1.088769961138196
-1.134214210596241 22.650022165519541
-15.608459904997318 19.746394903687115
30.136360894724984 22.721396243990686
16.218514085102967 -22.149146911686994
25.053504272914964 17.087154366663128
14.976152753488824 38.390767925328333
6.668718074235251 -5.987584097388629
-20.542322727361086 -2.657432249538233
-10.998819886542442 -71.180835416774570
14.904117666653782 -4.191444306393628
-9.813507059728781 -24.874973162151740
-1.818575764406527 -21.348087758107329
9.281754019361857 -38.003715011562377
10.138473904190267 -45.353794444826484
-28.158529811352281 6.235367539983985
-19.200169637123924 10.100429792310306
-23.719850724382155 1.731881322453351
47.604256477659980 -16.572720196596659
10.438466625229310 23.429170770373606
-11.284837177656405 -38.866074924894001
25.072592179362751 -3.469604716576551
15.434630718988554 -8.006177452455573
40.351095720499004 2.711793773063976
5.447938578390089 -9.470199509502581
-35.299649761686958 11.761429627675897
-0.894957753111139 5.119430677774123
-3.170638799100320 6.889564597641726
23.911602626111769 -12.530493982068180
-25.292861730789916 46.284138358788091
6.822797080928651 37.690223182131405
-44.446426984332057 28.243578592368618
-14.776624781289398 3.492786525906418
-14.583341935978439 -9.744739076613881
-4.593473530346234 6.832794416984599
-37.731777530240528 -2.628574995583980
-22.722284788502080 -19.889895803236413
3.610986126167975 -11.089568436113286
26.441613974256267 -7.181436146796686
-25.147231204255814 -16.439156094159490
-5.862799620588728 19.519686604130005
-23.315933542406029 50.755250195634048
15.895201781979837 -4.971509017354974
3.227606407454575 -7.825125220448765
-23.910999692897644 -24.402723575075765
33.275581700058126 37.063982953777796
-3.288664694592920 5.618728881294530
14.468099184639220 -22.879929375035427
-5.028054756536186 23.293055092773965
61.585991708908359 -20.518676838947723
14.906469833646904 -17.555467357836449
17.875943393486590 -43.524617410799678
35.274638749632615 -22.519430639193754
20.156805607387369 -37.327439038533555
16.205755456650110 -2.675791498829811
8.541326488364348 7.662157005955343
68.618847052256498 -0.472015072080670
31.338550117304052 -6.033896723905024
18.010322018561965 -0.226955048418833
32.809264338818004 -30.700573422628292
27.268716671354458 -11.797153212476273
-8.337323127113249 6.535856949798725
-2.934202203856456 -5.500438834619859
-3.914871196358727 -8.174436608161582
-16.359953733250229 5.126745553349799
9.842535937053386 21.604401950773443
23.270458943562378 -45.149363858133718
-53.334919815588535 34.800148551581486
-19.789908297123354 -6.588893119003066
-38.963853480968339 24.260854273169564
18.598198933708325 29.662661078209510
-16.657432924017250 10.969729271371831
-28.645262020182845 -51.187144015803320
49.758547660837799 -33.845552349869784
6.885656889631526 -18.679719948168348
7.788718440320856 -14.448818041898488
-48.051004340984861 24.237380274909828
60.499745068054551 -21.579471952635839
-6.039993765119623 18.242859323581108
-34.513673686177739 -18.715307975546732
-1.689615587015951 -30.436710713992088
-18.142389651636577 10.313280135214125
-30.333131154318597 -25.841693215177777
-19.946432843708497 -41.727137357024475
7.332881683758342 -13.125600230480327
-25.053853796445171 9.971608764134757
-44.703702922504142 45.356055606260121
-0.690146888076160 5.268018437285329
-11.918902305461883 -22.136225589797437
6.385031133804160 9.870996311654476
4.332423354060523 -0.041575218949930
-33.134580334159864 25.039977899459782
29.974049830078172 -48.148847055932698
22.008363149900443 20.162244118781462
22.491213338173647 26.006461311447179
35.210998687441474 -1.839345539720932
-3.134284994129132 50.828536789401916
23.914899989179293 64.561079328878549
31.040438210568748 -42.274848146673477
-23.415579300190430 13.754728519146541
23.479582835689580 25.912652884104883
21.827902560645548 0.654372035657166
11.516353964598768 31.368834171129354
-4.287252145208910 17.985713895531454
-15.261070476640327 -40.571368386036454
-24.116175405558323 63.049920962677447
11.729621124654075 -19.624816251122784
25.241982674638592 60.887280458552510
5.067638349045444 -44.571856927161669
-8.723286772468711 9.797453514296794
51.440280575351942 -10.010587880754565
