0.000000000000000 0.000000000000000
0.000000000000000 0.000000000000000
-60.459122784407207 0.000000000000000
-20.651592189751277 0.000000000000000
18.657533202977056 0.000000000000000
-14.540321246926791 0.000000000000000
-11.401456060390652 0.000000000000000
11.747035196178514 0.000000000000000
-55.192374242292111 0.000000000000000
47.690688598593937 0.000000000000000
0.272572628751158 0.000000000000000
-27.233422541896577 0.000000000000000
-5.952833692826791 0.000000000000000
5.339435423408747 0.000000000000000
-8.520461405384076 0.000000000000000
66.175744429813633 0.000000000000000
0.971987816778578 0.000000000000000
-38.991626450240517 0.000000000000000
-25.258660950263696 0.000000000000000
-43.306839597457305 0.000000000000000
-38.484101937800126 0.000000000000000
-37.270432906108489 0.000000000000000
-44.763810411601462 0.000000000000000
2.685643471504598 0.000000000000000
-1.806372924849057 0.000000000000000
-20.817905333749280 0.000000000000000
-44.747241902817194 0.000000000000000
-84.169049527506900 0.000000000000000
-38.021554694941024 0.000000000000000
-16.007797669120155 0.000000000000000
17.929997080522245 0.000000000000000
-7.111923514778213 0.000000000000000
-18.338512411330658 0.000000000000000
-51.322406505027097 0.000000000000000
16.759760981484821 0.000000000000000
-27.678638830616066 0.000000000000000
37.871694740586705 0.000000000000000
73.389186400262233 0.000000000000000
-35.394530333566067 0.000000000000000
-31.085691190990858 0.000000000000000
32.913737043887295 0.000000000000000
47.438281305590621 0.000000000000000
-0.574148351900694 0.000000000000000
36.779520320410150 0.000000000000000
-8.223209602969677 0.000000000000000
46.676411010068598 0.000000000000000
-5.118630257001751 0.000000000000000
17.420754638682162 0.000000000000000
-39.482734491022875 0.000000000000000
23.609781361410807 0.000000000000000
-8.071427712287282 0.000000000000000
0.000000000000000 0.000000000000000
-1.637751245823902 -7.073901271101128
1.039254531771242 -42.027527713852947
9.292686558802039 -3.585427843106869
3.596192715223731 -4.599875262193054
40.870960663932117 -25.234354143530020
38.223307529626091 14.109440280922767
-1.043903263268371 4.210226583406434
43.224228994841823 -3.269776203055871
9.560710672390169 14.500264687186956
-23.242566527985542 -18.893630424095342
-0.550581797156477 -7.401990559348044
-23.261911986539690 27.491686084427684
23.427865214761642 -9.418963213394447
29.117587197416196 -1.081677403602923
-24.302545297338771 -8.307088449068949
5.228946917611610 26.507929583716933
9.902141609435187 -13.369701171726177
-1.560859317486046 33.823744155279620
33.325376530083190 5.160968951210177
-25.773755889633250 -23.327175458722071
16.042004411761212 33.296819663287344
-34.406625199979636 -3.497475167423382
23.700807328408089 30.885379939071658
-52.965755965393605 34.675002352280885
25.405521586636766 2.361873955533504
12.598347788052315 -10.437012284144275
20.597746542912265 -5.003747813895840
3.562501045896424 30.785874800541183
-3.161171822460443 3.089377275526054
-3.805753333553076 6.735264122002489
24.697164505695220 28.270217439758003
-19.794141269884598 -18.151870575593872
-7.183018077290446 -15.208686823472009
-37.890042043775821 -6.060777556035911
18.294296492863406 23.323028157320437
-44.542148733666906 -5.172064233357271
-11.219464758603632 -15.843135034653478
8.241349009164407 23.605422843848775
0.372025066128541 -36.493099551229150
-46.577930394485847 30.547999014638972
-11.846486737076791 13.073669339109873
-28.839968827066031 -20.580688754453636
29.736727205998509 -1.574350117694719
13.604964642799416 -38.348495206107003
-21.696078860850559 46.516519365261232
-10.835589588597101 -14.383751617001055
14.353498064296508 -20.655718165032855
-8.665767548710718 44.438922204584557
18.767305633348574 53.446583994319347
-16.793075919508357 49.118998302085437
-0.463514734705495 7.966163667277933
0.137247351896064 15.784663808473274
-39.941074430492414 14.211162619448611
-1.878984851758862 1.913411976981544
30.532472700263796 -5.715143897846415
-23.199929646382508 19.794057712062934
-46.423935842398357 6.199763513250609
3.801590734786868 -24.490931227766549
-8.695308809979180 9.132385459175010
-10.641416688521263 21.100544690425142
-30.026719412468925 -11.087953689231195
-17.800928549131836 -22.519397860152992
18.411659108106729 -8.788955578650203
-29.585783790275890 15.300353976770777
-5.884490583669778 4.588959978649296
-14.885271241621343 -53.297924365274994
-9.247531007481912 6.321936739017106
21.901529785426053 2.237915001484168
27.086938223047994 -7.333661722720605
17.193069681775544 -24.475809432318702
-0.389245584575176 -7.151804505989826
1.384871349683348 -1.787972830362923
19.745668811430065 6.758388012993215
-6.476761232763179 -20.866413401876251
20.053709474860597 13.907548971270762
-4.936079479466537 -0.563410403259173
18.297788159516138 -36.503956612632315
-15.917649179387881 -20.345539206530749
7.070978106285014 -7.136378014180644
9.764171610974905 16.543131839656837
15.926282935921801 -31.925010420375600
5.853382036153665 35.914535969500861
-6.769510805250710 -4.874187816377618
-5.324508683195196 -53.368653751417774
15.381298250290612 -17.234062981999873
32.034383795903437 -0.754276397659722
-20.142157451811666 -9.031841166346158
3.922435847805899 -18.764209122242143
42.528661646401375 -17.450221160705951
1.701676119948263 -4.100380540440012
41.925195608052199 20.568021143637260
6.648745708135307 6.506855605024358
-1.654409504442535 -18.193456804243436
-63.544655419975790 -25.029095931594668
31.528038311698779 -54.899816647411278
-12.649747096590485 -10.427394798204668
29.551907169432390 12.293296767939575
-1.094687162720756 38.764188877541315
-14.577724669614275 7.148956602220601
-5.394428111551330 18.660841637795695
25.616119133894024 9.640819533760098
-8.426643265777159 12.015964826695720
19.016923392260729 1.775493855663120
2.228488687247981 -10.009961087039903
7.474366216020888 -9.404048753450883
10.276280483763349 26.864481242566374
40.349092965198686 5.918379630366750
-19.912297727393906 1.502768565792005
-28.803125657093819 13.962861428159297
-7.132810425060159 -17.974768782147862
-10.019430975898498 -32.443721310645181
-1.636703478302533 -33.724793851108643
5.057947979848662 37.151222432723110
0.402240269533646 -19.767017260812786
39.537143114393949 10.912984171872729
8.935707920407157 15.277255112391638
-38.299494773924593 7.836282867771159
-4.095507918003632 21.769580942734770
-26.127517951162240 -24.947651871693395
-44.003176080478219 -10.256534168834783
4.574007660235580 13.814017260842411
39.023357271239306 42.891651813906314
-24.019730862432567 -1.643024559409833
21.636507809220014 -2.459093345610183
25.813645974162110 4.522700729547244
-20.229968737992859 13.587656406764077
12.246814480646448 3.848190772222419
4.671313691777402 -22.786954055680802
14.595019271068438 39.111703290725984
16.038354969071303 -38.139241207547826
-51.354342934856525 18.222478531965475
-8.465353653517612 -6.478377973812838
-17.784126957101012 6.041876729269603
-22.404607545705346 -1.979932441159812
10.362057506756750 4.150594052114823
-20.141816610354212 -14.849520919060538
1.476144657555384 -9.949170336572912
-3.378961121485453 10.537816232713510
-16.394548048933324 -32.771634531909918
-12.208610739899145 -34.959573773110165
-0.731857727797800 -4.961469670956689
-33.983906819906927 -13.107154956750765
-61.174576577539810 0.308911650325846
6.960878361632269 1.387463641020636
-23.767716511016033 22.346321393957890
18.215404758194339 -2.591631465050678
-28.685863403071895 -29.563616769622072
-2.726650766735104 -2.012509991803377
13.945417966195274 -3.143923736087438
-9.582677122490885 37.789574277164789
1.482597826392678 -34.877996571153055
10.886136088228383 -10.825068973426605
17.594661628772123 -9.283726208633777
-4.589420080547221 24.296002528602010
-15.414709340079847 -8.269190190865912
19.504088645207933 -9.549503344516699
-25.176641861271452 -20.118985728965086
11.065272407071998 -5.798528326192128
12.390770800791794 6.871784233827212
-4.221010317610834 8.845996586091653
-15.548024638626591 -11.346128901939576
18.929892317502617 -63.692257438383720
17.857941027720905 -14.804793266713435
-56.279833269157500 -57.378403814219006
0.993775093930925 2.007398679118498
-35.224199316015380 -8.359617233818975
-1.738961889836864 -4.570467740195747
49.760599568785750 -10.031304537301811
-41.596093025652642 30.596839688752318
-51.852992000705264 -25.327503639346507
-51.339079328727330 -19.468178231402415
42.534847307979682 -17.194028684567677
26.565292326606254 31.354294799118190
-24.088655940817585 15.865379446538567
26.446265344041016 9.290291721368979
35.968227566347451 20.213486562909960
-9.688947858071032 -12.944649497349443
-32.234333051448822 33.121083234427907
22.231557788084583 -15.190048826051562
-3.630050249748278 32.199366448058051
21.753446398937502 -5.027011727378426
8.383004110716023 3.628362738631643
-2.180252327909469 19.066994621302431
-8.773515916713214 29.424457236132564
41.163733137778692 -29.658525345604705
5.224923959157748 11.178933138320916
-7.466996936164466 -8.475315609292503
-13.664260543549393 30.477769287445209
7.739255828165606 -4.232328194056301
-10.789569783494057 23.304238205881077
26.240535146783881 8.093870837601816
24.543375793830261 -71.662165476786470
1.734081623137653 8.491179399623908
22.237986546463215 -25.518173914398783
-16.389625090100033 -9.293266479395243
-9.974990626754693 31.281245362188564
14.338611040218499 -3.703915817389747
35.621227031440938 1.854924512552310
13.719337051020876 -7.566809335576356
20.245920383320080 7.852688621859860
-25.809198041349433 4.245916005191861
30.734508702337706 26.699983676457204
8.437654722930297 20.414639969128778
-6.571222003576039 -1.094617136483592
13.285500201173852 16.762587250766273
0.249075075127318 -6.759322143761907
-7.403805328223315 2.649884923683961
-30.713253721740120 12.637394791249672
-3.204934784297542 8.653531059102281
-18.915168285932172 23.744399098418278
23.832299306493113 -25.056811180648157
27.836697017072908 4.481010427057728
-4.904540498955612 -7.590332067538359
-8.608112166800909 16.561188873387039
0.735433196434978 -38.810342199104156
-23.328631417873336 25.752136214098165
4.572210895788968 56.606482103173498
-59.128611805004702 17.857208491573612
0.216399756894043 -15.214032828848879
78.308257217305240 -0.594311282347816
-14.330790247868036 -5.931214720413647
-5.310331056947186 -4.065661860226882
-19.947469046661020 40.826414442326964
24.871749705878070 15.494009407160515
-40.644173572175120 13.814470668181949
-5.579890795310772 -12.004675157697188
-27.821687278963577 -9.061267393439053
-10.014841242748599 -23.021913960015343
-20.634088099648555 -14.629716081074250
-51.444200662577728 22.845464848868360
-6.932124512428850 -5.924855442588695
-67.328090827105711 -33.657474748796950
3.052924997241204 13.536558049146358
-30.789623361656492 17.976010180178886
7.608924647888012 14.524251719670691
-2.072731858680521 -7.243593292754975
1.171594050559423 -2.501016761408426
11.343729865464208 -15.453746296492103
-38.697966248802665 13.302067950963581
15.975507542112183 -14.815199333883585
-19.974447042467023 -1.194095902832743
-37.040213702273618 0.291762228003092
-18.120528509787256 -2.598969441815334
-8.847036887391395 -4.066670426341910
-17.079609621722817 5.647013577784623
-5.615610103794011 -12.370032158165408
-23.673304826692885 -1.135370482975358
8.698870687813292 0.787802069779040
26.561861478093149 -3.542681499700775
-2.404070946517026 -11.518071227668125
-13.976340355737438 -21.036180101688942
13.767554180888490 17.086649610757991
-7.019334359804876 23.032229665735990
23.322865027903429 -1.578926956578978
-44.360202030299376 -21.056589518951007
28.386705367314818 -2.749358952614572
-6.794469979947397 -13.637225284265883
-39.672160347357192 -22.457207899252243
-29.884871772074277 18.761019820363607
33.574666005405732 4.155523106232232
9.837229860948808 0.276256901722403
-9.219217324429250 2.516507303738633
-11.352673574696510 -25.374859587637328
23.071217531232474 -16.472114410628954
31.691919605254700 3.663358723821576
0.230732874636926 -5.727070271509480
-23.920968358534431 -18.939604113451228
43.643880552866904 6.651842261736267
1.014128809099840 -41.153171672618981
-56.679237822651281 -4.660801722246601
29.729599081803915 -15.878282746115406
9.621118836414084 20.890004492715256
-5.038568039159752 4.789760844234913
-37.134949980552648 -27.998263700538473
20.410653177525525 -40.697589342566651
14.180141396339504 -15.226782256837554
23.614934370528569 -8.102389384067431
15.237025608227613 -2.056838126931310
16.853869095950444 -31.409712196173885
-17.669254233179842 -18.336404851476317
-6.503991852206217 -0.251958917241919
7.733397421815152 -43.603174177580755
17.757302263952859 -48.912486757461394
39.474037811029810 -28.827798976727788
32.261578876725096 15.460607885418806
8.887290829810949 14.720730655311026
-7.783702790475912 32.031227222544267
-0.900980592588610 -9.196904380666203
-24.860051654142229 -14.951691310462657
-3.480514152977819 -36.863710281399911
-49.261200045274975 -7.331695382264096
-3.416403775411502 14.340718302267911
-18.546852882543412 -7.315810209107246
19.555434975241337 1.512504451442937
-2.783683045257616 13.516593226576850
16.401559472691847 35.571150459816096
15.500964391075755 3.578598241089190
-8.323775536935631 -2.595768347530305
-25.702915915398361 3.145568231684686
-10.776678521876157 14.333326286335625
31.679328090841238 -18.540138322059956
-18.969600357566978 14.424695379683873
20.982251976143861 25.130913601772303
-9.380972075949582 13.777040541467736
-25.038802965734774 -65.227624965335082
-13.506824343285720 -2.704788841448365
10.309574515799209 -6.777081361515044
2.063947751304949 -53.732506923881999
27.488734087704469 52.597494335167568
75.868728027658605 -45.034987295285902
43.348168885437055 -16.214395392866670
31.945766345960632 4.940474811047435
-37.063920258992248 25.901863279674945
36.825960345925374 31.434790154342295
25.341469476741064 10.180195799731726
10.050368720292637 5.270372309737224
-53.870881962281615 44.757035378938809
22.260692577122231 35.910177470289327
-37.304604846259529 12.774129735954721
41.544549491425322 -28.627691070353578
-36.537372428141332 9.197437491331248
-13.297753722444785 -42.664695548919070
47.983050733061361 1.741561801616108
0.724256685141112 17.955551118694004
-15.066201961061253 24.203339434525144
-4.269426581114545 -10.951872229314253
0.791701933015545 -11.440994417336380
-0.852576435085962 -5.523693695706377
5.660602564601936 -9.656749185556961
4.865761575100478 5.895438000585969
-13.132985856224165 8.909567613584429
60.373733964390475 -22.667719555083515
-16.396788229352325 12.610652827139946
67.619862367430699 24.707939650804075
3.354989451527546 10.229294225664074
-7.490797534326872 28.931849482058411
14.401276142106328 18.671223216929313
63.678299479401886 -31.010510896872738
-19.198353166495551 2.508765008806198
-37.166359649718473 -3.247194181935180
-4.608458753487252 -49.080740848680861
4.843255913670459 12.533480025216233
-19.814792516808154 25.092823391705082
11.418718107518719 -33.032731627371483
3.267493692577920 16.277215474273472
-7.336778706159792 6.984028140762927
14.098876815678231 15.326602503156053
-5.367750219423609 18.164577149519491
17.557167160726902 -13.258209632358772
46.249276933280086 -11.459006717025231
9.399372707152081 -2.428640221690838
19.082850730398249 -8.562760876117752
0.971427736932995 -29.937978685162662
-35.491467985326551 -1.704785797440659
18.611585301801018 -33.240129315038189
14.684010023674803 -3.472150886325844
36.742515386195358 6.564579111440598
-1.927213323601675 -35.806021071653888
-1.244522971249433 38.908318930180158
-48.798050212672358 11.583625103880149
-4.678934642397622 47.683125048904770
-28.594158449930280 -19.795434878201981
-2.884967295817183 -30.845435449621196
-14.594574361224749 46.639296376702355
25.051174278083383 42.034973210804971
16.706230382971775 -7.955319799554037
-2.940487398926767 38.479551010485864
-24.181238990905900 43.665340788646581
33.451594289994880 -12.646171523485675
-10.467204265569462 15.947319821251664
-29.211046581898813 4.650909901346892
4.285605946450874 16.321391298523984
-23.569213374150685 11.932863775045595
19.417283402720262 4.636179873832936
-0.785756268686044 -39.360047075035496
4.500052565869272 6.064881371567925
-18.400239302681811 24.073284199819049
16.567983282150571 -16.976976294348397
7.700206100542358 -10.553013264584132
40.353096927848298 18.434526078425684
-0.670600470204905 30.888635295793978
-5.272280783748258 -43.023454787962422
-16.066622155418742 32.294044021670302
-7.508809922885238 32.515209679385450
-3.554870445668890 -3.538720696387851
-11.622171050438283 14.610112643893601
-12.936441310439049 25.638594613378235
-21.313314789488334 -32.745189609779707
8.452309597140811 9.817128982550898
25.352405593032778 24.123818449977165
35.126815731363038 7.519236710567638
30.021399156927636 -20.608124181124676
-26.653233762244025 6.606018864525356
4.029203620201367 -6.444840665776608
-9.044800903496395 -4.086752306085204
-31.956105317716510 40.515204852128960
-23.153995715668959 -22.806308666054679
25.854719753256823 6.655877043595030
-9.534907727957638 -7.428720819845627
-13.739342573590621 -3.510341341503075
0.462911207453716 -66.500627851012297
28.608424704625044 13.924499894786248
6.554427116088001 28.867934198976961
-18.043626698220599 -1.116473913499150
-17.125703895524961 -7.400229049291709
43.206244763753844 14.198493051947533
-14.596978401467908 19.031169416033848
-10.811921450340888 -23.009851337449227
-31.240013985672775 -37.384605662570195
23.550000626557750 -22.108139781262786
-19.786702007016181 9.389657444822602
5.513467598114750 9.921408346749420
-39.624179101041463 28.799535469564677
0.289800729080233 -20.361475845969441
7.096437455533961 -13.929789602936872
25.604580738756162 36.642597279195876
9.203254477070567 36.290504568922159
-4.466459792146301 15.499724847143673
2.001413986630426 23.724479925481784
-33.930258454487443 0.691873494401547
-14.816228685916323 -3.025928838833431
-24.299156460530813 -2.596829588408287
14.839089242970358 18.340666940100608
-19.056560208800025 13.870234956058285
28.822978449418674 12.328461244652436
-15.646909501891280 -13.104337304373658
32.128118449809925 -15.779319094416270
-26.880989861616701 4.354709231858426
49.555130324891330 23.949063938863500
-45.169835595053868 12.385039823592077
14.425483572540607 6.786303285472876
-11.963373674000648 -21.546329103587258
-17.719854586653319 -4.430391654722833
-88.265713329486445 2.022667354074329
-28.896288614307071 -2.353853124660466
-17.328032527596790 -20.278250406859659
-30.930660442373568 -5.573605646432590
27.938003485237175 -41.945423463734684
-13.431353505896025 7.140579529244299
-7.916300921570544 -1.227096188523024
7.591950460610635 -5.821159349611927
-30.984256961175380 -62.586537135346504
-57.262907225633718 30.466963943806157
-7.079682705568120 22.490721512238071
2.288906470070882 -3.206556432072596
-18.537406912522705 -30.126250904893698
5.395250364335731 47.638558948721503
-2.264375945451062 0.593258723908751
9.648472259389045 54.950233336979203
-6.135198588002954 -1.919589281344023
21.295248026235058 -41.879728031394407
-7.301686382763328 7.051842420023838
-38.175771271015321 -14.134956410773620
53.205891821835316 0.142262133265203
1.070594825959901 -3.024142044808798
-3.894388547778364 -18.679606387790237
2.020041077774274 5.239634157189577
19.083796461655616 24.296386994022761
-11.744186713172606 -30.177742109567941
4.035532288862982 -9.671019532310586
-9.560989415175428 -2.977756861459885
6.086416571866677 -13.920699415775518
-2.779034433602825 19.348131992614281
14.041493154107952 -3.892826548678052
6.780269860049406 -15.967362803449399
23.048144954733310 36.628249959698415
22.244501375015890 14.296618383411639
-5.219582054708867 29.474195369945132
6.712891124254368 21.670085400993358
80.264978436128885 30.481623166675341
-57.503818181205155 -2.892445699320311
-0.964593376238590 -20.616457120520788
27.384801636011748 -4.347281702586523
-22.362940318017717 -8.852788035702744
-9.661600774190500 30.467261553902578
5.852950198178890 -26.129411221384302
25.864458647978978 13.481259554879266
-37.389595593191018 -16.018474705302122
9.677286996302200 33.886864089400696
-10.450764565299343 -29.093460117370604
4.264856517818635 4.333162693858641
23.606453635154576 1.609593166760322
-14.290501183490566 7.851484155925407
9.812540202402246 -40.234530061671073
4.349882956183945 -11.077816655341749
-18.005013491166157 18.501274747167685
5.742360254378448 32.206392406093663
-0.537079477186853 -30.822993979869061
17.973841358907812 16.226366190566651
19.192588651457264 -14.223401347310745
45.044486397304752 18.866891655680753
-40.403819446357176 -8.272323618853507
-2.895767410722234 -0.361872838979640
3.197164341745094 -1.899646788693618
9.125181444049376 8.284632193185271
-2.572179388794811 -2.847705399687231
-28.087394186032103 -21.218795625967555
-19.378937275196389 -16.968077661374871
-24.397875252977943 -35.611243276796721
-16.528144223393607 -22.636447443779534
50.647158866162854 -37.397587688393251
-18.596487251766195 23.681712975668546
36.615674950224758 0.984853543903788
7.889281509318433 24.739358363255914
35.365730211539308 10.192354973871023
21.280799198604438 8.126003018668458
11.177357426066644 -10.095715783644541
-26.980027984862474 43.507482761433572
-20.393656369186701 -22.327419259097042
-31.854747435034461 -42.624040094989113
-23.413941098737460 -7.483936780359256
55.647454478441176 -8.044327866455101
-37.214132893757196 8.356095252165458
15.512858618498649 -23.130524629520473
-4.341332117722892 -26.082435352819104
-2.638077177252819 -6.712474998342438
-6.710334619698289 25.687519433242649
-15.120887356844648 17.211890373881825
-27.621810270858372 16.474087908072089
-5.904610301977652 -7.189218114886623
-8.017179989398471 27.034759901804904
20.645306655359832 -29.455162802418698
32.082039152535224 16.059244418197039
-16.260973137582983 12.853898358097567
21.062359443169640 -21.170603936428915
-36.371756331958629 -16.628954064138821
11.597011904785877 3.050045134165931
-5.744946264514124 -1.453784390352765
25.458339484120408 7.533639443301479
29.555791121513334 10.492627250007528
10.358768788647419 4.564783811409857
14.741194734790710 13.672721376333692
-0.543811166895474 0.053179510612253
-23.541077675462521 23.258429481756377
6.563260430345820 4.481695275556408
25.118884816705471 -23.015674512725216
-16.620663939420510 -7.226123650553783
17.856557594142828 -6.316185982874764
-4.554002824158024 -31.857609634131016
1.902155405121843 -2.821724601367362
17.583906932214347 -8.080409606561405
-10.792357797123104 14.020312101216694
36.912430302950156 7.459404448077092
-9.146225891051712 -18.047454937299097
7.772771504396878 -14.371330022519976
2.373447788003411 -8.150821917270306
5.818835486675124 17.250444923658570
-6.792355442717636 16.835094768648528
-12.847758657497138 -20.661011164453008
-24.445859313894388 -25.468563280256006
6.832935608459686 -20.471376648148262
-7.324533688026569 3.006809240931446
-29.672489354874372 -10.618440559500248
-13.208793813170670 -4.993512049178388
-14.121963639901251 -7.401405531285480
-11.526137048093844 7.128455479792252
25.808084818974663 9.113224096748965
-8.460460186179574 -11.021727111598565
0.650287517679647 -21.197107947024008
40.002182054092614 -32.499990487847619
12.748883508577519 -53.340395138805839
-13.782188207995544 -27.022775989478184
19.061989740125014 32.282584107119973
6.892368067212142 -4.486946494296078
15.048149519244966 27.967393018210871
-26.082757681761020 11.693123026777451
17.925922501752101 -17.928893600117533
21.562189733918473 -36.599059642903939
1.156920131499320 -51.484266111746678
-3.557389086735416 -6.436873245741233
-13.345529638370790 -16.389980375188983
18.735607791751988 26.521364602721547
15.157186424382777 23.234533533973281
5.547665924309488 -3.788904732071116
39.503864444604012 2.368088327183962
-30.462499083113798 -15.791419625731054
-6.747717191169547 8.676362278881353
-1.879987902515516 43.691737400356047
-27.672118898668014 34.217839380541285
2.457605596975717 1.918791159796305
-13.228300648957198 -11.408965376114514
-19.403843008542829 9.633890920480169
3.466276365387497 55.967695032439451
-21.130578821163066 31.710067520819184
-32.218289439566895 0.029247773961419
21.324840891283024 18.119124415004144
2.812368127960467 25.940655400803383
-13.131619272858577 -1.212521212432231
12.302933513415933 -0.167901209790341
29.600048665510830 30.400442653707191
12.477566765366769 30.859800202602038
-3.112958050629847 -7.742586983178124
-29.222391922713438 -2.252094340890122
-5.965703513536281 -3.128550349524341
9.563042582594377 5.937121837176226
-57.155417945721425 -5.463027115406278
-13.541306644860406 -14.630675512367768
-31.846830765795154 10.923189789143757
21.741621205090819 6.092220291216353
25.169029390636837 -3.799463260298903
-46.748568950674169 14.172301103867639
48.275158548808307 -19.754895349689686
-18.994905810239455 -4.535351103637780
-6.884188738810264 13.574422660343854
1.392065937855445 -25.338037508943756
-9.820890611573088 -8.742690216928610
-19.419360810199240 4.556280430986027
32.002302197576419 -21.080290080752508
30.931604976779752 -31.330962372182551
7.012899612218908 4.452296278916260
-14.361924302306772 9.505199583018346
-5.907458801522985 -7.784588917348246
-12.690790502539423 -8.453659722617733
-21.475970925886489 22.873013101174010
-22.615107275478476 12.478114298516363
2.583129746938690 5.755175789806612
35.214842039990451 -9.016313476062981
7.285104569771256 25.535980224223223
-10.928621294077146 -10.520614251583654
-20.097121209092020 20.438143041446974
15.464414150901327 6.011826599915026
15.243428638980964 12.171810550431452
14.473266170550080 27.761058511529573
-7.191099898952284 5.337036451511839
-7.657896102157964 -24.459978794546636
-9.291458465614765 0.015006756161487
-12.147339062807818 2.513134312153870
35.392161704890114 12.641982617715170
-5.157974509571050 27.783153945746598
2.284737256107452 -34.404720092621396
-1.558916366330163 -10.730578433077708
-9.665394642324415 20.855439832840460
-35.297491231811513 38.801727315200779
-8.448001009563963 -21.118459342978174
-4.486200388150189 19.377970612674023
-9.804213765396865 -6.191452701376972
26.831766677649863 -7.532369481484092
39.821213777499928 14.067485984044005
16.417682691167894 -17.191770862311152
49.333401928234309 -32.881135725133625
-63.963271684076716 7.257051728095130
-59.404330785464438 -29.360768893142044
-16.763957370688722 38.815645082207212
50.137042278561111 26.472529522984242
-0.418041355742739 -21.029229384096610
-14.759822528170663 -1.691845707038699
25.161152189006604 -11.398105322782046
3.750045238220644 48.622796581487989
12.799935995323988 9.436839033936414
-2.265064954346881 36.124403014636236
-2.905922134924653 47.858841423256990
-10.087754621626541 6.703217847967435
-22.743534691115119 -33.635067550342072
-21.453095504609003 -21.356346046827163
4.075602809290184 -6.718307696585986
6.688196363850288 11.094498900433933
-18.402093975412814 41.962911504429705
-27.468491465940780 24.020495161045936
-47.350492944822349 -3.369238801863563
-10.511831297960068 -16.648314188630444
-15.991120136762127 -14.163529026197471
20.025744484645564 11.907564168692062
-27.133697613228104 12.852188548214347
-1.056885152257176 14.652461681416280
-27.144819380381914 -68.399458553707362
-16.340757125407791 22.011729919765017
17.814189679191433 -60.851679850647130
53.130945116473185 1.150085410556284
-1.220070956022721 -64.404529040365574
-40.309480987046022 14.748957160459911
-16.904615747346938 3.747365234444104
20.800843786347166 -2.741756725237413
-11.330446035134360 34.707233003155061
-5.898196362737631 17.442671262616681
35.071525211678228 11.305359917717080
-47.948671153642231 -15.037602752030285
-0.286248637950355 -21.896830870572561
-23.897756197289951 42.876383929331247
-5.861321784697197 19.542743978710941
12.160598219806557 3.918516661566066
8.317034750371811 -7.565900850238613
17.727371440116080 15.330252406378980
-4.224721467087110 36.341265188993418
-2.319196882156550 0.875911128217105
-0.177038421884094 0.882899903573586
24.731170373677926 -24.581841183531942
20.926600307823524 46.438175951819282
-1.404539466801071 30.941488635527556
-18.955001652597431 6.388723588554828
12.973124316794530 9.407894086041674
0.635951644993372 -3.912151398688788
-11.286438539866895 0.415649589875221
18.977017401370347 53.061474409157540
-2.592555869756105 -18.380415035387692
-17.794281417504010 6.293959269245348
3.094283477942394 -2.690072355946496
11.360053927158486 -17.183677858212178
-23.983790428994865 54.741798343926305
6.647295572443679 -15.220873156976156
-8.842356103576478 21.890131712769609
-11.715664645183367 -14.943049483825261
-21.660517991386964 19.565140857674258
0.495301137367953 47.581321565395150
-3.108117331881365 -44.741580093095486
-9.546344547515840 -2.927731615585605
39.898545193572232 69.688622895420622
-7.598798478284333 -3.279398416508803
23.906711614954173 5.284216287140604
44.860718524332469 16.362358780275979
-14.838927135012600 6.322323100456151
17.168227673949293 -27.046656634217413
-36.047004604781890 -27.427514527080668
38.616128966033628 -23.815970510691955
-21.492682790902549 11.140842718166228
-1.308962065988568 4.872611447589632
25.701922557662336 22.895749883120072
-8.589507852583909 8.869882653905654
10.853571659608814 -31.177237530931571
32.692221461294260 14.474390538817977
30.244843464960681 -26.767837078291954
38.477129495355726 -3.984231763865091
-18.436088448791416 40.365213026664875
-1.515077783374404 13.186252874490531
-11.180473117975804 2.554278107836850
-7.723274314185544 35.074198223830457
-12.903282596149218 11.982833289301386
20.215437220421325 -6.098151747176071
11.568598280100694 -22.197748622682777
32.548373489292956 -4.292562772018782
-2.144502970837325 13.775586940734497
4.268087501930020 33.891814656938017
1.126096865735595 51.770865717318095
11.547279980126500 -28.008629594680318
38.961972413797895 -22.527062517926563
-36.157489140846899 5.274974829562309
-16.324720469193302 -16.922879577542489
35.360389959365833 -41.483118108138463
17.461645323300878 66.873244665507727
-25.199228572491680 9.045667642798961
-4.261455401205501 6.503674473182002
-5.148743815030770 31.148534355512364
-10.790485656989727 -4.023559755136563
31.491077447356115 16.606518592733892
1.350508718649772 36.434744759968304
51.474835039881569 -11.387794099103148
0.045279666465298 -0.268389219035140
20.824893709179083 -24.058248329334099
0.637865535834385 69.879291050579013
12.448586396140009 -17.227509339189101
37.599892331346560 -16.199519824854509
13.828870089358260 -11.404049039655092
40.192203308966114 10.666178719062675
11.915547450583356 24.225137970705870
-19.767036749034325 -10.824352836355743
17.329198047265503 -13.160877787122315
-22.593186771686604 8.139282606123611
16.237705740999971 -34.318608556471659
-38.218808145122779 -20.520310070896056
21.353559948527103 19.698333206863985
-33.152039104225324 -12.113465351956210
-42.448652968813484 23.217870568109891
-14.118651684120822 5.157690135170313
7.129112844633188 7.877948077567646
-41.935337138908622 -40.622086940329780
10.283909093915462 21.042623400354195
7.657399338678359 -50.572795589115835
-15.330110717537476 42.967308441818595
-50.421596383802836 0.641723518702468
14.086754851400695 1.374515875979297
14.710950565977397 -5.847018867365798
42.067381485813293 16.980835483127617
-21.950906175486036 2.072795272189068
-10.661349641016274 13.707756947277101
9.057453575777874 -0.995359429506142
-0.862482313573392 -43.807032312539938
21.691710657379030 1.443212649970865
1.779192220728905 2.153906615476865
-33.766605067018638 66.596317854146477
-16.832596927035496 22.144360740477573
12.664235573211029 25.553027444737079
35.541035399546608 20.838956717249307
-8.750831590176260 36.415810353464359
3.972023399112222 -7.920041406642986
6.128200410059919 23.327357696925617
72.361399513901816 5.184446989287196
28.846772387116424 -10.495155082915948
7.119509466802192 -22.342001260578339
19.512763842209260 18.936347769633617
32.020986378108809 25.508820890630727
16.783635417443456 -29.905280298545691
-39.262555311997481 -7.628653611390862
-15.466498553555468 -7.444104703089840
-2.015886269001615 9.433885544264365
12.553711256291351 38.447252065316682
-10.301771587286343 20.255837383287574
45.408307045506611 1.255539302897571
46.580492669514818 -27.925592528649510
10.377881010440356 37.536027890281559
47.856874501847578 17.272136054884211
-55.074808899651472 27.309427967506306
-19.367904839668274 29.504692374627787
21.426814558249330 7.493188778230288
5.347953576102504 -1.883124493877149
-42.595160393863758 14.850193075513085
-29.113163383574445 11.401975144418580
-41.288822134837410 33.358807862867309
15.719072300213870 -10.635614157590085
42.079329648234577 -26.589006926782332
-82.213003580527413 -1.528212170797201
-53.020791852173566 -44.684550139759068
27.561774551479765 13.601391956647829
-14.271584024456841 50.774381190241982
18.340622520048360 -19.298006558612183
-33.324816380541215 -12.477593547835339
11.334704998991251 -23.115583896094680
-6.226134858329133 -16.552970630697509
-7.257898384673463 -14.222024980413055
0.836384918653479 39.636982670856426
4.901887099892721 8.910317863237966
-11.190478028421545 10.770002651132865
1.839375679245536 -3.285020350435483
-28.632164160416956 -19.360592380821522
27.019017734059819 -28.004230784463701
28.139617259963213 22.332167477859969
-29.944266074352253 -31.412863379779012
14.588841825677306 42.664130421726846
-19.033199360301431 -40.960116661066991
37.263680259996583 67.357790877226989
11.914891397010845 -20.129741915911524
46.760134749657880 -5.876170998380884
14.497951201675917 14.354201006751955
-0.932967360104354 13.276072082854247
-88.078332290401079 -31.216760683836764
6.667981918396962 -39.419799454606192
-18.844329176009492 -11.935244126175968
11.193432629345539 44.924007361690073
-27.177587102362100 5.714657688141946
-47.920186230771797 9.624047598542290
8.879619594870682 -4.034854632679378
-15.532117455420492 -51.682681135403278
-3.232140687166440 13.213051157428129
-11.731715277935832 -7.306659724569076
42.532225805378374 9.791048639019671
-13.278754836586970 19.639417341496152
-36.020286994756070 -45.100830855414145
-37.020026988034815 -10.228572342138030
29.675476786394437 3.744481055624775
27.351818004081451 10.060224237885111
-22.493778009399048 -13.054302038207750
-4.674857265266636 -3.349340247163290
-43.883096275960206 -5.120861365164982
25.235518217222918 -2.805653509541162
18.790252737193537 -22.518775405457397
4.773675139571531 36.899396428817070
-9.183409937785422 19.866729331576735
5.746233895870733 7.858829044740556
57.914706372324531 33.268624361493302
14.417165940199927 -27.821899742100747
20.171503733798108 3.274456655324817
27.462861042705178 -20.679350196380710
11.371262112244432 13.046311281196711
-39.956376926549602 51.760904538416220
-1.673866586497879 6.827222906209665
50.427081150229689 -3.915785465781338
-8.805474426254285 -37.199294971691337
-5.888775528070310 1.064269853533270
8.620784014019668 62.084944252061433
23.847429241005337 35.736122176942366
18.124971824197441 41.078238948825394
26.466116399167220 28.735034346901845
15.709443493982175 -32.904531972642005
0.433461637541147 -4.298254048492628
-7.176288889194987 26.519491345804823
3.352891115165234 -36.466037749337531
-31.154156775362214 -38.957932448360282
27.522986270690257 1.670278234952743
5.037024358668448 -4.435499129418940
-1.638007179962272 20.739568799639841
13.427931788555190 31.251971659757174
-7.299274216730455 -24.660429114746815
18.606130795008184 -4.131956010736754
-31.398533233706026 7.615827725192390
5.225205573061056 4.930862930039982
14.375462915550699 28.129960384878771
2.364627383344712 0.586577745357363
8.691846175291273 17.097489480061849
0.743508503149725 -34.005556888512466
9.656095649119031 -23.199327433250176
-55.428205346058036 -14.345401891470045
-4.185417302143925 37.130875496192267
-6.860065945951006 2.911932003785378
5.970305003839695 -36.630725100107895
14.381522828092180 -17.739319798118718
9.952799896249491 14.630122560393259
-28.334180683991516 -39.497835357866222
-3.685202004456577 28.435180564443673
21.807584064759386 -5.316187972151028
-33.261528894409416 25.654431921839642
49.483893556769338 -4.129730746107455
23.498616701954333 -18.096805201499649
-10.838185843995801 -37.189745793442782
-1.475031831780493 -10.903180141592333
-28.581621198294105 -25.506624740043812
18.457543205830309 -1.554701470490716
3.236853511963354 7.558462541426959
-16.005414381971615 -12.079422052289582
22.536489979993043 -19.658655057376041
-7.641291247496572 -0.975188876741502
5.795955138988463 -24.882938052784255
28.053450588012979 34.710266911422195
42.479104982204333 -4.335758862085850
34.410414773202454 -13.380441899816381
-34.279495461670948 11.166917649727925
14.347831377221185 -0.676770358033799
23.608527526867054 -2.453633775057237
-31.779525100524655 -17.364745808527136
-30.139857718642535 -3.568876262673760
-53.767649710271428 30.936139289659550
-19.540187233979935 -35.263899100555193
-7.159238409147587 29.948129841317790
48.288608540429998 30.247130685214028
9.884241452781621 46.054905933984934
-5.761836372237021 -2.394470019679254
3.685576821451237 -4.319433402963218
24.369467389855849 -3.924151745801791
-36.812705871560638 -7.567809851556458
-5.618340379493397 26.089532899089363
22.266664842978866 32.039588813401302
-8.063312369974517 -8.115966253328757
1.057353318181402 -7.485216552181779
-17.012317856526128 -10.818093382659344
-4.470696849863400 35.434030129098929
2.327165286542076 -40.326527024445411
-50.122554880013908 18.814102376767863
1.930859830285285 -3.342116682786912
27.047148045245610 24.185374353024631
5.062363923635679 -38.376172794235977
-3.484334536046439 -28.720906155577950
15.048808113372031 -7.827555269402265
17.570233178956940 -3.584030930537355
-9.367208033191284 -13.603630578140415
0.655059376502735 -56.370371550788761
-15.333031392247531 -18.011175068960021
7.947945812816797 -23.926905722979452
-46.692777344134150 38.626921784642150
10.786641434412081 8.739561491659220
0.784405686890747 -21.488959537661387
21.268497934575564 -14.747134741468612
3.853608226216551 17.255493834246487
-2.262124059313415 26.865610921332479
32.583566899267183 5.771879338486674
-9.912459167995493 -3.242913443741239
-1.121029747750178 32.619296770935186
-53.113408179960686 -1.489746744841872
49.577457894199938 4.970802959464089
33.549419430883312 -10.074267409462546
-9.940337523094064 -12.797375769320771
-45.359383733485309 -3.158719883611438
-5.981772931178672 56.223465416595637
-9.052514958203821 -12.562269242421319
-40.249606042767482 38.462672239281403
37.358096772712351 -21.877828702074687
50.016002083057124 -34.698150025195076
-3.660957195374392 -28.315487712278365
-9.481153954220819 -25.958186808055057
10.182500681212058 13.006113178913136
41.042038736890959 68.368263520568760
3.451983292431966 40.872571642516107
-19.968414847766404 -14.666849534905060
-21.667365960769541 -34.655696249295268
21.613144271240689 -26.915934633135290
8.100655058257239 2.272684896483137
26.826690627723874 38.215508086725606
10.440026595338690 3.330126748893355
-34.548131092386285 19.541531110032899
-46.456443354279045 -27.769882723384359
20.487126984609194 2.872716248963960
-22.314770582285899 0.136984550644302
25.607619704456280 0.687572849077876
-15.987442710181007 19.043588962636075
-3.554587133337894 35.075044401753814
20.113896497043740 12.784893484204616
16.187508995721444 -25.113194530580309
-4.726188721805324 -0.741720763408554
15.390253708796280 -8.749130532861557
-40.987953103468094 18.492492939107734
-10.857025273143822 27.218484210170587
-33.462255237508586 -21.134526500790546
55.047316902274503 15.118160568073696
3.896638055984444 -12.531636858570542
-27.025710636810967 -8.460720096123454
18.263386788810980 -29.555319977037737
-35.916136399861024 10.568330211291375
1.844284641290171 -39.419321374530696
20.718297291839303 -59.225100413816719
-19.446636770697431 7.623441376760319
0.772628291785967 16.696538564227996
36.195613404439818 10.844698104473524
0.342341973479111 4.589680043750374
-24.119209695752062 40.480928144505029
14.728025131000065 60.584416961064022
-34.367728148832128 -6.031182354527821
1.195831477622442 -38.065422322487159
-49.672280677430848 44.756325587991803
35.316706907632096 -13.910593100433013
-40.068054981075200 -3.601217223734133
29.130672553466972 42.318068592741540
-16.864787052831502 34.125523601876580
-2.661709837958445 -22.441645023677960
-8.990102886951037 -13.703404518037779
-8.069286706734733 3.597494792771065
-0.802075273181576 -32.786129041768241
46.555731498051017 34.181563944700748
30.923925226050802 25.326028373266269
5.451780489747587 12.997569365971447
-8.987017901492683 -9.668133889418952
-11.901011390472940 5.013400852069580
12.938110970739048 28.496547796791074
15.421154813722598 -54.170933332095231
-20.086640537523486 1.808485725746960
-6.006522703226723 25.933622460465102
-17.010193460489724 -14.569875832093423
22.283764688498252 35.125746809198837
4.979099395693884 28.695104535893744
22.806651933184067 15.453340320635919
-5.158606389041784 -19.976959334793701
6.069121205823693 -44.226064723525852
-19.541216123069610 -19.466142052489293
-5.633482530540927 -9.763766166624485
11.401582782819366 0.102815158196231
-5.745413959967123 -5.342677150025290
-45.406388328782185 -6.656444922091274
-37.225165738800968 19.438203378333629
21.360763569273413 -38.064972829121388
35.666388698732099 32.184695851054535
-18.826031132431176 -12.791100629117174
2.194320546806092 25.976894495600813
8.546685954019685 19.633779246266666
41.888166538790266 -10.920881722269499
2.229084162480598 14.856543504369126
7.456777950123634 -17.299886121888495
5.748819622232636 -49.025699014051398
29.135974070047801 -22.002205593616132
16.507021266170224 3.438172408370667
5.675393269361882 -23.299688846934533
-6.604929130366010 9.473065059982403
54.103876106621080 7.870028015214986
-29.226567506857439 -1.166885909143213
-15.329544070008279 37.918584886621453
-16.578108868467453 29.480572995215923
-28.331879016548967 21.306657706599395
-28.387638449865992 14.756411734629102
-3.872162568730923 44.042057739682427
17.185318644692316 34.460188343490678
-24.424226709066499 17.978392327092696
-37.068009297287048 -25.854239277139840
-20.412352504462259 15.259495665503174
23.376588907348292 -11.080866526991802
1.382481120379244 -21.098830274019054
-18.882967012452927 -7.442236980185949
-39.097914979063823 2.359989776055745
13.061848363451702 27.608245256233470
-27.866485547144375 23.221002767012621
-21.451799558333821 18.865271582861119
-1.026275487843478 6.432485083333794
8.972197423287534 26.213472493029638
4.570921216818749 -35.140285734449385
25.667605644645086 -4.477891440339392
-13.299609301147564 23.739690009525173
-30.823572293187713 -10.561055234629398
39.433799996784508 -52.032748653214021
-4.556697371992843 17.556289850481633
16.884089052462482 -29.914222766523125
19.516068797405833 18.580379973883620
-2.816253782198060 -14.841504918080959
1.330242542327449 21.484251355585894
-14.419585474354967 -20.297584413280550
-4.146184586543631 10.310702482962816
5.042354411584718 10.649020873049256
-11.909454815656236 -61.227273050165316
33.026562063640128 12.821384283589916
76.436655536879613 48.449629163423239
-26.311975835760389 24.586042825400078
12.077040728308257 -50.761406674198653
-12.412465826150484 -18.085414142555258
-30.386812927298763 -2.131375216387887
-44.835868348205366 11.782277239556842
22.013738994029438 35.823240503261225
12.816536170860040 16.064916738766588
48.172226530845300 15.590134964935929
23.105737788896189 -26.908477871119150
41.930092593372990 11.660363147558705
-36.972433055493610 7.591209213997016
-18.375525232022582 -30.597672479582339
10.685610698064474 -11.176992954252897
-40.015278590460433 4.794473070158094
12.824759362745290 -42.916957460123832
53.711147002533188 16.430795200164187
-28.200236786241835 -19.358569375802684
-36.740170571899306 30.977242205617284
5.136082308541092 -16.406416035496967
-6.271579761638525 -34.381360367126334
17.700536516024588 -37.565478726665724
-16.944513968088582 -1.855202309459520
-3.873763533681832 -40.736059737362446
-5.806409786692081 -13.822289554049130
29.368057480287959 21.291774925241135
24.748151257437065 -71.047188314135525
4.903729895199376 4.422372762285888
23.169528356144877 -6.817768000722955
6.283875364059462 -2.472837135139642
23.068011868422726 -6.946290388989270
19.925781430536588 11.683990088136875
-5.037827089300190 -7.689965408407148
-35.048434567807725 18.981282395389776
42.907538819135759 29.251618887408195
-29.241557988704795 -6.082105645181408
-14.354236084857305 -14.868471956031964
-53.078943366523248 -25.457663504461529
-24.883203676821559 -16.200307367103505
14.432483147371789 1.541421698343919
11.787238715697669 28.080576248095628
-12.713149224504255 -2.066802532724811
18.921945603836406 22.325956564406365
15.588139015193438 -15.870308730361817
10.600547007472327 5.937543465254092
12.127461980082886 -35.330808696504285
-12.973308052293726 -8.805516785020103
8.936137148161562 -15.002277646341183
28.793458143433760 -13.073022048127068
-45.107595794155429 25.935917292015805
26.747933413043302 38.832228521332119
5.947144771151239 -11.029701522371738
28.869736008986774 -4.354863467066783
6.359204509386328 4.371521991025152
6.974142058826363 -8.553961640953371
0.671478715581452 5.490047350978895
18.581922316152731 -60.896386121482131
5.420314424610096 -24.490093507890393
4.568634161722717 53.276517419167533
25.672595353155636 -42.253631728627070
0.708921514174770 17.596308757412231
8.989293502235991 34.371016637100290
-11.433748567730063 -39.589455486591930
-3.052348712116082 -2.533232046859938
50.176187853529193 9.582330535522448
13.711694617193841 -45.358556138277272
39.633885990075903 51.251319407896027
3.688197745482303 15.436050598263002
-10.383131375135768 2.616329933587520
63.283412106653749 60.685838138628291
48.098532921630351 14.844638533350274
-37.166050140911466 -16.561900101579781
50.514613482408166 -6.158154454898296
-23.116155966774386 25.932840548063581
14.957633090388455 -26.586587107924966
-1.159240472682252 18.432718401192027
-9.340414811431828 32.804561398142759
-10.044797974349734 -90.675267801920398
-6.272261167151147 4.562699493491978
14.208022178894772 32.452906947945976
23.344875131183748 16.744316943699594
-30.472906588754004 44.774744169640954
54.794539477879319 -33.824335395750445
-21.444648724920096 -4.749478701435756
-18.398324750657817 58.214265790175219
4.139536701649746 -5.324331157022320
69.200192287062521 -10.459619792013385
-2.279341535026990 42.003507061610250
35.909443862015735 -35.696189539889460
-19.199109439580159 14.714083704715986
-13.802456417181013 7.591512491756152
28.521933733568229 21.308089449191051
-10.056026884884437 -14.693691191697630
-9.818809158365314 22.620776834528247
25.272635313917252 -11.900470086577450
-41.561464065584786 10.793521858469370
-33.415849772848439 -6.789938864646308
46.288813205794554 -18.185992514820192
-10.441150077763082 11.496796172383631
48.841148880878329 8.245635158036427
-28.510611000430814 0.941356358052359
14.201099756555266 -27.241055393958924
20.569179133707490 -5.691735393143617
-1.171069556942408 -23.409106511619648
-11.876212188556162 -9.860403840574385
6.749196748007058 44.631942219660900
1.352275645497380 -45.375034315566097
1.222781204489757 -19.837348543958765
11.409397878929090 -8.938158803345711
15.331649267367750 -29.887978311946757
-26.763611059511895 -31.875434745490757
14.957781788626246 39.753026192670134
26.992389300146563 14.046909023290446
61.038621897859542 -30.681828533245145
-10.056121876408778 3.739491894275984
-11.460316074081868 -20.321515285026774
-12.594566727311650 -7.848736404619124
26.728532058851524 17.481568849557767
23.813992495093199 -22.181562200395604
-2.285217347852539 -32.892533591123843
4.265722976330978 31.086109738371164
-28.141822313602599 16.487141313282081
-52.808081151293806 -5.157282136582196
0.262674059943695 -1.853776163941306
-6.428550665758630 -45.368679014734283
11.475427879119152 -11.127580380339467
-8.510473627333759 11.596089892138227
19.387007560070998 9.615434720908686
24.905428766468656 -55.399446634939771
-26.784931899203613 31.894193064257191
7.100706758681294 43.139762626108180
-1.746686627093529 -30.060278494159444
34.910828491156551 -0.257911385536792
15.780312544360699 -3.863061581387809
9.490407084391563 7.879439797850122
36.861567853535590 -1.224080242769975
-18.261861179178670 -19.049434205057825
-26.725003928288682 27.756659300094931
34.104797429507720 -2.081062281455417
17.527924431924671 -0.560666979190069
35.278910642353061 18.300577307085437
-36.849304680546993 18.759009526470077
-4.986344219241789 -41.534157748098416
26.892192283065103 -41.841852556392496
8.179568218727802 -8.219698362893729
-34.393019912642288 -32.643510619259366
-6.854953776004148 8.055304660992732
-25.468118540914077 46.677893666128860
35.043834373493610 -13.447927817648649
-2.693293079158820 -36.216551664035265
-42.162391834097015 13.073501946305999
14.896223087477924 21.831822853559775
-11.640412711437641 -29.207453698116680
-16.930386160115155 12.117188371435002
18.656220718460382 15.584902805413266
-27.341124952980852 -23.845512356454158
5.708352199379669 23.679330549731436
-53.514532566841090 38.516061773626845
16.141751759340515 16.270804147129905
-13.350416579887280 37.951143938855026
-42.826562727382672 6.987601145660848
-1.282421693751592 22.904243132300376
-18.298512948396020 -31.075307412331426
-36.054062275366313 -44.791365149316093
-30.462909856417635 20.901098568203388
12.822748159787338 -10.472617857217495
-18.853004432962980 28.147218664715336
-33.934694487165267 24.438898347981095
-31.082580177004129 14.519804389906028
-66.108472413050805 58.965417519750844
12.722031139425354 -20.360104648081791
26.076419951072900 -11.516883497479871
11.271423507634999 -22.786276154655283
-17.226245320526132 -33.298762731187637
32.573555333602997 16.953016708735085
13.625213076058078 17.109152100016384
13.357585720904442 27.115913297006294
16.734378139229097 35.957534239978010
-17.817234800551681 20.699600842358695
-4.365771032545113 -35.096570363058078
13.617588649689869 8.000654213142269
20.172866111235358 -18.756617706851237
21.476798730799889 27.825128789978734
33.964478989138499 0.165411823866012
7.315920511523250 -66.166245467519317
14.277554808014466 -30.589534513294467
-0.600209702894861 34.615920540247345
-12.589068364602831 -36.185894989792430
-28.334023569127247 30.256451854263563
34.990457480489674 31.562059477214660
-62.901099100309480 -11.823454752988651
-1.589755099202855 -0.711803001846885
-26.476863634972744 -35.957369301546564
