0.000000000000000 0.000000000000000
0.000000000000000 0.000000000000000
-25.938302558980610 0.000000000000000
16.826717492886807 0.000000000000000
43.406528637290421 0.000000000000000
-75.846950193457488 0.000000000000000
-24.679113205724967 0.000000000000000
27.637996682206467 0.000000000000000
-33.985521442915541 0.000000000000000
-29.000247256715468 0.000000000000000
10.281973361653076 0.000000000000000
32.153452213427052 0.000000000000000
51.932253998143352 0.000000000000000
-18.276562598474591 0.000000000000000
-40.602376423039985 0.000000000000000
9.870929618293587 0.000000000000000
8.168507798346731 0.000000000000000
-14.817393151489235 0.000000000000000
-3.105053559331274 0.000000000000000
-3.688944987841669 0.000000000000000
-11.696757885626406 0.000000000000000
-24.011224351302694 0.000000000000000
-10.769981618794350 0.000000000000000
-1.907837114199932 0.000000000000000
7.104938101007520 0.000000000000000
-0.566965369854533 0.000000000000000
50.054463073830327 0.000000000000000
27.154289935518445 0.000000000000000
1.443965218132727 0.000000000000000
2.519448645166043 0.000000000000000
-46.435036119150936 0.000000000000000
26.173153025688411 0.000000000000000
15.199026821208383 0.000000000000000
-17.564930048961223 0.000000000000000
14.701992590650992 0.000000000000000
-23.148249541299723 0.000000000000000
-41.549690059784325 0.000000000000000
10.580432761626117 0.000000000000000
-18.890998385092328 0.000000000000000
27.337554569472609 0.000000000000000
-41.918185909835266 0.000000000000000
28.557927477408477 0.000000000000000
-14.657086494960494 0.000000000000000
6.689494415332734 0.000000000000000
-14.861578383590230 0.000000000000000
-54.770636889559583 0.000000000000000
-34.142065052731532 0.000000000000000
62.377715995007314 0.000000000000000
-10.688596556217588 0.000000000000000
57.595987799526256 0.000000000000000
30.396922210479843 0.000000000000000
0.000000000000000 0.000000000000000
-26.433505220956128 29.652328738868555
43.639404794075190 -13.236327148366076
-13.145236194489192 -4.191303384018711
28.734758618603667 -16.396801051466497
-25.422721271068479 -16.463050486784987
-6.399653738661296 3.278708715345914
-17.930417772245232 6.776634798235293
-2.638801124350455 7.733028366660064
8.189748054445189 15.146520140119769
28.262087559451448 -15.108657486176865
-30.809119975941268 37.618670326462009
-18.467203376046253 -6.489458584554736
14.139807854423950 -9.091836394251969
8.779349566590922 -8.337005321918145
1.135150177884226 -39.444722192932097
-12.602269310335627 -7.633296406209185
-36.491135751599110 -25.357128568413636
5.701008508465596 -8.297202228229226
25.117549352417655 13.831801770073090
29.665118404191574 -1.487923748103277
-13.843528725509143 -4.914298574798302
-30.407695399901471 53.404924000016344
5.785395774019172 38.384474382606982
-15.491267824870340 -10.573808435475138
-11.272837652139835 10.532087790650021
9.103259326538041 -33.300202828151647
-20.437508158025778 4.221194409093414
17.275436399439648 -18.552697854322108
-8.785139878914503 -54.390637925271946
6.221673438218921 5.200205266199375
3.926898091120652 8.272125661133176
8.576226745524806 -2.994630304820736
-23.069007384029057 -9.837249609007049
44.137850613435532 -31.661839146052483
-43.529180072248714 5.885965322841590
2.303114173565252 8.201752140613745
-1.729425605808245 -11.568511133335791
5.032336746375369 -38.103354356889945
-7.011179169365304 -11.184808924811188
5.400819559791779 5.107345937511032
17.222147286423038 11.581782367811392
-34.350398413587428 57.634726834106459
21.611413569022485 1.787293217769283
48.894854435529730 -14.664885601950902
27.246718132504956 39.582543326089080
-34.965127192486392 35.985134881694762
-23.427012698560922 -39.348161138093353
-13.964922073262990 -6.970466433531490
-72.711045597628114 -12.303231088593698
-9.609452675535024 31.534869117146059
-23.364366514058428 32.504738002364896
-10.336976083699735 -28.168627228467695
-22.944363815528362 32.746872391968303
3.038498109036063 -2.461239807167613
-10.322207590881533 0.076163371567032
-19.904806933352685 -1.964704607597280
-8.388913085999878 11.325193641079652
9.587363886235007 2.926834183749286
-9.212509657505407 -0.011868487012428
29.598127661583327 -15.662127321224078
-37.627611983614543 1.196303933392247
-22.288471742419894 15.217542197244152
13.803118914670359 10.635265910032428
4.521387182567904 -2.306893008753685
-33.986239898856695 24.599491250399577
-34.667705695225301 -4.676106779793646
-3.419951631668809 9.221388400204555
2.124358738388350 37.370586448522971
55.185092284198689 17.691416662569782
-26.489605909873614 11.767564911956470
-9.015944703562429 -8.522166358937151
35.591616024630277 -24.765972874515025
-45.105913410895269 -17.381848066259540
9.332310721654183 -20.090542904554795
-32.334332917845863 -27.306417978339365
2.442011520448687 4.803079057416322
0.851858858256006 -5.998802001439344
-42.116649726686141 8.572827724154465
-40.175385401451514 35.633113595479877
-5.722984544445614 -19.478660964143593
13.267617654187573 -7.744205685648144
-32.585377933189513 -17.592710999709666
9.533298512686937 -2.524868364426045
-10.918538457104075 -31.609152284494197
-17.483599974021320 -41.380770258313177
5.190323261316722 -9.232651801055832
15.074998736111274 -23.829997768312300
9.036422499938105 21.664995885136822
-2.308742366180388 22.747368782580729
-34.630242055170910 26.107233486325679
-0.115928264252353 -8.668896241120335
15.968265094488421 18.748796997804007
-11.751417732000858 -17.730733686227374
-12.449239372750814 -27.790451072549509
-6.526585148040127 24.589961302076599
8.001321394278314 -30.912865639175703
41.859281084249247 -15.734096681522228
-14.014009990267075 35.967159082459730
3.533244541804001 24.172112431680279
-1.368387982791400 -1.069362231838832
13.737800525027254 -9.674902225427941
23.199289057417396 30.938719030483472
8.774271239247927 33.548208459450400
18.276978703131117 -14.220071637124143
-22.158003650198630 -7.781147273068983
0.547050231443746 -18.978208791363272
-6.717740734178386 -13.699656366097610
17.021294944897139 6.373720950674787
-10.126724890501224 -31.221547430399749
-7.518962041196439 21.506824263333588
-38.182246194626558 -31.420267311453085
5.993786989237268 1.382178357520518
-23.879859389817380 75.274505535115793
25.749973101670353 -19.515349503815500
-26.465811067343690 10.211021125641325
14.126577457744306 -4.712302343740684
-16.509670144840992 13.318136040909678
-15.452369394876671 20.576490824993005
-26.105745732530217 -1.683865980863825
24.694686591503924 -13.505608425241570
19.942982678727390 36.051101689881442
5.786217204874112 4.615083729858060
0.363572988875045 10.309240210482791
-14.551856414073242 -3.659862070458786
-2.631695776090206 0.420526265514890
3.911578887598394 -23.454931316690907
-10.479008354308794 3.214841424995346
0.318998925596815 1.620618671937606
-27.024225461302251 -19.040998936614660
4.467115548406724 -29.951809006759277
25.221462164492500 6.807633201553005
-22.826446737073478 2.191231001244804
-32.303784222403138 -36.562663000260670
-15.309285907019405 -29.072097984534832
-15.109916112107408 -9.174305412654141
-38.018324526750227 -27.653421353292224
-7.309182109508907 18.308581888695112
-7.937691975882523 -36.006168273483325
16.382283753363001 12.510888195888157
-9.434738167620852 -12.770744633894742
37.841247593027447 45.283551395655508
-19.676348916073891 -6.515306363338977
3.479827426866716 8.346228984143902
17.456342880634097 27.863651971233725
22.428739328977347 35.807795823592585
-16.575392875585468 -18.832581517251501
6.345535924220901 59.964770265639643
-35.847599070959220 -22.177485362512758
2.651830214785005 3.876225549271099
-1.336675117568254 41.309027181812759
28.524529291475730 17.029069025524095
2.181791633712673 19.123997452908636
-10.417989015381849 -10.478969451089487
5.711769752144178 7.789768492856517
32.336536713342078 21.222091703607873
8.349548163469596 13.633244352284693
-33.760564724216209 -12.457739394666921
-29.192925405767799 -28.423511091240584
-8.920765292709865 -3.509472870470920
42.138482789260252 8.314807743967005
-21.429341609115848 10.713911728266575
-24.174943213910112 20.251527615957869
-21.293397660059750 12.654773813081166
-33.243801392935048 -9.793973470095279
-5.692757220216237 0.595216706450479
37.901493614682138 14.421730520866507
19.817556281890464 -25.521560858930837
9.949986818893006 11.407170027156392
13.686789903937390 -6.783933928516753
-15.567754167046422 2.233243501627319
-40.903107027367419 1.533160138890297
-16.264799795532994 -2.148307023164508
15.260990921360969 -43.914965428944598
-26.607451790700480 26.253064063869171
19.178299385347472 -26.145489888224976
11.800983080022840 27.819045325379580
23.306967261262994 -25.839188465811933
-12.595070684695820 -14.067893143293773
18.164402031492948 -37.471745342847541
-38.063736620024279 4.172895102889576
-9.544851643913889 -44.255857705432803
19.283560963345359 2.886691620015054
25.797096066340828 -36.062481285147946
2.770797252661528 2.977983332381884
3.001859569416423 12.943269546871685
-23.501658337431255 -3.024229607731087
-10.894484836818133 41.637967203649687
-25.574365186494006 7.775878812161139
-44.425842252984310 4.919453777786717
37.056409122916278 -27.568160404924619
-18.235744994374169 -37.495388120629741
51.359538177889732 -63.267455103549715
-24.949831351164356 1.235290306710900
0.251903081318974 -29.487437738337320
-11.980812037531980 29.695686111731721
15.484949066710826 0.392939437303715
5.773875293396628 10.513946217835585
-41.647592872312252 7.173344125662059
2.764763553591564 3.055535914896180
-28.513312213063486 28.056305633150082
13.795687491864232 3.389837022288920
-7.061661636318629 32.092962186426014
2.821388937504949 -12.926301279955519
19.462314892043512 -6.465900922999675
21.168761699464095 1.951747289335230
12.830272164474879 16.456074198972996
1.412535615546861 -5.917314395022570
-20.962236682175742 35.771533663590738
-48.401513753827842 14.171096432149165
-8.564068186931635 -24.883776711725591
22.340962844484519 -13.381257184910632
3.605080968592992 -7.900325170471023
-33.912860369371295 -12.448704256098297
26.659945942807365 -29.684461419210322
-41.467232178565965 -9.453736406271306
-0.089806254767691 -22.966231848189487
-9.557545313567639 -10.404019050679826
-11.937933026444428 -2.220668889132343
21.199589682653972 13.714227211531110
-42.649359785082297 37.856406710369164
-19.254707549243122 12.049086799939335
32.861889639568375 0.591855203607843
-67.135288556479054 -17.417902101669046
20.099776256062249 1.987874072567036
-34.058858100180259 6.603832506515427
17.988268755157314 43.371030067380339
24.318427297360348 7.615695768173212
-14.682133617571427 -2.446675563487937
-13.370224750940119 -5.903723142579390
-19.762164562441569 -46.948445117059421
11.193638584809692 20.683925312042419
-54.026913126336979 -16.211931855721740
-1.657423707171729 21.761212053295168
23.848745893766530 18.099062633674581
26.217786146732927 6.191088284748901
-3.758555370743799 12.780052446830377
59.126008034666434 -7.070143111380131
-21.300329945393461 72.215715777414999
-14.389876727733206 10.784557153570484
3.819360568030569 4.267539953048574
-46.141478520456829 -7.266720751252186
17.827513476990948 16.876059190229661
6.575199990018406 4.288312891682411
29.743224691487072 18.411571727526397
-5.704220663019930 22.795185201006614
25.976103109500730 -35.573194116301572
-23.798356835835346 -29.761963248025680
33.499426208202031 5.201528852154095
-6.760414401717648 -13.509092954227365
-10.705405804342162 -35.053362320162272
-20.470844931904232 -12.165878398408584
7.855627384929455 -0.208867713627900
-19.025040352490638 12.490566824217439
20.413596956559882 -61.251492811855350
-0.811019280513350 0.307556062490947
13.951772561118503 -16.187844961538968
-3.109057138245738 18.572740994168125
3.938439554054875 30.335662719191141
-26.033074279670434 -12.232878333633847
-25.013881042525519 5.227896658458041
19.052540921145653 5.281740171256411
39.476576865509053 -18.232369164920037
23.369874699891266 33.038556442482488
-10.713492462711475 -35.293179880612712
-52.552297267458570 -35.067379993671203
-1.276749226511630 -4.238853845894479
-10.517153655989958 -21.205540434119424
-17.703279530236031 35.102121237573456
49.961300899276566 -28.664074896606841
46.827207857834331 15.210009378416666
-4.862866068385561 29.556006940660211
-4.548781931260862 15.704972550700473
17.183164938620632 -24.528718402033718
18.630907588629050 -8.662455899144126
-26.066432393747235 39.756695362909539
57.803124651375676 -15.990757479030185
24.027020001868785 35.731168102717916
-13.911466195750421 54.870142932890197
-20.179559739312339 59.690545921980686
24.623289246081033 -28.796622975829070
-26.727902110047918 -8.710080207132293
6.399227910395025 -16.873613260613286
-0.328687767863168 -22.474822307598718
-20.268270471730922 -43.943051358989202
2.145024775686926 19.559251154506072
7.493798483033148 4.593324206422382
-8.359712449526944 -3.934883971578761
-5.201309287007977 13.266434162489013
22.891502279616876 2.806610128357255
-6.160500861831260 52.536578622524033
-14.942571254101571 17.616308486177893
4.131150905148028 17.282789866485956
-16.791375848503893 45.562437403683539
15.982229989778693 2.926249751381826
-33.426286194755924 -21.942249112993771
-26.125575689787016 21.430024313485820
-28.153153122632098 -25.117733489253094
50.480741173846020 0.480575132897239
-1.127004161281556 2.826479902061261
30.016778743866894 -23.582214953404446
31.216202315549971 -21.622370387287223
6.801951941411918 -16.190536688799885
20.821565937415674 -48.687690951057327
-20.360014700993194 9.289393859411454
-0.914664970275243 -1.971485129932509
37.926779193796406 -15.956731676125289
7.314586478146918 -36.736013798181453
-13.895080728181478 -6.361400194187232
-19.495450336127490 24.720238749733841
-4.766510199960404 -5.050892259611706
-14.028577763605954 -1.922264561855450
22.368187751547456 -33.978924526485613
-10.993881171956687 12.317012195989873
23.184903919189953 11.371914019425043
47.026369786130417 12.297101494324750
-54.670660791771006 -6.441987375893536
15.967916317192040 -28.055043277709213
1.730209102412385 -3.237695659887370
-48.879670577655773 17.546876381238615
24.022540937560247 -33.282525634171861
-36.728284244399120 21.634482291356129
19.103901956884361 -24.397832853250307
-15.797071409146515 -14.956209779454191
4.045918211934323 -49.873239440236681
11.763162140033693 25.028496517949765
-1.142419588531300 11.462800636533903
17.971059825300635 0.856325634984060
33.142908729710562 -1.377549156697544
-37.836103482386868 34.206653058225271
22.755958707925984 -28.858386876984849
32.653369746151661 -13.189406926888752
19.278978086988882 -0.352007841662968
11.844849755889205 2.263411146241488
-30.086248379837851 42.125671990668557
11.092131399163843 -0.975547195812470
-25.715817971784652 -17.668378096075596
11.685446275956707 -3.608398319000175
-47.237938237597987 4.819458601833749
7.922431925954300 -15.181910014005695
4.752098000081497 -10.208588940278432
-1.128039520449753 25.898493399361119
-3.759052868894097 -0.751171566779751
0.184343153712711 6.040948303840151
13.540924897002141 -13.454318256662990
25.747996052839841 2.030780795800978
4.202097963897855 -27.133271680730473
1.063521480961210 -20.463730638281547
15.503306054469029 46.553389457482389
8.834652742519760 24.627682569772954
4.976952423824627 -36.155625629083815
27.293234143808036 -1.351952687278254
1.256388102115612 9.340236237566700
-10.908231400762553 -1.865981765350949
-19.693664587519084 -1.433871595175828
-23.738268288258759 3.141426279303287
0.123624569484554 12.573830494057738
-3.295100925462701 0.860292511887438
8.921224432728463 34.782555612538708
7.439827378380936 -9.230346084688748
28.984953321793192 -5.078130733032199
-9.781239247935195 -16.424372097242820
0.107050770878292 27.988167203187047
-27.841791623240649 -0.237343982536777
-34.145808734212942 -15.543232007691511
23.640857779816898 -21.692485627155733
3.875291472939307 -10.037988050269705
22.352427226913470 15.120723517985386
-11.010569082377666 -42.421225847966610
-20.808833094860027 -11.787577372865085
-48.152175057438541 25.441693329623231
22.922240690476592 -11.176723566238547
22.978659238512680 2.424649165018217
12.968193969728262 1.168935247681029
-11.348419896696743 3.881477506603862
43.718762264809115 40.606383124459200
-16.948793435820537 3.665410523076021
12.837860484686294 11.586685412379317
-1.785093118159075 9.691434346668840
3.253982698394036 -11.872368007907232
32.858303987393029 42.318994235225468
-2.523087719436876 20.486077357334299
35.478461285514513 8.868335131789408
17.854711914427302 11.193334187265663
3.715457835040599 -38.864315279644039
4.357686284638753 -18.511836263091524
-5.769972477855832 -11.251050247528189
-15.129187387270196 8.642929654404291
3.082224659742157 -1.729720105340775
-1.758474405621829 -1.704076083449392
31.872723435806641 3.389128270969580
-11.607262510846835 44.775706755180778
16.289421567050230 27.113252424532188
10.736771743057179 -22.445166469812055
-17.521394464965876 -23.362709847641739
28.335744687941922 12.016828172514375
2.819743186919029 3.429659646287880
12.652086084857695 39.625845824952336
2.176527382748683 -15.244029008891333
-12.174986111213787 15.084716900413476
-3.995585051830786 -14.931407904746422
28.226303396724497 -3.707819653628926
13.789574429054460 0.486415424733807
-90.116738355753910 -20.021405178815577
-13.126040174221085 16.966083720976147
16.651920517650147 32.723732669923038
-3.618010270675519 9.820738095222559
34.833478715607662 -56.646229691127147
24.800206877759692 -35.244247202162768
-31.841024869309877 -26.347738953876032
29.494434309835750 -45.928789072227225
-9.080206143177376 -25.343598612860514
1.010600818726362 -16.447345344088028
5.673548968090660 -28.675417810880443
-11.664976807680286 -1.799143465204600
-38.374167008593794 10.343288282861723
-1.356625832696821 4.705088765183229
-9.657094118075449 28.499294953508290
-15.591318879296246 9.119214011926349
13.890441478400785 -0.988263219903085
4.304730733468006 -7.050455038198843
17.446856624034382 29.452926170176248
-15.319027582340086 -14.704650101414202
5.872290155241314 22.930298970376075
-11.857312437453915 -20.284265423351652
36.450926082488394 -24.035008333715766
20.380888003638130 36.847663244485403
31.867980736928875 14.688435325066797
18.480116914437264 29.144719413098596
-17.311437287786607 -3.031683390190630
-10.581002287507788 -25.650962604730967
-4.119273486599790 23.759516763737210
-20.138435103613762 14.295131012963349
4.362164857538467 -7.397472802232671
-20.705550415568140 26.167676942898872
6.368396211479235 12.315082630550132
-8.260904052103003 4.162623086023697
-34.336209527000534 26.192383078199921
11.325812582438481 -43.084108394024810
6.251934327023516 -17.753410246196378
4.359535525523101 21.352509509624493
-11.740926421067806 3.656428009856372
1.032283660744655 -54.826811702252719
-7.643129927631843 11.313440356185604
25.229688962292872 -1.608833857396045
19.842744341542485 -28.928898690828579
-10.622197273719273 -19.067774000176598
21.406648859070906 -19.818847296180802
-17.657172929666576 -30.321847901435802
-11.371451030117683 13.540919977861677
20.271258693574275 17.307919681590459
16.168807211444445 -13.467371116803349
-19.513569268186078 34.853906829526814
15.003698847416898 5.004537326397998
43.279278753687294 -11.874781140065643
-14.428463438102412 -10.356515725652750
-37.709622972607534 0.823024727810868
5.317026940063430 -23.861832208057017
-30.829085389286931 18.949432780530763
-10.219483622157842 -16.781217832040284
-20.246275502253486 -5.182157492507766
-44.641285577951784 28.690081690019106
12.969928400267310 -9.182046647473980
-27.257670037682491 -19.967028767049879
5.822543484103878 20.323381507807607
28.685081429776719 -15.089128271511647
-3.163117612336354 -18.615232504012965
29.761777714638075 12.367237758643995
10.331904340874850 -24.571879905473768
-7.957576895255004 30.103449518106974
3.013683468535689 2.565680920078531
28.859819393924752 -16.032398064393270
17.853340714634520 9.812336020542070
-21.721415412678581 5.184140658168613
17.800612686272579 0.630573694092539
-11.579843925160807 -20.154836336189721
-17.578075799350653 12.347273511593905
19.466432416289116 -45.765330128869884
2.376922837461200 3.760416273857308
59.151553640681122 29.456361024712276
5.562874752943167 -7.017016174010269
1.604159017666970 -21.942630390776031
-45.723813425738491 20.263460036762211
2.890072836678481 -26.425721979143862
-12.391609636430330 49.689368475907621
22.436908077845761 19.860178681235396
1.136559715368476 43.437227094348941
33.671676347148058 20.910484821995379
-10.544548218290352 5.449288753132520
-8.836594823781279 -4.649557164372092
-5.978386053828482 40.193155801590791
-31.170849785566929 35.646174696884714
-13.957308243478577 45.224396061609376
-11.127462236934429 2.659989412870056
-11.973829667255435 6.788249652425335
-38.938964059047784 17.669530087569139
-9.960234339736012 -9.401785927644218
-6.673002318501668 -15.386067604239074
18.188236987922515 9.263542664570062
11.255034616050096 40.340568032495767
34.639807327116017 19.128647503535909
-26.243902537946298 -2.989237433837916
23.705420887367207 -17.534407462204527
11.917568765189698 18.832308757944922
16.555166263934414 17.324587473034899
14.717169310320344 31.748568304674162
-5.523442089465788 -2.526833333750576
12.873759101119276 -3.172881990926536
34.819373096663497 20.989191836498236
52.041157090758219 -33.503882599325635
-25.177679186979127 -8.768973488653813
-52.358622969319335 -14.232508149251412
-16.670490866976586 24.071618209712934
1.002085940602754 17.746539998278056
11.065220098041085 29.211657551371331
19.123498163331412 13.256641653320310
-20.173782376915341 27.396803051008693
19.151591965456479 -12.985277943056253
6.658344702695474 19.612548804851535
-20.517131839352832 -2.399916007702684
9.619395560861477 -19.022083489302901
-27.826593907120088 21.415038808409935
1.016251097025277 -30.065903556290419
23.174174253773273 76.022057529404009
-3.811642920697925 11.817552274478867
14.807836158556517 -30.324734034869728
14.807160498460505 -38.450589304176823
57.709554905695867 5.611194660303696
4.970920225082654 17.495320816907437
18.031890667750989 -21.155040723016068
-5.588793879493565 3.613379286572949
11.871671645963580 -33.827020016103887
-37.670850073211930 0.389352476135505
-7.269163573560284 9.978754872183918
-22.026008856643717 12.902733543896296
10.112037165454449 -6.557376912932074
-25.284122192987958 16.085167753798910
-5.013223559910786 -21.858500947043144
0.749604786251594 20.881058607098733
-2.209305150629775 -21.388375293759271
-26.470150517876807 -7.221792108082433
19.320835465633799 -37.764824652016351
-18.490637696672454 -13.196421859656661
41.506635501010798 9.756014235598625
26.125817309842180 7.682097692461316
-6.214340714559136 -31.004778540423768
-13.723974701655878 33.201018643685721
7.618435741941831 -33.229128985237210
4.283315051470239 -17.482126072275680
-26.503221320207039 -0.544743198175879
-2.250962532095449 -4.041272163126294
13.584795334350403 -36.540135645890963
20.442974482498563 18.930544525425848
-11.862729084355276 -15.885632501430159
14.061603882849266 10.559969865560985
23.740035824063320 13.241975412439894
-5.555258785432653 -26.938922760447458
16.796095276888064 -30.772564537903609
-28.247983114247877 18.965356335408387
12.538429951600538 10.144629509976491
-10.387239985868666 27.561761803091990
-5.504729174720310 -17.378077726984635
25.485838421677023 -41.118899815188868
-46.507946841824669 11.591467339558335
4.066006280294087 -5.715931054953413
-13.623673795180652 17.237121430010610
34.785620150572186 -3.793564629767813
-26.528206974395538 -38.482770274152159
13.802656343448477 -63.615890652134560
1.470864176660619 10.895623880509767
54.499098708594587 -7.869499530522065
-14.070968725809692 -42.709767882647213
22.955502660468849 -34.182979375204013
34.887017792974881 5.657503749921801
26.164341784260795 2.611009525332065
-3.834181857813157 16.102695650962620
2.695590557971144 -41.031539090051119
-1.619770246232227 16.724859138794788
-32.627335478636930 6.512959557038831
-21.784006544898098 9.684287955925706
11.297024431594505 -3.738028648629840
-1.147091895925873 -31.465201499423046
-19.934780396193489 -25.724010706186036
1.846139338693551 22.288161406237801
-9.892088958189614 8.165371383906011
-8.768996523100903 -2.709815421888027
-5.955064947454775 28.784513093320740
-22.730292337951113 -1.805291165289400
-27.560919934680474 26.910144451418304
13.391969666850324 -4.465276605891724
5.104734864244556 -18.253030543301428
37.505027034027677 -36.331981159181282
-12.389489719263134 27.271187124105378
-28.348556384926454 15.693065929217964
6.225821825506850 3.501347173577729
39.843518591048188 4.554468183541679
22.484622572778186 12.899118078195146
15.557177231855865 34.656281704341993
-15.480477956233861 -38.391862993041656
3.541270685578772 -4.147036356577146
-11.426274313484152 15.732771178742238
-5.395914354968990 -11.632868915847013
-6.378739476596595 -20.572357659912623
46.803559134778162 23.871307775373019
13.336548780722644 13.659579057181151
14.027320734471679 -1.612309371756545
-1.596666562420963 18.244550401812205
-19.822578729961222 26.379940947897069
-20.929149606796706 -7.703565751829435
-2.623030057684430 7.829722439693180
36.616511278005014 6.307628843845090
1.893368016971456 -24.506110966954292
-42.352754525721558 22.508319941182261
-1.541876549171645 23.890203895660601
-26.046121397958885 -21.661643315775166
12.653594050545109 -11.905435013927685
-8.389547848980724 21.297043563126099
-25.999722707140378 40.566136407687516
13.118390998117681 -45.160711906949928
3.476169497147851 -0.370567619956745
-1.360375994469933 -8.953001693989622
-35.913020017124246 -10.642286083872628
27.720250398739015 -18.237212665082986
-5.406435515396175 45.741963894413708
13.706056814255112 3.260770127875048
34.557933862172412 -4.519287030151087
-9.842956858412375 -6.133385875275589
-13.813213998657879 -12.661077817337571
27.173153628529651 9.726227099825572
-21.008103377742994 20.734288794252357
9.468316168126728 -9.539079605098474
3.602398021683785 -11.022772130632630
-16.029255215745202 27.301665477369518
25.761974799303477 -19.326273893673250
23.524322433715245 -43.093703161543374
0.377529674218884 -9.165664781630054
34.654316894987133 1.968274588944261
11.167698610313094 22.513466820564830
-14.442756893789417 9.304756050639117
-10.417760870948959 5.037535190172640
-67.329053813745887 -26.847747792972882
-3.750281237243057 26.012129809583595
19.465773760732745 36.771687093437130
15.446407015362443 34.878956502220909
-15.726701697252814 1.290549757999873
0.202772720789966 -31.789597881416988
34.861889714460020 -26.297434158783606
25.713714894818231 27.632684682779846
-26.008830241563672 -10.089335162685181
7.394686191560158 -7.557576260360376
-4.922464954531100 -14.884462526376547
1.612603538221957 -0.360901883999779
-20.940552246199363 12.011896296073344
20.214232656237144 6.964793074899694
-20.869648875292679 -21.675170997958908
-14.200033707275225 5.889183500622797
-16.951517190340660 -32.770238140719485
-58.001076122117496 -42.872292375338759
-23.257904655610279 -42.163656832968321
-12.679876330895491 -20.432818234333475
-6.287869437528061 2.299873273566401
-9.039627573271172 -10.193546703496869
10.690326956036188 4.264977251199529
12.146847886990916 27.626926939732648
15.982334444577242 9.553538399568183
-4.380154038514688 48.417143694302879
-6.205257591332508 -16.332105996783675
48.120237625666242 9.779363040822073
3.542854024756426 31.494897070778688
-18.342208392056751 12.524655376409793
5.306835001940823 -12.281452466002349
-0.310299163831449 -15.244632141769648
3.432632109942604 -11.054159250476474
1.745340048171569 30.987549918672364
-38.710146580547594 0.233290480720062
-23.064548199186380 -34.800020255359300
5.294476075281285 0.427246260353724
-8.809958411108330 36.750636620708292
-33.149305844513535 -3.666105946774444
-5.644091214044285 39.647299721058836
22.523153080962494 -15.840269489257505
11.170174497447981 -11.020621111033515
28.610412470756341 -12.845583380280889
-8.188014617597567 26.660632453756136
-12.657765449197182 9.624239092858664
-8.031908236099971 -48.648433579520038
-6.092066645757752 11.619168778904175
-24.464510352708061 -42.769117890700784
-15.969208852913923 5.882986563594189
-22.154161510302320 4.187162864895236
-28.807307743036631 19.509652953760014
-0.959130264662413 -13.261784462076287
-4.234013010489160 12.905827174401329
17.973273166582189 9.276311835503957
31.149514923182885 -52.324412356472223
42.203550744664447 14.830166487792951
48.762544274468510 64.142120440633519
27.130227256972386 16.972943737298881
-21.995116905090384 16.605440942343591
6.250835513908578 -11.432894676343706
-32.759215854540813 33.403657952902478
7.767821489150052 50.910318328409183
-2.930046646461371 -15.467776395857040
3.052877972272435 8.803301337312174
14.649228464769358 19.818977716665376
34.207119057924139 27.119999450907475
34.593802083623075 0.922594541782526
0.779084427429113 -36.569743333129303
-27.627246841955362 -13.395798583313006
-21.637287730610069 3.298002137718068
1.962607588394943 12.693383906101312
-25.033236287909677 41.865181950441873
-14.542518405449501 -21.782681146286070
2.594211830584693 -11.817030623223181
-0.434022050323040 -5.965027930643577
-3.042017854901486 8.467925433190544
21.655354564307096 29.856174307845574
-6.782772571722115 -3.833068775711535
-11.639135905916927 1.452575537166107
10.914153764457627 25.011537702230719
-29.436278176214625 12.039399853441974
-1.450797124903160 19.875370439460688
6.580015688056850 -2.483143876804345
-1.319111207135835 47.560349359011376
19.251833294407739 21.060770881550994
-24.753357350127249 18.449449246245067
-6.072685486125419 -19.895162029030363
-1.220137863271933 19.893850721021909
8.405284873862653 -25.004568749699569
6.261547605084155 -8.871985052674040
17.546435317279528 30.615474451337587
0.715864577924345 52.927055635365427
-56.767489939000249 -28.978787272861830
65.093471392219641 -9.071865984087916
-7.628563971417861 19.675591514733405
-12.219393767185064 -14.496509477544514
-37.106614187014671 -33.528959121496200
-16.311844176812468 17.124673241499096
25.612062292519781 -26.332354788276731
-1.374524946840990 -39.445857401507411
-8.583381336421230 21.810676417496243
-55.940350943765559 -14.159057568833131
-25.798367735373912 -28.010239846377850
34.924141938197828 29.811718062775334
-65.931540001765029 -13.929957800625301
-3.561819604328077 -22.610894026820834
-38.632012933497784 2.062154578168121
16.975176370434578 -21.890652202992911
34.655871121276000 -3.960869546982982
-28.353344647409315 9.698143678213942
22.726357477312188 -21.393345796228846
23.265521115911415 11.414929211072128
-47.206425916132254 -37.978001028440346
-18.847505398601093 11.582795170419846
16.566919100846320 25.788516261898884
-9.315938432526703 -18.325638402666083
-25.605570481546540 37.630062801022888
-8.445953152565513 -6.880870765859140
2.789700181570159 5.657144029662896
18.635214932333280 10.317482320520030
16.068182292755665 -30.099277740274783
-12.020350452827904 -4.729118981571328
-27.453091471838516 0.391196023467022
21.291585404615333 14.030967970688863
4.703967107229526 14.096546945411786
-25.837913638866887 -29.436147622400174
36.796471163831448 0.625341807429680
11.374729611480189 22.773931226875572
4.379449999488453 3.096660016003616
-4.056682603672915 38.847593573082008
-35.376385745223430 17.801581306810345
-15.364402261540747 20.114253476822796
50.542887652597372 28.149415538657351
-9.489380308507497 7.930634584664789
49.532367850607088 -27.686078105523343
76.192051026674406 -19.801311796032131
-28.304891965176218 0.514499054950858
-26.228235732736930 -15.709916371698014
20.238785275958460 26.499033505143991
-25.385261025124599 6.575549538365167
33.058707724130528 10.648611852110172
-11.727030610116387 -15.030551215536219
-5.405018034436314 -24.664379483329569
5.882910309717075 0.866522826086950
-6.217144195785742 -30.885112137479215
-17.478422120143343 -1.914140856470608
-6.617339186455432 -63.050807246357806
27.289484302812063 -14.144303349281754
23.705026299282991 -6.565893719781662
-13.189320262926435 4.079394219473482
-32.367739605096702 -30.647920629105073
3.466228896818265 25.948698061422110
-7.095019921109129 19.790483941203540
-37.573882231345699 18.485073512850438
-5.693618837235053 -24.986354281577210
14.672907859230998 -3.948336521407107
1.529548971627677 15.571854823648621
64.019655479578731 23.301805604443359
1.283190943830697 -52.962520694490102
-27.080997309793002 -23.834060070107551
9.531644821334330 -5.571757482463854
-4.774699553774990 -25.573430854827006
-13.751112803228200 1.798829711155226
32.903832598640307 -3.573231942383133
5.323343496240019 -30.400147737580948
-68.364113784717489 12.645726489215098
-38.593459832647454 -5.451073868113486
-19.354007196419968 -14.883530318589644
-2.263458984008055 9.555833774752317
40.898893644135647 -30.398252971655115
10.829137268282579 14.994693980544175
-5.635895396011007 -2.488080525364420
53.770660893057546 -28.964025275880743
-4.657485104501919 14.918940853099402
18.060227347919177 5.473060801806280
-9.901453689246990 -22.969964884971191
13.765950168022488 18.911737538819558
-3.172639216868014 -12.566537798161644
10.153852541943506 24.325733880011459
14.582354861016130 3.485217562644987
2.429232716829247 20.094514279464079
7.013126712950078 36.936060449875995
-2.282589294819391 -12.262641357560726
-7.316615802825754 17.026157076145335
38.181355532152942 26.593801945021152
-21.720007807817158 14.669532985918952
-3.578852356171142 24.760815502941817
7.104698833948236 -15.610344024729450
24.034459219429504 36.920108400694751
-70.021345106789724 1.093085291471803
24.879726703418292 -25.958560433136071
-25.766669960168628 -2.175652816029781
24.113858741749397 13.492078920975906
-1.534468829764436 -7.027599677606433
34.550213698885884 9.799562860783386
51.596537100125524 -10.857433406421736
-24.712474093932475 23.397960237323446
-0.365225858883381 -2.353503231747864
11.655801227975431 10.239567960770474
-32.369056067712364 6.643062379288516
17.098093658105000 -18.202250317921987
-9.963744695613357 19.430079394634976
-12.125221319552962 17.667570360582481
-26.770975602713808 -12.454007428108330
4.708169551618979 -16.633211800731267
-11.466356718489930 2.854040161725304
-17.317425847701497 3.459782083082413
-35.912037997816441 74.001298125396971
-10.539043132385887 20.505174420735191
-6.221308604940840 6.905874246078455
-35.705802299106047 -15.571337901428642
15.059337591868548 -12.912118157566150
13.608862447711299 15.142099029106383
1.957765550318374 58.367819652825780
26.643798880973623 23.266908594904784
-2.958476660135854 -11.685841180109716
-11.057913364288289 -12.938905967984343
17.230118826279881 -6.786020209094906
12.545608956904893 23.969086592538389
-16.992673335477793 0.189849243706083
10.385515834164208 -8.544739812886757
16.175464771948779 -15.158717579464911
-11.616450919912772 42.362622611238798
45.489541266219170 -8.886142077130838
35.080119445089323 -18.437927730319739
34.940503301641499 38.034740233443230
8.005805085442216 18.870286188033976
-16.524651645973417 -13.885536890156065
3.636202662776007 -18.563569055225862
10.009567989992721 52.018476504884582
14.316734985106208 2.252587304291395
-5.750135830837982 -8.601893473886099
-33.760285446552039 44.519277729309948
17.392099443286082 -0.562167651232038
26.298541906532112 28.344581803994565
11.129607133731600 -8.083036607066768
-5.854412965388259 -12.150731593231153
-49.772123089713993 9.447820506134121
-11.517421259015116 -19.757432773075152
18.859678184724249 41.295068289464801
-1.863584775954946 46.229000011974989
30.699390616027490 3.359188985183422
-2.517019741048502 -12.064634446921893
1.135445046250235 -42.128716463618538
-26.765510956620989 5.904861383650859
10.865293348561368 0.524686540796869
17.965349303654580 -37.509832849041352
-44.600589002213184 43.746519599515800
6.547103702695660 -34.748467172893797
2.152868212679016 32.544781805583732
2.378110416122772 -13.528467228112905
-25.527974376668865 34.082301126154924
-57.977454506012130 43.710321698017282
-4.090560555409878 -12.072845242992784
3.640594798110010 20.247353030134761
11.619840078569139 15.412193820609588
-7.507921238164542 9.881806047302103
-19.133791008536221 -38.175238460668972
39.848241060939493 56.590294764769737
-8.435905349945468 2.441862164476779
-73.517340741833266 14.245880038287991
13.002904400969461 -35.248692274902993
22.602662500762644 17.124030789800084
-42.555088685461740 2.774164179605658
-22.976169149119592 -9.501358656801118
-16.171108340341856 2.906872502676953
16.701083082849639 -39.088989222108189
-21.272792217042706 -16.388549392788772
6.516725918829325 -14.718926418975744
2.405947743523521 27.231629629721844
-11.109683169807793 5.363934546320780
22.549406081402772 -9.054414015926632
-2.583401064141028 27.772314349193703
-12.398880641580535 -30.986973343139862
11.578210095574319 83.581274888367815
18.291215239783309 -67.591540342505610
17.212138405801117 55.381950703477841
13.683229338355790 12.228459085071870
-34.101559046807566 4.493753236160789
37.373960935836394 -10.423785572686736
18.637400936671188 7.894995874921036
-1.792017598084358 38.603691828939070
6.637834079713453 -11.456182215235774
40.610571853280518 -6.496985890742707
-14.456215195857267 18.537204745977316
-19.760494852772474 18.941585819862119
-16.588249249179064 11.103967816907351
2.216500914788400 -22.762190701439863
35.142009472570756 23.814580974200602
26.272921877098167 13.143622970209544
11.186784244107164 2.370686617319795
-57.734910321488911 -32.011566182637843
43.605348314564175 -28.261115266765923
-24.009900798605329 6.744663096071033
7.895434715183637 -6.778239213056216
18.939271060659884 10.262529188874945
-10.332850237084676 33.778800355992601
-27.196309309030230 -18.906512206823088
-42.870721017412727 21.865954983304174
-10.300757889743887 37.177166020876662
10.875865651065437 26.268688859801024
-28.422168119181965 39.661031202134822
-9.289005132982938 7.333212901794790
26.607347669881701 -2.598223494908809
20.141944014153975 19.597140720744271
64.107967019613838 -20.715653286401142
-30.208259663801147 -31.513789981623045
7.039540070474016 -14.319932266925768
-15.493392003728898 3.716623522545464
15.207599996453443 -49.611355324598527
29.496314945993905 6.256193788218971
-12.722735455259402 -0.480481310644485
46.238006910519410 11.335301227025772
-3.208290575696638 -10.787652509309419
-43.484384461860898 19.241446517803176
13.548719863322376 -12.675536144404573
-23.184722749318446 -55.527251791348426
-4.366976036892460 5.201621146104025
-19.441367456276431 -36.639636659801845
2.535805352913078 10.002837117918572
-18.506238811924440 -1.508188278751535
36.498573479009707 -5.940650633252334
26.746613664561707 26.097033119093410
-14.669125189612705 -3.409733841648897
-49.163806149300889 23.882682170924497
1.628630214667276 24.520735110822180
31.809550954977766 54.522478788515905
-42.083865981543440 22.657553313314096
16.229045552872453 19.143811580108149
16.559356709461156 -19.231821526356374
-63.135829185666417 33.290884849060767
-30.225998158338122 -66.247658073231705
24.710420952900858 30.573520575566150
57.423413865840082 -0.821916737587398
29.278588763342682 11.500278383106046
7.449143117730388 12.747872950179309
-16.960282565063174 -14.617920352821320
27.489687784867304 7.830407549018542
14.290212434389906 -4.039237889629930
-61.778502346318390 3.783204719962053
6.509026470155736 22.601471846250110
-51.082529397485430 8.071098687364175
-9.198096588461713 41.767052314922744
23.008142797922854 -5.854907780374022
17.137080655599537 31.737357719688443
-26.002379256595010 38.521457753214364
-42.776059014990139 -33.985332764094728
-6.513007125297698 -2.062965821240332
42.490759812220091 -11.428677877514390
18.460552977157690 -8.252758364708944
-25.889792385772122 -11.973836487644370
0.166874219834096 -10.387236387403453
-36.626052908914502 2.692773013627103
17.470855594139902 24.727742017079414
5.059605387158027 62.833864682088823
11.846724727812109 6.675625490745137
2.019210125711386 -46.729323669449876
-18.963711369208486 -45.957443731603064
49.429923676760396 -17.635893700165781
8.555896418022090 13.858611442498360
-21.990738917169775 -23.490423658561539
22.058244413569788 26.018141567412417
4.779745797388807 -21.435958937944381
-1.587677980751901 7.738679548181790
-15.621652029396607 -32.496010318813319
-7.049660468023108 -5.485573055581845
7.435733691114729 -16.955274918894414
7.044673865815144 55.001703182561791
-13.755899391674149 6.667001356346276
-19.679327296153900 -2.830614557432577
-3.767563813943657 3.826444915062219
65.426463759424323 -15.318240804548472
-10.706162970019211 72.996639859966365
-9.278747010683594 0.039785968253466
-12.621061496626822 -13.503276534874177
4.752409446925021 32.036642023158727
6.718308963805098 0.455826800719366
-10.121876319424581 44.910975185893776
-3.856823767747952 25.073128342929607
19.614921390086678 -13.626935407876770
-7.571191637343875 22.321473641323184
-28.222004652099056 -35.789398533813120
34.733317282782160 -16.102555396703437
27.134451993215084 -14.454388982670110
6.282618885088071 14.418187259805540
-7.506939271311834 6.623804033232748
-0.115841225585435 -13.739222296350547
-10.632014048277295 7.121991102420591
41.066828833338164 42.111462908081926
36.857725891206613 -9.322294479612365
-20.480626832303649 26.595445904455406
-3.657059077227114 -11.173375394884017
0.353006569766778 -17.012605381952291
54.036960160320710 -4.341883970193461
27.231029101285181 7.925076283443498
-24.736415486731524 -22.962559874024077
-16.596226352285697 -28.993664936856593
16.376515386461076 -35.847799000928369
26.967833844577974 -38.389058760289842
16.483144518189324 -24.567545718012031
-29.374871214641782 31.553704916448794
-14.301542084932628 3.066196054219973
-10.718237735255290 20.121207147997659
-6.012942577092574 9.060881620549052
17.259728755239681 -23.424660321342461
50.139059765527414 -11.914621526539877
56.992782979463144 14.716266090209354
-19.063261999733538 -14.164744034079479
-7.835785825756290 -14.815927032682994
-20.730222709832457 28.427256302238224
-30.976795185829964 31.482944101437532
9.047663124241142 3.003067804790609
37.567199652719395 26.162937731162359
16.438109302090307 24.565271599093862
32.488070288424026 33.812190255931256
44.312446158083638 -64.519527484631467
-23.127288075570259 3.090161792357841
-2.120935875369315 -25.512970554242518
31.388221921098253 -10.661766412259492
39.553974768967869 21.078839640643515
-42.191867879538918 -13.017285763166720
-7.628602055542927 -16.213616697889645
-26.824084066159024 -16.791844559207245
20.698865223302978 -17.762341003120035
-22.008913198356318 7.662688369331146
-3.123612843853510 17.440216535214287
10.425554455155257 14.766571158428635
-2.680002277627166 -31.934266764162103
20.220248878695052 9.674477754388482
11.336873444396637 -12.491685409667204
-28.413222066970828 -28.585521586380661
21.897994693658024 -10.274540099622788
-6.193831155242045 -10.147505563290894
-26.738121335142324 9.295154884870961
8.335162030005540 9.975994375737551
10.774631493138841 12.916537940130041
51.733999401831639 24.309413955004018
25.902129360570335 -20.136281343074632
-30.652491373687884 -35.897932391564446
-5.120504895249006 -38.664183652415744
-25.291013124462349 -1.253644851134775
36.021496745763166 -22.065284318485084
4.593095847681247 -8.670066086369033
37.620139106097739 1.009838145591155
-37.425471453766541 -26.330825947181573
-20.743992773448657 -18.611667402033543
-6.370079267404398 -33.333269895540120
1.382935010228032 47.016760229296850
39.773357580452789 -22.623238945827886
-4.001597438974853 42.094591821892749
6.435178492202302 10.294909402935428
-0.108614165240302 7.281671143896704
14.037066992698191 -3.883060643735745
-13.292188965383673 -29.563556398580847
-9.371065883224574 1.867813171115128
-1.331872309037313 1.145983827514854
18.111050677736316 36.432696781670302
-52.293255479810554 -31.568247756376515
-7.288266038466642 57.268862828763396
28.198944233762226 -6.857163419772525
-6.555484544761026 36.102382762029492
41.880080781233396 -6.518388256217845
-27.996184417809939 35.338671682322278
12.037536632653683 -69.506011000039294
12.548036424092057 -17.615552919811702
23.748257079845107 -5.082684493421633
-31.946494673008630 7.067618469885685
-10.343787043288586 -39.142058734211361
-8.645370257244338 19.936445557918592
-69.554316516065299 -1.526432688761995
8.797139454317827 -1.308595296057799
-21.356364143702400 -41.692288618486643
7.830477350219931 -6.845944237979078
34.356473925456598 34.133027585330545
25.331066567695490 -38.520671902625338
-27.556466459336193 -13.115392495356106
-0.426468997787834 -9.506551131616195
6.172149870759589 -38.063155281721720
18.416284331848487 10.124470116708951
-6.603265074963476 -22.694383917480298
-27.644605443480444 5.108865856462042
-35.522377376675628 51.828220859006208
-20.306073548537292 50.177256294940754
9.504364911199463 -40.222772619266948
-36.817541510750708 20.822221970510931
-16.194565185903961 0.876193441019625
-65.458838380031594 -2.819556772460758
-44.439822310518458 12.156833682050104
9.056956804574366 5.188731944737401
-27.631689642352981 66.945961551407621
24.096485556168606 -12.221323282135337
23.061043305783222 -16.938208778220957
15.822091004566838 40.667558446893686
-7.894154964157948 -35.995840120332240
11.848042657316311 -4.239342418940168
5.165780838826779 6.956685859972640
-21.508656986673508 17.037763919014779
-5.036038049737021 13.879612791777637
0.209762420129520 16.644728096459236
-8.220373834024331 20.575207477066680
-29.211913290033099 11.245072974021296
32.178018350318517 41.378346218671510
12.737285704375831 7.502426967739354
0.145174964807739 -30.884021773003088
-20.222502281907754 10.980041565706500
33.465087376552482 -9.280206098093581
25.535447169692105 29.374528136764432
32.965934547289933 -27.321444765419514
-39.492579757655236 -1.461911847752501
14.465693043855767 -3.180725965839653
21.569989101791688 30.770230638194107
18.382879612863555 -42.630148247158949
49.196166426014251 2.395917303179210
3.844847483582213 -20.294692834118017
-35.207355114234041 -13.236795384213732
14.810732133913932 25.861194129077830
-54.603356755628361 10.635096287993258
31.195693545915201 -39.488509737288801
-20.181997386136889 -5.541633940758954
23.658139651343333 -1.217650189568971
-39.246438921819241 -9.880684177740347
-1.758697864517214 -28.855731335740735
48.473241789167155 10.199907789744442
-35.574239570187864 56.749701513496412
14.074882712427517 9.381265264898449
35.816000616769607 -14.457162944471724
10.692243997467079 -13.322594989339317
32.967939883329379 -13.818589620406941
5.445678098696127 38.085535370025354
-14.284788587350112 4.937983361635645
17.193656074357214 18.477593427384704
7.330505019675012 27.940275462723111
3.766949549202883 22.853121247236828
-28.182641562704521 -29.255607535460808
-6.298617746877644 2.249460620469909
-38.018248482227513 13.472363525462214
-55.849650090106678 -22.977563591851322
41.573611585945471 -48.179259214829031
-15.337809508391830 -22.192190548905916
-22.342815786773603 11.552283687850693
-15.802265001038869 14.377771527559297
26.058146697371736 19.277692856166968
-16.567129136419570 17.597315772989127
-6.125800687418265 35.987381595985575
-3.995024650030649 20.538212646213690
24.647945631228016 -3.203949865531831
9.901299500841827 -20.598118140175988
-11.632826231372846 16.269631509980286
-4.974790402876217 8.649945441406237
-20.187046399037857 45.016226946706389
4.756753421799750 19.635840103519946
69.470433505717395 -23.059097101830766
31.774065769086928 -23.899087098796493
-29.305999750675110 8.971731510929809
-2.728524391364628 15.384589089110960
-80.877267654873393 6.798468285777317
15.181269556139716 -3.046297970109702
23.725630793486893 -25.060560616684125
-56.095852537415425 -16.769550102823757
8.108592889903623 7.883756343155144
13.493962558849047 -44.486156354318524
-31.459565868706516 -3.496807490763068
-1.683343394066700 10.558959651347692
4.509864362229490 -22.555246925397498
20.132415087836016 -14.918776984729535
20.179945077795391 -14.290464270936980
-3.060925519047459 9.129705240015749
-59.156471903566114 56.008873371469640
44.003253000330339 11.236400674352868
13.962779152431098 12.768808745967119
-35.543378367238041 5.723903636871094
-20.713702686685558 29.655846464368967
-4.116662795958302 -9.300632831313671
1.543221805976679 17.820467928214015
-9.068091449868344 18.737787845070539
0.861192986528232 27.877915674093217
-28.794907491545427 -17.366935769108458
-12.366883442023230 3.596102572079123
21.283870859738876 -4.861634888894470
0.916310636351938 16.475354594027248
49.377824642374506 -36.601946185238418
-13.503982797624605 8.736321583463528
-17.205390979801443 -9.427372788492349
-14.458146101750001 -2.494627494348947
63.271259165640721 -15.309657724816748
39.097471182581302 -25.859153706810449
24.938724706117402 -8.784543575368565
-10.881409597074434 11.354058787035749
-19.716556103403942 -35.808965536277945
-36.958129936375158 -15.846056217659161
-8.917410012263208 -29.807963514945449
13.793635212574278 52.806667287051660
-6.206870382612468 12.422207345265962
-32.857016708374772 13.027768789439367
-36.931224109378064 9.805068801429501
9.965285527479969 8.455209513753109
-10.743835575971186 31.569679299310916
-38.971993258508093 -30.084389324606057
-14.795626819142324 45.920314431348757
11.158998334123847 -1.129545933161822
2.938137849603213 56.321961135370863
4.877691690218261 -18.334452687715505
7.116868197569485 -41.680825983259538
-6.039991987176486 -4.090914517170976
24.045604716878596 46.917352621640639
29.230974315751968 -45.245756903769966
-6.948165747547829 -1.144598031519432
-2.276247707306283 -11.767481535528969
-28.954753083664343 -9.926940829303861
3.820159972238730 -35.661808410230314
23.310570820527754 -10.255766733426690
23.089088947605362 26.244979670840483
17.574124046635411 -25.132749489361736
10.862085859653790 12.787510930512386
-1.058795607051745 1.945538001623009
5.978660480201079 -13.261342634313959
-16.138387376962090 29.767285827095506
11.033377557302011 -5.032206059494419
25.446546286802008 46.312212687874300
-9.095982926387183 -22.208197737225234
-11.554287847290796 -33.624645452226559
-1.679625509208696 27.446059393099130
-16.195539749604496 -24.275122073656391
-14.938521054282338 -33.320753947505480
18.734215682763462 60.329681551179036
4.656639487671738 33.178072001354941
-23.222223882319362 -0.102316435704833
-2.775192611323906 -37.119092170409047
-26.932825835873281 -37.585320561032404
-12.181351184519555 3.772214740073268
-23.658321670324625 47.644477017173507
4.849332948693248 2.534509137739206
-35.347264730947650 36.592384491798676
-9.187984621708850 10.210595843770463
31.791397219237453 28.513293290414282
