0.000000000000000 0.000000000000000
0.000000000000000 0.000000000000000
-0.697556530828439 0.000000000000000
10.307915847717531 0.000000000000000
15.220827338888858 0.000000000000000
-78.054791022506336 0.000000000000000
1.257947280648447 0.000000000000000
6.403832754772499 0.000000000000000
35.297381204162228 0.000000000000000
37.609955825045809 0.000000000000000
-2.019505361070806 0.000000000000000
26.548570988803501 0.000000000000000
-2.547972503470397 0.000000000000000
17.586389019059741 0.000000000000000
33.415566749370669 0.000000000000000
-61.396427125378160 0.000000000000000
-33.543928649676495 0.000000000000000
-27.514128973904931 0.000000000000000
41.083134968794738 0.000000000000000
-20.808053481172610 0.000000000000000
2.930875828338126 0.000000000000000
41.765519763941271 0.000000000000000
9.213552192044258 0.000000000000000
-22.196780116094683 0.000000000000000
9.736801957023522 0.000000000000000
48.403795161435305 0.000000000000000
0.628406823366821 0.000000000000000
-16.893828004511128 0.000000000000000
-13.984371172281902 0.000000000000000
-8.781658581558872 0.000000000000000
-0.962549871618220 0.000000000000000
2.986825224018536 0.000000000000000
-40.420000657600532 0.000000000000000
83.977205224092629 0.000000000000000
44.129388269326526 0.000000000000000
15.443112709773525 0.000000000000000
60.399248012969224 0.000000000000000
12.821529118910133 0.000000000000000
23.360110746739259 0.000000000000000
17.335210804666829 0.000000000000000
6.201119238438996 0.000000000000000
40.993005208210306 0.000000000000000
58.187906262027418 0.000000000000000
-9.500298812536522 0.000000000000000
16.105103733935142 0.000000000000000
2.112693727200344 0.000000000000000
-43.441639888525515 0.000000000000000
-48.417671353755772 0.000000000000000
1.364918985927844 0.000000000000000
-1.022742828251423 0.000000000000000
2.293536418380715 0.000000000000000
0.000000000000000 0.000000000000000
6.247450448462414 -30.835022614164398
-25.843933571414752 -1.225543332747769
26.655422763302269 -2.919358531525471
0.257909979577017 1.883410201432824
-10.956064959143262 2.815460764147686
19.103087058543089 -25.397214590283401
-11.406213966164913 6.792393881799677
11.112364234873615 2.939674089407266
26.723331066918927 -1.688388521464717
-16.019290521336075 -24.031322531948515
-3.903506679993083 14.778784487265847
-21.616859491649393 23.574588969699267
12.381228014031816 29.036683360437124
-20.321618635953236 -21.481787276480464
-41.843436734704049 5.485301657018338
-18.890781524614241 38.092245828639548
31.874796744266092 21.476958085342801
33.529633055196712 34.112164949046665
10.099458060924405 8.239023615786772
15.513089980124768 14.717127283190665
-25.903239566463490 -15.330562419165318
30.121641820641038 -50.180532652556053
-6.554264359351807 19.011700174638268
1.529868768932810 -21.371009036711541
3.769702022740709 17.537990822214589
-65.418175794343881 10.500325855794713
17.439219118535583 27.274405846398487
45.570269717213826 33.191517148993981
-0.924946532578602 29.071174246023045
8.668266980017405 18.330353834551062
-4.166561340438613 9.004360572316799
23.146064425514485 -26.822414536680519
-53.786820405875353 1.352737329592348
4.993522263525515 9.736910018552361
16.189519358930216 -41.790898432940239
-19.914528476773270 2.352396196548045
32.297008383157973 6.780081864325344
18.816775598377198 22.722212021371430
3.496284028490414 -19.266888095155782
11.057526844376996 -7.803070164500220
33.871801136104480 -58.309811614524804
-21.889326683965610 28.910336701005047
-10.184964730899113 9.529690168712174
14.249857865880273 -28.057383353383742
3.883489743759149 -59.582061830491853
-16.577921396916540 5.406161730309688
8.290214894093880 -1.111050435593143
-10.614323660445313 -16.354544578684408
-23.872382004642976 36.607233938822738
24.449511117928310 -1.348818809856987
25.986206178225892 -1.752454231966903
-14.363768297620293 2.967242692827108
-17.155418165715805 -12.275271432424512
11.131844278840378 -12.927305543423152
5.405295541604361 -12.637388207026085
-30.732645106462147 -7.777034565920131
-39.165054267704207 -16.149767336768168
-42.332641527858797 10.647746848323015
-18.422869616890786 -28.770874352847137
-0.404793826372134 13.616091947125948
-15.161040994926228 -11.395150010620206
-5.530405714148419 22.134168490510795
25.042158816493146 39.780581686348711
-26.960403944304765 -1.547646657521486
-2.081539541467738 3.979341940125598
19.657107191551386 1.618994058536683
2.097344782735936 -33.664812797546773
-7.371455829199093 -5.998628044148356
-2.234505961635596 -40.225586064583268
-6.176253995046633 30.788459323422334
8.776066309430913 2.276479440336627
-0.851687329221750 27.733596131486468
56.983896134063009 -7.759765486580781
13.260260637441688 -2.107516540468127
-25.898892095191862 -43.326551973312867
15.685986543233918 38.504706748381913
40.017294693914664 4.013781926692191
2.441962545907431 39.851686128684399
-2.812340553735173 -8.449923502821726
2.441605500879427 -50.664510890176160
28.444932243086161 -16.289591120968481
0.993937483807945 30.713877382171098
-13.467831789410839 6.910716747221025
30.051679563933185 -1.775299161647738
28.475016496250241 19.797854032366853
35.682930402877936 20.365382272166595
6.471773670728485 3.947318697929503
27.916207393957229 -39.858717227882039
10.992650542267965 -32.545239605038383
-4.450116304774324 29.477201362535439
9.104837920147201 -19.941651908303644
9.977667167768082 32.538203304216829
-9.252950715884026 1.660255359337092
38.290509574001547 10.588517028997941
13.817260227221388 -12.843972148041180
-22.946142085558733 14.846438518911260
-52.788840188559846 8.216216987503490
-33.154627814690677 -6.740993218133444
-13.740607756387728 -8.421447138417847
27.143088603680393 -19.808170915083668
-17.988379094297557 11.152478928203447
1.042591045146586 21.849092939224057
0.883928644274498 15.501549540489060
4.321909434244278 -1.487965569235329
-27.926555983348148 12.769305330168399
13.040062977406823 8.272920401379038
-15.464424181062064 -17.028231840984656
33.692031690437076 35.936214275898251
26.073652037469341 7.619050742666057
-46.160088901189447 0.399382556074701
-9.475630263811558 -4.611907858483437
-28.075822084155263 -0.978956039428038
-0.099852439476639 -1.899419925250522
37.395367900556685 -15.106024669858076
-6.201278363929655 11.009641219716302
-1.504058017035686 23.118557047039427
-24.520945169456127 12.582463380296101
45.972175770847066 43.778239305951381
-12.632128172321549 25.186580777195918
-1.423143078499247 46.534745058211975
11.686377566518077 15.552211079602806
5.658994740551117 11.518704407482007
28.791272452894837 33.560987654446635
42.575399385213530 36.424804452070006
-5.240182947760212 -20.773983466790231
-16.623241860198931 -8.682010511593154
-1.629565559518345 -1.957670285357868
-7.048251348775355 2.708176777434788
19.678190813266603 -56.709725960189239
13.561509553880207 62.774036357378812
35.989478193382155 -10.355121742461867
-11.208528212895457 -3.969203357918064
-1.322470722141521 -13.625897397780808
21.103260123908793 51.025551418804923
-35.784304957193385 -44.268890175692576
3.220792549350466 -49.799177015299136
-48.959355837384983 -47.926472661323416
-20.935889632337485 -14.688107128056684
-21.095598515083047 32.382475697863370
-48.611215143624825 8.927677945338596
-16.236872589372634 32.031245108258446
60.933637371724537 41.435774873341373
3.734396663645296 -10.439986160615899
-10.298581972724158 -16.582758574994152
-12.286591922056067 7.043288385568157
6.433888115614691 17.378594981348261
-1.064766168822560 32.351453385674866
15.535934950556399 21.677161401452775
14.731480766852712 45.828358535652335
-9.399954603844174 -38.890508997523362
4.452183732780887 8.832925780166098
-23.952487720163980 1.867045947617222
14.159322869693360 27.395572557813797
-12.220903799776661 -3.853847122269741
13.763368637824415 7.128934792449322
-34.580230838668001 2.245854555340980
-16.819226436170762 -0.456912527568318
6.761111546878801 3.086855862143780
19.600175456474513 -14.346382055429340
-18.108995873435802 -54.581987413631488
-18.094718914571484 36.702724729593264
-4.588106055648721 -8.791143966436511
21.878711157972589 -21.904358208228984
-42.469522049523952 39.018168004467277
-2.712418290009655 -11.811620795734299
-39.500256740027424 16.981811039810129
4.390204403662082 -10.757699884228579
-36.096267181866523 6.280019977261143
24.877450859309860 24.146471621197154
14.171513921415695 7.918745075232846
4.158852002407334 2.174075779322787
41.198128715070951 -1.520826591871018
19.341130976246216 -5.910289812107629
-35.198564008388118 -9.338244599773931
-11.214676396660877 -48.411020599688392
-3.320699191907390 2.979624441804222
6.996942225430988 -2.344527535429803
21.399202403743356 11.703401163302553
33.283477662868094 -1.758549267105098
54.012743127213419 24.861887405968545
32.884342373038407 -12.473321497573128
15.142269645419406 -8.625882664407708
-13.179052140561019 -5.104129001104571
12.225681637056178 13.229912154394526
9.995798707937501 -15.391148242771607
-4.401368476427456 -16.785539984573834
61.336192786678708 9.916041633297146
25.064481963263038 28.629706801793969
45.317965480800808 -6.570370762886014
-9.844490324243679 6.734629058351813
16.313054157551353 29.855166382328086
35.135114748849055 -3.627734707840274
-16.950198218878302 15.534821337666362
-15.246243852406065 -40.646949216217799
-4.725968089725374 10.850711091556866
7.926937286415696 15.384448731578175
5.133472401655953 -3.862081461148617
-48.049275179675192 -30.704344803700597
-0.277300181869335 22.335656380024684
9.288798174122308 -13.636805407509463
26.192193149376010 -29.245552807132192
-21.164105974139012 7.999155812124675
28.337201988068973 -12.394804882851805
6.401822714674730 -31.779302193265135
-2.856457105099281 5.381363894227231
-14.317916094476054 15.780011312946037
-10.629257560323735 8.407041760727637
30.789878548028259 -1.625179303003545
-4.320461216875399 -25.570453710661933
-4.107144741622543 21.890406367979423
13.120113356162467 56.701550634791303
4.993472635455264 0.920761842672414
37.294659404789691 -23.688461446964261
-13.952240589796444 19.206567918374070
-44.386556770337933 -7.854313733899028
-66.474068086657709 -17.900454692671993
47.019441468290132 24.613509838099922
20.311043934696137 -4.076551075898457
-11.766320771144940 -19.155674695076154
-17.190649977816399 42.067587136370562
-15.571190198993053 2.443006090203986
18.485062333812611 17.149579341845829
-12.902870038081860 -50.110229081522462
-6.545467769274049 -2.127478161199091
-25.440783713844773 26.791755597412536
-5.107368279949804 22.492396066988977
-6.303858588213834 -7.974036669385191
37.613420164619860 -30.886947867556319
26.174175689026356 0.182117536382964
-7.810139223710379 -41.536439974095380
-28.183368454417003 -27.079040029195529
49.240699066597557 12.617781751058805
-23.690834615091987 -8.824339982441661
6.817141958786686 -30.804154828099943
-27.772785864156955 29.091604217293902
60.130580641579066 -47.187307989709410
30.761839691101091 -15.504834835352284
22.672359006287746 32.374655913112875
-13.417187621458288 -11.980930461877405
-2.983487172044667 2.320268651097748
17.826660983318359 15.416483196467944
9.275338849665786 24.543581640010551
27.043781920532236 10.543771760275005
18.779581122042174 -14.402177139383795
-19.484897448747041 3.022637900621565
13.558229320102386 18.453189462608368
-32.239294121602668 -28.580000958194010
-38.093120689719974 -31.766024205937725
35.285134690735177 -21.712967507332056
4.382418365411467 -18.308330321211287
-8.020795146667840 10.760983720761718
-6.227884670416283 3.915572108654418
-18.176945261844487 19.714980798622761
4.890599055814675 -7.727972547129277
-16.848600283717033 -13.646455221786107
7.989941138524199 -5.297899606894019
30.964411578335572 -19.910216402821341
-1.963028085552129 -14.964445668752367
13.239258963789723 -7.476334967450529
-3.887862193589568 -2.883209453112203
3.072518631177280 45.785402413311751
-11.458651217557746 -1.111480860198282
-15.117656462872676 0.752599525819012
0.009213010874543 -19.983966271703551
14.274092566676654 -30.975128549380056
-8.589903740066136 22.063680970888178
-30.713255949535629 -24.712753416958158
-1.680472060015511 10.241023091432885
-22.845635080019392 8.663614504175429
25.464971636207110 23.423195141650517
24.316161536216413 -4.837196924696046
-8.883234876657657 -21.503312447152691
-37.143349101591937 -0.479237354396528
-46.043446827592646 -20.685843937965789
-13.420884204548653 4.311756098914037
-24.973855751288358 -13.242261605134178
-33.502239898512315 -37.970758925981073
6.491270781166751 28.038186045387427
32.372175036768269 25.193338573489196
-15.129959352219293 -10.544060466814532
17.966592289429350 2.631275099161392
-2.942190138771489 22.227633221622416
20.552401693667619 -5.004060736397816
-29.682994388700628 13.395609751229500
0.073175042753867 -13.831482404091945
1.214831447903669 4.527732180152226
-1.342555104687756 -19.158503903869885
26.079690203161149 -33.844831571371991
-20.026093211181923 -5.555015165494523
-22.953477085124646 26.534659781756375
-5.664560714424783 -5.023519337450002
31.485678406810269 -39.092111104845387
-8.240675118680638 11.961919495964477
5.934845336280925 11.802719496732220
26.289761919761929 51.352814102906692
-20.420219214258932 1.580569130755982
4.718429974786061 9.368889193649567
-4.752255271295925 -0.481139717840206
30.143749152747397 -51.604700608277938
19.754448499456824 11.629333756309192
3.087783752103081 -14.934698234364291
22.299573984186143 45.437278926080317
8.625553974482230 -21.165258791390531
-2.577099782356044 -15.435326952112280
2.073297511968113 -9.555962052464913
7.147910754774890 -6.846412016556142
-20.403702377322794 3.655656460080513
35.625803186540203 14.619913509846720
22.764114273945637 -8.094308198002240
-2.386727146074650 -8.019003415409271
-15.100435627266055 27.812219984588680
-26.054046061524325 18.562161130082828
12.449646650942787 -27.705138820969779
-0.779415604853630 -1.527015181148834
34.788423076039720 12.385689127057166
39.226490522869732 55.169650503201694
3.758432501325678 9.446789754886241
-44.410243220531051 -17.483910502827129
14.548228145331603 -23.383716919240946
-40.446633564655606 -1.242891038083886
4.622526861934166 -7.948071525972855
-19.460263464225250 16.079887310500549
-25.680869471521387 -11.216915907957185
-17.719715903338908 -41.921577952557946
25.312308606775385 13.681140909785722
-12.533602152736464 -32.176790938282771
62.689781990080952 -8.876994123532905
-9.108421117389693 42.144178041846537
10.145605843633746 -9.576382840745694
28.564030663898883 8.914369585381950
-9.636409193157650 4.974944176012444
-2.426922136055482 35.474321371888252
-3.678220452373398 -10.870686495963247
-2.924266635714958 -19.157897433579492
-25.746497108392180 10.015827788517797
20.989520223960902 20.277923551062489
-3.862831426721490 3.323298497199318
-22.671825229024620 -24.381288611772206
27.683177889988343 -25.274208923985778
-20.235135381438294 13.715665744765827
-19.498545523548916 -20.455902617589256
6.369734356912938 -24.664481505451661
-9.891078313457047 10.808784303504108
32.653859448509266 -20.192589429540373
17.300176609158555 17.187816734133261
-17.445233798318519 -13.230657675375037
41.911258588541827 31.647545882308048
-35.431344182175010 5.214059535373646
-3.087482705679478 -1.446128910787050
-12.469016694746472 -31.711317334187935
0.604015125503849 -9.456882262124822
-19.731484553132777 8.197483550013908
-34.107373580639305 9.940818617431015
-35.466433925907765 -1.176272236685804
-30.516801121045471 27.487752707025226
16.654346195367285 25.537567351291006
-34.433997905201984 0.755295571784238
6.127251552408997 3.241011982666722
36.691806432264087 10.322540565779681
-28.513043432816339 -18.106306571255519
-15.520180832327584 -18.191104138074756
-10.253777531375494 50.059184609995249
6.083679132227911 14.496194247783810
10.638173400081202 -17.845795650319936
-10.452927637114781 -80.630930657001429
32.477613375686559 -1.498714183820546
45.013581004930664 1.585171718384670
21.080879181029523 14.401738519754067
-6.914607808009623 -11.175920475148382
-40.040409446626448 -27.570237989892323
52.048715519102373 -12.258768410209344
10.917643555102217 3.650035652530561
-19.823901495993091 24.115267396750408
27.512292556167338 -7.804438631236508
10.100921914768879 -29.888249098491791
33.127776747345123 4.012978846284763
18.812923009575833 -16.225445086258560
11.724255743182148 -16.161951672843230
13.449072410419989 -1.848131416786114
6.077584163608983 8.099194611900762
-19.753709653701232 30.849552192248201
18.714431504654762 -30.394902295662170
-5.219343503852152 9.526988239987723
18.765033275399045 25.876078299098744
-34.441962813629466 -0.767457780410741
-4.088495696352339 -14.458913471265793
25.873274329567256 -34.135111866977887
14.911331231626443 22.446193233492163
36.508510989227702 20.159448805346059
26.996944841257061 1.593098761457111
32.128034544026654 5.502529260848282
-5.821462200600622 4.732215067207391
3.924942508667357 -8.632240197384151
-1.995711993609270 33.538637363130348
-41.237704411772306 16.095748490013552
11.693439807373794 1.065961243353897
-41.025034206878729 -1.079810714278281
-8.991301511243920 -30.148584228829012
-18.927607973564783 10.500162096773407
9.738111183642502 7.123416546369350
18.991467038619170 36.369449221425199
46.596402809576190 -12.210993748884105
-35.271701666637028 -32.596866544018546
49.846704819225813 -33.674805807195170
-17.276422186735374 3.610168452637132
21.293605774731166 26.197934062006812
-0.028219513287752 12.227304904475897
15.121496997223653 -48.620290866316310
26.955818421057234 -45.124669561918090
38.610620232396180 -13.140683733627684
2.234784934248080 0.423326836229416
-30.176058373299771 -18.807307406112493
8.669768625174303 -14.330676722918962
15.419124538283219 12.271047652759822
-21.789972773673536 31.674151452675574
15.977125942860729 4.252423594002951
-17.147200936029567 -18.608596885045820
-20.777976400761482 -40.431660003599731
-29.891631809965968 9.250000066038544
13.676033976167400 -12.546585686870495
-8.074006121531564 -11.159353955973080
-15.364372379312130 -0.068962339703566
33.169831294513685 -5.238556796867559
-26.802057299482165 23.363188556657175
-21.888348005707478 -9.708354148795863
-1.548643082241967 -14.484364709066730
-19.390720770768315 24.701402003955611
27.073969100211912 -19.776986351360598
-28.007983913358306 1.176305116917989
-9.443498547881170 -10.182720930035785
-12.449330779470758 -15.594349669731887
-7.673562807995589 19.735447347741935
-26.269748643841123 -11.655550248285603
19.477199811580324 -4.949360491100535
-1.004751807018835 28.508320920609723
35.785304228137868 32.375067491133557
-54.023394447217328 -11.645294313593094
19.622953186810030 1.835436823913950
-42.368658918326695 27.896631320062930
-44.666647988542536 47.206872561819296
-47.954123202614859 13.612982420591239
6.812733807046566 21.604893895306663
1.428934786832969 -29.943918832042030
-16.209922850674435 -72.483982925594759
-10.614375818809899 34.479609200710620
17.778223724319854 -19.713450649880979
-7.707600582544583 -25.047204621969890
-87.964230868446123 23.769213535096668
-6.695773786855788 7.432340878477490
56.813388616327984 -2.366437550630002
-14.577869626096934 -32.741152943367588
-3.909538556448925 -42.066410536433501
-5.419904207190851 95.156934555537688
5.590814436997918 12.851404349782898
0.670042673335220 -17.352837893982503
-2.204513379995205 -27.019116381306496
3.350819271217376 -18.248712780313770
-1.671964065073822 -40.368215210676532
25.637653091798118 24.148454675179277
-24.960142955060206 4.838602378026844
22.389997530497769 -6.294312035512092
34.803060240573515 -40.116860976080460
-25.494428843302916 27.310221944017076
-20.621813907752742 10.420302948641117
3.857992995514195 23.984112497919060
-36.858605050447963 -12.561880477714112
13.904341125904615 3.335983809552335
33.507092633528544 -18.524028211831777
-4.104261630708459 7.693908927396149
-11.750293683035604 -14.072748460935545
-5.562087771207864 8.253351768737119
-36.987943511549069 -29.367341346003577
19.064903120386948 24.068808290171528
-11.115764001429408 -15.121098353635908
12.955449562393030 -17.425318551744784
-34.200165108015554 13.317226218306184
8.298444051212357 -8.494865552902290
-8.846466667898110 -1.106298984839662
-5.803082813182797 25.123510725862442
5.839272205919608 -9.659035960608913
-44.221867570660514 6.893574529213235
-13.628920996963243 3.154018740322770
-46.384516130726603 64.054597880417390
-24.765945339685995 -14.943849040557929
18.866860008611372 -20.303006599434784
37.606975849702614 13.772217258759490
58.497597480834216 -20.030933543385881
22.939740760002646 -23.229671420681161
13.974701426972331 -6.519503550545542
20.017658765594600 -13.202572258301130
-25.418218377073398 -8.126494450315921
51.810569117460737 16.977540068457898
-1.588967790368880 12.706366646694285
-9.697381262372332 -69.184503273877851
-26.875021433665154 32.279653328208937
33.356374215627461 6.599493761413256
-0.648165652010793 -1.910059884203603
1.312889960802501 -26.538376894534821
-13.551073257653837 -21.081050203069985
17.306137170308102 14.911866092597595
24.138524621202304 7.931333085965012
-27.124549460274267 -13.691312081940701
5.836052079795967 7.442608330665732
2.164176981112459 39.899649726025473
31.854182135960283 -15.464877432483988
33.656729614787913 -8.513448683530353
2.363444719886783 -5.390745212801477
3.096779273086023 -9.084261339636662
29.505176211830381 9.901119837817788
12.005465686056255 35.547990999194184
12.447176634539044 -14.713197588393287
-20.413344446694488 26.346368036383822
27.074080767604809 -8.698883684942823
56.596139066638230 4.559988460987700
12.541290457546449 -66.939520657809339
-13.719643181864932 4.025501348740472
-14.900955916840521 0.160808922768324
10.615136238331520 47.501265336473899
-36.328714300627425 -56.878016733687090
30.381073390179154 -17.235906368769690
-22.923118009893621 -12.218509813513984
-14.789130576453486 -1.918483383215485
9.699987633020632 4.582855038389989
-29.744904598458572 -9.312959617693799
-1.940430451453312 -8.630632999281508
24.938872593884444 14.441498402053936
-19.256184888440437 -16.943407887618118
24.940120224149830 -21.268116364900475
10.471567536022130 15.826848503518926
33.060845677128100 5.640638532633774
23.995488706525411 -13.396301213184202
9.417113298074085 12.251147253742321
-14.472600241195570 -34.253957147763970
11.668301011112696 3.731181488886613
20.578669219339549 -19.039907335443555
7.560278058606114 1.628190426754397
29.315323378212454 13.505654234442197
-10.802830849833029 -8.816370717903105
-22.329827764498102 -7.734928481329851
-4.485211014644279 -17.775757888941122
-17.538139036949431 -11.847220165673130
16.946641587183446 -40.788456314965231
-10.423277940866766 42.290152706911151
-33.598665660734312 -37.102606135507372
14.814294989346799 -8.431386375327882
-9.613153423309708 15.853685508790733
-0.659565265060487 7.879004802109407
-9.416129400104841 -58.660632935308477
7.984581202490864 -30.442545778317768
-11.095716017690131 10.671933886872715
30.080504180907049 21.738991850552594
14.753762252883657 47.123238903039756
6.036778446249951 -24.601843266113296
-2.544777396828941 -12.723717391867901
16.342917605072472 -20.952417694756654
8.148972868912244 -11.389204508473503
-20.505145346267131 -30.281967769210716
23.821257152524545 19.734373066051312
1.728108631443413 2.087176616124785
-8.926543713285138 -24.029660839086898
-0.221734449050345 51.892499742814991
-28.016307572910044 24.502112904241020
9.873212462774854 -3.673050053472353
26.663212299119504 17.616096874861189
23.261637242903554 4.800390635365750
-26.149556069670936 -14.755767166925782
22.024148003661576 25.782450191492437
-51.745154885603625 -32.986322030601862
-36.396905155937880 32.636101247175141
-47.937536771577470 -7.290847844742138
-11.043169453842992 36.677295129900820
-12.569830359470913 14.909419591372112
26.040256740184748 6.437553244453302
49.360789801687503 31.072105447171090
3.496885570887831 -25.148521562991782
1.233239414297211 -4.554105416732920
14.690965698711903 -14.858504429655015
-13.038021655494383 3.229416384398708
22.203151137873920 -34.415426238771325
8.136878532014906 14.712665463661560
-2.553337111510694 -3.454616882170796
-5.150571068655493 3.221902340775327
-3.064338267336264 10.175924847587758
5.753770466479417 -0.742412857340601
8.552088841129249 6.717013510908036
27.346657815184493 -25.917826777368109
-31.172170708177820 -14.551736966237097
12.426011410314691 19.301153009918824
6.908102789248419 -13.888761677099716
5.294377233194252 37.348371342798238
0.984848547480638 -12.381856115069278
34.224646667765150 41.371928754900793
-23.941485356958808 2.696139188177752
46.082813630351041 3.987979450956599
-23.243961214871405 -53.938726157823247
-13.774077642195762 43.329732623412582
-43.991203102278917 25.307377603968870
-4.494690283484003 19.738184163636898
26.233662558977173 28.018404825838463
14.165931544666771 19.000802090174275
-6.771413350581272 32.654671296770921
37.799961376453233 0.153580827956312
-26.905238050850478 52.126452794519409
11.021613821463967 11.710774814303454
-18.380256634031827 -5.955234399315018
-25.864208400352407 18.666413886103854
4.847134810218268 -23.972849873989741
-13.741025614448956 1.873674111328463
45.340191284514603 20.198468276645180
-4.751021162816469 -12.536908221784845
-6.210349732709239 5.242279682175718
12.256913997690484 -25.574488022315293
2.958225650558275 14.509981133394753
-28.952277544267840 11.512288819358117
-4.802480719647129 12.926584823492925
-27.576551794587381 44.184333821726320
15.146836718578603 12.433862260166684
17.763173376078807 13.385446567581431
-42.329556817203041 16.129207933292815
3.314236138441526 -9.883757053621004
38.578812911002899 -6.094620664226931
-10.301822714814318 9.285422398438140
8.496973721125862 -21.605980604482969
62.894702570092747 -29.926832031006654
-21.454540368190340 -32.559994989149551
-27.357518215083058 -6.309780149327665
7.791120540369628 23.261762081154739
-28.670812792517321 -16.047546383185523
-49.671321173086696 -17.497212112202824
29.028398314345143 22.225806319141945
-3.385816140805038 -15.925116604091711
-29.323407529635990 7.263162918873568
-2.198981725991589 10.080657008432182
29.457238675553736 -6.598889278144871
-16.211119356561223 9.146723509699868
-1.358510821532959 29.712954207837107
9.015059651928329 -9.820094405497633
12.064069260695367 -43.668880378831048
-31.620043220542875 -57.523725430020029
-33.418192602199255 13.714854625153878
-31.071946012730503 33.743490014674727
-10.826898552595086 10.566986906666008
36.044851740187681 -61.755339287518908
-27.263526987227660 -28.537789938001072
15.689684122235004 12.217948443236581
24.654506716437901 -5.374292488140500
26.520004137372410 10.555133931512730
-71.959367450260487 -9.319253011661024
25.172540126035361 -30.695845866603985
8.135041531578301 -29.734361542398176
-22.832582155721180 -15.572604156917507
36.758118185001535 24.679849856598192
44.117005878398800 -22.602114768017813
-32.981845803864367 -2.250152074554267
-7.578313768554636 8.462770412703897
-13.936683541288968 33.375088769878055
-33.332132303542245 -15.078003093807068
-0.828993169147998 -5.700414524391880
28.199532881793644 18.728608040673095
9.281091579678135 -32.215253915983872
-18.391509388835029 -23.297389283093683
25.480172835091263 -36.802156406274463
-35.252075655388929 -27.996280009925680
-18.671217069242420 10.266649964737317
-10.852626098456316 23.144001485235165
8.190936896271518 23.014527837075978
32.123540124263876 5.664308492315678
36.013651516941799 7.201483315005867
8.532779673137751 27.736674353997660
45.476008390910359 -32.895893472161873
33.813813415877199 -5.199768733438714
16.399687603458432 -21.587872767263214
10.396307847658321 4.304849089300890
-14.234472490036032 12.079465286075894
7.980816587484480 19.796721765294674
34.495498577886579 -29.815704989935476
0.273261661939220 11.656344245814148
-42.771417490236310 0.160211210615325
26.553570236754929 5.990701456535779
20.793433824246996 -11.360123591777862
-63.518650945452528 -29.068938776971525
0.578875981826175 39.537368522470295
2.580039965115800 -16.827335893205792
5.940261355655930 36.622688006324232
-16.848814725275076 -33.013065151680003
-40.569220590926001 -31.178177278117246
64.717242516658658 -37.748973507046017
-14.654218850320076 1.327033000828933
-7.915867046918380 18.230325074297653
25.256725028865599 19.020466124153433
26.348931475109726 36.388434626607157
29.415282810506458 -27.264347196721616
-20.036902211050013 -2.381965701724840
-26.591264499946487 -15.576491262503337
12.075555106461398 23.909543913463057
31.163586083356229 -16.269189642197766
33.663268823324572 5.077283872269358
2.865292203494746 16.697218838989315
6.327952770107201 0.307899818718337
16.938725883795414 -9.032591385657300
10.904084328539593 -28.029023523651446
-31.733615284442759 12.301561646771921
7.269984877199241 36.221583129947774
27.238517576131617 -1.286015021144299
24.618106719446370 -30.337059925951468
-14.153136459051076 -24.417385750532361
36.538252283066996 33.466369629305909
3.931368107364798 2.010099987578871
-2.896273376867642 -24.979173264082192
-60.875076134437698 54.050715329158358
1.671520453664396 24.365839674440416
32.755617492850924 -0.793063510967850
-5.410866734320904 -8.399009161412083
17.655355926444280 4.744878020507225
-17.173962052124057 -16.263429562196361
37.465692738584771 13.399240382914572
4.685740641172218 -27.080373978934571
56.784951773978818 8.540908073433569
1.765052269880464 -0.980687183077740
19.480589406789694 0.666319985678841
-17.199036658027619 29.977624296293079
-6.517025562983748 31.938648585653858
-8.732604833031592 -44.141561620443959
4.676087226682150 -34.826537870433704
-17.661486248117328 -23.065904693880526
-2.162717220028577 11.683000567424013
-42.856399619941165 3.853651941953572
-11.731365088375288 -9.028664802653203
-37.037430744396580 4.582327801746340
-9.649639909015056 16.571775108116089
23.281732379790739 -0.814207937430241
-10.416020518491342 -2.557618079294851
6.083370518452800 29.286308862578416
-15.934959524937479 3.724737521913756
27.640481858780696 -48.165879382466123
-10.429479394296415 15.102041490809885
-6.271143758086356 -2.233656356987181
-27.743460574453987 31.554543925189176
19.357043218910839 19.717605352513822
-36.286945320562054 -24.222167741158476
-12.531261676516664 5.083393398807108
1.791193836360746 -29.614896612240738
-13.467990470169921 41.221945609888337
13.848192403622551 7.039597937054933
-10.388737409529620 40.636418689620164
-26.210211424089355 -12.693929915291118
-19.354526955521330 6.690712655187467
-41.910961868668281 -9.983183841910700
4.042277474836755 15.939738725192012
-13.689863903977177 11.887234087937880
13.730105127357490 10.924336813624093
-20.525805169965714 5.046815546941438
15.150688922617455 -29.739015226216896
37.042058632562451 -19.095529675501560
-18.123497443704306 12.831944867249812
-43.570815104322556 -15.343697818186422
8.759423681958010 12.737233696153439
29.799860296972955 -14.552514820838054
20.493732458300002 14.562594752054157
16.259689855249139 5.134255551955819
-3.122556415082343 18.028575873693946
2.262318521815477 2.318042058459754
-55.255451997726908 42.355874532340842
18.811388503413930 -13.626007389723979
9.375813262668688 4.634273893108407
-49.166786316203499 12.649234923232729
-8.725372855986331 16.593136390484744
-17.374658730070166 1.135856887816936
-68.919152220479575 4.211966210224549
-10.084642433710165 0.510114317784919
-1.462245170010745 1.434084180893377
-4.126979841715482 -57.908750226641239
-35.499043525277600 10.645367315686041
-27.658479892725410 -27.809841279182933
7.660957039176449 28.106550171141588
-50.505094134093206 -51.989637178445108
-44.250153928282487 16.148242829421427
16.870881212318313 32.072020350660573
19.533765756166723 12.149161596729996
3.522913463056138 -0.882504571753978
20.572638860567636 31.143287383925177
-4.925477329140542 -24.428118531436894
-6.351988281811263 -16.868106731476121
31.318250795245710 -9.218622874252622
5.565041172441174 18.395930590238827
-27.157590294568926 12.262351832912170
-6.156917899842762 -14.547576033386624
0.228995195862415 -2.677115281163582
-6.011674627727272 -68.741461434619524
1.944139591007807 3.098968525319337
-16.034201245906484 -34.168972582663379
-49.528524817147265 31.848276216311945
36.786408170645387 27.867300738831471
15.429780791223996 -20.045409391995477
-2.035993687631359 8.887226450721432
7.589538691641003 -9.165891527116788
-7.656475476202337 -0.391673387787808
18.216161467370359 12.060374991528612
-11.111428841779530 -18.020371391757607
4.551729905507211 -27.182915095523406
-12.564670603878470 37.660470230765753
2.050589528903173 36.320211288642561
31.040042658270423 65.327713063788465
-6.406637298588341 19.810541319690781
1.216822208610874 -39.454905565253654
-9.545546182518676 -39.013218842063921
-19.109051509559425 -24.946133446144255
-43.011149222679158 9.759148989860023
31.889501644190492 5.877949798731008
-8.460996073924981 3.941070860540117
-19.232132441334148 20.375242316271450
26.122139813799610 15.755314344525905
-35.541306018811255 15.988588140855182
5.254657897939199 9.536055409986602
2.879833909727666 32.982140070826482
28.282821635205327 -13.975201933028092
-26.062253567862932 51.019125220586623
15.053260075092103 -0.066850936211478
-6.046976191215450 55.058738925350312
-2.710062358300587 -54.647511415695710
-6.013340495192824 -22.899307050091554
-8.400152120553066 30.452255476350075
25.522779404410525 2.121650368434589
19.555847899550628 -1.456501060527128
-15.599228979457180 -14.734538183543959
-10.058406915508424 -10.648998748806566
0.180077764805018 -9.205048503493257
-9.260083023477515 19.583010369314483
-8.861142238139831 -29.731237107546239
-61.063097000601033 -2.531926937995185
-7.487257947490478 -40.870769611638977
-9.677908506219657 5.970130077334276
11.340559379908298 8.641873474635659
22.841908442277905 52.931417541297435
-16.621405179795918 6.146363068156420
-43.573212707879399 36.219239953769971
30.694784899609949 73.737257860073910
-22.215331691470741 -23.193420085646110
-47.176272414411997 30.865527448469937
-12.799645146195457 30.303847192110439
-4.211789425616777 26.197715272599250
38.182356851629336 -12.746256250430568
13.925249812629744 23.433429341861689
8.781066485014779 8.884519667655024
51.204677807023074 18.939140388964478
49.899991716994478 -19.667558242749209
17.948314749759746 -12.991668893088193
29.768324804769527 11.999477804324801
-13.773626430026219 -18.944817537183830
19.767805621450758 24.753976288483422
13.722607966555410 21.011862972209300
-24.013293006792949 -7.046206138832218
24.233145108863457 -12.869519723547256
5.617290978574160 5.352950703436796
-18.221241430054476 11.167086301819287
-26.401590390574597 21.408912013643295
-24.703970071275830 -18.737244462690050
-36.109740181766419 14.970065609230364
26.300876163784171 -36.961806764099286
43.316532556896313 24.311966294077372
-20.193418515146853 38.833084787306902
3.949199028471773 11.531072624282974
-52.477386934713458 0.525416342298816
-18.645157694706750 8.470751564932218
-3.262426448569064 3.288386883418698
-18.725200459768732 -26.371047313295477
0.517534032763065 46.016218514759359
-21.826849424077274 -21.653275472281972
21.341760065149867 8.194565262498077
27.867435924992169 -14.581097270125733
-18.262093271224888 12.468902306730312
-24.997182587213587 -25.061847853876763
6.220654150382486 13.404123481930746
-4.002380120050891 12.997542695198719
-32.755818340926851 -33.963672981837135
8.068271605750505 -11.878921050050868
-7.695021536973774 7.762679073243003
36.703771065532550 -33.688965527630657
30.927576543790064 14.669448105033689
-6.937568670402952 -29.977069928819496
-3.839740234384311 -43.413017895699156
27.361387235894650 -28.954945708753286
-18.110700833123516 -22.804722456758910
-29.368897134842090 -23.387063790116716
0.583711326719575 -0.383994387206200
-23.077295479917645 31.555617845486733
-6.510237730303675 -28.130082044870949
2.638088230386025 17.077960305192597
1.595362919249343 7.433367769174172
18.110127793777568 -15.163224046026661
-58.066071760993182 -65.561691872999006
47.446388342315615 -16.015437521859042
39.527895208946447 25.884146443271320
-4.242831023014932 -24.782959002896209
-2.479337802050742 -23.303345143454209
34.576457861756836 -10.295235468933086
-16.228177422866302 -0.344780276456288
11.407306572654026 14.304747708656850
26.190249225136888 14.164939403226153
-29.890835890742061 -25.774744734617475
-20.029596872067213 1.452794929171175
-18.816283758614613 9.342337529371154
25.724561511250890 -16.749426771284014
-11.842778550438712 -43.142128316879280
25.036683454830268 31.580847091819553
-0.852590218991538 1.560113821197488
-33.868473971586226 -22.291597366469265
-22.944409078711892 -15.158620871072458
1.512562280865659 -37.142088927536044
11.830239149684745 -1.855047036177448
44.782793919109594 -30.498602454662525
23.378601487557034 -3.147131208967826
32.202242921022041 3.202980442007145
23.448700956653539 -50.762926420752180
5.343275087802986 -20.492599145706961
5.982268369910555 -61.561662066950149
22.275388896464378 8.901788429753113
10.341356372380357 0.422948720171726
2.538268111765124 10.793309537388495
51.237863661296572 17.493733951043204
-2.576263328305547 -12.064632566196602
-11.022569046041621 27.242680552789569
-3.106377106177734 -8.902388998389556
49.432226370773051 18.516692903392403
29.463339519306977 35.065480190713508
12.129250011638277 8.087446258930113
22.816017402326782 7.056807808503406
-9.335158409184748 22.928304637018936
-52.648247885434849 -0.629102607156387
-12.516623288509729 -48.142668046927682
-11.784901718502971 8.712750872208682
0.004681103028618 3.089063096301113
-18.606379267497449 -7.980058986898977
-13.036511059972756 28.088392573939689
3.349309461524517 -8.093538843652322
14.410384343398908 28.576758442493141
-31.057567551838314 -20.915129490262078
-7.272763152548707 6.694467478009312
-11.320311906782056 20.736183330588577
33.746456812713511 -32.602296290036570
-36.438100377495545 27.567451060783711
6.453620538563682 16.030908691988923
49.088498814916939 5.365292503148923
-4.710366372792834 28.009004325702353
3.003563096766454 4.942024994499691
18.413305499047500 -34.800818443199361
0.024295408324727 18.222828814595115
32.911164538202613 -22.383944988973514
8.089215256270650 24.366776303196318
-3.587588339123694 1.852420170706255
5.687961443875232 -34.474836982700964
-2.434805932017419 -30.396771281620413
-31.141736159810815 -11.788620748369013
-12.735314776647702 44.264259731475271
4.164259455995693 1.331026564434148
-12.775198784536640 -2.268492736125225
12.177734958799951 -2.493575636971116
-13.022853149489990 1.607362363505508
-7.639909496347165 1.669185818944616
-3.105423663553413 81.147635734051235
-16.325753668258489 -45.633331284950529
-11.077556111053843 -2.969817085223311
-15.177812012692865 5.714220259016323
-2.187287555191148 11.182736698670887
-5.014282609204830 24.897187754913713
-11.203934583335467 -31.823401248424823
12.133913670647322 3.850888119555071
3.375062329904158 -25.212485500473903
10.582329244875831 -22.525354919096667
14.611694780516942 -20.314684270338041
-13.399351950816270 20.281743138093791
-13.238966820158545 -8.653205781954583
-13.250985036094420 -26.360665014049108
-22.913722277177012 -3.559961834349887
48.636543299215994 -8.022610169875399
-21.446488850886038 24.475544758497403
-37.545538807230656 -23.546713839146530
-17.146270847049664 -0.346581635324022
48.001382416747937 12.120964542117640
-32.400589074631498 29.915715383736615
-16.826572064114202 17.708675615554231
5.386452512029633 -30.531982322277006
-3.613821585123012 6.045759173233079
-18.488691284498085 -17.700246399674949
-53.598275790518272 -13.504397193149863
-34.257122457556797 11.080806185014097
24.383987814814226 -0.968205377156836
26.575640713496391 -18.807748616882339
24.614567180810326 25.505687418009057
15.243262949078956 -15.882948475859390
-43.296673550915976 -1.849823437564673
5.267064343624052 33.611983310373965
-36.783109248751209 3.811843117626905
18.833059712123045 45.292130514549456
-0.591963365827048 0.646756086329826
29.710219606485428 -13.231127746242560
32.458274682035125 -18.682277850680919
-6.122250910675277 -5.786129462073696
-9.713975562924849 -46.902156042226693
0.274908015490983 7.281360106923269
-13.798694043164232 -2.445530863053989
-40.428711274337587 -26.515896425733732
14.486735713650813 -36.404948873247896
4.758159968669755 16.075712870972495
-22.435117708634873 8.695001822473680
-18.026215606430402 27.702511350986548
-28.474620289127866 -6.679744871277134
15.347538015458765 48.003513587222137
-15.901280365378758 6.667860572115377
-17.952480850741633 -19.866604780649045
50.362031237077829 16.615994271655961
-3.918443334750917 -2.214882568167098
-73.909852524737900 27.721571092390359
36.257134894419657 14.843422947175613
3.437504642812284 -20.398604969268408
-30.127350017472114 -4.161513692304000
-1.933728962391434 44.671566528637776
-3.144582699944487 -14.346665254849437
12.148183421290943 19.567222729197045
5.502052264600835 -27.016678700951154
-21.319537308812016 30.433077781646929
-5.766054635910884 -21.823051537668650
-6.384494300480653 30.133062895960691
1.594532614695233 17.719033546851758
-44.881234007400700 4.631741886028983
13.489350553680374 -10.384405421724693
24.187827752163734 -45.420688027597372
-31.711157940852463 56.850699340989230
-20.919675594299314 41.026597783488860
-1.445817529720932 2.685197594102107
27.184323306841833 -2.495423350619911
-26.064786926815714 8.174206863536096
10.444938039566658 -44.434956079154837
33.837817088684737 -50.748294458090371
52.417987671519185 -29.853519681266135
14.639496855913970 -8.589605965740104
-46.243730564328132 52.106142564110336
2.459831530140801 2.205203809271175
42.961792980388076 8.776083536224005
17.104064245670635 -23.358958732187233
-28.672784001293273 10.104347054142627
12.010539767764717 -86.864706038080442
16.773748604316900 18.969454107960985
-6.547050662366641 -6.633161876038088
-17.029618250587870 9.493060790328236
-3.144504127014273 7.945072240616002
-24.685987929615781 -0.382095190811900
4.684908661179164 -13.874627064629848
-6.069248791388532 -6.753010595245330
-36.106556176296408 -13.542989834275732
12.362041152070031 9.123833706404747
22.402863456595671 10.938743135995912
-7.445852903566168 -12.427411440414755
-29.160325673078873 -12.808030781174139
-32.550296807068975 -14.558568685154729
-4.261713541051665 37.421332330876567
-5.687095673241645 7.873801998656505
-8.757902409131196 -12.567103606749034
9.232322569167112 8.980668554887320
1.120827751700892 2.252755286524090
15.436961792087804 15.202115715872235
4.539603854010968 2.328914413490636
-34.603527025776778 -74.531316178498841
-5.897652722402952 -5.085163810701481
26.565346807302010 -59.098946653135755
-3.925996503258686 6.525337555767429
-3.536299188729605 -24.393638757852013
-22.979486711758287 -16.265402248120679
-42.195904664403756 -15.774870686315467
-13.882298096506490 -25.339348131512196
-7.672161406802585 -29.811509059071124
1.825744529389614 10.799180323986182
-34.574538656914477 -14.538230937177849
7.290882388170771 -28.850549335369379
26.862175529415389 63.071810114085174
-38.458288980018523 44.499080844058966
9.517323210371156 -65.976927400271492
15.863364253820398 -40.396325269545258
44.002859022995793 21.257791775667208
-28.839732071640011 24.366543264492599
3.604953288810305 -9.305905305934283
20.129174616787189 -2.543240911098201
3.085983020092401 -13.549628886491591
49.544563784783684 0.456026589152810
-22.712636832350675 5.551589076816838
-38.342480814298007 -6.366715948804680
-24.912165291602914 7.346217939291563
29.326584973644334 15.504014524889547
-13.385571874082869 -5.696251494293349
51.731059125179804 -1.532263201578210
-26.327963578945109 3.548497829714154
37.732936319465963 3.880857179168514
54.759500959413032 51.238651026305376
7.978075353376016 -3.379988743759817
-28.351670309329950 -51.802335634214835
-10.850304536840504 19.484408631796921
35.673819047563462 17.351685725983419
-24.711119527058607 54.030614724252516
-21.242079472793439 -37.965250266438979
-29.820395192588911 17.029376704001386
15.723808085160659 -21.711543045779724
15.753084425620179 26.710129910526181
2.507590000987451 -9.135057024402666
28.473044600920449 30.893425464345583
-18.041159642260581 48.643345797738881
4.725703286774351 -11.818530688063431
42.685647044467011 -32.460950014692145
4.507720025411521 -32.279315501166217
24.023295977131067 37.471098905335602
7.952371035100745 -26.591303655838040
9.339848904841924 -20.209539815366604
-13.901209596470540 -0.345333217280984
-8.723722139180639 -11.563937212391512
14.753476651857122 -20.172117171264677
-41.041756182464226 1.007493395739085
-39.592404649363402 21.977563353053728
-32.974572923876011 8.387014581614510
-21.235538267720656 -20.548471717017449
-8.333752166111339 7.066022501521067
-16.064015954438748 -9.376923027795700
3.171642966069184 -2.217879025452626
11.094344926339929 -5.242370795467481
30.790129107201430 -50.370085973169672
-28.608820907164688 21.557950766254923
-14.761257154214308 -5.449140618593611
57.137695431662948 -24.159305282885569
6.973816286002832 -18.442210224051017
4.534232423561234 10.470186334907620
-7.457781717989437 24.932707776272032
61.988379329531206 1.990425644819349
-27.564369378339283 -23.497405844263337
7.332178108832776 -34.958411978481060
-7.749217857891101 -12.098432469079382
-34.609438253041553 8.937475174386650
12.270950909718135 -22.303402336005714
23.301485924171651 21.748049566658679
-21.430085755126168 -33.845680527003601
8.364764809831414 0.574441313031355
36.314821616828809 -22.504399373276705
31.918561968974604 -33.727484014998872
-73.062974230839558 2.320419617673796
-9.527276907203824 22.752831944163155
3.116363253108967 2.220899589326477
52.367847507273872 -39.742004797054072
52.977893155295632 -49.689769582575046
2.032648246072259 4.368012505151652
-13.796600160549184 -11.576278086750611
19.026039776186948 13.106838849654460
-6.997693279824181 15.874506641793879
9.920890452104938 -35.668496436759135
-19.283051926322454 40.551681717475020
-10.912942122630742 51.287347138188444
-36.377399543991423 4.194796476245664
7.913789882799893 8.842260124901545
31.339227187963132 -20.549203579830838
-36.752955950553698 7.217541929439537
-5.950639905517169 -0.920055128993050
14.637491876464056 -28.805782456688807
-46.068486894451127 -25.129463830668094
16.389985842512175 -24.158227369072371
-30.375937774544255 -26.456711687230328
30.191053991492321 -14.417705060424099
-29.019669973178679 9.282167030719579
-3.506796855192390 -11.306736551646091
13.379654889187645 -13.558915356074454
15.358675919615980 -14.413150785232716
-33.548252452826098 -18.493938711219361
8.067094765229456 -44.654958378405397
19.020587421562482 4.547083047743512
19.794718845778903 -45.275074531097516
-14.533803114225632 -27.254858355213429
-4.749264403106042 15.447881837571298
-83.773229999725814 -11.704895096215362
4.930241460301374 33.873719657601590
11.407091033323871 -9.783398763485456
-26.482235771298324 92.497691494309763
-6.019978687298049 -39.076097970013038
17.070214110156222 33.543729018538471
5.439751388894278 -25.281130375184301
9.839807027009211 25.588941351631021
5.804637462472137 12.061828900507289
0.950945420610929 -24.519452599931718
-15.664876702141832 34.256183315808556
-12.031323451222745 -15.357523136852297
19.969988682459430 2.273795736555115
34.608140404325844 27.058275005732195
-0.694316424838914 -30.378241719696828
10.343598483633922 34.992838478969865
-33.304672007516359 -5.432030502560441
26.448328171424031 -19.445679883118018
-8.285917641669281 16.267698069505787
-25.044222765347406 12.103686503522241
-9.705893295622237 44.656101647422794
0.018298428469005 8.456954214124327
57.026848173415694 -11.743293634456590
34.425275461578117 9.721048968778232
-12.137371822198359 -3.730082197765314
34.239250171492699 7.517167655239613
-39.479218477972168 -8.479729733733798
-23.048133715264100 5.693131073949854
-2.697207374499901 -8.982476505459882
19.832338755802887 32.880314264159097
-31.946877423751229 -8.886873267321169
24.378710887546681 -5.587251033391676
-39.315413759646084 -23.264404124739908
4.176880459043483 -40.092805262439079
29.684063658781799 -12.096822889575339
8.770512098571000 38.972413387880970
-25.500589273202117 13.175153166659994
1.824826556525269 42.650676062068641
40.641753416963361 10.614016090230619
-29.957885805463807 26.577972149049575
34.069561997736791 37.136649534569351
-36.092161023349817 6.749247410758041
35.762346531136245 28.604337644818781
32.360399291440928 -25.464023029727187
-18.289738190843952 -10.857572745274030
-0.736349936403314 2.144179311166233
17.520474635447322 -21.591487718982155
5.296463476532483 10.867668430113904
13.917367717466639 -12.125166944965507
-6.199015864705542 11.786000202136458
34.037816057453028 -0.919996479541534
-7.074152054963453 15.771868426799154
27.027709756942105 16.282015234887364
7.484500227859674 35.458000656666165
33.041330281332108 29.224419458772353
13.826821149177315 33.090731199807024
-3.372113683735568 -25.742269518431439
-5.432561029373446 13.844220323048162
-0.187336322228924 -15.756036678581895
-17.579427657292328 3.161021401112653
42.019027309381379 28.446976937671202
-2.701146585730971 8.143745501935772
24.277706561936409 -50.779225109049541
-36.253477892455393 -49.825012504703579
30.800450117041940 -30.866610044036033
-27.544773603142342 -20.729642738364646
13.920151237789913 -35.468262337548396
-6.579404388136494 -14.744388278056570
-15.037052619164344 24.821935120111036
-0.263271848094438 49.725089577289175
-21.564047715988007 48.427130537695305
-25.895527786306310 -14.552838072892216
46.221467947727724 -9.874528122868485
-27.327111704605823 10.010451902066741
-1.959400421528671 28.289703413215811
2.036337892380323 -6.246699950462365
1.308959044849461 -5.781807607703384
-9.091996804331902 -38.407934511730197
-15.977429859606461 18.623404082189825
5.205141275702359 6.156543275347638
-24.751159786087527 29.211950952866061
-21.660873867501454 32.882131858594946
11.194003356095694 10.707691112065104
-30.400120377307580 44.512922185272437
25.632651869369379 -36.293848832487846
-16.386806761826488 -10.840504925113210
9.509575525040525 -23.566883866150466
-41.418033938822028 -12.635785281608165
23.165929812445274 22.552672388877333
5.252184351949687 -32.842153797237430
-16.955772499627184 -6.899738827914137
-6.977260384647539 -30.063556575551669
-15.864469420608405 13.960003148170614
12.599310827203784 28.617645978404635
-35.549477353847173 43.160060728467002
-30.948515423315939 7.091221299543446
-3.437668323755317 7.377283060381660
-12.234290986169361 -13.036185018114757
-16.650389032528988 49.956220435374057
-15.388518930484738 23.791549164839104
54.355036358453575 14.069357213085279
-17.726448904873973 6.534949732443604
