0.000000000000000 0.000000000000000
0.000000000000000 0.000000000000000
2.729391849491474 0.000000000000000
11.016414326915152 0.000000000000000
9.230403515101278 0.000000000000000
-27.522244165812076 0.000000000000000
-25.320102984813968 0.000000000000000
26.458781403907935 0.000000000000000
-23.800259990323486 0.000000000000000
49.209747336104982 0.000000000000000
-16.907756353810043 0.000000000000000
-33.328122897244519 0.000000000000000
-2.804394879905469 0.000000000000000
4.621669813472187 0.000000000000000
-54.101928724831758 0.000000000000000
-52.102393969485718 0.000000000000000
-14.510297805749005 0.000000000000000
52.497695600628440 0.000000000000000
-17.661071798414046 0.000000000000000
17.201790430936693 0.000000000000000
-41.347163665933820 0.000000000000000
-17.144336007305871 0.000000000000000
33.797191307323573 0.000000000000000
16.023140585902198 0.000000000000000
12.407889230367129 0.000000000000000
3.599858051283002 0.000000000000000
11.117063667850607 0.000000000000000
-8.334176675744025 0.000000000000000
48.695997205589606 0.000000000000000
-28.608610311759016 0.000000000000000
42.819944536957856 0.000000000000000
-44.159670681992040 0.000000000000000
-22.581758987477428 0.000000000000000
-5.168369943819814 0.000000000000000
-26.498800428972267 0.000000000000000
-24.138003940003934 0.000000000000000
15.858461172808708 0.000000000000000
-7.655719546742334 0.000000000000000
17.163866991652188 0.000000000000000
3.206081952615068 0.000000000000000
-34.966681470280818 0.000000000000000
23.000941879971027 0.000000000000000
-43.748834405659167 0.000000000000000
23.967751734435328 0.000000000000000
46.973169300186370 0.000000000000000
31.343834429234793 0.000000000000000
42.713268167464939 0.000000000000000
57.265042915558404 0.000000000000000
26.337032560115809 0.000000000000000
37.370794050944035 0.000000000000000
-28.235140768105992 0.000000000000000
0.000000000000000 0.000000000000000
14.244524073468556 15.312974582260235
16.887979521200897 16.750555146091902
56.874851918306597 3.840724456102500
-19.902050083058803 18.956444178242140
11.026918855440442 28.876147192213754
-27.295450889482492 -2.856492075252721
-8.786197624105467 19.451623946417364
14.865002879007895 -12.223883988078653
12.882248229049219 13.432038937336344
-2.596218226236370 -7.396880310731739
-44.783437386256892 -9.752557619779221
-25.095581128731578 -25.765163419212083
-15.111758952930385 -35.073718310223491
5.113308450840546 -37.280093101412739
24.548823001892949 10.005527822191793
32.325402525692745 28.194087538199742
15.283933655153957 21.017063636684327
15.749884306129820 -29.966565041854981
9.202242241349889 17.405946015105684
13.896694632955969 -5.648622631047187
-1.615202565581912 14.092883377373063
50.572464517772850 -23.041171774599157
3.119558937524263 9.262447684044684
-37.746989665246247 -4.205721397575401
-18.519025971642062 30.785508234013488
-49.283726044030857 -0.017585097028078
-13.854789615984375 14.116900206220436
-16.996025226898421 -8.645708773686810
-17.546880873524167 4.890079007234235
-38.032032497965368 -1.237425939384529
-2.269262769854496 16.541081265357775
13.857367388154122 1.972779830353019
-1.966416804530172 5.104492263093399
-23.106638461438372 -6.895523511228798
2.116781519480622 26.081297819772885
22.781712486278156 -15.313695599628765
8.660878226304416 -16.221365177695748
10.018901609834760 0.107298489528855
6.596946426459207 -11.839656968461073
5.132071881859000 7.131595044367686
22.326320087319843 -48.817628273640295
34.388237909499360 -0.973264669751725
-41.156548380161716 -20.060651484887714
-28.735928194854399 -28.844698370811166
34.910039374607976 54.976184857089159
7.441957874354233 -6.742154916773678
43.772019973080816 -12.730275680934165
-3.592743384094318 -18.436016469500935
19.024973217880209 5.269983300393946
14.920885830603286 30.640086405871187
-6.033299011052276 11.091021863099728
-15.814000042524054 -29.042089251487170
-7.322208748377126 20.453702752182444
31.478827421231781 -13.921904526932954
21.016411317749409 14.288483657847539
-32.702795364623356 -22.940212423824811
-16.523151112095640 12.190177572827681
-8.635405807603739 2.546237999428214
-0.686520090915930 14.271649230503716
-6.689053924379616 -23.505500757991797
5.127318806653850 -38.057912658791885
-4.756381645167908 -38.361905331080806
-43.133288500447520 2.263303163721641
-79.180425594846142 40.858564355081278
-6.177679044213837 28.619535480303718
18.997673916525624 11.636487992360234
-3.131416183087222 -30.459054885868674
-55.383294336119626 23.682232491860780
-26.677427114042267 -1.097659201349741
4.341983840701410 -32.789251270320506
-25.016978352186076 -30.477312879134772
17.496725727578514 14.536836919911092
0.747083078485074 13.549580229647542
-30.482448111478103 -8.871393667568038
29.388111862083537 4.749993614720000
-20.049411285342458 23.661160903970462
36.310798074334919 -14.780984576885700
26.787597412841624 34.964058905358684
39.982554032323669 -25.930243994900177
-8.321096512312332 -8.779444100455786
8.937240816702067 13.510015840312512
-38.447611382684180 37.449419271346841
-18.918119526221879 -24.312661298725015
0.010637027429766 44.450500718500585
-3.912312243910962 13.221143604034227
25.576269207213553 11.747142686674893
15.191812810050164 -8.662460839125817
5.934775056318812 29.226850740691827
-12.445417856879429 1.664568732939883
-13.178422252253652 -3.288409568793354
-52.570499862676819 -2.468173347957912
51.850111266602617 46.967170372459236
-5.105338398399915 -25.497782794251009
1.103370798854750 -2.842643284643107
-25.261619534711105 2.046983529935045
-10.887879144386471 -3.140314469071053
37.468964075139084 9.201929977992158
-12.497611497637571 -18.367860860014556
-34.757680971298498 -24.350152875110457
19.415535636971853 42.028719795021161
42.695552097202324 20.242430399217390
18.460123310760835 -18.443379326694313
-7.708797766314401 -28.219480193380221
18.699691303019851 17.202217435299701
8.501624019291778 -7.011925639054141
-7.541768958459982 55.376260049479029
7.746457617702986 -0.737354003337007
10.908117588785007 -21.351783489960184
9.068532005317039 -15.763819823656133
-1.520425272728847 34.271377703939883
33.075220226101919 -34.550867747358723
-26.443760709889542 -2.051986568668727
20.054469536146755 43.793046292454356
6.706633041633085 -28.873938784397104
-29.299608980679050 36.551274590275646
-1.731959064496275 -40.235828122095988
-6.385769565084935 16.228087960004505
-22.521796092925065 35.847582626656589
-3.895367411189875 23.479419324409299
6.553972785604825 11.303802581104559
-2.018994851853188 -21.204868481428516
-6.220727865744590 -16.980342023681565
5.748301245331291 2.120630268046622
17.926766622818160 34.333629388151408
-3.386057137010300 3.040236565975618
-40.561255684166994 -4.931698348367666
19.757540983001924 -41.144214164734144
1.649475290457770 -30.443589105342731
74.888318753107711 13.442468867229858
-30.850790746516093 14.102415637490589
-12.530034583774530 -21.796848077648580
-0.789831406402707 29.365908435041909
61.476197681349937 -27.489557057542140
1.313997375619075 3.192407881848353
-15.437988215810309 -22.977680577772901
11.245668360708452 -1.213598485897014
4.133488321130890 1.253472556899016
-29.005514470822291 2.088676907895757
7.198563615924590 -23.291548428559331
4.952436506923282 22.615291914262503
33.265736355419122 36.095368157955029
-15.610474652079304 -5.514884700059001
36.820386638863184 0.550174648028691
22.944048041839295 17.138101278339938
-3.552020233746631 -41.474342244519853
0.499698491433794 -19.397651090366942
-12.969959140227942 1.085157270888184
-32.224323580029818 -3.858976085428803
9.334427197099691 2.855888156615779
-15.384836977154208 13.477918857294295
-23.383594581807685 -59.457433161065097
18.176478008982016 9.256831428326780
-31.279879337947026 26.231329934875284
9.420262632789397 -13.188106276470746
27.128686655744684 14.895342443452295
-17.452732624513377 -12.235469027808751
5.142737080814492 31.200883469110856
33.563658601542109 4.871550635655537
18.892383524192351 -2.169873212363123
16.177699498768018 -17.744094082715513
-10.022174138330529 -15.767541225440249
16.700935934869229 -6.901820039683235
-27.944232209092178 53.598074265271137
21.915580145920565 -8.999529431766669
24.409706586822978 -2.363862669719389
-35.383073014361877 2.332003057918874
45.645770719209033 -8.775575064258845
40.763728138200683 -34.823732838032278
33.516366911710506 21.581907066269316
24.499370434145547 -32.893208453972250
-45.236389608034649 -0.302408542179180
31.818567458329209 41.384056724319358
-15.310747288168368 9.825798679189463
-2.140476211358671 -47.344649104450191
6.845000756392915 49.145657990465963
-1.469812485865174 -3.741594608607720
-19.742415033281965 26.361185843073656
-37.286584062312059 19.408678601546125
-21.578699313340355 24.699326017733256
16.372125996732809 56.646911296487403
8.297801305345589 4.492788910367578
-16.731323277425570 29.518339031097973
-2.429276620571386 -9.874237703801221
31.707593012868895 20.375946085816949
49.352748313917111 -8.596697077989853
0.934997592894836 -12.387825346075978
-39.574833699806000 31.082830024799438
24.571500401963121 57.778762793788182
7.181620259568573 31.081477010851973
19.510209212123982 -68.555988767172252
-1.468348599489926 23.827343094601879
35.361538991431047 9.681351008773017
7.505967027851575 -22.555532810059781
-11.433774701088039 -4.035280518877599
13.232834268953559 -17.721401751602759
20.135842309393283 -16.247010522543299
52.880156410035539 -17.991569432983606
0.588701548250907 0.389245776126798
-19.898507419621581 -2.372580776624974
-29.913041085297341 -14.127440606506982
-31.504810346473189 -19.911744325236310
12.277608069575798 -0.760218171815773
-42.563374145623868 -24.907429586903145
-24.881552806350850 25.996273087733439
-19.088349873691879 2.216370133143182
4.324316511919844 -31.841647936459111
-2.255896826933834 -22.478264258568853
16.181103249783582 -18.044376796174642
0.984151845926407 -7.704269749482871
-2.157488312546402 29.888685979917625
12.073578869043910 -23.805498156167879
1.479178121852915 -0.100341675611269
6.040167240916525 -47.204515623700388
-9.356878292883975 6.444283819134268
-14.441871567273123 -27.303575453462468
12.232845741047782 15.286977605779947
4.657222446689586 41.479765834052735
-8.221171400435706 38.792917752640946
-7.545809410236131 3.992919257945567
13.880109109774903 27.520695514106198
49.834429059018305 14.214568780539146
26.110648206058503 -6.909651562334128
-25.866670835438665 -51.821190477068036
15.664702218640267 19.549460305599528
41.463796016356007 -33.235813764963957
-11.237100289612819 -40.916718489459221
-25.924159299728558 22.694444385841074
-0.341450780717783 -2.605608459833711
26.467431008092241 -27.658696555464108
-12.710465284310555 9.486716754169569
-60.367500809837765 -11.120891806162133
37.201309794837734 -13.099656891337469
-20.285713079548316 10.861255711886322
1.020791891739658 1.449472525563032
-30.646273520220884 25.001629591238139
-29.521281622943164 -30.406799526231879
10.140948456150241 5.109396996274615
-32.825488137040288 -4.241994575245900
-4.270045338514810 -11.683795087133088
7.281042143294792 -20.431349335706624
-10.744544514532333 -5.650734807071884
-37.261846081227475 -34.157019259666214
4.584819751392607 -38.728344384912909
11.413405279285513 7.096478356764947
-34.710410709343527 5.082040123824394
15.344790641303925 11.124073749536832
-31.894965078801050 34.715794167087950
8.092028256536707 -35.110102985514963
-2.860829628486473 0.365407144968596
19.879974813469619 16.568193587895827
-20.494649797018177 14.001357240923589
-13.137018808239775 8.065531345385475
-5.959616593690675 8.314314352487509
11.129716540563450 1.166955224806013
-47.559557527611261 1.062994290258782
18.162659257956630 8.325221336911191
-15.336876975925897 -31.427137108837091
-3.973975139581797 -12.737999979500172
-18.635780551283311 23.550005465038904
-0.031079017309189 -21.561185399697127
7.755820728257217 16.723586302596186
37.364839951657899 -0.832374078590645
15.744226785351232 -7.807883271106943
-14.044705060577051 7.584474377313261
14.744479207373855 9.695245457130410
47.973979011033279 21.452675007726871
2.440328459711078 55.450200572509424
41.371561353269385 9.052929371328926
22.963895160643780 0.737951096605436
-7.325654627762906 -8.873865793735581
27.291978780892975 34.874126233865297
26.687040311451721 -22.901223216633138
-40.295813828787757 -25.963968838328388
-5.589369151275669 60.071320743439259
4.862945582295001 -6.846264485162110
-24.223171028018545 4.104332296778574
-19.359001988208991 12.520709175591112
9.596229567346626 -14.407684202219585
-20.780161773244426 36.369756102061800
-16.686813956190303 -6.470338099496833
-19.976053049453007 -18.606679917548774
-22.408298545950906 29.042111702138836
-13.055722975385024 -15.328654024667644
6.999240198636704 -19.852568769638921
-43.531276896473237 16.862954444193967
-25.352903192328885 -18.632314889801133
-4.027566948879016 22.238722366787247
6.102835670790731 23.576941520606365
25.276211125103472 -29.921507686115987
32.560828873792119 20.975672269452904
7.097272204355543 31.097397208992732
12.758218193451997 26.483961760388940
-15.578303167754916 -2.695311142085168
15.883973956633010 11.579830484828673
54.391631195903749 43.121677041011047
-8.070709871669511 9.609416907795001
13.184383287520310 5.957932371968839
46.975259867619513 -9.626383074956260
-8.246021774930515 -11.431164250057607
32.087130262629422 -4.507364790613222
-8.570959282699345 26.881806748030691
-12.584471344171318 1.513884295302873
-29.161732908239365 -19.654947600352148
-17.362341839854249 -3.206198054537961
-53.135202194960819 27.811702572781630
10.172129373519473 -6.520036561378533
-24.601656957069498 45.036264131664367
-7.236758137558699 -24.581251704351335
-45.274995802318941 4.314524936975793
-16.902686331616373 -0.077797177962383
11.367671252719255 26.858947105379077
42.738445984339187 32.944447862828497
-36.094314342698262 -7.377692585034652
-21.640083766814641 5.157164153693055
-6.063770771627648 50.765366217932730
-10.635991750312723 29.618051601129977
-27.937602251235550 17.564932413485309
30.416350089865780 -5.089518881240992
20.291020876809043 -15.337310683577840
4.897489972925593 24.838369295096776
6.009498901790492 -26.744632601917779
14.832532202601334 13.350216415205372
9.644340932445688 1.160939274361480
-4.573416108668757 -0.894444449667862
9.623914530837560 -37.131560880934131
29.475764450201130 -4.733130063485141
-23.743765401279866 -12.910175445692426
6.927124373322711 28.827251226773097
16.691518050446497 25.732747504558166
-7.516752731382870 -17.280258354115912
-23.158870638740240 -4.265976668400943
-2.620986876481034 -13.550839458775082
28.236700683097048 -1.167255269118407
12.882431180931784 55.739310415060075
-2.759574190486624 -5.251494710042829
-24.425457423901676 -8.968983331239409
14.577810058777263 14.183123079867254
43.651955957530923 9.957921394036710
-38.258898673446978 -1.566239095498957
-4.940000697519778 -1.963040760955383
-23.461324821036410 12.443910218277878
16.713610502027265 8.728216672048497
2.097337539182859 21.562264739011802
2.059067567793381 7.470584813123391
-10.076306703026360 25.977819415156549
-7.370504691237814 23.101089382286037
-31.943515241948031 1.247882115658715
-42.329216587310412 22.073640073944169
0.879623594111490 -24.783740744521552
-0.670815637983239 -19.247059486035248
-77.842601475291190 27.158706233765656
15.288546154755645 -10.803397109248706
17.796097845603445 3.673098495594875
11.699843231755713 -6.513103108953449
-36.327312976680325 -51.199938274669449
-3.399123730440988 3.192391546925390
-53.637247341703997 32.973945680290427
2.483256055560057 -4.875838901003902
5.259436856399763 38.589519090584552
4.357845097823409 25.627104834258486
15.806182343803171 -10.471724196872980
-8.184595480374503 44.977525908060635
25.141639833969187 17.143391825772358
7.028912028363826 -42.999886153655495
-35.646368590348516 -34.409790548472948
58.781589069836599 -40.241974052642789
-14.574824166401568 17.513573846510425
6.364259998545295 -12.125257229887961
-12.562664954448962 4.862034542323877
19.511390125653659 23.380174791440261
11.094863193892669 -3.799214262386007
-23.665080031978544 10.859678614021364
-22.818217247643442 10.605967751656355
-22.337484144049714 1.515105049584678
20.532137675241440 13.879932230243465
2.368602755196341 10.528084947020997
7.863885177231144 14.528269903377975
-15.142377342866526 2.197896554019205
-35.445927765298201 10.317855549476779
33.588787757268300 -3.076281160325287
29.496248872989128 -5.653015003497567
-19.503302020796578 15.156427357800276
11.872523575026946 6.237258341291313
17.964621768264092 -1.318965900611338
-33.461297314932644 -1.803217155920569
-5.534227324584402 17.475979824729183
9.766882222634401 21.389961961454290
-16.619561815088058 0.422642563101996
21.293621506562356 5.442388622118433
26.254144956308338 23.489241526878029
42.818547873054115 -20.513610774469683
9.498292631248036 -5.004585709819565
-10.982805398493786 -3.156562776905892
-20.743926942559536 -32.164033143873041
13.433268534113992 -12.669702161605152
-12.957192965854523 0.238261442376884
-40.966956188578870 -15.279724550152743
-8.529309901866595 -16.299405277788583
-48.132980105675145 -20.784588194651906
0.321977818269842 -5.274639757159881
-16.917629642394793 29.393170122668202
-45.853704542048128 10.503682243134286
-10.330080285876988 13.094545795808429
-13.519301832053666 9.590230707579122
40.166801387955175 4.777054959054111
11.499073804279870 -7.565732581558160
32.434031002504973 -6.792724779625935
-14.197585910555155 -2.402953032104221
-41.252705302178121 -31.254160384265077
-5.970800641404348 48.378011440816472
12.293641700851781 -71.073585371265182
25.276829974762194 2.635424463558072
-7.606588903040338 2.918480996174364
-18.502956463115577 -10.770472321841522
15.382338386628671 -10.709697234342382
-21.533159654381159 -20.141457675022561
-15.416993294111910 22.251599459707428
21.189180580217780 1.579395639194758
48.191787460551858 -12.600033605030520
4.414252396559965 11.245533348079583
-0.281140917174099 -23.230210378015997
-6.410716836083941 -35.129166100731972
8.997589736140434 -13.570456095409313
-1.774388988178527 -4.455627162964821
48.975778997421891 16.258857217990283
-3.420208939975740 24.948205134088536
-3.584116823821958 -5.647544480128947
-13.497975258767815 45.089191611473375
-4.429956376269588 10.243598929700067
17.870289793313511 33.459948774148963
-21.119708432827224 8.796126321705700
8.850721465099783 19.468332170003791
15.684062955498698 -9.537580786743552
-15.340789362245188 -2.884612059542619
23.690112154195489 -53.237890897040366
4.879013101713989 7.471497982917452
-20.267275148617344 1.766109399384249
-1.339969862478937 3.591277032062197
-18.667500098282460 43.363204215937692
12.552507073056912 -14.691110835861343
-40.205529726842684 -1.496907095367880
23.994411073987141 14.039043200288425
14.746208274372481 -1.350138298050054
1.015899093377638 45.604611516589486
3.953811665390266 -29.270177103597970
-20.230516529006366 -68.098516556699025
-27.487294763826785 29.329485184287538
-20.687047665802389 -6.967832090251465
-21.599041155482684 -6.715559113915184
-54.879397650322780 20.438195178801767
17.898957816960241 69.440637165573506
13.190331947382376 -17.962555441569954
-3.274658264508249 13.252863688706430
24.911780910342788 -13.681651528642314
14.665363343541726 16.278077522814542
-19.275590447826858 -42.945298228920706
-15.390091984076134 33.883001085634923
-8.428849588201574 -29.145549904691002
-7.310706802513010 19.239312425690411
13.204522156570121 20.310531085531665
17.327519514936505 -39.837042252087329
1.807116349195298 -16.689431093952280
0.100262571988043 -1.385664581696465
1.941229994603651 13.072811982805632
14.898896553856504 -32.205091939311771
1.218030455187845 9.339272380490771
0.302508594908069 35.727576718978220
4.129524046943675 -10.513175560132085
-40.266276355601541 7.905400870244440
-15.340668745080908 8.618769750773419
-44.841806388600283 -3.829923844314646
9.459999794369933 -19.061723503714134
20.012853469749583 8.656668930677203
25.433812726954066 31.611986521514204
-14.098525658291837 13.627564656208779
46.869667083418598 53.535781740242058
-12.386938438330452 47.914534405729114
-27.025003119252094 7.057449940923245
9.751319415404318 -15.390624639098299
-4.792948527269171 40.236874230163053
-33.735444568155266 -58.877042246907124
26.544315999400460 -40.266875781439168
-14.788189718345917 39.214277157275504
-55.116671605602434 -22.983503389025056
9.563222936978606 29.046511658787416
0.219132615982173 24.802198220739342
-3.407259272347848 -54.333553112841663
33.932007694286540 3.892327071470716
-9.686544150363165 1.415161879109317
-20.748662675568220 -12.725948673036113
10.457488532200932 5.980423450595902
27.815678806938724 -49.515401154699582
-12.374928599682010 -18.381777154435703
1.644774821583952 -8.809715836228211
-16.148135494389678 30.032016573488267
23.569770396282557 -12.664491007212471
20.313900628930085 -26.804349761536500
-6.878459765436364 -32.176765026452756
-17.658477689520531 -9.796085238737364
3.508262522283284 -16.370426362161183
7.262367291769235 -9.548391868318300
-25.292296063648404 8.063126451625665
-41.710302561779869 -1.751436268738280
-38.838641080254348 26.154393245208116
-8.023040773345491 6.586993312706698
3.686294307003151 23.058295320251009
2.538421827806876 55.512182364232402
7.698903031308633 -6.396227249325154
-12.202924431607917 -19.931086501983053
-12.448382971384033 -44.226588227217427
28.599605405701446 -13.466814261249583
21.633921932240085 17.958325306408167
30.025107007371485 -13.211689849397221
3.215023326763760 13.304944908222456
-45.063264814097167 42.753988016677553
-20.870746719093674 -40.412945006009515
-5.926785762777091 12.647981250054642
-40.954345810331688 -23.781076860747426
32.462855020198198 -6.733173262864218
-18.233690764157043 -7.285923228777759
17.931076393971075 -7.740528779236125
-26.728394079270984 -20.833349353689968
-13.149927737602949 -62.598385308214247
-10.093687743657226 16.049234675726943
-27.909826768697389 -14.314603035838328
24.309891981373909 -20.671043799158362
-9.752726591631161 -0.408812707929085
-7.761000830095871 29.763435294755535
17.549851799295887 -43.928920382515976
11.492203146424787 -11.905352502760257
2.839727949214623 9.557378673180596
-22.963323881634068 8.582349882809991
11.851185883563939 -40.858612153946147
2.185410580809643 17.020991866759918
14.646306013056837 25.524740850399748
-18.661484117760693 -22.418468033195868
4.666418854085383 8.311323162204966
-12.282728526332452 12.663353875313257
-6.162926448652836 7.823351429891008
-6.906086327595130 -31.115037251356000
-15.178838416254512 -0.103250568333990
-31.584437425736631 -6.423442753589406
30.021915693242025 -0.421394002892674
-3.174053691278547 14.385592681784788
-12.063397901535030 4.550171329793821
8.505949094910680 20.012633062714762
9.557738975215292 -5.984870196784954
-5.513961527179621 2.672819886300924
2.269841110885076 -77.783344254580143
7.773274863460180 7.637256987025075
-21.747072277193865 15.995357119211484
-12.182052497154526 -21.930825023115226
-14.844196966872159 6.779079635210541
6.039039810900331 -22.137485345028477
22.850524973782278 16.525652622732842
-1.744277797809229 -6.678401295640894
39.868613291906556 29.867671435683910
5.075275432104785 15.034866302695026
22.789575675140942 -38.125444791396326
21.796364839627156 3.611507477882190
-40.340522694437624 -37.310244144919835
-11.502987493856232 -26.314976830965168
7.740245337868306 -1.656653085614940
7.285078535646836 15.451088871678863
28.870022908959772 -17.740766065536846
7.182539340507180 -10.212522603618437
-3.947728154471851 36.775142426948683
5.635735108632100 -15.326152616173403
-13.809351360837356 -9.910502805256108
36.543774924883124 44.501230090082252
57.698831635393816 -30.965695946646644
5.129137147451554 7.970822537222705
-10.554065211401060 13.232283407581830
19.519716884284538 -52.366557830861993
13.430536541964280 5.143447931353831
-21.085631888312395 2.512461045921504
-33.759446924969438 -16.137186652386767
-1.891284806382755 -1.684841124475347
-18.090689781893328 41.547719180573125
-15.569760550849734 -27.439549107363678
-20.046053786911862 -7.737458006693819
-14.051303852882635 9.121792048826958
1.927456843168145 -1.109864729201643
11.402264868204639 6.662300483013735
-0.098913238871869 11.314506979576061
-23.224586731430211 0.894234652863086
17.442142365866996 20.595030388252553
24.899829277859951 4.814358665631389
9.476749358268899 12.397219795364519
35.994206129922375 11.685006550491813
25.654967982988772 3.293281413949887
-26.401447276201111 22.295816287744032
12.947813329141409 -21.671230499699671
-14.127685019054809 23.610521799214823
-17.359035763841192 20.988942162693348
9.957506873251551 13.504657468528508
10.684520928458211 -65.083426098526530
-43.576709421217473 -3.465764903769101
-15.903531856875059 30.198513810673056
11.411160337543482 12.563822130698602
-45.235626547804131 -7.789152137284173
-2.499361507282382 18.904164273576679
-51.798608110750934 6.489034746966492
24.858120111861361 2.924985840605500
-24.340259576530904 35.123664331400718
-19.858254082363903 27.704087578801740
13.972695685981073 -35.272966778283795
-38.101728419287518 -14.811921035757928
50.620178477745974 -10.991324100165315
-12.360240160969804 33.454885834386502
-1.085861764036031 10.392992460570389
-23.777373052623226 36.369193723378714
19.801117669578122 0.517968111710351
10.426156890617483 43.827182032195644
-0.107697312295648 -14.770391993918665
15.944279745442913 -0.691191913525882
-9.383091653698884 -39.251489160695385
-12.584470858384751 -36.319994201606917
7.912784867768603 8.362993053561985
-10.660215177416895 -27.840033660885087
11.139972246909098 2.260620725348397
-19.680149830566055 -37.799101252146464
-44.966734419564574 -34.854264226120378
12.278385409028544 10.485328426404125
-6.129564532819721 -40.058921545692172
1.797958243938963 16.049046814090737
10.603996530698947 0.033537662256477
-45.876256280760096 3.676153321914769
-22.278574984216316 -19.683416291836398
-11.553741792691058 -3.802405643428326
-44.035232827143787 -9.232318788537942
-12.557767069811332 38.150813970234665
-32.372593710160174 10.879984346682589
-20.392144288064198 13.999324613003472
3.415679813401284 8.707077044477133
22.408016523418969 10.165915835814815
2.223934777646220 11.709121780618997
-6.612142331729807 -7.935969697925922
-19.446042361681272 56.493215173130736
-9.013164150649533 -2.544490384619846
-12.760485484288441 34.422133092511153
-12.132497499174171 -38.680949555556090
-10.249723838445108 -22.874052423740014
-17.467911227400375 31.073473407422583
-11.216502420332162 1.915720972101864
10.897101058280658 12.240655678565211
12.962583513512421 -11.958295833810347
-13.224167286221155 -1.064326108281200
-14.293797950461034 -12.571064326290823
-9.303126055450095 15.437971962779073
46.619510444807126 19.757210815281208
-13.588722454897965 -24.060727043838487
-34.644291809879427 -0.939621582773830
-41.272113077202086 -14.116236405628401
12.348384774646080 36.483195510577914
18.465803027005638 -18.022002636340808
-12.583316314258562 4.234324905567967
5.422167984934027 -15.912263547602675
2.380536703081045 8.264400450314971
-27.023618759575911 8.318312159369899
-6.783037912075165 -34.256932875852243
44.792135985721657 -6.613451350799964
-9.309391441304989 25.354462256534831
30.575171845864368 -1.244983474619423
18.593936463851733 8.494331024661028
-22.982996481851181 -22.145089604358439
-51.934178845625262 14.960536735681712
23.407102243672508 -20.414376442879732
-30.350405044010913 0.832459114025559
15.604108868982818 26.798199681546301
-15.048464344839198 52.390881729828926
-9.480245017812315 21.654858980615622
15.513095397246332 5.169685251404450
14.832677363102752 55.442782381933540
-19.212226524861418 -26.828891638758193
1.346635111485157 -22.587403109844409
-0.846501315246765 57.606091726142481
-12.849727129405197 8.501983559069581
-44.888023598165596 -0.288045562951116
5.112113554236093 -10.497763272879510
-8.135051957236890 13.551483048838490
3.130364189864069 47.834430694426494
17.681951776889825 -16.752132378518368
2.408465397852863 11.463412245464824
-9.689897461202637 15.243509801719558
1.232634162551339 22.595398775651965
12.601600824190321 -20.907557502895727
28.167817968655594 5.376706859362810
19.381256373562767 53.579715554546581
-11.339152640001691 8.538529355617468
-57.034621829991870 58.657870297851971
-20.743219286282976 3.441848733099189
-13.987656127910419 -13.806625567775459
51.384628589202777 -17.023801601321157
1.834352741324349 24.694791488096158
49.564254065387011 37.152834062265654
-47.041942094231402 44.844837483493095
-26.657574054148522 27.065833368349825
-2.702473731688179 -61.126295553564916
-13.400441378380215 7.065464416496524
-6.999657663557919 -2.375862502410337
24.637255417260295 25.816274197389792
7.494938678134660 -37.745895822629535
55.122232630440585 31.804274922022216
10.378370803094647 8.763502401801638
-44.231084990202802 48.897597314227902
-32.044063153736801 2.743110989594605
-17.377832867705564 -15.815557569725421
68.839685798467556 -5.984721994154448
-46.027284423085774 5.293141500027579
-3.214973119731949 10.375975271318811
-20.161679882101698 -35.810188498095556
2.657526387745308 22.368622777183859
-18.320216530651027 28.361686987745863
19.395271287417181 5.294805526402626
-31.068046678121906 -1.700110674835334
-6.693233474293424 19.027054476648054
0.203798450532181 -15.832432169425003
-0.396494121093434 6.009310770056680
2.701739190715685 11.560185645918395
-2.793968886533933 20.596308928718180
-30.798556330571397 -5.301285718460261
9.339862423766595 -16.552099989893065
52.983662921097178 23.872639729956930
11.415574927159968 17.612406809282049
-7.593784555628850 -47.323620469120037
-20.021433711357506 0.954780619821216
-5.870895509965294 -2.315983431730126
-11.171552070740482 26.762708712481601
-8.037768348968166 -3.081354162255686
1.560667470890265 -9.614169746319130
-26.867689561929883 -22.004559768253959
-43.077544540912847 -2.059591340398113
-30.949616779511008 -23.355513538160324
-1.619285579432731 -7.759949987567373
8.671327874188746 7.571896163672760
4.414118351581360 -17.729666383168055
22.518627634722947 19.522685462426963
-19.501319200264348 -24.958756138700544
25.722443468590448 42.193759032952862
22.242642928140928 -26.676505821358131
45.860638839536541 16.853868725994424
-27.258048013250676 0.863748918275436
-86.763072073108972 -19.904037720182433
-63.272999935084883 20.390376635366170
-55.620942089997733 -2.440151108473481
10.557252981445661 -45.343790276450235
-3.992870378876335 -6.840975945901061
13.890259952021674 -16.393872829325144
-30.602317349594294 -26.332717578775366
-34.635700325054202 23.263059952033096
-15.809382911635462 -9.942953824536062
-14.499430264121825 -3.815964709293643
-30.819170780584638 38.797227237418191
-12.863858100392124 -30.880446169833043
-32.560354936425298 -3.376181602655429
9.069921589359971 -18.268981432209216
-10.160167957514552 14.216270128305785
-25.600161452206937 22.552365963457124
1.167984126981477 52.389486151819291
-53.615218457678175 25.071504866881735
-20.228169837057344 23.440628883812735
-7.682180664371881 -4.588881735177542
30.529316610353693 -12.772016866156026
-2.768604349321185 23.080863821311620
8.412971420730178 -11.410343885481355
-15.182816989130496 -9.541377653848775
-44.344580258645365 1.984640229416208
-27.855570875133207 29.530167293767700
-17.511948132611547 -31.459443750880187
16.624186047738263 56.296365750035250
-37.049888998177614 39.619524093892842
-14.410968905430943 -8.468954632638260
-16.828046740808698 26.640185150231350
-30.786595350044113 -60.638458478426436
0.869447496975785 36.412353776095294
31.856570033584546 8.444809440062187
19.085780520329777 -47.378606595275301
-26.522569045337718 -19.969565003216438
20.013417943945790 38.050009009689795
18.078199509040697 11.765910324867662
11.659389047135384 -12.159180308052269
-26.612868206215861 -40.762856797863520
-2.630122887894034 12.210370166346916
28.414868815611257 3.791184118040393
-14.648657701704455 -4.029005909939666
-33.087661014908058 37.595719699827200
5.123519420699585 21.320324380555345
16.727722083195705 26.348896205387003
45.144555024318265 -29.906449412294808
0.848665368137637 26.884731181401463
-10.948492453827226 -27.607556447500080
31.733414990032863 31.356824537836804
-5.916022172216344 -7.190273558253168
-0.879066356247876 30.522351998544249
5.378271563392904 12.117080914143816
-28.486703960095749 -7.632462685311199
16.397497523132397 -0.762171014037006
-12.159565632806707 -10.565147888755634
20.938370453904753 -48.930992645064606
21.822905840561521 -47.897648914879241
-23.232641447227675 -2.930916846378478
-37.275396310708473 -30.447735381162779
-19.335993102427381 -10.761310124196036
9.852885905565188 -40.075480438438944
31.650460517748282 60.739790143587612
-55.494260378419675 31.879136517326145
12.707491448190249 -2.024614805598135
29.873047057294851 -9.646681722131010
-18.956664256892278 32.080994153812568
30.607440155752567 1.825163481322606
-1.728506940252408 -26.645369845132691
-21.897969191650208 17.253231563916394
19.626210301007568 24.703932528535990
-6.360629964140807 -14.249198829018834
9.485208910796539 -22.496453752714178
-2.944424151876512 1.282057841207812
20.668926997919890 22.881904375886627
-29.231529623354966 20.989980949985718
28.620335975779849 -22.376558919248236
-20.121397462247387 -6.409128052981172
37.236733476998374 9.604421634263966
18.706875312940657 4.840743354790919
34.148767426860715 -4.214027157707023
-37.354246581708473 5.430689092638088
-29.210219122653054 19.976901366771518
-64.714280453152924 -15.338406445007733
-0.644879121012595 -24.904751798962934
-26.836939836145639 62.531554706945940
-12.159778027718589 27.041878175726278
7.217481864060050 10.762546693763086
-54.393084708942681 8.754681028163864
-31.931357232921805 35.577677728126403
8.533107521277408 -33.565625456957029
-37.839169414513329 -10.781192240215283
3.799527133848048 -6.292184547135490
19.418511558723377 34.150206645589321
5.136758660601576 -6.962198447320317
-16.895745635483006 -17.733361490982858
15.071218255644283 -0.169536209976951
5.743545475131500 38.167941127194133
-56.145335019412059 -4.772138888020089
-23.323548793080590 26.443214909089004
6.958947205786624 -15.810418711489993
-12.918496050988114 -24.028991863192783
-17.329407723000600 15.544016783929290
-21.016238906785720 -18.133764586558186
-24.841588330034995 35.421318793771292
59.755175370685620 -12.435157673233372
34.630364391353886 -20.495547076751279
37.316449315115541 17.603049639014817
-3.833766150743690 -27.021937707891222
52.750800373014691 -21.631188115787342
7.223594487382833 -4.841138027416078
-30.825022195307895 -21.107024403348547
11.223160139393787 8.563791042919942
-39.165765303057981 34.059091563662534
-19.949345355198499 -13.482333244307959
-4.177169837278403 30.322067147309099
62.683082757739250 1.579736891534680
2.629059527619499 9.803490971055773
-53.283307874363800 1.298475054261634
-31.337398957337228 -37.656219907554892
25.089760781449744 -10.717671686183571
-4.227522165961979 -6.105334892101284
32.126815251681535 4.038792456992359
4.293071221224499 -25.473086190216527
29.890193459342150 -42.261781036736892
-20.529993097585859 -5.644193707055598
-7.388603728014091 19.632671028223328
39.819757572241762 -3.918845574271431
5.822842474008561 13.678790560394933
22.750811843821012 -11.733666481247056
41.454139401323886 -12.740115210655670
-13.953445580280112 -35.312479857360266
-20.135715193754894 -8.394405880521955
7.396103075896399 31.876168225466266
-17.452312620806108 46.428462649512298
-29.910016952497099 5.151534432335056
4.190029784871036 -33.137484852835819
-47.343795724935021 34.828637541409314
0.766942413518218 -63.912136243591732
42.020528047505394 17.561929703363436
36.844383772833439 -22.901786955603693
-36.836057644679812 2.047920162833675
15.386613434160642 -20.707265604482924
-6.657455145139420 -8.189403127335527
-46.341010602083877 -23.022290412675023
7.615305697655560 2.077203856893036
1.690897331560739 -21.957831823851716
-48.762872522282812 -10.510978467413121
-4.227788125940330 -23.727804453472398
-8.836036414327390 -6.111697190806071
11.418404270375996 9.163862314837047
1.918864342110782 -0.355340993590508
10.465536672974592 30.210003623293421
-14.095336056995635 3.128886957486282
-23.964392705324979 8.278217538653747
-6.919887969329229 -9.888099254621135
10.635356109823420 15.091522445214313
2.774514196286456 2.522608414580527
6.194579708244514 -33.381793564808333
-20.151913241076162 -15.335544716242925
12.415630800243967 -1.097641968636499
3.261669477516704 13.246536423425628
-48.140862798299729 -11.147726587748206
36.178486747011959 -11.287045995989221
-28.751395212606219 -27.337168747651184
57.238658908613040 -43.521884350217313
43.602851144880482 17.229977875953161
-1.852662750770662 14.537696245424423
37.415458935402640 -6.584540512815735
-48.931233056074859 -25.152257618796245
-17.669436065963634 -23.954034278231820
77.779632268433417 -11.385670431487448
8.287672578862406 25.516439561435114
65.820576778866396 52.236157205400858
-28.605515710917846 5.355302319370414
1.990522760810188 -53.071217635027523
-15.387095555179974 39.037971512842411
-2.306293823419492 30.035628253877984
-1.362777536763456 -48.170331071179227
4.077949579821650 18.975631245300630
-5.536830670368267 -19.127222342956067
-23.371069726155550 14.398383997360146
-28.664472359182135 19.705663094690884
-36.846119850929568 8.332505382384511
23.277748804883018 -43.840456357949613
-18.384617269213180 6.983303726939838
-58.895865903617945 -16.048775457044506
45.013615483377066 -19.014356747269019
9.371162891483774 78.403633382235370
24.114213167225593 30.040706436883752
-25.727359445006655 35.705552624489663
5.921510317453223 1.980621257638836
-35.514602261719475 -1.947450594629696
55.956205064975137 -6.620543183239543
10.526522899585126 61.269823970541410
11.157352154486601 32.934113990745637
15.778291547021633 3.379300587191398
-18.102386930931598 -3.509678262456172
0.620358445023314 -2.468656719671209
39.784588939525179 -19.663008559494088
2.921585361201598 12.489701755334339
55.102756348039037 21.041151049056694
-31.210350557972006 -16.554922316111686
-14.659526863074372 -4.207555548715879
22.934643079528929 -19.516521518313589
-15.452178441114256 -10.328852307546800
10.434595909591257 -6.564067313482922
-34.529185909649172 -9.195665232700428
-5.366332812852498 26.277166420065797
-12.700963812727508 -3.510004992706050
1.385220287878316 -1.933561374570699
23.497258921266759 -38.129631582534870
-5.991396472483455 -37.274042835100957
16.541861140155238 -12.160413051322143
0.507756787973521 17.918171233940321
-20.250773677740959 -12.704570956398843
-9.942694518409612 -40.691294581069336
19.484120418218229 -16.251051547376928
-11.241060344197136 -2.781707874073843
0.252515305771009 -25.901988740614105
12.286707767331157 -15.956965964052904
-4.670634851239523 20.192635510285555
17.099779882817902 11.382917496478020
7.727410275861605 -5.703227787395066
-33.219892143184801 -39.209251654645506
16.235931917263219 -2.593974726111943
32.519885103764921 -24.188162296433774
-39.474376798790352 32.447923229749527
-10.204566180016167 9.545117614258773
-34.370604963209033 -12.368821785631551
-11.056660054544706 26.552368010150708
-3.458842164201936 11.406595951119284
2.160566258392672 -5.044855720676707
-4.116541063747526 4.370320161647141
-60.284064662455293 -14.252293851331110
19.846265925688350 13.324981177092404
28.650002490784438 0.164736493193580
25.405590673033167 9.081742888102456
-24.322090810121061 -15.758733608945013
-0.896060256369960 -25.160933581174536
20.361384358874847 -10.853641818486542
-53.411726870676333 44.317780788982830
27.339177437524825 11.146782639945345
-18.945066279413279 29.710607512540175
-8.619937319699293 35.520097732617693
-24.967371653207664 5.940773785657557
38.720252432633977 -75.959956743271547
-23.173938948362270 -9.401257341970332
27.241696793925822 14.514807050875149
-17.540381402199344 -11.449210556330456
-8.856792862455199 -21.019504478998083
10.185105504210819 -12.320402485718095
-41.296280239523512 -3.973405633630767
-3.396783085701362 11.526074666976774
1.869831702687312 -3.020205639783712
-55.594284735279729 24.871328496750504
-32.257085711287068 -2.066516301592718
-3.961509630011128 44.021135695050013
3.703659572503315 -0.443785366046522
-38.380587293232502 -18.396035441913032
-58.102795568740490 5.854204244546681
15.908034100939780 -3.176420693442061
-13.010284773529758 -13.537013284362324
3.892513561659183 -18.646193447035472
12.627546379053333 -23.926221763110618
0.530942364548200 4.416832932038028
-40.125757219772005 6.386493819156704
15.011349566779408 -2.964318987211813
32.809757276006906 37.623143184605539
-38.090484925578821 -34.113543951101803
-3.482229161506715 -39.509668884722643
-1.481798937200574 -46.605943664789670
15.744144655494518 28.181286632276365
4.377283422991087 -31.417997618802271
-22.168496489799182 -27.444419164186307
11.203549603752437 -28.158277013794212
27.112446619876220 -1.314307822655289
12.785742530620871 14.485505168062080
-26.144933561401608 31.893112947900587
16.479193721362279 10.462318360650395
1.099712702674909 18.498055114713399
-44.699752275533172 13.595218191927614
9.832908396402576 51.396380228556893
-18.868737452734415 -5.923181394418294
-11.984413240547726 5.207364450007817
-28.509662131733457 37.547618254544886
3.643798160623978 -25.028356405459579
-3.090627825202430 -4.611531557536823
-67.145348239594526 -8.059275079747309
40.355885208693493 8.071289773265365
30.339344839594965 -33.658845197872147
13.534356702919050 -24.319777608718375
-9.167983947470175 12.604210213147601
16.418511538781608 -12.876754524237363
33.582305415660429 -10.093016932215466
-13.998880543161084 34.888156525471530
19.150543519376498 -30.128222269449655
20.142711756204491 -22.498565096817451
14.835777617667256 -19.806438931652384
49.617468944746427 0.954971463959780
-17.885076098810078 -3.286447387394238
28.536490372890757 -56.903612685086848
-3.826949668032705 -1.359224939820938
5.717638194209710 -11.486586575211041
42.647054477634846 14.654835459552469
4.288657537521051 -29.950925622009287
15.344471088145205 2.817560632519293
-75.934669044222204 -43.707995136252627
28.728130877305013 8.950442742074923
5.831993168297643 37.093815955894968
0.319826434945285 -22.811621544537861
-1.575417184238436 -20.182573154640959
-8.634022356109430 -0.375537056339438
16.230533686383012 -53.180870166546576
11.889064003988599 33.080062645026466
2.988079149252385 7.220788918935028
-17.646415920701934 12.212167428738764
18.868411421851722 -35.815435516727547
42.893115645695161 19.083479314291051
-5.416732584369766 24.511015070206511
22.904543792998918 -44.203825656875843
-23.897699889916151 4.593565396622957
4.363304782338280 1.707244304705578
-18.260554692300282 -5.949683309027228
2.491813162229358 -13.898082152140150
39.774813493261505 -23.660393091674376
1.432113044040692 -5.181206322862636
9.451852900286216 34.382922822971075
43.853676882967257 8.135573780806599
22.512233240400473 3.895159496830471
10.400005242575141 -94.580799090186915
-22.816975325363135 -0.676839319153395
1.082615638923722 -17.806358389435889
9.181015475446259 -4.331503970742546
10.236134732058371 10.143107017774396
-31.355981007636355 -3.367132304580259
-3.394219125905102 -19.735885904396362
6.903670055960337 -27.468187305449025
14.853591428372967 1.595411576936053
19.168162990736974 -12.777683638034381
1.909635474293693 8.038981530758550
16.502978484738161 -18.942213586270213
-19.005726905466958 -37.144561965081465
-4.697267740802929 4.513934986980733
6.668262186555078 19.865585770746605
-15.029062722529519 -3.981674335104132
37.287638233609030 17.065109487343829
23.685595865631107 -24.841724328031532
24.278867774015048 38.001668550329946
-24.283844033276839 28.020142413469355
1.619429673849572 51.499215431179714
-7.049236087125974 9.458360968377773
6.286806960151798 14.540080315050359
20.931096397695978 15.478541616099580
7.389588705368631 -22.663196293794563
16.754869919333402 11.532620525543507
21.116437666402447 20.892059360167966
-22.889801451115119 -37.429980414694867
-18.580306315071784 -7.406418235518983
21.210404885367904 28.615926303616252
-24.094782746162803 -16.787713859043723
-39.473758310007206 31.864969746348415
-16.110891259618167 23.419650733117244
10.424648466971618 20.053782681046403
66.329421877172123 -29.907141171417418
8.258289020900758 -0.569666807150924
-23.660051403524598 7.199497192598238
32.359067283127210 37.753343286678493
-21.641960449158610 -9.901305409690739
-33.128795932913789 33.127200201522278
-58.575997693369807 -33.787754051348045
-7.853489838971792 -11.540403955157855
-18.536406940126344 40.067631196592281
-13.709814243962276 20.976834593590954
-14.337622062239129 16.801355037378851
52.737174135861196 5.472285531911906
21.456992998183882 36.731233603750148
15.497552663635782 -13.136044153626182
-31.307009946529959 -57.655306833491295
-28.902461996368555 -16.058949438579972
26.346695415145746 12.024409724584801
-22.182187870496836 -17.780273925671462
15.823990529918104 9.520796566804863
-4.351920436184919 -23.487919894332055
11.057826688044562 -40.266083870598791
65.246819813925569 26.721487432095309
-28.593675703485303 -44.293409778489512
16.247443949946568 -11.078298726319638
22.348302103760613 44.785510714908938
32.771556303395116 -17.013592090189384
10.170707247939148 20.073485498863185
-28.913849257942868 -6.725430604648101
-28.073446714857351 29.564529511995325
-19.191152841128048 16.181950379597669
1.624963414196802 -14.705889992301094
-13.950792743624076 -22.634872999710371
-11.574866905252001 4.100623322750523
35.218210435629160 38.856871618903462
38.124317920834130 10.832191341552559
-29.255923538337758 17.856436586194576
21.905245940096101 -5.375384043670030
-19.072040730790643 9.897667708233278
-4.449260634896223 13.776871458882971
42.472891178709972 5.737418701392607
50.354997180273557 -31.466303664735911
-17.109540656180720 8.088172033362504
-24.235051283912895 5.652292711857089
-43.773942947432673 -48.742132982912949
43.231064054702955 -21.196317784478993
22.272565950723557 -19.627971666488733
25.154394251174054 -32.251549183888244
-11.156912545888867 -33.020216350182750
-12.437255596335852 -30.362827156756129
-0.394110395287113 1.764928278448790
21.898795097453480 -14.986294737571002
-13.676758497870919 19.105820543878107
28.631141670890806 61.495967525209210
-52.082498703452892 1.202796813898114
-12.697097452491988 3.259636002095228
9.732017697763546 24.520876609427141
-16.262983444284437 34.919312341683003
-11.930190453562602 57.845567146822312
27.043295109344346 34.024063915016725
19.742437190168676 -22.480247242336258
-0.142889964665193 -6.990085233144778
48.359852905840931 47.178841148470923
-0.955644051234120 15.455508289129744
6.574723152329704 -67.875155239236349
3.137158683996064 -35.108368504356996
20.216423388341099 -14.186502686103907
-12.208144470837217 -67.089130178964353
-14.869431037382917 -6.180328604855879
3.715694283504613 9.075428707549252
27.028727831018319 21.294473416335304
7.006018844737596 -27.942056370453571
30.153720599367659 28.002185066403218
22.079245175868845 -22.866328438489202
7.541662843337917 13.929050760114430
29.624795880572329 53.581511724856554
5.461387669644700 5.824586033549279
15.245510259428320 -44.473583165907343
-39.664447288846574 13.430067069718342
-18.480893169157056 -19.197003281859942
-4.619150715774794 -18.010920655950489
-41.895434443601367 33.791626887911526
28.689006519361392 28.348296838417525
26.194673799373742 -3.445218220165470
-19.355026087451979 26.779368252566933
-30.907286602365470 -49.948968865445586
-18.766199783618326 -84.373895092975644
0.584767242249859 -35.482167021355707
-5.575597597216108 6.184656613290405
3.575493468418800 -2.049140274735842
9.993791240316444 -34.112296365359406
-10.565972373956232 30.619056220585588
23.223172361734115 32.097338885771542
24.751140758305127 -20.691880455487215
13.902850713523270 5.908134167193796
0.428528552359312 -12.344471152397897
-9.877797808568683 -12.935494322668061
5.285169670738389 -27.303669931055069
60.500258370722037 -9.687325341769597
-12.740194562972505 -9.112329125510321
-9.281670026485282 -11.200899321137531
22.212375165281749 5.048174968047530
-34.516476917816185 4.874376261639884
-6.413495074381345 -17.963765027889746
-2.738550693433548 22.557962865624969
-41.545022136834028 2.512798355313345
-27.286786408992690 6.237376223712042
-0.363436638543083 -28.615749326460591
2.751756758789859 -18.842813914818567
-19.277054548204116 -18.123188145758991
-43.843629648787790 -4.599439021386232
-43.463356368200948 4.570284085689511
-43.817862239990063 -2.368923903834169
-8.256349785644279 5.448408974539685
-52.178663859921961 -19.152253014217166
4.406354222498472 -2.132649466702994
2.477265252902050 18.276718964227442
30.346873536040523 11.622251503836004
43.490666356100441 7.436931569552778
12.316251262889404 -0.675878725019612
88.214157443726521 -4.726894126187521
38.827971998195672 -2.058328777724920
-0.015892182089033 -20.683382307082923
-5.202869987686454 1.362833137578852
22.239138598295657 7.525756474657999
-50.850219674582576 26.052981628160492
29.470297535138052 17.280619389408340
-35.541804025644062 -78.186968073733226
28.723391012391023 -3.874780960213571
16.479698109299221 -2.394233771782325
-10.885802023655058 -5.894220745019499
-12.324092837682009 -12.066771195009240
-18.377320719211486 4.755681668646826
-11.342610781277848 20.179551275987706
24.723031514830900 3.139898968729469
-11.604611254976042 -25.567581017979997
8.231393447473410 -11.397728465516611
9.479850673476554 27.641759502064559
17.208532528749394 13.390777300191136
-53.852721301839324 3.745885393640029
61.100827092665078 3.799103973733315
28.602504848463923 -2.654382622806641
34.196570535386790 2.211454705553279
37.145348877935412 -18.913846074250188
2.322376876307231 -28.536095234114303
-4.119561642965079 16.302288076246317
36.339743857283167 28.512860006007902
-10.732506387894206 -4.291039621458512
-20.105562765177186 -39.134730989971878
-9.169510486442199 31.073569929842119
-25.551103042616138 4.504506062436634
-0.351146812461858 29.645782253678327
-8.651122710859898 -18.990341125262812
-30.644718192121299 -0.617437951880556
-5.539466917351564 40.865696095902365
-5.018402632892442 64.578764914881162
-51.095388480567884 0.471674248997679
-49.401198279939607 46.399569557861618
24.815464912794738 6.094043204683087
17.948563138447476 -20.969849444434892
1.277406013918867 2.973639219099831
-34.345525716483699 92.330846765216293
19.546950554546072 -11.049282228029783
21.036277053054555 -46.446502731584239
25.627314567905941 25.523453289099031
-17.009653925653197 -17.476800742681533
10.285364826095652 -60.275348149930196
2.194339864055819 -28.984230746075671
