0.000000000000000 0.000000000000000
0.000000000000000 0.000000000000000
-29.141047302978251 0.000000000000000
1.296086952043833 0.000000000000000
-26.044681712159434 0.000000000000000
9.404583621656517 0.000000000000000
0.550344560844487 0.000000000000000
0.472043501065867 0.000000000000000
-32.329037539633880 0.000000000000000
37.492842383537642 0.000000000000000
12.208683421324304 0.000000000000000
-50.845902454774908 0.000000000000000
5.296327842414256 0.000000000000000
-5.547106890828629 0.000000000000000
6.950486936195776 0.000000000000000
40.970699121754770 0.000000000000000
-16.500925752585623 0.000000000000000
3.198416103184663 0.000000000000000
20.155040734995200 0.000000000000000
23.297096141080306 0.000000000000000
12.014993332961316 0.000000000000000
-13.790081456895237 0.000000000000000
33.659493148642497 0.000000000000000
-35.452448307652389 0.000000000000000
29.650187404050360 0.000000000000000
-36.041585873470723 0.000000000000000
-17.862612409895739 0.000000000000000
19.214717976256303 0.000000000000000
0.396009439271982 0.000000000000000
87.722438214146138 0.000000000000000
-30.858379624009736 0.000000000000000
-0.301297551505692 0.000000000000000
-79.149045224923782 0.000000000000000
26.206071055960972 0.000000000000000
-6.032573217131508 0.000000000000000
28.063119021923505 0.000000000000000
-1.861183953119126 0.000000000000000
-36.314896670067185 0.000000000000000
87.890036699955331 0.000000000000000
69.976120895576130 0.000000000000000
59.682799030590701 0.000000000000000
-20.494904839468251 0.000000000000000
-32.276154606359341 0.000000000000000
3.789594062680788 0.000000000000000
-19.632031796251422 0.000000000000000
-15.224247856832942 0.000000000000000
-24.405581038371299 0.000000000000000
27.703650622528773 0.000000000000000
-81.203652228777287 0.000000000000000
6.913052486208207 0.000000000000000
73.587957808378249 0.000000000000000
0.000000000000000 0.000000000000000
-3.970382073301237 -52.001515234200546
-18.399174896268782 23.747717652720432
-18.794688337619135 1.446371976983961
-21.490812741206614 -12.204115530548373
21.615841750578671 -2.096945153755456
-19.309907570160938 -26.695439039136797
10.198784361112510 -2.048850130659954
-20.775220629632166 43.370845614485766
22.567211507582485 -38.456581224183701
7.699996537117724 -29.514022774284545
-8.360521256003812 50.381842202827045
-37.806742234237994 3.372416632463017
-11.332268386140083 -1.249080326141873
-11.875956216693849 18.126119497090848
-14.473578501343781 20.835616638532979
-26.017022513740045 31.539435863420039
-12.184480777735120 27.872923991587260
-34.062098445652843 -22.761901585207482
-11.275490792067542 18.588391378589630
-36.349966810603313 -30.211285225448389
18.195362159687523 -2.183898707322489
33.232436957444413 15.033846043573016
-7.228876075969346 21.959257291949591
-35.693984172415163 -4.148930587823085
19.088899437525686 -16.401435862441073
28.602589683840787 -1.272293323492167
21.335004335891128 7.634649904054761
-23.200252628447760 -7.145758324465434
-11.584961125110862 31.891947501516764
31.268359844822498 -27.381148948282867
53.939105071803461 -17.652672657773032
40.517365081668665 -3.157253797748185
-7.044921907142416 -19.401966074504198
19.977666119149983 31.276551752682117
26.477315702408720 -16.915744870850801
4.956481005387050 -7.288477704267023
0.102988657146898 -10.327889555572343
-10.924295117746816 41.409673607177524
-6.129526655118982 18.929092224496749
-4.165186217652329 45.893676056950156
-10.336364872554800 -19.532914297440684
-12.521748478848789 20.666586878154320
23.783400438765337 67.570739247552254
10.593178261204841 -17.266155197821352
-9.281907229372402 -2.574989763994198
-40.486074611403787 -17.375756108275656
13.435648830245496 21.199229909664574
-40.632786912443237 -3.627782395536093
7.589978857022095 38.344976128211471
24.589857924651636 4.945864418998474
6.609485615223230 4.306018106097819
12.853964261290921 -7.363598892848637
43.525684551838793 59.320162091359073
13.430219454917150 33.881141658139867
13.237341390613398 -2.648704160696720
46.282838639952523 16.639232287883576
-12.708003291732618 5.050492474851622
29.048457829355673 -24.855632656672686
-24.462902578884453 15.697808991652089
59.178708377537362 -31.125721327642147
-7.543898590997347 -58.703790183264758
-10.625067910538977 18.627908397096469
-13.949499466166175 21.862793861490168
5.149019431514206 -29.065066812580209
27.739897340845683 -32.784173314127578
3.999175955023964 -23.322977891130197
-3.387343571108101 -10.084594272852376
-25.428074088239718 -18.040764803018277
-22.515530362584226 20.074321402263312
-3.355009910287551 3.064262822030232
-3.744793039859804 31.277548231904078
4.720024298467277 14.271486894375810
-2.385106739210766 -24.520313614118024
0.256308980257614 11.566845668086385
-46.202729331983761 0.911898574889106
2.079497167660669 -13.404987440289894
-35.480774226868384 47.020829635197778
-5.419648082195708 -3.246976705285932
10.568564729908411 -4.485679534378640
10.342942402604425 -7.012148594533154
-10.278734743068711 0.172201807909363
-71.879067755403284 18.351941468672933
16.317907720561578 -13.294674136476997
32.065719290954647 3.071372703056185
-42.726286452940990 25.314228481740500
14.466851874583298 3.597683030648709
-29.228531295493681 -14.449447117699973
-3.317531547023985 -11.777824313915522
48.827553678897573 -12.370583013251924
-0.163028835697107 29.508061594724719
-23.494293264920483 53.505497984540668
-18.942868012180909 29.282220664931721
-36.647123206265100 -30.925986077307137
22.215139625634304 12.540357891197303
-50.051289413007268 -13.634462639029087
41.784589036017977 -41.438248684377704
1.488927755819379 1.372741895848150
7.551559523586681 -16.457809892115883
-33.385646250987783 30.773500499895270
12.200991438997761 -0.184610268120728
-26.016677260358456 -13.375152653119272
-36.897254118436450 33.816488711687413
-40.711361719021568 -12.112275186485519
-14.507271856204460 8.277940886293715
12.628090959009926 4.658969978686697
-1.645988257644888 11.558398190692037
-36.630057107792723 -9.955507267901602
-13.553604449026819 -10.290562872306582
-24.040232992499302 18.737173818520436
-13.548033730362810 -6.250566067524312
10.650742001355338 13.565854304174495
-35.741091749412192 -0.970641781096598
4.628084701984717 -10.990720721604845
-15.793733754416717 7.181937557880008
28.584564550429711 6.675761677318197
16.064731520795693 -22.059920309878869
-19.746995730258490 25.696216614810020
3.208101587859244 20.906296028295035
-0.735037865656499 3.439713057116818
25.553965783956652 -38.309674926166508
-37.985020103215682 -1.994929173199643
-21.171259942757779 -37.315089671755587
1.181293947438890 -37.614749378330309
16.052298616526983 2.613639759019895
18.335237942338271 -7.309549628601236
23.543832937011043 34.442700239241766
-26.890175936823507 12.139486918247734
21.568243072080126 -48.722183149371119
37.745741604776718 -19.673245893587264
26.957210035562305 13.905359845213846
5.694229449595640 -18.949222139024734
-18.215910608840119 24.504459543222179
4.881852160667096 -4.805621154712167
9.101613926979125 -3.378966671233440
-51.738805834068778 17.808941962268097
30.203645325938769 50.460127312972617
33.682484954744453 -32.828404330374688
3.251031304501737 -43.164149752277531
8.935329031194623 -20.460079046776112
-41.436806527663130 22.089770341151471
4.569756872739437 -2.756196749705782
14.005371783045037 30.825499613997312
-11.972641896749220 -23.315237217948670
23.781811582180726 -7.151513277538473
49.014599398828359 -17.165873928063245
11.240198257859969 -3.499335520710015
-44.681571963527361 8.575060585127639
33.884151120918133 -11.460895967450721
-25.038350179445526 17.423335656515064
-3.600637645448687 10.952933675098656
-1.743886708822668 25.458352020735706
-1.370900988749383 -18.204796114061374
12.580675426117235 3.734691629392318
27.618501110873755 26.870055491857659
-11.809051548088000 24.064571068047496
-31.902304716050992 -17.071560811912271
3.409512106929571 22.445208328168867
-14.081204661778548 12.298441247068377
47.120100019183027 7.759000353982026
-10.578460276156047 -10.638873122143986
-20.252671749817200 -33.964022861359133
3.877308682293681 2.858059734313603
21.390713427047324 19.047673245297279
19.783436863224654 15.001833303528844
12.616654446186192 -2.336430560285877
-12.599489054916424 8.457047683348371
5.880881469700267 10.835830193430072
4.479366168536008 29.951601006712551
43.429588074921320 -5.720613523171254
18.581007884628473 16.428451063832231
24.047350665626759 19.149543663774246
-27.576553183518502 3.960414980679825
-30.776395204589306 46.934954993816824
12.035783789480984 10.054601870819404
16.652763801969542 -9.220981313590228
36.902479669345659 -11.412804930263206
-16.970690105987586 17.712915713234381
15.755109127960326 -33.222718211098872
-7.681924065878359 20.959417194715364
-4.419425124451519 -10.430918944095819
-11.242910304659912 -38.586056846609111
20.256630868383198 21.821344815312330
-19.615582759048280 2.056562169019914
32.579913737395081 19.964816541055928
2.160053782318889 -21.037620295185519
-12.741858378029734 -22.782554463390305
3.600639698446792 10.611111593481910
-29.409030240299387 -19.779782324201960
-4.930102866628682 40.395692951957308
88.447039610239528 16.902591888449628
3.089934505565526 33.795009916105691
1.065757512337616 -13.326228516460775
9.331109400230362 9.112736082609809
28.249443412656838 37.227273275469464
25.946217232369236 10.110786346853276
-0.723549736479354 28.909956188724298
10.131275713622326 18.939339237607392
-8.507667631185337 -2.564015502295454
6.925199069097043 -63.269364272686616
16.773705639393928 -23.993114888731458
3.983764505527157 1.105310544955797
-28.704631718059382 -16.816152791195716
36.335216697567056 17.440689127916187
8.991633891195466 6.511949109941059
-18.279936541580593 -1.212030921553097
-43.572170905626542 7.298570593722736
43.717254803187487 -4.119246713802251
-4.186573899727606 10.252425184174646
-50.772281314570634 -4.205440441497621
-1.258517213263581 8.778086626136119
-35.866975076893503 -1.906707076045701
-13.355003336535603 -25.779543611727462
2.535933268377587 -22.704371365973859
52.262978023395412 -15.239005845406465
22.532065542445363 43.711069379172820
-31.418151934133345 25.206715762623794
10.554747372194425 6.639321092611700
22.730679404272436 -25.456280516073384
15.541558680542247 -2.917651028736985
-31.068640353832762 -1.012880002236942
43.622831379824817 18.174437669554035
-8.108242066178681 12.169889578985133
13.042706762925832 29.258025848570906
11.099919849861589 2.999921092039795
26.160120583000360 65.449225124758073
-6.381095125264628 -3.773964603254684
-17.600025748786734 -13.296327175313404
10.820053519174705 13.910735161944782
17.727422146603068 -26.256748969706244
-43.889868310812837 -19.660941117819892
5.348313170672657 22.308161056345394
20.065771870021674 -21.954991792044336
-32.245101887321212 -41.080811191553373
-9.992649867118146 3.832149848000111
-3.392324369071300 9.782409338135979
-30.672452713918403 7.806711615450935
-53.058199233299007 -0.620739685022707
55.889147874488756 8.989822607257096
-19.324243256477615 23.672584796195725
-0.613033063127097 -11.300735427654789
-9.731530657095881 -30.113636533491672
-33.574162152798905 1.332105377001344
20.720183694781078 2.724151849953805
29.793949425806314 26.718710629066138
-28.575005398682883 14.163293072570623
-35.443289738230987 -0.875565125131483
-14.640246152879048 -2.413387511692126
29.726823507074528 -11.305340548075705
2.497168815201100 -24.733391109931087
0.293037940137194 34.497416237618893
10.735683383670816 13.582525438613732
7.163792213999615 -17.885887802953945
-20.341557166505108 -1.665949739147784
38.875401186039262 -12.800641833143287
26.361260379906412 -4.551197700977561
-10.284789690241166 -13.135185466791238
-9.743216051352947 14.597182149704299
2.414453763230451 10.712516534109533
4.796337463464484 -8.063003604630261
-4.010098780698469 12.192727911296652
-7.525620897060420 34.726066518647308
6.773398468574684 -11.991616398314598
3.447019157490008 -6.561903665388264
-7.821968102508666 34.222906982771278
-7.346371104491895 -23.213929348929778
-2.015416064615906 7.453729214306846
-34.251398909678294 -26.377245138942719
12.758518388547975 10.123671625001807
-30.815823325379952 -28.030689902110865
11.572099785335029 4.515695244990299
7.945091638260523 38.172202598608415
5.515067133770746 -2.997988029615981
-4.323849017289454 2.767525699070522
34.700790386944860 -17.958065019114997
13.371824376028954 -43.033086818309421
8.884086414348671 6.728324100401492
30.997790111704411 -15.459285840912631
-15.403470102513015 -29.356211765769142
22.821860109678990 -41.406213291291827
8.242437204706796 18.516462846954735
0.742144756153185 7.139033566825852
8.430249355697013 15.947763344331451
-46.604290116572585 56.579972655160290
-7.836364885847408 51.233028506110074
20.236333578804320 2.584609783752952
3.570210483101199 34.164557215854622
17.588214981436035 -5.517541684772984
-23.175724233659643 -14.414368735351088
-4.036043091308118 22.364514048569365
-18.936948782855694 1.163491652855601
32.754868135709636 4.870646472326601
10.763391850230514 7.567194173420707
-7.578038479422975 -19.480680325586711
-26.866940452916417 -45.013950810092076
21.285838396618942 6.747231031616439
-36.930710458390912 30.806785229433714
9.949415182656145 22.610810240807062
4.630423046273359 -36.796382916586410
6.469760680733319 -38.025266051332139
-8.392522314208254 10.376238270528553
2.709536819176479 11.512797713097644
14.141969743256576 10.026069021174612
14.379054446101687 9.503331359263539
18.370507454465240 -12.512994926144422
-21.934035618319719 -41.140083959435444
5.182259381009941 1.407637791153524
46.854802175441755 42.363416070478273
23.406570710311286 9.794027569833990
40.614252079569162 -12.554703502678571
-13.159662424778546 -10.635731886246512
22.840083170240945 31.163381932012307
16.517543762068215 4.618112509223861
-22.561684127577607 -46.859086407000390
10.007419811539485 22.019486939667928
59.253314674899329 -2.269911094959885
28.388436282593659 -68.755279604090418
-32.564616142810323 7.917649037468251
12.301914493733978 29.530182565726260
-23.772626276491206 8.199365904150937
-19.164294630964996 14.647388437891973
-30.424812292652359 -10.429668242715076
19.524550978929593 6.805819495831439
75.204293380686607 -21.441038754119411
10.444244501739531 43.890503789935430
4.247749376978216 -10.248279652106545
6.294608816396869 12.148409691895694
3.975359501812116 51.815539206729653
32.086528477477842 3.857563516549621
-7.464004846431824 0.173593765205384
-15.983343284931321 -0.504310957837711
-36.571288419539066 1.497926496386444
6.582316991437650 -30.702626388995949
8.894100427916964 1.011779686734255
8.595872423659195 -1.810127196887814
-1.488794394134545 -23.787125538957028
15.660356193457883 -24.105478419136546
22.170128538904457 -10.879473992102744
6.639043364164749 -3.433777584848024
-8.032596594298754 7.718910467678854
25.989447383481661 29.616169206996698
-16.058050505221335 1.431896302967559
7.196831104857617 22.814310272385832
-7.225002658559393 -30.924415659771860
21.480346598831435 -21.734698954681402
15.910469806765287 -25.503121409777034
-21.744169071737190 24.891657690140878
-19.948738467610319 1.661576214002783
-34.463286421928665 11.149456673356921
-1.531207256598057 16.155860461728782
15.102097157095107 8.827887656295639
-28.835395837482292 -7.764010830017265
2.448124949700975 6.510709504480054
-4.015902565383281 -25.586845541075924
-12.861402993533494 -17.082578409083371
19.797237583945641 28.393425525594559
7.150727704173826 32.216355175861473
-46.817850248962301 -38.390397269784096
9.478653929279925 22.107353555368380
-35.572026004622003 -17.037339978978455
14.120739914893536 15.123408346309445
0.791965605584788 61.204146261042766
6.947568955962242 -49.060784123423815
1.630147864723659 6.929133729764532
-17.880979565481265 -20.075623801879480
-1.924611576845221 11.567022445683353
30.983506602798979 12.147429436771432
-60.801168269826817 6.237366177750759
-5.932022537302181 5.818746039873438
44.070156461516092 55.579568509360989
16.026403801542518 -38.837454182981645
27.370026562513257 33.029641105843702
12.633684851705192 17.026385677696723
-2.139339021192936 -7.337758851592292
-3.885561140598132 -36.881814587228455
0.587195053378044 -15.939807316721014
4.813640807225280 23.321409862207471
0.329333236812111 58.247437402275750
-1.673928894020306 -7.776085381729829
30.996278739689370 24.135011624817807
-7.321689520354472 52.979565531296423
-30.339354388013813 -3.737569897473812
-3.948674045254378 -28.849207633676812
9.024699712227250 -12.296386646288562
-6.716097489232210 19.893338771939842
-0.369985240701244 -3.538204817617189
12.853610628107834 18.571335480165647
-13.513411848318951 -8.104421063542182
-14.299019731591995 -16.338746931189842
16.844198512970106 -4.968064931517197
-40.728109881622352 0.906455982314980
-5.253233734712163 -16.400729214067510
-11.308344268753519 -14.916087755073773
1.258039485678691 7.532307642867389
12.871265149850554 41.677242199061340
-34.545626357611567 20.278921038179906
5.330946092855917 -2.759292090195598
22.864617241860358 43.168151608375553
-16.438273824077569 -20.281638866298618
-32.199008806941329 -31.337322215064400
5.997709385797642 24.504661240374588
14.471095720201475 18.990560150813977
2.494404846926435 12.055408513748700
-22.375514952753679 28.420447314868433
-15.837935012577065 29.151118792391628
-48.821869911706656 -26.505396237622570
-37.371229411208020 -0.808383132264693
-31.050610399773145 10.954775112299068
-18.900072502934549 -26.646628458059137
18.889343162986954 -37.968733491437384
26.870238527088457 0.413328717515064
-13.777810591017630 -8.826725750330796
-8.859868717199795 -6.020645595564709
-0.356101560275838 -19.395484539278456
26.733532500036336 -11.291902577024072
-42.715393634364517 7.658756157806010
14.508701481052194 -1.472941601055244
4.061522119932236 7.786196026671704
-4.878887499111826 28.202181663095384
1.546166201813886 33.371943152567617
-1.767736867346240 -16.251640644857979
-24.408628609291569 19.085940161962622
-9.805143488580308 28.406982486561496
-4.596739154198518 -36.288396892726865
-3.915809446536298 7.772018785151046
17.426533336447715 -23.126594648529323
0.292972333250106 -3.501813014442340
-23.562172013157234 -9.685732921691393
-2.542570099058217 -11.574260475013977
-34.419916017007033 -33.945127536611459
14.166383423704485 15.994117509059667
10.498426974103028 52.577255775965241
-1.084852020312243 -11.814420893352450
16.257000661869853 20.644443451609806
4.513774445940215 -41.245052682096436
2.101660632148223 -20.099905561100858
-31.957737794680888 -27.284045926739303
-2.894427681470781 -19.815998272525281
12.925347718457729 3.454851793293562
38.249629559300786 13.918986937101680
29.215380385469860 25.150836353815112
14.431968384636093 -6.957997511752224
-16.802667322342376 -0.963910140713732
-4.634318703338820 38.364576034933286
23.079562136164451 4.919689348714404
43.939255223423864 8.902340801403167
51.698107881651687 39.096388109497397
28.809887092826717 -10.754153449917842
-7.530635191126581 -17.132146912275587
-25.837915349882941 29.682585130968040
-12.103659978762884 -14.475752930250410
-7.523015346597616 5.661325040543149
20.543527948155390 7.095112287918671
15.383018991268484 -10.863392394631688
10.994942719610643 22.672306829162519
11.110647464082799 6.516949657233541
14.018187774473375 27.056375878433155
-1.314344448388256 3.296491828623295
23.411551755945389 -24.166908444757713
21.670565078308233 -21.495247682071419
3.475345450283691 -37.935388592857933
-15.530957508988966 1.201929836217663
16.024598345998470 -1.183617918715753
33.358543623595118 -12.453586321837163
2.585732220161750 -14.207594357315321
2.060015436964052 13.602947490816257
2.156598577014521 5.748174374573756
-1.562953002095256 -9.163914190881345
-20.081703184793948 26.113874879151496
10.663507701842136 22.466351211017955
22.631427948162226 4.859704593717102
1.991078767271789 38.966234255491187
30.622939225496413 5.515712734782135
50.176200060746815 72.420160893899151
12.854408208122281 10.942991613510676
20.789079806127734 -34.214623711614351
-43.218738884493163 33.414017479455978
10.353484802407623 -42.526877616729720
26.938535091217254 -19.449067872138919
15.392277076970984 -42.135724774626468
-3.607988639157067 15.864877110882885
44.330166893991802 -40.777318381691387
-21.794653296543945 10.175343075666090
7.337253275658006 -30.960591417299728
-6.209537896893329 33.027217956872626
-5.114790047770286 69.716866726476468
-32.291737338002186 26.078865353784682
14.323922299635059 17.507756624507721
7.084211733851227 -48.057223577563512
27.842941071164628 -40.982135572530261
-0.345635858880890 -25.961114512680595
7.438478931740301 -10.285819312070023
15.344659794835392 11.747946835770755
-0.185796717247675 3.815351709106489
63.202101967180674 15.533267096715145
-0.030169061815139 -10.317531886021062
44.641381892846617 -9.729718248505980
8.063553259430263 -33.484602292203640
-9.186086061880205 12.752084015778143
-10.120089916861923 -14.522087741342494
-17.646144783338499 34.048387213521870
-0.762471784024799 3.151322015890682
5.199615952631334 13.801673153681744
12.188817501386701 -32.416633943575540
-11.208177510591238 18.323574709703905
19.783326366606683 -13.817718998290735
29.314006708776379 -33.756103490616660
-9.864566154887719 -15.804558618686388
17.274154988053208 -19.689399811283451
-9.498664930831946 40.872184324839218
-10.578051737129808 -23.257170760913645
3.205155711813334 -3.076759778784630
17.249264224328289 10.733052809985265
2.088700108000725 28.346310448659157
-4.151459707639185 -9.163493635730067
4.891734501611926 -5.314554026774127
-15.551919886079686 -14.941752070519833
-15.045446737366811 14.069807674407979
4.806109385904337 14.485237891464910
-2.470971275594775 -35.829897250968074
21.053653156055674 41.938927731557129
-14.848465930088066 36.191990786107183
0.822087020736419 -4.236828817067730
-1.695749416916257 -33.906742460936762
-65.899925070213612 16.535908763042237
54.992737578477680 24.100165319908850
35.152373584059404 -15.584166772904794
7.327692560767174 -30.976247894891056
7.324922806524793 -15.433071025217874
42.855359318122005 -21.049063752201391
51.445252462521665 6.207251755832020
73.390700653574811 25.140786487371958
-45.331837367195575 -65.579750768394860
27.973517691972365 -5.661546882196385
16.784022579547781 3.866305655176177
34.297193915539737 9.047315195952388
-25.199168610744401 2.957893995665661
-8.653843323027834 25.478695308825944
2.367848853841376 32.466194627816343
0.237027696288343 -24.297281323024297
28.422051706716466 -0.411686243701172
-9.594994684941710 19.314017094409039
-37.510774084211484 17.273522384426716
11.867511003013846 48.920908542981046
52.558867426690220 -35.718298717027196
-7.247892424387340 44.161102249771147
-0.781214212312115 20.584451498580723
-27.900998426837944 -5.596904529928779
-34.523834559818020 -24.437122833636600
0.634174736597697 29.429050619646048
6.108975596553973 4.886438485228832
13.072689311271755 -1.925226084557007
20.454884238195206 25.013800327347777
5.576773995672186 -6.448474056075007
-11.135568156950411 0.665815485069068
-31.734477326951666 8.633449416377013
-43.858490637266414 -36.332370916009552
-15.676229442682734 15.919218065385206
-45.506879798920821 -46.465101697642723
-5.530912593246748 5.517960620783125
8.493659015515831 16.600013361503887
11.452940407576452 -17.652354582729409
-0.813420055469308 3.497046880255207
-40.506779247739132 22.028107210021350
-13.900532857983601 8.285119239524434
-13.678700308784416 31.928725912569003
-31.569719315705935 -21.114743199035303
-7.636857510031884 59.742482541390615
57.699479788897811 35.620710453138322
10.560680334142912 -10.614307541567134
-11.337754291317014 2.843944432722384
-37.743558829944298 -14.522451361130821
-7.297324980786672 -2.009292561449091
-23.573952176411218 -18.193912033480146
-4.978990801860277 -15.690180450529125
8.976772111206342 -1.817282345049194
4.131108643389394 -22.251047783981278
-34.789487720713183 -16.173793300100918
23.185033272765018 18.529499419619693
42.950588179628397 -19.351575518141203
-21.310726018963845 -43.202194743086267
-31.610473787179490 22.085400473587434
3.929096598110664 18.485807560721938
-12.972327574336935 -23.559644973825506
-3.535494799348833 -3.559933382628897
26.060798895200840 -9.526458055631416
-13.321222677223862 -28.135253698067281
-20.646335062978974 8.882079064419852
-19.054109793454131 16.614204842825874
10.174462101815584 20.315261194672686
-15.262691198032147 -6.165828907651246
-12.184850651853477 9.956259472174670
-14.710568948589929 -37.616353429786884
26.008058598222313 -1.003565571310886
38.399509136947088 8.730706651165466
-37.103878766765078 -33.605726986571710
7.863856148826497 13.543751369559610
12.415251244070260 27.657592951403501
15.171344005242627 24.722361835411771
0.424760706287435 28.304240305562733
51.734214843984574 -12.114986512620062
6.292171824422076 -4.820499936473817
-2.531249956018101 48.318701573063862
6.696448621763103 3.403874912647058
2.907949511399267 -27.764295069920685
-11.436151157396530 -44.572088897763535
10.261969744540856 -5.131921065859093
-28.404803740054245 24.479868024654838
-25.966709101798045 1.068686516195171
-5.963184717076166 9.583886884007940
24.736361183795722 -5.964560031519550
42.567837699971577 -47.428518186062469
-12.363396821941768 12.080831865034956
32.023885651653195 47.846880065945001
-3.744892485400217 6.720667198652406
5.440581727279874 2.726390060320531
23.351426696808922 -40.489231952181250
13.015201006045906 33.036072580156898
2.147804377207861 1.476355987088042
-4.252550495012811 35.619342872301949
-1.308440849758725 17.813894268084368
-17.393868844617710 6.641794963062803
-13.052204328553586 20.826958891036995
30.967890860929018 15.825471669094417
-17.319731977667722 -11.162439954135374
-14.983572790415284 25.869408481229765
13.289205546924261 42.802489873937475
-22.712200759802425 27.501122632999099
-3.585245818704401 4.654018651546719
-22.584385084608389 21.291133748660702
3.759464039067965 -47.820633456043183
31.133731753469817 14.929095305549474
6.112974965687651 22.074652604846857
16.019889512061340 47.152342493252064
-26.808478720257469 32.405721980629224
32.828957378481348 -8.495471862288317
13.743828445314156 29.851628594724854
29.516408259135986 -4.408250484817374
-4.374368585621330 -8.456329664686526
-20.107905164347002 19.907208460478255
23.830769484359209 0.191638443269256
29.802638387051132 5.868560663197423
30.373951271292182 44.034000407991584
-76.395717654798702 -17.596287043650598
-59.666176469160945 -16.133623804608224
-21.897742686168009 4.941354231186366
10.184162061607710 -25.989547052214899
7.603378605116483 16.971036270807517
-10.968200293622038 15.347164815922795
5.720854973486781 41.181336962159392
23.623061769640330 7.075532804330567
-29.701262530013231 -19.408662229865968
-20.061394247236748 -2.492207494413049
-39.576090527324787 12.555848734618930
-5.605261965193141 -2.435909521943839
-17.378952123566744 -19.508329389893397
36.571883836322179 17.088066193253351
20.681514973644845 -1.901253004318645
25.621713260041940 -4.975418992859897
-6.845529591998436 -14.516769366323297
-4.911849752721389 -6.833379462294282
4.294805552371657 25.217685423025973
59.341815457474652 -5.708531126073050
4.237039448525369 6.053277051117676
11.500898482031753 -25.150868144573728
34.413796585783047 -35.309410000410438
8.535106754366437 12.910106026805980
-20.596167173307080 -20.465629798985450
25.215125374909302 -21.430779372128899
13.811530092508377 15.966409967599303
-6.740372873797665 -17.066408300494185
6.813308920788790 36.493324654556702
-30.785274353179894 18.762810681243550
-14.346611280454889 -20.117219199604364
-33.961464163511955 -24.203643098406086
-12.807062630505053 41.016844636244763
-13.494294475956945 11.324424331237950
-20.033832708177446 7.384635160111912
35.808742390126973 23.555006830895930
-7.716966549188162 -17.892106096815674
35.294064162540003 -40.802834986337352
-24.207441899920550 -1.907334615062740
25.901856293561735 -8.324446327804877
31.057219802152655 35.817445551547280
5.426340222558837 -23.990863151115111
-0.564672901523483 1.044052788094748
-30.242793805184050 -45.474942593457357
20.384065548990549 -7.558971096779402
-24.754812276412025 -33.150190913070844
41.468708284464348 21.324834672732219
-25.743478328051282 -21.485766478788761
-26.258418267644320 28.187746857211433
-21.200973961544005 38.567341873025640
-13.846895035973706 -12.889175082585435
30.843051008637268 24.276219729512491
-23.212140554376361 18.911156410694755
31.492569708348029 20.984986983264790
-6.901974272234012 21.865683112296676
4.990272278551806 11.524517250419780
8.766937833150243 -24.572188913858252
-15.612271265036060 -4.706133681822900
21.610921810732627 27.063350989947086
-25.280550425775683 -7.752735163173090
-26.590956590664284 53.103827767093414
-16.111416838756320 -39.154704483177127
-4.220689397453893 -21.545620380101543
8.931250529825132 23.945384021081018
-26.447331087164194 -10.644108744914826
-5.936203114620250 30.034246523216975
-3.317568894221087 -16.079036126363352
35.319438906299041 9.412433000826400
33.948888609075183 16.944035969774784
-22.477418494199565 6.982947424539642
17.259094637027683 13.690884312821172
-2.006030918241925 -7.098550460126258
18.515184430657566 13.327057726440140
5.804092652410947 -7.561474269832940
33.121753745819476 6.165442011258535
-13.563715583754833 3.040993083180988
30.528130783912609 16.623410177663608
-20.309369623527505 60.207078879700660
13.376189785011238 -13.976602246242027
62.376796587680097 -6.041945795334088
0.422643780292252 -42.259671890122029
-35.731668344552538 -2.880443985311213
3.732889566930729 -9.928542208612066
-19.380972963500319 -15.584802602105924
-12.937440311687141 -20.067016513119231
-27.925655909558444 42.146867697674871
-11.920966396307550 -12.062625309415033
-8.589543586809651 -32.772932398513248
4.700377211161421 -0.609207050403058
23.050844941288851 32.171649249945631
-32.055100796571381 -47.050454150489031
-21.091352990967703 -44.785498241339390
16.638738116017844 26.323437723544263
24.572698166472474 -0.893115230053291
-1.528065628630594 -30.356710783502869
-2.511436103382947 -20.400855094766619
7.178336195913523 -18.045792349214860
16.922647104421888 6.373289297955088
-35.144145244695004 60.065274985716663
12.276297535172665 0.931874886865254
1.522631834244581 -16.977534185702467
6.515063838773894 2.832196060532073
23.836955767020090 2.151706916826016
28.559174928200235 -38.077838386498179
-18.116828840162441 27.465427192142773
-33.423225354440241 21.714509046654968
5.147904254170292 29.084198427134424
31.289579882244254 25.048807006415217
10.302389080927698 -19.986627523683609
0.121348559769481 -13.389819858301475
3.408781670984005 17.116078316542023
-5.479271509084223 -17.929596129472181
-8.914304454766972 18.442522169456169
-33.165713657322016 5.326268414606212
14.982660093641922 -22.907749387950144
-35.083723884175548 -2.281371488703559
-38.324715147285090 -40.101081039761453
1.098350343993735 37.832490239415314
-26.607011991004931 17.050635120681772
6.333880672934472 -31.692631508256699
27.689462234441532 40.785325289132402
-33.949330730460439 -12.511628651474934
26.640069334692431 -9.096843158340288
45.240232637009306 -5.699222940705728
6.436562054553292 8.346774597851256
-54.185059618767042 23.746641295781188
0.824591008524118 24.121192874505130
-14.053296867057911 5.056546645947900
-7.566371555281949 -18.836691260927669
16.897026600379846 -23.612869577833120
-0.052342109078213 47.692463803314979
-43.055071668308521 49.229806291828460
53.237078210209184 15.366489894157901
14.919920512909448 40.853133408541225
-38.139018697261463 -29.582391681854851
-6.690746960470532 52.873892527424630
-26.139250796395551 13.366573123670019
-3.038339141214441 53.231840443616562
3.701645338645629 -35.173145069057419
-5.273502432906743 -15.974608270191579
-15.721465511235190 37.977659269143686
-34.345665392460461 -11.587153724133993
-32.395234388123100 4.066463014703356
-6.047040524202131 -0.676696148908269
-24.262921478618122 7.780288270216316
1.167298789070541 -12.894870462025317
41.248357420444215 11.140456528712591
-28.615409073203782 15.923364158705155
31.870462087260243 34.704108262907333
42.697629143048644 -32.415081606804499
-2.032144154739888 24.619501401363323
16.756162703272253 -13.636050391452468
29.399085661637862 3.496971685543368
-18.314621823965396 -8.262473249266504
13.678775782899020 -30.847981003383811
-6.959530117925286 -18.201145200917566
-15.696830148904803 -2.102491281818912
20.155443063712294 -36.822271939379860
9.399386574732947 -9.740627209639870
12.536174808319238 9.209187414248751
27.258333061586040 33.768814300405701
-39.943173138017805 -50.438934153508185
-2.464064649271298 -56.455628323817557
11.544321777872680 -57.633717728358420
-43.149552313428238 34.832686542693118
13.971927093497445 -31.306925096852737
-28.532347253290265 -1.076986289781203
13.201464507493576 -50.172128420648690
28.156893655063616 15.310059424309319
1.449574234682148 8.128446085581723
-13.238179837815148 -11.323262238800382
19.760802215312502 14.216807262530416
-3.829211254427106 -15.361513513105013
17.088956811192254 21.266176924125237
48.621854056404146 -20.004450102405961
45.834724308289807 -20.590192024519308
-1.597612198883825 -9.746143504306964
30.618613724124312 -0.272722016079641
-1.459870208279688 -10.069971698368985
25.178766716574724 18.871767043197512
-6.278633832239257 39.762992658164876
-15.808240018387092 25.596293138473708
-12.326837830518816 3.011982548740347
-12.963233844980167 -11.178088814726294
13.622285324186315 -1.135538700780679
-6.160271840363285 -10.018913781953030
35.702253333615964 22.469551611778627
1.564097701531498 -3.403996313974111
-0.536830052626861 0.148107067728311
44.526718458166648 12.809957167374689
-35.338521537264427 1.511280423583603
17.232608933856849 -26.630459234965855
-24.958486216969355 2.816126365103944
-9.750873082557678 -16.422008428817072
30.830477855381027 -7.414010537215478
2.116444537107151 21.952475910395940
-15.000041797757349 -7.486662324837040
20.208860523471710 -9.967827458649733
37.684538121167833 30.707190711879349
5.640514771679560 -35.181646486422885
-9.069254518588361 -10.148219968413013
29.522238565669795 -16.508460335056554
-15.572046235682436 36.446788509560889
35.342313526316097 14.021544363680073
41.201761450830482 1.994050089813641
6.127649059703473 -32.263344439791894
21.249841016638268 -31.904940824510284
4.180337210583167 -12.505532622444711
33.293758532277749 2.179507010398715
6.526414708238924 40.058944417881655
4.277466405517151 -17.820693166795721
41.416791011405209 -14.008305820461384
-13.274618578256383 24.704661096404571
0.355283225799670 12.300979839570294
14.381842351498888 -40.206657563239226
-62.489434443039350 9.672307851140674
16.537446730447265 -37.586805886208957
-18.721623497286839 -28.222903181632567
-0.006614805480494 15.403029456142917
-2.818160464058816 -6.927153732932742
-75.034957090666083 12.078026326307006
8.425154990912890 -12.162682750175874
53.821617558244668 -24.476098393254077
-14.568897692345885 -35.011502440780824
11.628740889864096 -4.868951304949119
-15.500047435068852 14.116660999628909
-25.025159628925454 11.872334444438280
-29.979443276958939 -13.662050321181306
-23.556787184614272 -25.293728577984499
7.549894315589610 13.068042508715870
15.101971257400576 8.373925234757706
-0.574776876603170 -11.521278374943828
6.147101493991658 -0.503892619346528
-10.256501272906196 83.858152713333951
-70.234467754313116 19.554978625145459
-2.820382948411550 34.854064842025700
-47.221684207263678 -7.606557073436275
56.836059347187266 18.238263201455162
0.266991499132592 55.628556311521521
51.751088310557158 13.551871983331790
0.719833525750967 -29.515039576049041
11.665267758622527 15.798920612902112
50.738837310379715 59.812626819885011
-2.694808307030317 2.218834734466817
41.943789794622148 -0.878079711158542
-1.681884522285597 5.667476070978283
22.060235857207250 -38.416199337943773
20.821353660517616 -22.362336042778164
-30.315588244595396 -51.382366957673369
-1.454085107874893 -26.248554413931963
-2.181548830596611 -15.728982834656795
-14.601086117018209 30.345082208024255
-48.070076423053450 45.585951811403419
-11.800240173153533 -43.666826453975432
-19.803213519084171 -15.140693437740255
19.966501992575274 -23.673045807160022
5.480534490212838 -18.037863935546294
36.464145448000806 28.805317124098814
17.544343898950466 -26.124016035597958
-7.487268011312151 24.936134484708553
-29.520355089244539 -1.907622521729470
-21.469765385380050 12.927520485100732
-7.302816044778146 -11.521473891136747
-5.522924295710531 -3.890520865367727
15.320406398614193 21.304876259680587
-9.516666491453915 10.613041685870346
8.578003558239621 3.869725385601045
-3.046025783191851 4.128409698043590
-5.846753689775846 -9.760005918214546
4.660142623528652 -20.377170289829479
-26.816063456532031 -0.978946533052507
-44.930364269782942 3.153404441739162
6.326117202435769 -3.871842639257387
-37.499590850273243 9.551627477222084
50.519827437585334 -16.414738481864404
9.823314465882635 11.450980799967304
-16.195286185518917 -23.434014815628196
0.605993462862333 -18.247070863487210
-2.546601646561119 -1.284737951239897
-8.116323069450731 39.703895631263919
-35.114494178314260 65.787459732470410
-24.822746023662738 -20.301724354582181
9.063764830861169 19.361545234974109
-8.054151364672983 -4.743993912692953
-18.535942832573873 -29.865839385315148
1.087425775367171 26.872080837176991
-3.127694465209928 -14.505114225036223
-11.747294119970839 22.738532013625122
28.541752854856860 -53.766654226932829
-17.349038336344798 -4.827115394636196
-17.201660629005204 -68.478681654014167
56.126579280623623 -8.663681440399477
10.742912420294136 3.000119307883185
-41.458010389919053 -29.743959677465185
-23.350569950612098 -5.409174662655638
-11.333346336933237 -31.218550399999980
-2.561844951430295 5.097831770844052
31.736567848247400 9.361976994026476
-2.797987529991222 26.299726277162208
-18.447168400008565 -6.466493906761499
-41.234426893554222 -7.326810490769014
-35.097863472399894 23.593085242982827
5.103007517574692 18.108401018312321
-21.546816071294245 -5.161364681705682
41.691905715354004 -46.769781733247861
-11.134194223021174 -22.296791280114299
-11.754140054614270 38.813182533707270
22.349768703917576 -27.284625344477050
-1.260878847930077 10.762537524030385
14.380054122564134 0.322100831599621
19.972246519749280 12.598403340610504
6.932300137039002 32.184199557943145
-28.461433732040483 -13.523228519962784
13.947795543866979 59.846422938793424
-14.849904778062237 -8.936506459019611
-26.744746756820422 9.578323627408665
-25.723757854299524 3.557905788842796
-21.755565462133656 -3.613135126713488
-10.076921694803939 7.829599825417247
-9.841078371693227 54.345263123629081
-42.749250696874029 0.381769830478011
7.033124084145622 -27.946411142774330
-4.264307714663035 -5.788926313702500
9.788646424476642 -11.140037092323441
-31.663187368005133 -0.845569302100134
-53.582773334554297 4.520155052154626
-13.565121626671488 -13.340622327677810
-1.900960230065867 12.162967384189937
-6.531595814173084 1.563957843874585
-41.314034779785430 4.981295275485557
21.941775970233820 -25.478892199899722
-20.242674600947176 -24.069340059567555
1.322251003139317 27.061947530640857
-16.221614528699085 -10.833813721133765
16.148998615702290 31.367880995726505
-5.032668379244915 14.455686312062570
-8.603335969151217 -16.205770876423514
-9.746637265913517 -13.538197562817791
23.915291160541230 -22.885653940449629
26.384986513197003 -32.764969645406708
-38.455399826785332 -34.612507343575423
-0.632148069162383 -2.594468472273868
17.917901319853939 24.244716782372606
35.002397482092562 -32.043779415873011
-31.479257069967005 13.124836976918111
19.923592076023301 -2.230789286381541
27.431516377123820 1.520634604299580
-32.814499932584027 46.595561721119786
9.351987747050272 25.228283819513070
5.250314187393218 8.597018526945700
6.180541779757830 26.527351387128668
-40.062714003435069 21.045909735919878
8.976590750269773 30.947322594437846
-18.239423431031383 17.727503881045831
36.555326944371309 -18.156811306738682
36.898079625031585 -24.397404316795122
1.694943110481264 -11.768224727559186
2.733744444517276 -21.381805826822568
-34.869750184614787 27.927582283343767
38.461046009387346 -4.561199017602274
-32.079593498911571 28.398604303488579
7.450202755632369 -18.243285135102461
7.839762857430906 -9.326584396426526
7.014941407327371 -18.221467325157814
5.647331301366504 -36.720063504363402
-5.553445286673911 14.645860443261876
-3.917350979216812 -21.303049894413007
10.158831179937069 18.288651820341791
9.199115220163733 -15.545645390908007
-9.853606235265412 17.145591081160529
-5.884017390220343 -19.782804527418541
8.630612881819975 -22.973066596690074
5.278687838065352 0.922273853179309
19.265269187661861 17.750286196287771
10.243127985138502 -11.951649027981393
25.432109597724544 18.284104771326056
-42.707866350293330 -3.565797497222915
-43.237788430142139 -8.505989487528598
-8.567103559119492 -13.036009513274767
29.340310699678056 -12.684037112978718
0.489467232907010 47.710162603312106
5.056030042747145 6.127106682082159
-8.162814636190882 -10.545340751775198
30.632317080969294 2.598248447004869
32.954566785163813 -36.292053825805098
9.812546045103385 8.752108990314396
27.419390877589848 9.389276578642818
-37.740682419577382 -32.519194595039600
-22.699612433482894 -48.321109012801401
-4.953510852090343 -37.927161049685928
12.653928377640923 5.048940680077548
-27.033575737384346 21.868598750169919
16.430495318862913 -1.904289068084118
23.384659422283114 4.487122675485698
42.279701229474576 -13.073934007483365
25.639727519371590 -18.341617976094557
-20.206533384302869 0.968081068992553
60.623446537369261 9.309183066704859
-36.166416740031700 -22.878381259233073
-26.088398908847214 -14.872226371836199
-17.576522890521829 25.253887089492462
13.892210575236961 14.158386518823244
-77.296855592406402 12.439554525751564
-27.160691243093503 -7.792286347757920
24.091006336135777 -41.130434352049022
8.338495419368014 15.691296526543143
30.524847012493336 -16.569810624898935
16.462482549791769 14.523545185144856
-29.119081632377277 -6.083858357092591
34.250987996153022 -34.603331093864078
28.058638755687454 -54.800202116104309
17.545472489621716 -1.802785049848288
0.533920476391154 40.126643014281747
5.681993710461910 14.232989561086661
3.213219145629117 -58.329739968439227
17.114615295032568 24.992541948119481
7.548859458472561 -19.052605356450396
33.541420099650857 -14.391064436682793
-14.103544780023634 -10.400219827642333
-13.367778873894871 -31.503550245883858
-2.893830938764732 -11.510913358789240
-22.800416776620740 27.012495299170332
-12.251373285069558 6.201580370933714
-28.851873129923007 12.663459560666780
-43.003033577062190 -16.994707387386640
27.441300029342916 -5.365322809533751
6.040975795491477 -37.074507444938547
26.011716895902683 -42.611381513317319
12.641064294569622 -0.332012542553611
10.084843327516960 -23.728893941265742
-7.834550851626604 -5.765765924535829
14.187353464616992 1.904306366958150
-47.112659358222416 0.835915222378915
-28.876266807482914 -21.931849804557579
-24.715313463490819 -24.693107617227096
21.427305703683636 -0.002164081122252
-39.410824682862852 -20.571024507481784
-24.658711402655793 9.362568484970613
38.125078337842425 24.954402707818524
-14.101787292187749 2.323260370279252
-11.831928349362675 -3.455401108111366
-10.690920943659386 3.446929145669921
-20.048535600463907 -29.517019519573292
-13.969407042057751 24.281684336022636
9.048505698506389 20.674410158985459
-26.097367743163669 8.292233483858089
-18.168779146400642 -1.718316938616842
1.539272635463204 22.054895624408275
9.603304306678973 -3.455950010332321
13.008887955586996 13.027827806848849
-52.861107137490720 40.182424166443262
-18.146229853175097 3.255142885949925
19.536149393996290 -30.020055568786844
10.025004531483384 15.829719883928879
16.049682767302969 -58.193066575036980
4.543322237171185 0.195221195070548
18.410743165246192 20.517930980843794
-33.180610453892925 8.520436964679824
16.081303139779582 43.316869308398424
-6.613365249777950 35.813526419720866
24.955449618249848 -29.786606568637691
14.188687659969386 -4.508552248133694
-9.402291777570568 -40.031996819736705
-8.613371712664964 -2.251509548614924
41.732848921130085 11.320767134513058
-6.859865180219154 -0.518602567954179
12.907784857799872 -30.514330443305479
-42.312467244871179 15.677385545473239
32.561109688324727 11.821178245989655
33.461232157132407 -28.605939644904481
86.777731570712177 -11.576395849324955
5.321109594228452 -21.649894113040801
-20.434352657569807 -39.761030006656185
11.459449148213197 -31.002844409632377
-24.022742803831360 3.145390720904378
-22.425796631602118 -1.972526892150461
28.122574942192532 -7.210125034270131
4.309015644654349 -19.417464696638447
-7.885326536451925 -10.039933629987349
2.196036235211610 4.015193003813517
27.720073565422155 -30.272960419193186
18.438676379583605 -0.683736540172728
-3.067897302982879 35.327780765904492
48.825657335996027 -12.059631184918054
23.970050817194853 8.874567657080572
17.573028898974933 40.708027481450387
-19.292085679444163 33.471192897706374
-13.456359380643736 -18.353674351663528
54.366224339912812 -30.475572822611046
16.848760255217634 8.567867382545158
-28.451882850647419 18.370301551370016
18.502685326919075 36.150720826240494
-30.244330666628333 -11.361139770736443
-25.143070078954807 -1.308160170245281
-10.831271475867574 101.707898095987801
-29.952743906511461 1.767778067691769
6.416997023842181 17.923792109894269
53.499079793298840 9.602544131725120
-14.613220585408083 -37.540103148074749
-8.566216993021182 -37.169650585801691
3.115415890271929 -5.031969932032990
-44.268820848116391 -26.359231937667360
20.806134474364555 3.699725348055360
0.803816213864332 -13.266391780676944
-24.618589400758388 -6.544228297574159
5.011815152464941 -0.356726809278407
5.262832693529059 17.976912002981834
32.130184575961650 -9.466870647694126
25.764362960914912 15.525958776638582
-16.673229463558251 39.774267391404251
-40.975977924505663 28.911328741833263
-38.824409931910175 -35.584095059422935
-6.270252268730808 18.630034710630063
8.796102896444141 31.802938429412620
11.526633940292768 -9.639237837872573
-13.523696582900323 0.707628510362717
-49.849583509475274 -8.938441671687412
6.809263782510586 3.371484655037726
-3.940671773298457 28.995606568008640
39.521733410417234 -12.237895386290868
11.274164889119255 24.260861156297597
18.566836482864744 5.830253141466004
35.290169553524180 -23.529180530179666
65.556975328051251 -7.938858033257031
6.282830016877119 29.936339158582538
-31.098324387341911 -10.035922223655906
4.206000894431913 11.368821266760170
46.515944264466860 18.811016674673795
-39.307890658552537 30.415577046466229
-7.897556383684449 -5.652968990260089
17.397302747577186 82.720278172571611
24.278025958285209 26.319026027120387
-13.274091276017311 -21.626670355365853
-27.641242298605075 -12.722521335923229
-0.881331193293712 33.540190424718482
18.406342102609024 34.133843241718139
-62.332097915526717 -29.433291115861287
10.736809922307478 -15.144734337799607
-5.983104333766183 18.634919812895451
9.337613659196938 -5.639548363377005
58.074833494723244 18.013109145966542
47.864623707085585 3.519129352756830
-7.075946558006332 -5.489031385404713
13.317933130811490 -52.634943201043356
44.394988747790009 50.212382866221418
0.386395335232661 -7.740752713276388
37.425874710676439 -37.016482618180959
-49.078477105861886 8.264303541914630
11.407697321113124 -4.750417112971816
11.943678109391382 -11.976278965896194
3.250827681967388 32.400928420212452
3.011434445949275 -34.184812484635209
45.797918992268393 -13.057586518600228
9.792940564363647 2.169042881849511
17.035641909159576 -14.668903101956072
-12.041631790917418 -1.181841573706468
-15.523694684491101 14.528366018246865
55.236234634059016 -35.178122530179706
-5.010376765882171 6.188811241563438
3.223653265478317 -26.252033425046260
33.244401435343008 5.273423918434866
34.165169383868552 -37.103844586234111
-50.410338516360923 -32.412588417401857
2.049334833884022 -41.182972693333490
14.579461909415281 -28.144873851134726
24.373728254722199 -2.251837038032600
31.859842443791106 24.727642204102981
0.369912386193354 16.436777677907230
16.159922351681971 -8.890218559705064
24.030631037041815 12.844743835026049
-20.015911140643194 -8.453512987343801
-7.290686876819006 -21.157825597980640
-10.445723606022801 -12.756971198354867
14.518373680249976 -9.217492888973368
-31.524642338620961 2.639143017811643
-12.337216365349331 -38.422427045279235
-36.206075915265217 62.444908923322615
55.620800759873823 -28.407518375177144
-32.748494439658209 -10.512189466072227
-28.777558763802666 23.025576215543701
-51.879259492383902 0.795940541661922
-32.937319384844898 -0.055011962554739
-25.425630586908074 20.183574125616449
67.800267547293231 -48.697952965572632
8.864989481421233 -12.719369843459889
-29.202875302997466 -19.006469792739054
18.533738512369940 40.348772514278643
-18.631086769568753 18.984847255446969
29.614190342011042 -0.402714407561271
-47.481540301421902 -14.741930189622627
48.862845701921422 -0.815672388604387
7.663498820312961 -0.202150696102369
55.074059300813900 2.593487226317293
12.376024663455642 9.245656052622053
18.830450602784889 -38.084289257945976
-25.622741912373556 35.818391301377652
48.368756880325734 10.871388125995715
-3.835157000791408 21.068025691389753
-8.928045033029560 -4.506613652912038
39.113808435463902 26.260050802805157
13.947324163912834 -5.771664313735815
67.101310443605300 22.377533116878983
19.975293304092780 -30.576615923350325
1.443172808680592 12.426884772300973
40.810049992605073 6.813092848022573
-31.241024679173705 42.981292809074866
57.387002213887577 -10.795060287869319
31.314943129858115 -33.225314700444848
26.602671847719890 -20.429713659447767
-28.823585070759986 56.888973005323386
-10.487052362710122 14.307135691846318
0.664180740861204 -23.863581811545000
-57.958238775234214 4.228246200328344
12.524916284529455 22.873361581522719
-28.307989692894264 43.258988441184222
36.198302133255787 24.763952940284998
-33.500695703599376 -1.597049805010316
21.342650813563910 -42.311768417666251
-7.470168310620627 -27.164066938827851
-30.170942482101715 23.714715126826302
-24.699387054850447 -4.573015407053822
-20.781737847202638 21.719897498939961
-7.222352436956418 -2.628257858620856
30.189588600720771 -7.199374155245651
2.264144956307795 -9.619391948401672
14.454006839586755 0.919686471070535
-44.288343042327476 -55.557793034355640
12.633888014305972 55.676279373558131
25.850121414802658 -41.677625840499296
-24.921440687830248 -2.698115005465750
-9.968337230027785 -37.743651931484457
-11.256906020226870 9.261958313376986
