0.000000000000000 0.000000000000000
0.000000000000000 0.000000000000000
-3.433584655562146 0.000000000000000
3.383061802574585 0.000000000000000
46.999831081736588 0.000000000000000
-4.360593566425094 0.000000000000000
-1.703201925636108 0.000000000000000
-0.125575258842321 0.000000000000000
21.731835059344760 0.000000000000000
-6.171077787659645 0.000000000000000
-41.662354677540804 0.000000000000000
6.038034527145686 0.000000000000000
0.263725487939927 0.000000000000000
2.218694855814147 0.000000000000000
19.937324503589025 0.000000000000000
17.714189210880470 0.000000000000000
31.267928439948918 0.000000000000000
-46.003480970051697 0.000000000000000
28.285438054321691 0.000000000000000
-0.840738124307721 0.000000000000000
7.047853245936214 0.000000000000000
-40.454696717045586 0.000000000000000
0.714897476032540 0.000000000000000
-67.867994487362623 0.000000000000000
-63.515399958036618 0.000000000000000
-41.052581740060361 0.000000000000000
23.512135614969591 0.000000000000000
50.305747995107026 0.000000000000000
-3.850969957100829 0.000000000000000
-48.197781485528381 0.000000000000000
9.624963958480580 0.000000000000000
-18.116766206801589 0.000000000000000
4.931100669564322 0.000000000000000
-17.539051751847872 0.000000000000000
-0.230473101360996 0.000000000000000
-16.125831858123597 0.000000000000000
22.632932222683781 0.000000000000000
0.856113499795454 0.000000000000000
25.619390145398761 0.000000000000000
17.882976616265186 0.000000000000000
21.254939455182971 0.000000000000000
-39.657387886836801 0.000000000000000
-64.964072219997846 0.000000000000000
9.339194040537137 0.000000000000000
47.908170503792924 0.000000000000000
20.211598318441116 0.000000000000000
14.917642059993481 0.000000000000000
-1.330867650569962 0.000000000000000
-13.846188245671533 0.000000000000000
-29.649303992459956 0.000000000000000
41.052340721068148 0.000000000000000
0.000000000000000 0.000000000000000
2.371117487549351 -38.468877050155562
-12.744398181522294 -33.073817407927763
2.487570405792521 35.830228725291882
-30.364531868434508 -3.684142597262930
6.223716952373121 12.194950114699822
-32.658198600489818 12.804003546772217
-18.528684912371734 -3.114218690908575
4.597931949041596 -23.954769202119763
12.594861983698294 -13.995214876726950
-3.617452957724952 -21.371077957779629
-0.070057574766018 24.057766521700238
-32.767317634224703 23.573065932175016
13.615662434427376 2.866304408090662
-53.990821314329430 22.007669917806524
12.372072153290603 5.243610822883052
32.050082989005858 3.603612198892269
-1.281651706241851 32.129283301128872
9.712296650627227 -46.097014397373265
15.777462341871276 30.359065372383462
-10.595667208431143 -18.899600970231671
-0.661094974358243 0.368897226281144
-12.252595983684154 -24.913208663541173
-39.894085817003344 2.418944834030422
-1.347113469454478 -11.260153373454076
-32.474736451707315 10.198496801817782
15.008191664871681 12.051061914317751
3.330811760622895 29.040466148386393
-54.072173970014880 33.972236272300506
13.671811100561474 1.489707157143863
19.241703081293462 10.082915439207181
2.820883790474142 18.579953789457232
-11.846290744447799 -2.049277550819889
-45.709005143689950 15.580622263924168
23.929901095207118 -14.990562637510921
-24.504626313881207 -13.592165913202628
1.185882352923094 -13.377928125166676
-21.935864712807767 -32.609243000349380
36.282593377452685 8.628151460083282
27.897344054712946 0.497994903185176
-7.778719643972072 -7.703696800519356
2.032883004397603 -1.105796387772252
12.815576046535776 -21.915549601124031
-1.148306028417222 24.297095842069819
-22.030908031100594 -4.350581567904345
27.142147805496194 42.074997754434790
-29.962955399648649 -9.281127164140829
-4.202090397454328 -63.444933571809187
-5.089374713346065 -44.663401346426149
-33.316352926351847 25.849196037920375
-11.668206081543616 28.771740815589762
-1.300658082682558 -6.066547685105229
12.012065473625496 4.298311612479826
-24.948598402005707 -25.013412996974999
-15.597157492371696 24.923375154150097
-5.242275015457026 -19.388889536749140
-33.727050773168251 7.883126291337052
-28.152780073571922 20.570731782877356
-11.362502031301943 -27.282091113077122
25.187064936032282 -22.732184440746909
14.125923036113042 19.941750033079646
8.720840646611212 -27.105316040985183
-17.935609969708580 2.296786272011973
-46.838733758658982 -18.122980116731895
37.730988355910227 5.989731540234286
22.676122194444318 -1.495538522111154
-39.573874020555159 -17.246268983382606
-8.692104233558412 -14.383273172317084
-5.075927890473968 24.414648695036011
20.694012045588213 -6.947636832799794
-17.990341987440097 18.603029266241744
-16.378840759848622 -17.877507280049336
-20.733133152337938 -16.940643552771476
22.409211264932086 -8.942232420642480
-13.200291203020402 -9.041817645969013
29.494127936816849 -8.602124211958726
15.269008901269656 -21.475234168653849
-10.580786722803749 -1.710017114135906
-11.534640123906909 4.609910661879838
-40.866277523836402 -27.255205661389876
-29.746594673494386 22.486260836044949
-28.877738394098394 51.427485166891358
-6.151217857115521 16.668495979917406
1.082010636014333 -0.702239241447334
6.449311310598093 14.677978224298947
-11.317901131820550 -25.768128016950467
14.618768223624587 8.268863522095113
24.939783721587414 22.759472164007416
17.700329849722259 -27.843244160862159
-7.643507225335636 -24.390631966715119
-9.331264577655539 -1.961158396743136
2.993286558865439 -10.378557187876837
0.348595080223621 -18.158489635272897
-8.151612621066073 21.276918809022408
-35.226156641049464 -11.008140969635322
39.215940377047872 29.324809870222893
31.745045666386797 -41.478249726444467
10.378319708677850 -3.982045196624688
17.688563514078115 -0.656039076296739
-15.059808657890633 5.620398826332646
0.625607944079506 31.610777565814683
-9.078266569810326 -14.605263678945795
-10.834460200431526 -2.334708738222386
-7.340552341572839 -14.201129842370930
-31.165944524130193 10.533543491124286
-25.174939768602222 1.007888562387833
-3.000144298820488 -8.730611312927746
-7.558660418859070 -3.755542986648044
2.580105856019510 -3.109472297407414
-19.427021471795840 32.160660184371892
3.759293491185139 -8.159430850520025
4.459883854187875 -51.100860523393365
-17.703770751307143 17.554416632546630
6.876789262536242 -12.501244772552564
1.293329423415620 67.253801045839140
-21.799404976056461 14.650232168578459
-8.240327862749867 -15.697793367141008
-14.086129297524243 -25.801823190801013
28.735643967954793 22.077913993166369
19.721935922488569 13.277967457108467
-1.926565244619027 10.059663098876333
3.306650389157553 16.527052654883114
21.585088058027516 17.629759345088562
6.826623999218019 -8.900526874851636
30.858044366893861 1.192541676209155
-2.773301638708785 -36.735907229699890
-27.535896002278246 15.892498871863808
-10.382560336229764 12.537297590207814
-19.982041965184546 -21.220450987291947
13.323208038916672 -15.964096916483641
-40.849844576518059 4.412968301077178
-24.991356005673495 0.009109251399484
48.939250239009610 -14.964503501207947
23.640181196138897 -0.543832422423580
10.831450860728184 4.671708544050534
-17.479557704510924 -0.873987153331202
-3.550740383827981 -17.483397929502278
27.503619024026104 -5.114554813705447
-48.878544579113189 2.722397914536276
-47.446873338749924 22.176634607521393
62.226185316955181 34.188702687851872
-22.290421098879975 42.540039692692183
11.421186795791034 -36.001522003759000
-22.587307238245074 26.161675341071852
-18.821977421588919 3.166781770949991
55.297194982508628 -6.222150816191681
24.419712716578839 20.631833401171132
35.375164621242320 -6.910663030108988
10.784607539530338 -7.513561094117489
16.782891115728969 -7.378202931723160
13.059441930089426 13.291059056369599
43.078399518545076 2.666122633745589
-12.885392445409829 21.520545169600460
12.634801411336285 14.725059216219963
-25.504914272166481 5.822370984734262
23.151098930530225 -28.497907443343703
-2.750998016422484 5.818024713729852
-0.918358990495717 -18.865197317710194
28.189221668138565 -9.424178786185541
2.460420938747150 8.448117485064023
-2.235806298644789 -8.704235343780779
-42.262317496142401 -2.629102881479844
2.547841001397763 -16.261771590331236
20.014594417936380 4.380074911325020
-20.027216994443645 9.293122434632112
-24.757652344409887 -24.782253983722075
-47.062107439972074 12.574257647314127
12.317455194720166 -1.316566113278130
-2.301230931706636 -0.121666312278290
20.028083392012540 -25.501440209945240
-12.812128175887743 -28.296709514335681
0.274683544325175 6.856464336925875
-1.582888326311508 -11.028605662110639
19.429190108330673 9.508172051093483
-22.162788115751329 -15.334507885830083
-2.804865112444941 15.874294198837861
38.298274834258265 -34.263003231919171
-15.149275611512476 30.837542624353443
18.682795944138338 -1.000750156603291
-14.510212944516324 -14.019325476941566
-20.270470224907207 13.434490201110995
-9.902222967376540 25.357595028289033
7.506933025450562 -3.448504056747797
15.454618620539303 8.021519248768398
13.623218896540847 -6.826744466551938
1.063103694652388 -16.276831372915389
-3.090782244117012 38.853344221511648
30.620513958671705 -9.637982338163670
-18.775770086011889 21.339978839044555
-34.611664744527353 -3.828476318563315
-36.356694062351337 -22.403367763518045
-10.842664642347613 -32.418349414728006
-31.126033904139238 -19.390751023996465
-11.133203755534392 -14.255305740010684
-56.296006965316025 -3.868657942476683
-14.255901855265527 -23.967292698554552
46.189169360518243 47.190576487523792
8.849084150077424 -12.475001902833164
-42.478389470518565 12.696633310586813
-41.787063679359008 -26.645157693800613
-1.588075494367175 2.980843312399568
26.643458954316738 3.926412237119443
5.416019247544874 -7.387382414950715
-6.961237619014060 -0.066042637519961
-15.693040648380441 -8.160961782879792
-4.020762342017789 29.910270235901105
-14.321488616269376 -4.824680981746972
37.255681417689104 -20.082969295472530
-19.341474590771632 13.091365936261461
-14.094317553482592 19.615345779064029
-27.554231976995528 19.788477497216384
3.362119455975067 72.239906135225013
10.965786063082382 20.022055525064605
2.827207457246662 -16.543820076788208
-9.923906065620377 -10.979943486497211
9.380252798661653 -23.976551278962560
-13.255930062231499 7.152134766447547
-13.472785440883776 5.207349894879662
-24.943105215845392 22.690745842197966
-3.395096221677702 8.797576002756495
19.732418225924370 -7.105060692660721
25.224975457803552 9.062145265869120
-32.509716855316654 15.164510288845385
-8.271741157348712 60.895413756953019
3.264704988433687 -29.279262549997195
-0.679602037906119 54.027624136749630
-19.450827992573711 5.644713483324836
-19.263090104523947 -24.550065045390724
-32.235290252788715 -24.976399622141706
-11.162298391996371 2.227849826977801
-8.927268544578952 -8.255217210155829
22.911384867802273 -12.998352248790077
-17.267046279895673 13.350114569990099
34.446339811430256 22.996041677860415
36.630027207190231 37.182087571570257
-5.251471332156777 -37.127307660511391
-13.747829005215866 -14.185543238160976
5.150855945470290 -20.669446744491310
-12.082827534638728 -0.665712699707486
10.934843128305715 -14.565808370618051
0.385109204007109 10.506046575076144
10.248317221944232 -18.197290468048863
15.861526462528190 -46.341569302231896
-8.561433837126062 10.919444749470989
27.352157796137906 -3.048231386073910
22.558786263676211 -14.000822547620338
-10.013961300772200 -43.851988621321333
-4.808599419971398 -14.966253345686212
-14.704924478833505 -3.641365402745290
-4.773181457798811 4.710854501573690
-26.682770315835132 -13.622053771866032
-36.654187686947388 -7.769300613552985
14.448871109434764 29.480693733054537
7.132255464252333 -3.814550791749900
3.441986401260214 1.326466214897723
5.289633923419940 -10.205412542909059
-11.763290370269228 -12.369842791059392
-43.375294576967391 -7.639032072421535
-17.241817041997216 -8.787152919427282
11.321816231407913 11.307219338513136
-41.401373570210581 -13.560292866180747
3.508582710243839 -40.882642160986336
-27.329647528009289 -29.582777672441768
-31.042201666238260 17.555314315544869
17.830284369362499 -59.296122725855746
32.525587097951785 -5.687558032084321
-1.521112677133277 -56.977068090980794
16.033823803930080 -13.692899758274072
-37.362789057005543 5.926933894804963
38.861352440918679 35.968723447562716
3.780204628151535 -6.119883659466459
56.498210545406558 25.182249468983581
-13.874361333794745 -20.461775968745350
38.766185206613045 6.033010463526232
38.874715901929136 -23.819012451495301
76.783095580057150 40.819725664712607
-1.913296812512864 13.703281740329041
-23.662641861677454 -8.321964255671991
-24.450093772947632 -3.332168965941582
-39.645219661943386 -39.601651591039825
-24.852629412386626 41.322986858850058
-15.151291612358776 -3.891397226175285
0.211218681127320 -5.061745315565567
-24.723526872646847 32.161795802126292
34.305192642701449 -14.706119114902402
14.716274430849211 0.178460495370896
19.846946257549341 5.913921883886999
21.653362589195183 34.232347503198824
-8.397032622563936 21.454349261732158
27.161979523074628 2.350165124326981
20.523598944698115 5.294749677131591
-19.583041055872641 45.207807795960441
12.670858157194143 -19.183679792514141
17.009012680754822 7.090238283856873
-12.200215590610059 -10.840255317590994
-25.389691048974797 -14.614268455000214
-24.709219236395398 -17.421117144855192
-24.738704939102401 -51.011035289792773
14.540760119239245 -7.516755979646465
3.728485294424459 -14.323235836716563
-20.926578998079741 8.815090937744378
6.329196728218877 -0.803454576635167
31.769196128960321 -17.326511392570048
8.538843058703888 -4.352818840608451
12.416326981568968 8.631917255536399
-30.736411508217394 -8.559382652089667
-28.027509432702924 51.845886697766957
3.198285398618776 28.152761185789014
-43.019183782543806 1.438091561147182
8.114789449371406 -27.141678983555003
17.661682791640228 -2.669858750953624
-31.420103758608203 -26.564791068609228
-25.593499090323206 75.345940817594737
9.131683328445298 34.055015188319310
31.482612907285226 18.527704373437423
3.179876154382782 -8.420886569510044
-3.020949493422990 -1.999553060003817
0.417383877720071 19.735772814134311
-15.231840504318230 -11.014572132486151
-26.520496666027697 -10.665620737065707
6.590804236850537 8.402559257328477
-12.447435143640691 17.866880889217487
42.947687601611683 -9.979384204158050
-35.521842602336427 34.493783124677371
2.273694519752714 19.864441205487683
40.842285378110546 19.826269307382383
-30.351414966221334 26.905375790961681
-24.531499944745928 1.025024357617786
61.530470851434991 2.706596410042720
9.455911635705469 43.163200364587716
-10.686277461695532 -11.564254343652514
6.502441156550004 30.484345561530461
0.618036465162336 2.488367335782768
-8.922011077315025 12.264207921153918
-5.323173245633825 -11.681618571033720
-50.019196252654233 7.203832316558447
4.809760663423344 -16.740036872141342
-9.923124234451782 -7.270620325484433
-27.379103352443003 2.357911831219690
-33.789643409460382 -19.840320768536785
-13.346793720362029 -8.727015360707673
-10.699308414847602 -15.052807339011444
-13.510420991155142 -6.829888822021222
9.804958926955825 11.816603081074447
-7.445567459480109 25.015585286025285
65.687516248455054 -30.460366855449177
24.863965115761406 -9.628975076326549
14.574572590415494 32.879320673806639
28.745615133823044 37.936852849391158
10.616713765051419 7.698775004486738
-21.440188528259927 12.434623368456347
-3.244599858541355 26.241020335978099
-63.677213670823996 11.756767831103149
-24.314212412446295 13.625244419247599
-57.924782758367236 20.156653753228024
36.581068314310777 -25.701582791274024
-69.240764963154717 38.740073989710467
-12.574917124933476 -46.880234041506732
29.706764432565876 -3.160064529288897
-19.128620505725536 -14.159895006335471
27.313006302349685 41.139655855531750
19.389698597638446 7.502113930950004
37.520916301788475 31.216379405662742
-8.479749286672375 26.655917600255957
12.741540932412084 -34.805911839637083
-59.782866098380978 -14.339758864915543
-3.665228990757937 -27.745324236390246
-5.391937677943543 1.572951787267426
-25.084257733763920 26.823876246098141
-25.676456284861782 12.485280958876512
-16.324506748471467 -51.814220486229530
3.771012229189567 14.448782440062079
18.454202062051074 -40.206650246708527
15.412993960623620 17.663255587802325
-3.147757335371169 1.872837556012320
-19.897128288566524 10.469223981270305
12.002778160219092 21.355677075423738
-14.399593234983429 -31.553652445342145
-11.192105437596526 11.394614753711560
-24.579203541796616 -13.915353845781356
4.996238448995477 -31.459221931249473
15.722908517541889 -13.789562839984086
-8.887947090312188 15.913314373222232
-0.481433026003844 9.144900460450526
5.768329811587441 19.377009118680704
-6.937252665496238 -2.273425501544285
5.181412262025034 30.322989389497113
-10.338777866035905 28.360724918490074
-28.057988735951596 5.395388846390675
-6.226332071882323 24.449283688449324
3.511378354209734 1.762582188868693
-27.274130030630417 -36.014209437217531
0.782583144143173 38.258057974401197
-10.543073720405193 -9.054701675855709
32.427618458451477 -13.470887812936189
-17.256485048994584 7.892798556378064
-12.791317173227247 -7.487475900843143
30.155370953417542 -10.318403698570135
-0.809740563754259 -22.113964322641184
12.050650895072724 -71.740727068007004
-25.752807635663842 6.907350518597897
-9.346231512224033 -8.072600627376447
-37.845655832054611 63.667640683647441
15.383277097214966 62.518905545240919
-21.764269267820822 32.402905730062109
60.835751254628967 4.436533931840758
7.658637577064070 -12.502467793465241
21.865030905654525 -37.243247667413449
14.926982613190589 41.706741964857081
-2.462089294622550 -10.274777284326984
2.915336362379095 1.624012097992399
-2.823457473222970 -20.867441798681732
-10.127401451823394 24.286409513907273
4.143357196730552 27.204023432475800
4.600802460691145 -25.187406755889800
21.860761183415150 -13.958679147509470
-0.628144921355288 -20.776187245086835
4.472986447509263 -20.887006642853912
8.540899356532199 55.581928371186180
10.285732526872604 7.389319017311360
-23.946039270725031 27.533827299693463
1.971595683023418 -1.013113868000451
18.879511452931503 21.260365081445574
-17.633307299604290 14.917841011126264
-26.090847634964291 -21.354924458773066
-48.991590391726291 26.030597192043786
-18.476258634341768 -73.670082401580373
16.052631727531335 -22.096232953532937
-0.077555889740406 22.120039384017286
23.003235516477648 12.884739085027261
-13.500242243754927 -6.858535077707971
-7.810019431362320 10.561052327772696
-29.248177224481630 -20.759963909562590
-38.378825918141722 0.922426565686806
13.847470135163253 -35.992312029645845
10.636823929314252 7.081824534282944
-14.242536362397656 -24.180714080506782
-38.486992291031932 -5.134142097377374
2.306453817467953 -12.005979299762247
-18.368123938595833 15.992625149017393
-1.143295036955977 -8.217568225173657
-26.641373537744272 29.710647004619428
9.282237633017479 -2.774595289769028
-33.031437316079916 81.437235257376528
-28.834285668765450 -7.140755836793615
25.661856464486792 -20.494756269499760
2.803132955336376 12.042622462989765
-8.866145915660347 -34.986512451865721
20.467744110883476 -57.152941888734844
-29.180940299172047 -6.983276367191449
2.121089453534167 14.563004931050109
0.282846807448748 6.354633810238554
17.943339007974817 11.386551560845131
-41.226717438645501 32.622766708997659
-24.244714296354402 -14.131886953758366
-17.022171559833438 -20.094015317373803
-38.116156109410198 11.220525423262059
-0.265442405056668 19.959877768042311
-5.252790008236059 -46.389695850101219
-18.357180820507828 40.321662366927157
-43.986498002453921 38.471624594489775
7.540331806473396 -5.239791752930564
1.484283241446665 -26.357442017259164
34.274835185514149 -5.096325305448255
4.397251367990209 -35.261310788319072
-16.336391474462765 15.353160205747404
-24.103530370949962 -1.098565963024707
17.241757911258421 -3.546302355934656
2.151005011715018 -25.626539815954462
4.458705664454269 -26.486127586044724
1.644659054410195 -17.633314827616577
3.671939519537362 -25.102242504087165
-10.182644536977209 18.818456978458361
48.214540846403423 -25.853469835462729
12.998628896648805 1.264220741932558
-19.363471111737947 15.158602176194982
12.359372058203697 20.806882007473749
19.807715096006248 34.170785864095940
-45.776691962568549 5.606783917480630
40.203148976847380 7.091117423674926
3.879452219185612 -15.644345549309186
-15.771008561746838 28.354605467968476
0.478959476761791 9.275875613711241
35.138040771356835 -10.940608935179819
-16.734256924453550 -10.485103358642643
20.502837943977422 -51.514601824924512
27.280788522846898 -8.868029994350323
-11.086382944551630 -2.036874750294936
-6.937300274675200 -21.524453189017798
-8.998956845043782 -48.599087115932370
-16.952533156531143 -20.306021820049740
-0.750542288228662 -15.472942439253178
30.288013057494084 -52.690710811528838
-4.296497110652489 4.269680272618734
-19.508228476646913 -37.786722997934049
8.147209686584556 -13.726586082487119
-6.761010172478900 -13.584541510579013
-17.507838554982733 -18.030960909873873
-33.230190813764594 32.072798852825819
45.778041918967055 7.811842304421876
18.404725835676857 -15.824666677826841
-18.537640883576202 2.553821834171582
4.308817933484509 2.565481790710117
-8.923568006977481 -22.234767457623605
26.019928857968587 24.909804614967889
2.842481148596311 20.506928912260541
-8.242924223052388 9.871231078313947
-26.908550857041263 35.126127336170065
1.124366519916863 -3.357486045307568
-26.727799032782244 17.446825377941636
1.927926008323508 -24.511737088887454
-15.688692376492988 -10.455431667386362
11.071956683114738 -16.562652118426083
-41.064292497159705 -22.274160113128236
-4.466853054689214 -33.505289255495988
-1.504865656441329 -12.441147483857961
22.262059440048613 48.548571525762881
-27.208931282907663 -15.615207676925271
-43.159377724046635 9.356315568613205
-0.520394488725731 3.889983419445864
19.689927819683838 54.682994688276374
-16.336482504997754 46.016808539460193
-39.519843819767097 -42.438161492992663
25.533899886871438 14.333541656370841
-59.310794234853063 -4.272863372780097
38.854282528834212 -1.644522985102188
11.847188088777154 63.543147406546169
-10.120467177214085 4.197661935820173
-48.221962562291850 -6.228806221286142
-0.214026943697431 -35.054760461597901
41.700575111160667 -35.388807899083702
11.027400617079547 23.711429586562105
-21.016219071241800 4.070095504321780
41.144564053862901 -22.452329889830736
-17.877480751526878 20.089324253491842
17.666920849036604 0.821412799265495
-1.530471824396486 -79.400639499886978
5.225295176429297 -16.761267274144387
12.912144153026764 19.391996382077181
-29.242179959150928 -41.296521007702303
49.114034621450791 -12.605266568587576
-30.256693575438582 -1.146069228399481
38.253084824710285 2.174297592346025
3.795298855586185 18.470598373744274
-46.098125424556251 58.614105790106983
-13.675802812974943 17.071040567957148
-8.542033848623541 22.052489445896889
-21.742209183930346 -11.615254863220013
-27.715140047027866 19.159323439778994
-29.926011627504185 -24.748672651238753
-6.131559290529583 25.067221321151663
-41.593647369335983 37.377473717513702
-8.761497589663444 44.168990037350923
-11.128048071641459 30.459803250279464
-26.557664974620625 -43.214744190104739
6.328829485756811 -50.871621593080114
2.425656504036892 41.763234140225265
12.310598129624687 34.805449517544510
-39.197664379649872 10.537068429771502
-31.269052928509812 15.336958769952478
36.174423300041347 4.298446943884345
16.013998767782944 26.581640345649454
-9.951798596969377 24.795045142902758
23.182117003441306 40.804354618341620
-9.017858319625102 28.258671641009133
35.508690853692187 -14.018200662791763
-47.095040376659313 -43.389813448823162
28.846507330810219 23.349821425324727
5.673859242343247 -5.769382152553783
19.955810538081433 -26.148681014029155
28.565268309591058 -41.075158793885095
-14.020156379743447 -9.024051910475993
-32.872644293933952 -29.908183334818354
3.255025248736866 -29.887825873633865
-7.063695937099371 28.718359767152275
-1.631338709532811 -16.597156230900563
-28.533852065677777 -9.441206898126294
-16.249170868311463 -26.772240653550568
-1.292209041178797 -30.735258150318405
-1.798548303111529 24.096741112340503
-9.431328212752932 -19.941693736645597
-22.536483167529195 10.275466846752979
-3.187230433257255 -0.028179877345590
-19.398310440433516 -0.980863418741956
38.279732386889442 -21.754564423380117
-11.238490263180601 21.110767362706675
9.433002501682552 -0.435516216642299
-19.056518294453699 -17.198309809034676
-24.218700737848721 -49.625830930275910
-40.531432944093353 1.111821985195460
17.826524781213472 40.607482539750322
-31.876520967208091 -37.096761463593865
29.636600184369922 6.992654302230281
37.802686580909743 -0.252813313060415
4.969599571258163 -13.865595747460652
8.572255123456516 9.288526226533179
-45.365611749174889 -12.199811899043736
-9.060544636132104 20.928556206817809
30.476924849454928 23.980065986622702
22.900676745786740 16.303879878498115
4.031534581715711 -12.673258237309069
-21.114941062285723 29.646836008408563
5.611199145983920 -47.501576688617142
29.180856851340526 3.321577108835239
17.948320602689662 26.803098979901595
-29.482180657863971 -0.201698898196654
10.237407865775937 -54.080329935099336
-20.542684567177947 -18.298755721683793
6.832941916877299 -21.867695278243964
-39.875191539762319 -1.216720462579286
-9.552741367258788 -22.657385245101096
-27.676294871185124 8.733247394252729
-0.141484821235671 73.367889625778759
4.926423135852961 22.805076155212468
7.172001092155312 -10.948048384817135
29.670708864878463 47.780618242060079
2.496877026472387 -23.934095211844781
-29.043394070458252 22.137583943870027
14.245853844520679 -33.823861338184223
25.769742800959598 7.663488352906868
32.067032671985984 -18.711287411297619
-8.365358115973752 29.040861613802772
-50.065299052022880 13.553772192684661
19.698831283097270 -52.947899372731349
2.280028587435398 -12.376920115865763
-4.867770851542346 11.767115737368668
-8.229966855654014 -5.378573795196420
-15.061299688816076 13.935740291542382
16.155974872836602 -21.674989336216811
3.214857968822730 7.702961248111440
-23.259185941009402 15.212489714266139
-13.365818125088259 5.925401697306413
-45.107357124869054 0.271662823925886
1.187119762749265 -7.806315223596502
-5.024094702076313 9.229969678183611
3.889114991054352 31.511238705095465
13.720260520169180 -0.209553780880287
7.593080202523192 -15.440264302288128
-2.654020910194052 8.027376353048716
1.886843307911544 -24.088212954857756
41.391598829513178 20.012983773941514
32.508101294381305 -2.609913970479103
-7.972647331184825 -10.264017857977969
-17.601962254851486 13.457726172100395
-3.709345422354439 24.748723634612638
-29.875146060980761 5.751946115140743
-34.432624081178723 6.565783459226613
-46.430480807270790 -0.761896572703297
-26.455509150127305 30.772655602069843
10.161584947519952 -4.923930450082581
-5.769065782752484 11.491174404306628
-71.423246856343198 13.505277336010250
5.842575566224284 -50.952201639841981
17.476112620311692 -28.949180625559435
-21.399877402477809 4.331894394815332
18.638193912108527 14.174165009793345
6.180432452263735 29.814242873394701
-10.390356591095022 -49.443239280830163
22.296518872339856 -28.701520169340995
-24.604394173273359 28.768774856482551
-19.244005826438134 -12.636305025869698
37.324194284036430 -3.903163539745822
7.700713678892661 27.488846549340465
2.913999441878111 6.380991442845466
-37.259891306599350 -34.074373326621036
3.816406721999742 63.273139801952155
7.490333338273722 19.667690126768530
29.097901862873869 -21.165796083220435
-16.090544950613765 -10.781169935426899
-23.278239941984602 59.577044413904297
12.477346862438049 -37.428927718130069
2.685890056812470 -12.979181372163671
56.304227608716786 34.106618733335864
-37.802321245759018 -42.783883290050987
32.229998505684144 -27.354867637506803
-0.775958969628230 -1.585013323816547
18.030984458359395 38.060427293260325
-26.188569287719638 18.962438602453680
-6.391247690351903 -9.645166927752191
36.694057141266832 -18.968482949669948
-34.495754298388228 -20.964458320588069
21.456675343279215 -2.930053677836869
28.260050319566016 0.213498649293154
-20.195093227232586 -65.558615429754184
15.955455568329800 9.181268722857014
-26.074815989092109 7.054316504704360
-4.414892189699071 -71.845679008473567
53.513542863417811 21.244719589560411
-7.357335950745277 -34.323964068215666
-3.082251637741351 -3.333925329478020
25.552541919633029 -10.571202167053219
19.088483210520039 7.022101590111093
-19.451640718565780 -9.351881631350551
-3.864982275790681 23.139312420689340
25.103810757581066 -46.723234511667684
17.602410111683422 -11.392899491282497
23.829482506482904 10.078230552243689
-16.921297884106856 37.702238647287672
12.485225140509691 29.823945690529385
4.163277440522690 7.475987180243287
2.477678446613484 -23.453118490701350
-65.859830742637399 -20.932842200139877
-9.657783369340816 27.521897590723118
-6.855280941306993 -1.201635234531141
4.685964394380537 38.740369175879813
-28.977560856113541 31.947522553699532
39.806736302477944 44.514812956161485
10.244147329505232 4.089410467514157
11.300169343827985 70.307724313575847
1.188486782170864 15.074086143211403
-4.520132544560627 -0.808245417356133
-57.050642016897534 -5.755098852952667
-21.638082337751715 4.151691186247264
-6.136879663234456 -18.235835298490912
14.213956789269329 -22.930408354001202
-3.178173337435575 38.510720291752207
-8.835495580792120 8.269772090003004
-2.669667230060337 27.313692327431969
-15.374049908189063 1.681029303591251
-27.615524251687383 33.240193658737923
-15.741639660971916 -15.875065307377747
-3.888195306878092 -29.504142589210016
-34.826404666841569 5.879221348975028
-13.415445583756238 -22.182361620942192
-8.779346881631739 -7.816882096758362
-0.558180617567971 -28.687571763130780
42.806234655979956 19.037507002690006
-40.831486671996487 -31.811718707902649
14.838337896922511 -14.508069987750508
21.595576547494243 43.427350357257104
16.064434735044362 11.735375541526084
-45.912414115763703 -11.752296222450624
-5.572647197957429 8.135061375893228
-7.541178749826373 -2.707294260472348
-32.058659543978962 -8.662349689904126
22.818132634081266 40.294086140714974
9.507914783469984 -8.889329818577526
-18.207391442565736 25.598472971632638
-8.249346616564925 -13.529831537753314
-31.638292512134392 33.393522007361639
-0.564019926720246 8.936531779306714
-34.034876791989021 14.778213802639323
-51.161645165967123 -0.838170397359604
-27.229949720883965 2.278291542244681
5.296253671550047 -19.327985414905132
-13.254674956700475 -15.327128419252025
21.960374358423771 -39.038622047134474
-6.698205951562783 -17.216536352065081
-53.117471963344649 1.335851976916733
-3.427916884008025 -21.193971219927413
-28.814715591222985 34.657087525997419
85.338366710040859 8.613109032901180
0.651230143018136 -32.274694722971596
11.912628695249364 -6.418109900947907
36.826490566380279 18.078190849738057
12.848384340813835 29.635623307477573
-11.785208985245211 22.011060739111450
-9.156669648083712 18.154500801453999
-15.259150622223878 31.960750045508309
-35.897655863665918 5.996312341300820
19.973413342934869 -3.979858509843439
-6.778563382528049 -18.682868032970124
25.191598844759966 30.496274878934635
4.201607962726836 -26.042771160027133
30.138514023610249 -3.249922034143259
1.751286204625158 11.083149131269066
-24.080427011445561 -2.481910077774728
-1.188397560078907 -34.414090299143268
21.780335699187120 -38.256320630211000
20.554989504473205 -47.871399641620066
-14.098511618417794 10.404605288691629
31.358771923570423 -4.656986633294906
58.841468415708690 -2.609515747169136
-3.796281150038572 2.131786852999829
32.918165845035546 13.936916497062645
55.642517131590616 -43.819273307829135
14.093788656438200 6.092792155202948
49.482546097402960 -35.749665461295024
-18.337807629640324 -28.817534748606732
2.230072922606057 -22.848687301391433
13.284909050139303 33.361313001404959
-4.533598229381380 -2.249832960915183
-24.217919040902437 -23.779332737145239
17.606986806974142 0.641730014974917
-22.354677145616829 -3.741568985829348
9.320019930537292 -1.805192206565122
-22.198622310978415 11.503019031074290
-2.298514027497721 0.449084129614978
4.277063950233034 -4.529324606886231
-28.088519196464468 4.684086689353527
-0.942314423029661 2.134120882882497
5.763379806282923 33.621121830463785
5.506379927448857 5.872718334971071
4.605635887322062 4.285526368954951
20.204695797778381 -12.180427090047555
-25.326525720724657 -20.581849415542035
-38.746273488382833 -13.336085765658964
2.176471287132504 -27.773787416663993
21.911928185184102 -0.302823713578437
13.337479123632642 33.955799706073847
-6.896347650756733 29.694326513388742
21.167953690032835 -35.828048356516625
-34.917763983413778 -1.601316219452157
0.773358609874341 3.446132524151845
29.528693475322584 -28.362009662315728
27.758353246109689 -21.364942181707768
56.573394561301100 71.472849723713807
-6.651466531883998 6.064921036103577
26.804956711272666 7.383527126841773
-42.976137040291803 15.666262167247030
-32.291391156326227 8.932307993470419
39.043173481687340 15.363503004301599
33.417407233861290 0.260489319703364
-30.136509032341998 24.999010137716173
16.718807401524440 -11.223743477654761
2.808981711980070 -12.471568691118621
-7.713369877415833 2.532577730103955
-30.421650463766731 4.244329315142569
-23.999929870945991 16.886724052809637
-22.401510596829681 3.427899302675514
36.433201337899838 4.271343598212317
22.405853306740106 3.233937023498877
38.070529303790323 32.115647559771695
-35.679942830504224 -14.138977379555179
-55.942216003615584 -20.048567706247084
10.671942366733582 81.789016153950811
6.800396043652877 -8.776774461121903
12.728278765255986 -11.303020408094543
-27.369945398680819 15.639085649561290
21.363911454606960 -14.930178450672308
6.308381794779063 -1.902848955509444
8.174411187058713 1.956550212621375
-12.773366101093814 -37.271354522636969
-1.052903906944582 -5.492483258383231
-22.720359466459225 20.735708606255024
-19.830108008031356 47.023230984430036
43.043373477801588 10.285035299392876
6.372070272224105 -49.177306382521735
-25.038354629464944 27.209633683667139
9.001221568502954 48.159422633873000
-2.775473952814656 11.918878712664812
-8.250866333785355 -26.335337959620500
15.530083805234220 45.901007744902834
2.538950418901915 16.404287670606191
4.831279347291479 -24.128113378755987
36.459078865177787 31.763746720116472
-21.908292490625342 3.739529078870522
-12.601323327212402 35.076082935616206
19.332444470693556 16.395208493283747
15.033115286638807 16.957793195533149
-4.002284106523229 42.344845721298157
24.384955575807638 25.626967966807129
-9.783244852982330 -12.880347204357017
2.972208871146677 -5.136208916731868
3.120983431638349 0.799020344127608
14.193908921342038 -4.191599506489482
12.503636204200749 3.573138402189124
14.438705965268099 -33.524023946042938
-32.879406608158817 3.760129574125971
13.126536436175394 84.280619201109843
6.421095570998798 48.399444278456386
-16.346566624545229 40.605742117696032
7.824074296061021 3.430172053890697
10.476886889165748 -1.892735991169922
-67.748093977192212 52.472543622255394
15.432675607185255 26.267366193927153
1.676455394936596 -25.505627343456776
-34.734626534328363 46.132115322558320
25.659715504157578 3.945496500725626
-3.415815670107330 -9.002863918636871
-12.754767100625116 -15.878996386555528
24.594898442159767 -1.276220616466534
-5.742443324841907 -0.309899582918595
-21.522669973937571 -24.090820547878351
3.309130378433816 -4.893210731673141
11.407158990233960 17.889496940104898
6.602170250472827 -28.877520149010252
15.076553026379210 12.008777170827365
42.925783414311105 -26.965648174695339
45.454154977955490 -28.107649985347702
-34.141482020790185 -10.628277503541733
-0.969439600103964 -16.729980215607902
5.461395494535535 54.814136483809413
-26.479540995672902 5.002636165775904
-14.647976187339140 -28.013224806588202
-21.464264050106497 5.087251605767560
-24.492788589608161 3.522845750568608
2.515732526397047 23.528114091259365
4.626552061704788 -26.475207185344114
5.541916027127471 3.938572410780579
-5.697862464659941 14.423472019169381
-26.658438886419678 -1.749449020832035
5.568190261501513 13.064707071872517
11.741890557197010 37.154740373014619
-10.328635728690330 3.712627066744491
-5.905914184720863 32.897403503300787
19.998302540492212 60.996541964488166
-12.006211076290057 2.021738210074425
-38.362637842140614 8.837675802326368
1.954158231604077 -1.560353305789434
32.804093397061031 31.224038042843240
-35.541598943868777 -28.252760379310736
-5.738492493047546 -16.574363318381163
36.132300588733536 9.010900266738782
12.218833291522008 15.052478278790833
27.166833957514914 -5.656414658064164
-13.213459888965277 -24.810413985595382
14.561914136894003 52.790692315887149
-19.787020107249376 -7.060844854074529
-25.345818943093487 -9.106734988767458
-20.466804889736210 18.145738866075174
-5.462943772210627 13.426528106870958
-4.863011517607774 41.484001221063068
-10.217741158248607 10.459840691388301
25.186496566116443 28.165199415263370
-37.348337045571853 -22.951315389180436
62.656814600175579 -4.748169699948263
0.593285358540471 25.039062173409103
-11.465552484552033 1.587544234652770
49.482564009733601 33.487118051252480
49.093142808022805 -61.491187723313665
-6.694122762870713 -13.123496412568976
5.022690207314084 11.037586516568394
2.516614809375349 -5.847547955283994
6.744445087012796 -12.674756385806820
3.008121843376494 30.745699609415791
-12.007393429640853 44.585763175508902
8.771406864506314 5.216752925364005
-2.738940203139082 -13.461438369653520
7.240906117048172 -1.954418004828521
36.940940468189723 -21.315476545768121
-15.915452828682135 -25.672926212994863
-11.154513946370528 -36.310736618047997
35.052645162861452 -19.477045865111478
-49.360627948712761 2.351616918704008
-47.345707827670260 -13.556321374838294
-18.891981864577346 10.112692229163356
-8.693348225660310 24.879272987648193
19.595844508184733 -27.007940400808341
-14.661843646953994 -0.193698996033471
-10.545525353342919 13.939559201759341
-16.813973511281077 12.182432064577570
16.017686863825009 63.312755328508558
49.431058880684603 19.458956343077460
71.942107371513671 -11.071408984785375
20.831684557083587 -19.499692469972292
-12.495258479827667 -8.213364181529284
36.273987452705654 -54.737447547384214
26.026304383199555 -25.914300350102128
19.090848199427732 -5.335537997655724
-35.396393564348429 -51.466534507973080
7.851578364370831 20.999166808808297
35.579643456762703 17.872028984850655
12.620038145539741 14.471389822002426
36.973627412939024 32.642497006728966
36.748932683742666 -45.163359736942304
3.967618416774251 -1.369373757486319
-8.817170492446255 -13.764614968869614
2.937680322487700 36.267765445084599
24.386414342389184 -7.551304732797576
-6.935182511170252 -46.173134838571272
-42.465983400373517 2.902231227637170
-34.613017691584041 0.612764777268975
52.648933860718188 16.972646423135561
6.646548002577291 23.016055136872012
15.875856616713181 27.467499237028125
45.795313892292363 -57.840222366535777
12.537438969777414 14.432127216662860
9.868892985965983 34.732740479363329
-19.315711777236842 -35.234772499657709
-0.153100865895071 34.768672701581458
40.404568208743285 -28.044445304738311
5.538016699243022 -44.827838453023915
11.676437744399070 -36.381560154541141
-0.296566722674905 -35.582781261200871
-22.845163062244396 -4.014853686005158
-22.777821943546829 -15.281034880496430
30.892791729440923 -44.095797611471482
-8.311854205192354 -11.406853393825397
36.194448841466638 16.863267919076360
-47.761255863222452 5.130848851035900
-17.938119072791945 22.797243311195004
23.669459816898652 -7.761461741452101
1.059161640297762 -19.819456983851648
-6.789733161126568 0.175398197530363
-6.867323601499224 -25.188823376033348
61.055628947827017 20.325619169046551
-29.597113014186373 50.009319596320175
28.684759924319501 18.950805586203408
-3.231766981658389 0.432092187088570
39.339192112766270 1.312729797489655
11.746249647096185 11.621534657761845
2.057389837380229 48.391053840356911
-27.951895233131321 -18.245528658041884
-43.861520081405374 7.300331665503832
8.512280355677166 32.416483340033018
30.519986696356582 14.879216570354886
0.207463478689001 10.259851060980971
-11.234819805931531 7.153876570870206
7.785551122167495 20.300086239193096
25.061346197308477 -54.673751206793270
-44.452370294492589 -1.749790398007211
-6.443536403626908 12.646900990788621
5.828363686306299 25.780910629645639
-10.777004965734472 -50.774085319703161
23.517550125614118 14.612042040495355
-1.290506516791196 -7.054114896312417
-34.174671443219935 -20.053999105332501
23.815027411750464 -3.177378797707592
-7.257561176571658 62.362146939034041
7.876471574922753 -36.331873789883360
14.265205325931314 11.338006045980629
-15.810723440477915 -7.441809500022146
19.148675505131422 12.934452489973326
-14.792167830346758 25.618328751141121
-35.768775370775039 64.441662374826407
12.548784308617947 -36.792238762713971
-0.122811551052383 -12.726101098794604
-9.439374870385393 77.899861096424971
7.586163039596750 5.695770758443283
-1.304659575681617 -31.351713667534039
11.131997666256135 8.320967399223186
-20.394795200681145 5.928972520343733
0.304122868877651 -35.108057818229710
-8.882491608259144 -22.718677216596934
-9.225290643106453 -59.807151605844375
30.306054424104982 -32.696101024403532
-8.932535456972017 46.220227802119936
-49.570863547125086 26.434756543221670
5.882775806433733 17.556303907406651
34.778781655257852 -34.108260350241984
6.588505730255451 -7.720452942502255
-5.873870772351321 -16.631793667408814
-13.039679416973433 -12.985023298069802
-12.134432718194143 -3.523070694068596
-12.001026512002261 5.811850405462620
-7.133198589776763 5.048249738155357
34.887855057865927 11.271281804677148
-19.524954653269035 16.847481101391327
-12.135599812114565 -1.326405302217119
-35.548491952380118 -40.550231714350289
-12.357495085992248 -28.824957578186662
61.625728299503351 -13.079022042674207
-53.343250663867664 -25.140701192352431
-10.422162312887879 -3.158540223169387
-27.646863124621024 5.096840296254761
-19.600068622684095 -10.418618632359136
12.422644331383252 14.857854079341136
2.264256128381099 -22.385156636658454
-12.829394089920626 36.325760295558915
3.240449226063902 -1.690185632717015
4.334352607921974 0.887896654970844
36.191401709359667 -10.879315619774612
6.761428927214895 36.783871819794584
-18.635755207635565 -18.331817975052111
17.917185890163925 -44.537506633806004
-3.523561999647442 5.249798576785977
-1.012495594475875 -43.341728987273513
23.255103465451004 -50.022029479823942
23.004101356978303 26.729431938076530
5.712430734433652 50.476434204205958
19.471884852446017 85.345166777340694
15.724293384936228 5.735670391068037
-13.230824607087957 -34.119757982246924
13.286528890906302 -4.701237172047562
-22.736770949957858 -22.614949642543849
60.485278891124409 -28.275085529293364
-1.275486967971314 9.913980296852650
-13.306529168093137 -20.388324566462074
7.192837452505938 -4.280468804067495
-17.703900585673132 -3.269915808317281
11.665885623834427 14.551103394911323
-29.993065341414290 9.271394072602245
24.802292491359463 22.106338826020064
24.967711182873302 41.486734883876380
-12.702763428254489 -41.098687114934719
-2.661175980107825 -31.066062910835313
-35.559593462257361 38.394866908844890
-41.924072264201506 16.291303733569560
-4.784919303793059 29.241117961889540
-12.442463627633449 35.040959216758253
8.444440910520282 26.462936132741333
14.198538688659523 -2.901443166597561
21.376918005720139 1.662001074586122
22.184360627756938 11.430466046956711
7.811644683056114 9.906948262205594
54.006432014957007 29.076352144542710
-42.152762366583282 -3.041323731271903
19.438156344453063 21.408823561671475
33.393444244180813 -9.588113084202183
-20.720584591314839 -47.783742655258152
-35.573828822253724 43.611370151927446
25.889099916104044 -11.448737823633129
64.700963343568162 12.105624416957975
-18.816086035344604 -20.560758795082918
45.484483637393936 -13.810410285763645
23.853481083814749 28.706553327977680
-20.153238165520616 -13.232198183222453
19.950710360147561 -2.909649930199268
-24.495904531133686 -11.043617084822928
15.358055690437270 -6.511183214404423
-5.360828430868479 -37.852994814448714
-44.129324735846815 -49.594316287271923
16.901426045827996 -2.617589837570091
7.570989385273074 20.303466385026795
50.536577155024681 -31.253614525409976
-11.124038237646646 13.515717331473137
34.765184222129243 -21.400819699844398
1.017222095617281 -3.406888116081335
-8.010014180743250 25.351508185444658
53.840114834976838 -3.443160203902110
-13.622431260980582 2.718572120638548
21.109298999928285 -19.437601984919173
9.433795093143159 2.233711804766298
37.769650009296477 -25.338903747484945
8.197850064541978 -48.740010553066782
18.597483435978258 -2.475487122179047
12.079736140383236 0.380475190228590
-24.111300015977687 5.483024342499643
17.916467369195214 2.698169548624855
-17.881015368302254 -18.414190148834720
27.817500060331742 -24.928431175532236
-22.032223792506272 0.832193416327096
-19.279590234404470 -22.270479906332007
-10.748475531732877 -61.825795039645847
1.123681141255709 39.445632551454132
33.924429691234977 6.316586428540072
-27.890887016803955 -34.275956335386255
-11.695673941383612 29.222096116561676
-28.639792253625860 -42.354551798856882
-33.961024888676270 11.181224155575093
-19.467875661542777 -7.692149034078708
45.573767453358080 -15.263961192611490
-37.650127183910122 20.046952889121062
7.197940970982190 -24.223516117611130
61.802445403357417 14.382907678280818
24.339927407137328 28.378827631320519
-4.862290117883675 -1.700159545524675
-37.676656190531176 -45.879502386330955
81.519866398375640 1.377733671809887
18.321586455022192 -24.620742362992935
-40.218655442790109 9.930451707503515
-13.030374549206321 13.748302086673446
-21.752416662830598 36.172238674672656
34.722836568954989 21.297302359103988
22.672041588397310 30.739542113295101
25.622447419600345 19.657878535877657
20.996911099900398 -0.974034720059682
-3.224450222488662 36.984981130130663
17.231934442335980 -31.119268495592749
21.483486494052872 21.761797938218905
-15.109764163821625 32.835755311804711
-29.910043449629320 -18.574267161051399
5.312525430880938 -5.204458755893393
-29.854396021568967 52.036725806619430
48.329364076831659 -27.039191285628597
-15.889912298561033 -27.591143846851836
13.362172403515247 -38.386771174341440
-4.801903376025315 -20.404173733211923
4.605447404153524 35.218211297311797
11.677682066114199 14.615558584647516
-19.075708627496454 42.652997165662995
-13.389597454316391 -20.112406437036647
27.901171949549905 -8.788814548010130
-84.880592749349972 18.550476987674212
69.481495581048051 14.484622669796217
-9.577758198675788 41.727992254902396
13.843345189434840 34.691919630023989
3.396168992088042 -14.622252502097117
23.288566345830510 6.856955989049803
58.803073351053193 -35.129041776443451
13.093710584119968 -14.299327205012338
-21.487666427713890 -49.291080264800406
43.074098609875676 11.088221242530274
18.699598450047016 -23.635547898305667
14.017744161074294 25.265667083715659
1.854182163370965 22.848748764423892
2.590397471834293 -32.584429166976584
-8.007557165314502 -24.612970047627336
16.849242197782996 41.243293095817712
-5.124865617943923 -13.707598839859966
-5.153731088773383 10.201859313594220
-14.972143306151233 46.356098974846212
-25.099265602730480 -20.172216211620036
13.875149877921126 10.524638809757501
-30.486277841467249 -7.869964618389350
0.285221979628203 -11.228865588578731
1.504388161111122 -17.448948539609660
-17.146741723285093 -8.755951799271640
4.239975239784749 -27.587158735569357
9.260755619507407 -4.255438809414418
38.586532097949025 -7.447873643776336
5.916717468661989 10.020729938537766
-11.680828222957883 -6.398206873581527
-44.730103196486247 17.372692591914753
14.482933508229003 -9.610024172366382
10.753245071413213 -0.536643834285553
-15.887190831064487 -25.796623284983166
-34.834537325357580 -14.234692491911709
-59.260295682601864 10.244325951657032
-9.760095668157176 12.037459857282487
-34.837280191922289 1.123948614422569
57.392206637896827 -23.967330183235294
-25.840840237581137 -3.524975100690694
-43.028126570888489 -26.042378486677620
-27.787884421965583 24.461226065253463
-3.101526934029091 -19.974882175734596
0.600788642329712 -15.465991237901104
-41.732584212292544 -22.841556459391182
36.738923868725479 24.527908536640641
-25.279014676069469 -20.532274976649681
1.968567662488788 -9.101922519928193
-34.202744672181183 40.728780921971484
44.331646419783866 -11.583249122778769
-8.377988647682724 -14.323769035656515
-32.841609079622827 1.267964956221728
-13.729056647280609 28.205685550832008
25.084372213218575 0.979247476442428
-19.735697913819028 2.824027502500340
-9.500712522237480 9.392069083994684
8.601864501130606 6.369527510271464
34.497044158517596 13.776901038006104
0.229571573361769 50.199305588217278
-4.359269432040795 19.444130867818540
-3.384217589612078 19.199875214730191
-8.890344686987691 -31.836606042627245
21.598503991131501 4.825839562395656
7.077528099360230 -26.166905089465242
37.124541237619468 7.711379522405624
20.768149809703370 -57.859277054756241
20.082235440005217 10.048553346320805
-25.514501031523380 22.639957842426444
3.504565448564595 -19.818316780934943
-47.791984631605985 -27.603765631529175
5.340215720817826 50.150658874138642
54.603400531578139 28.329927200151261
-15.642933863529926 0.191499301193793
31.662496442042190 46.149006555416328
-30.285052910216976 18.408140639060427
-2.060275295524984 25.337073675655102
-22.061700142744385 35.539778244315229
-38.277061412327015 25.788903010816924
-35.832536807848243 -4.442475694214784
-48.179151054273035 -8.623175632933277
-32.145701350666251 -20.146228704912435
21.358899655416945 -13.731618523101560
-34.629731391442206 11.525634668322580
43.125983092948452 49.738229305001674
57.743547997252428 -26.263512553936764
20.732906194379460 -25.098817666821173
7.725340067037493 2.733732499432522
8.791320153842934 -13.388933095888115
27.559685318659454 -5.149986550181155
-16.189578311823379 -32.574060866454644
6.187249249726643 -10.360225756731612
-3.516989984739982 13.046855633916824
10.230273704003869 1.669978780956176
-0.618958971140673 28.659644083522128
27.517628439852118 17.622876155398842
28.538436367578544 27.096911718053537
-13.835585877550669 -5.349151166336722
9.210296908661300 22.743629967280125
-5.222274020233724 -25.230353396286091
-23.092983899336645 -23.986283181211412
-13.323833505432422 3.502931430972042
-21.388705890289664 -60.788109883787286
40.151346505949057 -30.466079911403863
-20.782654892968512 -1.998344453548277
-4.386068694272351 12.198562628757561
-13.148900028480858 -31.502728746420374
0.299130440084748 -17.350089612631493
-34.558773038114857 -11.451275119791468
20.820434571463277 48.929059026408758
8.503293096024438 16.146172316658877
11.255165659598998 31.488189227137500
