0.000000000000000 0.000000000000000
0.000000000000000 0.000000000000000
-48.902317259309314 0.000000000000000
-31.170012160793899 0.000000000000000
0.757078572070950 0.000000000000000
-21.156256389337504 0.000000000000000
-55.211730205587237 0.000000000000000
29.106098027625354 0.000000000000000
23.047001981301094 0.000000000000000
16.764495324544367 0.000000000000000
-17.296343771249866 0.000000000000000
17.303979177265326 0.000000000000000
8.832193525544879 0.000000000000000
7.023658143517713 0.000000000000000
8.076407836028290 0.000000000000000
4.393993718148532 0.000000000000000
10.089189613985864 0.000000000000000
4.210990907012916 0.000000000000000
44.473922143295717 0.000000000000000
-73.369587986511576 0.000000000000000
-31.297280824970109 0.000000000000000
-44.176647534423864 0.000000000000000
19.337419011784398 0.000000000000000
-20.349881442788373 0.000000000000000
-19.629819899946153 0.000000000000000
-51.494231010199968 0.000000000000000
-30.017224822594166 0.000000000000000
5.105684803430879 0.000000000000000
20.617122572241982 0.000000000000000
-68.724030463020995 0.000000000000000
-11.088851437093497 0.000000000000000
-2.172703058459580 0.000000000000000
66.890833821474047 0.000000000000000
20.559213509361644 0.000000000000000
-21.020491039634415 0.000000000000000
32.622215851814346 0.000000000000000
17.186007699351777 0.000000000000000
5.393041609496358 0.000000000000000
-22.090352151975079 0.000000000000000
-51.272749217565881 0.000000000000000
47.005123805357776 0.000000000000000
-22.983948397782658 0.000000000000000
-15.326063867376416 0.000000000000000
17.627262026629232 0.000000000000000
-28.257283584199804 0.000000000000000
-22.478983193580653 0.000000000000000
-13.096223649495528 0.000000000000000
23.678422380779065 0.000000000000000
-1.421370881476498 0.000000000000000
32.224493056838433 0.000000000000000
33.165592894554557 0.000000000000000
0.000000000000000 0.000000000000000
7.991855526519419 -10.523591096454028
-7.877405374251776 -4.662533436118315
-46.410798258848956 3.357737484877781
31.644827396810037 -0.105233656243491
-35.040393935385701 11.867654944553641
10.477616355257025 21.018440589610538
13.528911085971627 11.754863118875219
-8.305378947335658 17.154938771428938
18.904733627371041 19.045586906032401
10.238610777916904 -13.133024820430585
7.492336643627476 16.367252680655461
-18.387356240292835 22.589915367453266
-54.550796071116253 -9.845436481772481
0.900412763334991 13.258952406433700
11.282826260312440 8.233284182291754
3.309038743929330 18.544525034316116
21.038831120694450 -15.785315502042749
-8.822318948154440 -28.196320552516859
29.967402486040505 -48.995422157855359
27.614510461426761 -6.834500408041351
18.668337830033344 -21.803532985843788
-20.613849927567621 22.147152511042126
-21.720344176386195 26.062387579508044
18.837951629782548 5.090974837865780
7.075901053626061 33.195689948928432
4.604615348482128 -22.964941003551580
-31.852409166063190 -34.863077412795640
14.976292786242027 16.674319828522680
26.400065797861860 1.138665245783593
11.132885544692217 -30.184541870396480
31.154678207438529 27.300972320115086
-27.537725996327026 34.782316961071167
11.410487909575600 -12.563983088071504
-7.925560735275143 5.038539185087576
-51.290266916092008 -4.358704968602845
3.094978398742653 27.613909730890679
-38.986479868239961 -20.593561343801181
-11.078069882279461 -71.622225747740998
-1.671295655564935 1.058964176232904
-36.420763313105198 4.610972661966577
-19.043012814811398 3.985773818991044
26.369649800954559 -34.837091790417567
-16.075635439698559 10.133995747224867
-28.893698797375869 -17.382570208843315
11.635264632089715 -9.977144767515405
0.606929679046090 21.573798843080525
-8.211953696454531 1.870894715217116
-15.067961858228687 -21.422518622358709
11.779737918057382 8.203892887666560
-16.117249647346629 19.201515878161089
48.357822653708226 -8.612401631219566
6.482935865416661 0.886777614404714
-12.737195680170057 -20.474823877981017
27.490372553330833 16.181698088416351
9.384452969256214 3.473629257344651
-5.091722103429704 18.409608829087336
-20.142476351292942 34.075796853094481
28.221498132894709 -23.474660280447569
5.649147984744897 -8.922592578876726
1.390005762387875 -10.739042039613233
16.267104784499423 -22.690152251476086
-16.465193259729471 3.948105868959084
9.573653469446088 2.876106517079321
25.014863672911730 20.613487241401497
18.038607373237920 22.597098917053824
19.823064331874278 25.241624159051877
-6.186944278576123 -11.576148940332960
-1.178786164179172 -7.419879058842641
-4.776230876671673 -14.274929161307048
16.217987524388050 -14.995435643374192
-1.946582460092813 -50.312691579385813
47.226072532025221 -6.974120824524310
-9.600865395777339 -12.442413684906098
-7.160723053342834 -7.660828267968334
-46.898375505919326 -22.821635399322961
-19.498344394059242 -34.730340100142143
27.057669779552985 36.986242107828716
13.221127182588079 -38.784978098082298
-24.355598523280335 -9.201349826824792
-11.056614170910629 23.576023732117996
-4.676607864718786 47.993807255951957
-41.274028913981041 44.176254321109873
11.248696431903145 -4.305701581734555
-24.338544219725350 -32.394102490708846
-3.696031170734521 -3.395390455060793
6.594367224927027 -29.622185345463976
61.087520142712123 1.451172253193063
-49.929939263164378 32.256824114622681
10.802960023024763 3.626544140472603
71.072068263122702 -9.444532269256303
-0.557898894523097 40.606646452474784
-12.315370056369208 -14.062876970477166
54.840985919010819 -8.630508244406183
31.066772235357440 -14.695662212512280
-14.390076500454779 -13.781540117218702
-15.444968151208213 -28.882822780353528
12.523373559546451 -34.803106311015355
3.219665921174144 31.325286433840066
-6.957397647457523 10.717204633399815
-0.298527504266319 -12.868929318285204
-22.605016190478803 26.890232037052932
1.685528398735856 -2.550492164751656
-8.821877599658732 7.771126567022409
4.321507411288008 -25.264677564308716
-17.247562390820800 -51.425808389788074
-23.452016789520652 1.876932669247005
-31.988115115126114 -23.991348401840913
32.862978549580070 13.454246094102995
14.227181475158563 4.677084414654154
16.381473089463665 -29.708310746684393
-24.649754777795021 1.141520147749367
-14.791135943458427 35.761155095662332
5.871638443886186 22.006691026828907
19.165353307160203 -8.310106022216878
-13.453189332920973 10.098317842514398
44.804787888011901 -7.205779853792444
54.072251397970803 -5.047910856892095
-24.379871930826017 4.577811198449322
-6.119304352379616 18.767708868939273
-18.122310958929443 -32.303184801963823
-34.394207851365138 -11.934702656558011
-15.921656322401127 -24.279098265591987
-12.336693674370215 6.938862970439924
3.924289905540684 56.946123823828316
-18.602556360628462 29.096502668467920
15.713728607374316 0.941824760921423
60.159313156228514 11.859811066626882
60.321819714330758 -26.562989791368942
14.323704839663829 -25.860270286301841
-15.677845073667923 -26.695632519066642
1.373257192515103 -8.465859181260930
19.178874056999735 -2.192556277964674
-10.232895840745000 -14.529834093906441
32.435254934124238 -26.113267864239177
-20.056202434216821 -30.809035314861376
-18.713160672963131 20.285728969624241
-12.689996564362691 19.522563483903447
13.419276007651796 -21.808642703722139
38.632661017241979 -23.820152051005046
-52.923065571564969 25.085539909541424
8.044476769486749 -1.921486060943956
-13.508354850167850 -26.764127971526271
-31.885375023765413 -38.224255721265614
-24.474913103463020 3.863984072856995
11.022986723294224 19.150223929782928
47.114176963784004 -15.239589147676881
41.739083621701617 11.491099529936445
25.790353324854824 0.975054392928286
36.163174027198274 -25.400671937754332
3.491346385402164 -8.437658004604019
0.075175068423643 12.586090987086662
6.483884813769047 5.156389208747663
3.434454226021321 -7.830811840471649
-24.925100598522942 4.744252381358191
24.018525321712254 -26.258089775182608
5.746346174649287 -13.489090340992629
15.779843536945448 -12.800261760574790
2.369633617529378 11.451936801560034
2.736117060546488 -36.993825097065461
-7.145619350129624 -13.373807847598364
2.158398504575926 38.942835716757898
-11.006263136799577 11.907858008802942
38.590527437114147 19.581724042071620
-17.504292072947308 14.967032379973652
-33.217322198966762 4.126604320251371
-4.411059715553649 3.786791206822302
-7.997952119556053 1.297048410637743
13.614678449226762 -7.179480334478019
4.217506549450420 -8.056122079899879
-16.996814459970846 1.936705834845349
31.621561685598664 -12.606247235169716
9.818675448591309 15.120361737210345
-2.826394145230103 -39.341057966877585
21.450453674301897 6.357233276695876
35.352275031232978 -37.133952267461581
12.039066406792033 1.335538913420674
17.760047318823219 44.666902424263597
-18.656544583308662 -34.725399694996398
32.478660539101213 -22.642606617672918
64.312878343187307 -4.633284820751768
-24.339372974934570 -3.380675945947011
-3.667792918808762 -47.839574673357170
25.279063654606805 -4.675212995844265
17.942984100630916 -42.722775104183036
-0.502957541075623 -4.651016471240531
27.229509079603730 -1.952240329050365
28.866338829033573 -0.839715183407334
1.279082323598523 -9.419030673339211
-18.617146415136229 16.986006881568933
27.863577624398211 42.807750977786490
22.097772261698218 7.774727771427654
3.309710068400298 66.358435102453669
-35.986379840717348 43.608437968563365
26.152731643387838 -36.403594236873886
2.251907411408518 -10.891452958338594
1.953918819970776 -0.556973108357383
39.890227453253942 20.466925915076455
18.880731336731269 0.522943429753275
-28.022525908522390 -4.877556403446701
-3.427185682856092 -29.841683186975558
-39.405865647327907 -26.629799065484605
4.871864919393283 17.848954723147614
-30.193622134148384 19.222208017412470
2.571193718169981 62.021291927845837
-12.249433471247956 -11.268356034965560
4.774091511522766 15.646827793599385
-1.782634873378440 -21.212991182313331
-4.304888885411707 11.186976929441130
-1.468304772776973 -18.907778609551784
-29.469733077574901 6.130938814464994
30.590068228943551 21.042327109804230
-46.483866605972814 -15.622105314319038
35.161924058253490 1.008298247926890
-46.788502628131788 -22.809095654418712
-10.304887335703866 -8.074029420044788
57.720199460688747 28.376572476482039
-0.360860019460422 -3.774153087062091
21.839314221477988 -29.787182432884851
9.119625621617997 9.061984934286933
29.889356604664385 15.363106803127025
-1.652229182820943 8.752803643753913
25.548619208613047 -5.283633501287953
-23.084678704853758 -5.788796136663262
-21.789091315319066 -9.168493611618471
-11.796393641466453 -7.150153490899998
-27.677054801975576 1.415640182869590
15.660117132702242 -43.380158711923706
33.322080974264836 27.117548605827352
14.030455960692436 -0.468183928381213
-6.201502454011274 -4.794244176509839
4.197064861725597 -24.189204350339317
6.627167627054477 -14.275059121962613
38.777100080469779 -1.464557855963326
-12.406971447246919 8.661611236194251
19.715760555592851 -37.403698005249154
20.510647852688983 -49.047138512332474
-18.092806070228960 24.675898041283290
-33.106772790289732 25.763577765266991
-36.052273064712189 3.083082000301114
-30.639647274769029 -14.354342528181514
6.909760357154179 37.323757604491256
-1.230589401590737 -3.318122565231557
10.218101803287684 30.270727126464593
20.166210842601330 10.220984495791789
1.044033531415453 14.224617017012585
-1.965744624263806 -16.659728561475866
11.156455326039948 12.136497199144108
-0.165672680573383 -35.028511243485006
19.207373355969903 5.592177852479947
0.615592349217241 -9.235908367145889
4.565599036501306 -20.285795624249211
-10.147835660773493 -5.873734325809038
-23.943843051420586 -18.086622377727771
16.876848178000504 -35.461925029859003
6.235976326841666 48.986715355558303
28.023916588343834 13.948617038517671
1.145667024518304 36.546820580219425
2.891798297749862 -17.951709471415292
35.102727621170636 25.689961763152453
24.096919167206103 1.353691880664502
18.990940954982015 -28.915219998507890
13.321600780309625 -22.236561916062719
-1.394010370040251 18.765407417976562
-38.237951779269686 -20.741727005265794
-17.977128245022016 -39.778040820163646
2.023456545832065 39.317079508054263
-29.145651628719417 17.319857600212465
-29.119990665546766 7.895374728154503
16.435575470523222 -33.968107299868315
-27.145188483639927 -37.274255348467335
29.194216131513162 -10.738922259555034
10.185033518305001 12.495478780444113
-53.305337216232516 10.926318746026913
-16.569899039852412 17.707656232266125
11.915284921317767 -12.673662256209768
-2.269998160478010 41.401178880765471
11.583092829007335 22.445773847535342
19.303900004561299 6.863305981942243
-1.620352939506146 -3.520328048307595
6.754650697799856 -40.920441995026735
83.417560607200386 29.112467105727838
-40.562029517397420 -44.636581270404513
-41.517656342919224 26.854588595732942
-10.946006322646046 -0.181791221629522
20.783918159438098 -30.973488220750866
-20.200831956160556 44.405947486124418
-4.338325311747758 23.728928819322327
23.485592039405518 -10.578129430111895
26.691518632407760 20.175535216348976
-1.629727415486765 12.326675670382651
-27.949853005355372 15.115932519273072
12.607038877126689 15.542298801515145
0.434525965338672 5.773669093211897
31.063803668275238 -5.000325803568075
-3.636991136744435 -10.581978685712739
-13.380233141398827 2.402704029390766
12.912707993881998 -32.286451254642934
-38.665492048292514 14.690053364075650
-23.189598707418192 -29.699267777327940
15.287973057683724 14.763017931717240
25.634782845576488 -22.029395348695243
-21.598126823296191 -16.748092531057804
20.953264185286059 11.700005280068710
20.620922177644097 2.055886316708467
-26.467911942133910 -10.898904233689086
15.500138481293281 -3.335282981855551
35.366652765128791 -0.437084116198920
-7.546522885143513 -13.343229737309221
10.916837463177069 -24.878853037513043
15.607026586854429 -23.417211856553941
-24.647437887688081 37.345083059247877
-18.218691997180919 -1.509009908613188
-28.251132629830323 -2.442005800985121
-1.302805494336332 10.145417554131994
-3.247777019998610 -2.864703522199369
4.023239593703053 22.791232907016568
27.242388088623969 0.579323753316901
11.631835317504175 -6.027036312795241
17.611682685219140 -80.777780587957110
-0.120822438617838 26.148548759656688
32.853519559695222 -31.902365847848738
55.277882072373394 71.556146144967840
15.846834370227970 -37.658379924394211
9.896589950109528 32.985693035097498
7.833723407119122 -34.967076569399268
32.752935470944983 17.881595063778892
-11.569779910257481 17.216224508691049
27.622862280133262 32.592045740457429
26.598113663670929 2.416244188605731
10.993212036898852 6.290402748569218
4.592222619690179 21.777089006721528
7.181522346110579 -0.608594177674902
-15.112243592880789 -48.808395640943452
-14.228262567611317 14.214062164305640
-26.724696597782067 17.160835591932390
31.257158582015386 -15.584922678920545
-21.631969322075772 -17.319465730866913
7.210562504078223 25.626215734958208
-12.268177281254893 15.983417387935946
45.189733722937468 4.604332645117587
-16.197865284765026 3.929335655276575
-4.866376622725776 23.870169602407060
-24.101724357760528 -27.707929063627219
18.561400109504497 7.778412585316856
-12.023793187957052 -0.176585557427465
-60.325964767533279 19.989266979264176
13.110758872152550 10.227004556103093
-25.194974863929115 28.608828769150094
-32.841383250087567 -4.638628642226714
-26.113998681429276 47.588034894622083
-34.754927634727963 -4.057891074779294
-1.897240274794582 -2.533420241322214
10.746912292572670 26.958419231480494
33.726248991358169 -15.217899588870118
-9.807446971258761 -27.200880832905579
48.640620595178412 -8.715386478912832
30.807684038913717 -38.478182694743474
-12.965520038869421 -28.731530454629851
-21.832393581905471 19.597089955717355
-4.265193566863772 -48.700524662209318
-13.527616189196982 -13.578691993910459
11.923765772501683 -8.917204855573678
-17.119428043356532 0.560927945393138
-62.512452841148352 -0.968286151447897
-2.740494685158582 -27.946966410301876
18.629190977105697 -31.024591129888474
43.486027958895896 -12.052533228857181
-12.598865678076899 40.535928661193154
17.557870897079475 -6.079964730391898
9.504058515418397 -4.433638168683544
40.766523512249123 34.021177354706992
-16.787408756300152 -18.304079509526360
-2.620044695086022 43.471141798997301
31.231446222743568 -2.234999593030076
-14.290135476899909 12.359623920680237
16.005160656231887 0.472205114502171
-39.265355152977079 -31.635106862685486
-22.456249672916023 6.783837909358924
-15.934764825868490 -23.511052455210667
36.503080888389398 8.504244108579364
-1.238722674178617 -21.212508649145143
25.960060595415559 17.509231522191694
-26.432410463631619 38.711537916297608
17.698505578729076 19.182696777134332
41.514381028847502 17.298836166726989
7.236113368432457 -33.919611544341812
-11.749454901383116 -17.911902546035357
-7.422731624852717 4.985271120466009
-7.802321866520839 18.573450806362043
18.628889085690044 34.870908208378005
0.376270359017153 28.026685264811348
26.581259709729594 -58.337392753601726
42.131248604837829 8.837636887813947
-9.016739537518683 -14.882200041772636
26.998596902686760 8.691591176210428
11.507005980325344 -50.121205138901153
-7.150674149305908 -4.109143150621142
32.831449147961521 18.935140687300827
15.068122894786127 -28.904816671708083
-33.696830254976980 -17.616898454051071
17.158461728658839 28.262345174724391
-27.238939389404017 -32.131309549397663
-6.679423214981460 6.271414128209145
6.473831591816915 -33.418204115783304
1.881410130794857 -24.051324784732870
-6.462630741671898 1.871027926674426
27.753513043880570 -27.523366017255523
-10.806586846844874 -5.725091476417581
-23.217691218044376 47.177451658693244
3.007724957266480 45.898804688025741
0.842295814655110 12.847362730382409
-36.963883176432837 -28.440591850097416
-44.597588777690916 -7.008713822118519
4.676907156315312 19.139697134537283
-11.294716362692215 1.901723160252025
-33.639053478247213 -16.647230547402401
13.779780659749965 -14.027441709913798
-31.063042119470399 -18.302082904719025
-0.000781503050145 -19.236427731207488
-22.346610491477026 35.312425247109168
3.042897803572810 -18.563759039885955
-13.691397587161511 1.749869565818956
-9.965940986424391 -7.340998559776966
-3.036228546896798 15.684977788795715
-20.117750349400847 -10.090985516504549
-14.840073445630885 18.008304026275201
-40.385793311260606 -23.130780500319990
8.225403601321688 24.191597665289009
-16.590025253921286 24.840439849118138
-20.653818373185331 -8.175882637706096
-4.457590628294767 34.168127204168847
-51.259114639993442 -43.185213534204863
38.518197990684278 6.294225664035412
-11.018053701613800 3.051600837254551
-25.677138563961108 27.298885896765324
19.727998650426294 -6.081134226443083
32.470292801156184 9.482808796107550
46.741876777877671 9.881314636597123
-11.560665147890836 -29.531395084919062
-15.536433753014361 40.436378214694948
21.763285809522039 -12.097712828260013
-47.807441493555814 17.478088467985657
-22.312322487422900 -50.527163496880284
-13.036800327724933 39.769802968254545
25.110520455769699 18.976032050857615
7.709081097537648 -26.497408539934753
-22.787889249779916 -5.689908728748850
-4.918551982249228 16.130393856726727
24.475788538475928 12.698755925239926
-21.867494407130859 10.918478852168612
-14.101714759709115 4.375201247581563
13.241073257431564 40.668127106921510
-24.301877774342785 -23.729723196961505
33.037064379887546 -30.687025964818766
-20.935499190421314 -21.201246598505914
2.389673162104911 19.866940486524129
13.159548876388900 -19.793478639774463
-20.960075402719273 6.094379582254764
-4.826562429758827 24.909416932326572
-24.979503760600679 25.803086687380414
11.040002480826292 1.345483642232448
-12.112090842578635 8.529832839104317
30.403040548021554 -24.056931568529155
-5.542728543316562 3.858477245334190
37.466791009233035 -9.947538416185440
29.588591976566295 -42.679677908585411
39.045855790530780 27.696039792862639
-31.338040010446477 -28.814503319827203
6.497212643350435 20.234526102460652
-5.907141635536696 -40.381383992696868
41.554379347316676 -22.232873404687584
-15.772835230885153 -14.009271051947588
38.379647194742802 14.943710053931799
-5.971001986700536 26.133305625037099
14.103077472062662 -25.310030325659454
20.927739600762717 -3.563174817090686
-20.403958472109114 -3.143308082721834
27.659449228047482 2.006947703549351
24.371796291328966 -0.664539340493056
-23.700176705228216 76.586341976906681
8.377203329225395 13.046570356085027
-29.543508704717823 29.512587866103893
-23.384667350687160 13.371482379179557
34.535429755204078 22.509264332550767
12.471293340620406 38.838540073958718
21.623400823527412 23.055883804596238
-12.162982655887784 14.702972381454481
19.452354006486463 1.877555197542591
1.024758844618195 -21.591290534982384
21.108842487768428 -21.378232457917246
-0.112826882808270 5.460751847506331
11.400857121929597 17.488420199148734
0.872148570041883 -15.422004891503237
-4.754491303775986 31.801959078455681
9.372529471693964 -18.858384921408962
39.937232306605353 4.866255014472613
-17.624717001939263 21.060710891693663
-13.569545703393635 3.319465951812526
7.023608811937021 -5.560414750165834
3.727375289120547 -4.334665922534415
2.597422018621760 -9.517481372394354
-17.839510177542042 -16.295039637143145
11.196971557534116 -37.544987421694969
-33.111307505200706 -32.260012329085328
-9.638859617286689 -49.763856410384030
6.303961659934458 -22.322349100697551
23.921146237504441 4.236330442118009
0.030130805356739 -13.451956359009774
47.363237798180016 18.172499949777581
-12.471171607082212 7.310841661747349
-40.046725516761661 7.371211819645056
43.462671855846054 -8.770776426695795
13.054050953954258 7.397243407625619
21.658741584594935 35.400276147952120
-14.066447803067431 4.494652824822499
-19.317870225884029 35.981487215812166
-64.503349630019756 14.501250621115389
10.433587619952295 26.510836824585613
-15.716861423932322 -28.712967538548124
5.219033746110591 -1.839588205387961
3.593947361330629 -14.549980046272534
7.362401292696538 9.239941171131880
-18.318437140026827 12.726594330501944
-37.345993851104133 -18.554281852433281
3.472401708682249 -12.577115759578968
-16.890782876758685 -8.680968401414619
23.297632929516112 -8.961701609054760
15.000510179769467 21.533478622014659
34.170528357537570 28.213029862396649
3.808880824411319 15.443846501524686
16.917865338045896 -44.075487631327185
7.337201312797983 -11.712515303400457
-9.992861975033470 1.961430041115467
-3.183273172688412 -17.154339529634782
34.128102527428197 27.981949147610333
9.101979177070605 9.794223033189624
30.372707646208731 0.204495274325951
47.394717762908456 -37.409882318653779
-40.551313479003220 -39.083275736424177
12.913657075385848 -25.493380314299863
-7.434743719489333 8.513999194349262
-19.128095580681453 -22.736211384879812
-19.543860787506208 -7.143477805470483
-4.514077511200526 -2.280094246924942
-4.140260503097095 32.353888608634627
20.232462060950596 -2.645909203145180
26.519129972340068 -34.535627496126764
-10.743984641183713 -54.067616394136280
-16.529186593397860 6.886079805394258
12.575535258524813 -33.107951275169754
40.311998210710108 -30.158251122652565
-7.893308200222974 -14.906130015757180
22.321911569727888 49.136979866754849
46.985075064568761 -43.568653242570839
-5.710585510480281 -26.642241866444522
-1.389667143454375 8.583637470820982
-15.488699569264622 40.562834788882590
1.269053727174079 23.977031591213031
5.536758941375794 29.498926272372163
-20.631197101374472 60.899477285872877
9.487814083220359 -11.974737638506799
-13.538692180543254 34.728095253462477
-39.134480187144199 45.035729180249490
1.978301107573180 -15.004736525725594
-1.878904419258308 -0.444015592785922
49.431719244214889 -29.361623156794533
-7.083204492075116 8.727943657099509
0.233435452878487 -14.080205674014399
6.920963363935323 2.792336183619685
-11.710018287489435 5.805029227351755
46.762517104759297 -26.809357470453609
-22.437956505955881 -21.111443960899994
-1.514856955803142 -25.041450932768939
-8.134909769823425 -22.939106827981977
-5.913001897492682 10.437342180352273
-39.550808939336115 -1.683384213638426
6.027539002610907 12.226162910200669
-14.218689857675329 -20.317265295103201
31.642792823265424 -20.026889190348861
-0.408034156814817 -1.447198321308988
5.245705679743392 6.169815112873476
5.176181059590766 6.836159004167278
-0.608141197751444 7.749119811376340
14.913126879281862 -5.703456722783924
-0.402878495091543 -63.515884227273659
19.347456586098154 -11.972758296027632
-6.684224442404775 24.129457617479051
-25.946899287235023 21.494589725133324
26.496544897413898 19.590115556726857
-11.385782717640412 12.058265927861250
-16.591891613467315 50.132754059116671
0.975807742358999 -24.667951205406752
25.735987710284384 2.474211514121558
19.300944010530056 0.449080682603196
-11.862172908640073 19.004224959198051
24.613601098809880 -34.789053211009744
13.307136962414091 7.076627878782188
30.286057894689669 13.128436378517003
5.612355280187583 -12.474850229371977
-18.275695579564328 -6.622666453742814
-30.489928044474087 0.527963520514139
-0.202896994768633 -7.923356487248047
38.883869780792786 11.662016948325572
-23.891215959222265 4.561336610752014
3.633388145324249 -22.302812959856439
-13.758793564241746 2.557653855756226
-18.677389154004469 19.160334094453319
5.331767286650893 36.418518316000899
-31.994721641112321 -2.588499881164678
14.944767398904423 9.845005370579349
-37.091572653863622 -3.863734230749124
25.124905382455704 -4.095196778424283
27.294510650738999 -0.075226521869033
-5.287342161312278 6.146735796980408
-18.823840621180576 58.321954301161938
-57.585494707214785 8.215842658095875
17.070658178795046 10.014660088001374
21.543037794341448 -48.961997474938961
24.936738791698822 2.557889308338464
-14.507992865165368 12.383938620489667
-4.062714437177121 1.010793351448185
-26.323573392255270 -29.701176714118013
8.182679593974502 -24.315382328072008
9.597354710264245 -33.374243721852167
-19.027660730141882 -7.028445865252881
-6.337273378679089 22.890268889642183
-17.922618205025294 -30.161358318516850
19.963877923961338 -33.351656542916395
8.266605162837964 -24.064202648718865
-33.053230215828094 -17.869425012719354
-23.488284717871593 18.639368759086089
-16.912585201312737 14.330617272171740
-8.484566226139524 18.461442222622590
11.143424765343669 20.965313412746280
18.194949220150683 -14.275819126965814
-17.212098634033286 -16.521499894962439
36.963738552441171 12.765053238871024
5.423453674939100 16.663447859698419
-23.228764635252109 -6.630671044686034
-22.451975962107749 45.727984536716299
-46.990017643746484 -3.125940926069395
1.572528656027927 15.029892648645907
16.074289006289920 -12.847811279638638
2.085419430291307 16.653414283623235
-25.705424514394615 -17.006726397419175
-17.669481108660797 -39.602894150368961
-3.594071476634936 18.021977945182989
33.008574908179590 8.611807727532350
6.794260959315033 21.636721717956206
1.791019110847522 23.413628016204868
14.253533137637501 0.257588224577244
18.777338972207204 24.272654456173040
-22.740843814447402 -53.752638267555440
-21.384242299453724 -0.533065984562541
-41.844676028943660 -15.900583476322902
-8.600384629027412 -10.731055694167233
-43.715124676183720 0.988946554632778
-11.624123136530317 -17.658741168187330
27.264859372515360 -6.948582961694872
-0.449057850951850 28.515555631907553
-56.332819296703256 -2.233962097920954
-14.090319117404167 21.252698562898392
24.911758163586672 -38.514198172844772
-41.595800497343404 -8.018240851490097
-8.359370298131260 10.682587720325033
10.453366797476644 -14.992459117273942
-6.304452936199398 -0.190009957036391
-13.015595605305075 13.672553277224214
63.346289926887046 -30.825002964035903
-20.348410305412731 4.967044653917687
-5.819654110976784 -9.019319422547186
-28.314938632297263 -22.954860930973165
-1.291711731529579 19.233465346737532
38.587895509408845 15.118223331926885
-5.548912615324267 8.100063058646452
6.339221440793454 17.091409681882503
4.594590997968701 -22.280513753363682
58.460248125131436 -50.890875921165687
52.324480920407630 18.533137796862970
0.775471188818677 18.326967954428856
12.798677452324466 -39.613466558340015
-27.900425303300946 -38.606154471733305
31.909809796037365 -9.303706537697005
12.205879073917069 -38.869015495578978
-4.546895728172305 -6.637659550317604
2.600266136153184 15.297249276758928
-39.294349337145107 -43.922155228312150
-0.774740105140911 28.832292875711349
20.255371795557938 -14.820345256487016
-5.303287099380809 -3.558936883117306
-19.308580074062768 10.887108353008911
-23.651464781724329 -28.060049682806678
-20.004069586850818 -0.592873307147129
-25.832955562822306 26.117719913357977
-0.560172830092308 33.878209541175984
-2.796092693235690 32.026057984198765
-7.136432554439265 21.296602914261207
-26.398462831529599 -29.026811083169594
-29.043290793033787 1.266572909763312
32.600372085751296 10.570319515051001
-34.388566981590500 -4.916046096435982
12.013803461385182 5.796456217226129
21.176415305817823 -14.642919050186798
35.033284274819451 -24.342431876876990
-30.371780067616861 -26.905481423022319
-35.561882576383347 78.534134140221070
-0.619422792824127 14.185113628088315
10.392937116577585 19.859810307688154
-21.856650741899205 11.857791485988974
9.226430323254789 6.936924560356755
-8.403716161048340 14.294841132770369
33.462157841906290 17.479331201659701
-36.818987949243201 -21.168588318436345
-1.691131950160773 20.587266495593745
-16.737192705347507 3.107147937685736
8.333672745718699 -2.706473821755377
-6.360282468800474 25.294211564629219
2.586041357628151 -3.479099520315821
4.088981246408291 28.112711843648800
-10.276683565940287 -2.381547651340981
-0.746197069895199 -13.595668015672414
21.720076960053806 4.650574442572029
16.536792431433046 -11.832401206707086
10.796871583591034 28.874529348533585
-4.974263051948959 -5.247592914473183
-5.592212755506052 -2.421043250851243
3.709820367918619 9.191520484877506
-23.495817302327069 22.471646263917105
-21.954368365274711 32.514379245084655
37.332723205093522 -16.438864334356143
5.868129614662516 12.359168629165083
47.049034165914136 -5.362528382919037
-6.594485162534270 -26.569061740476620
38.909527489415467 -15.543664728233061
-14.089635285613911 11.781934748996088
17.325167929977560 -36.979417094216423
-48.296006653890558 -31.636727227933438
13.764931065509789 -27.690258409945258
19.502049469894061 50.492925171994536
-13.651449534647451 38.440562975588108
-5.040190685490150 6.517320620469495
-6.037238735807538 28.931081047290863
32.335857237994610 -26.939698752580412
-6.327046533466213 18.384635449100497
-13.725461332186939 9.967665341362384
20.712281395334976 -20.167944411741427
2.613475059652839 -16.636055779713836
40.563960364651820 29.443148392040175
15.475707814131045 47.722492374400034
27.090351378527000 59.248097622009070
-14.818414897373517 20.278233680454836
24.426627392644921 2.522714565474621
-15.409604788009654 -52.458794533153018
-27.879132977164030 18.574210377375131
24.459884095930374 40.155864009366702
6.209428377577607 7.482051830105251
-30.873465915757791 24.825472336786603
-31.145243120258517 33.582672116190452
-9.326150829442321 -12.839558807443650
-29.021268483846860 -36.445867916465765
-9.557869767352626 -2.073884338008376
22.446745627142207 34.493508409470252
45.433913537370408 5.163511213162345
0.289230415557069 -2.411164959984116
16.862296221792192 -39.738482079431321
-5.333789916830999 -9.290908368414998
29.485792708908370 18.474243390104277
7.144442008965373 -6.173376469110097
26.107295484360638 14.480858693546477
1.173494021305685 50.700899056553006
35.983187948953343 21.274886843842111
28.543551951850972 11.689490328091980
16.552167750271121 -10.712628789265089
-15.374097538693954 27.689540357461251
3.882922764278200 8.030801833508315
-10.010502258860441 -16.375173649119038
-30.185603003314995 -33.805492187510694
-19.984894903155336 -1.146006784942248
-43.659748074280863 -10.973756277930542
-22.172626113597087 -1.654807922848650
-12.766650221931235 9.656500562764988
-16.488407996372356 23.396293645309942
-31.894353090674997 -26.939577787985758
19.875709750838435 -11.535424100668617
9.735465982265346 15.789138163787689
11.794616971670374 24.650574752691114
6.754396691419564 -2.433871714712029
-46.052468911247438 41.848183284171128
-10.427286201620888 38.448646871654823
28.906375175117905 -37.808074484131552
27.530623587715755 -3.066149291599095
-38.248562855656651 -8.531939016793451
-2.343292056928343 9.335006145961547
-17.059228995919991 37.581937047158917
-12.127790336778446 -32.655290157480266
-12.477538652267032 -14.985387512017292
-8.982934137517470 -23.196238028724970
3.492690627955704 1.495277387347008
-17.429452910042404 -21.465704050817781
18.733542631292785 -3.374125529959453
-14.231062024964590 19.845781427700906
-5.515906321080283 -43.446547385463781
9.658726327897281 1.307202203633684
-7.182150753935804 -16.358766870258126
-16.809407641695891 -13.978130704304990
-53.924626915972937 -0.105533507123290
62.380787833130739 11.503195233677065
-10.095682205364138 6.855869293357688
-10.124640175944682 -0.061263797874207
10.393395751308814 25.635546206314700
-16.373505165781275 19.808193179472074
-29.283430476676422 17.743711763672973
-3.690783340270646 24.272074476834277
-23.397125934411832 24.076247651254970
0.160601894048902 51.634013666345382
5.018612076864292 11.168461789437988
9.700404643528151 50.968235972158837
-44.488209035718846 -17.129337489524950
-23.152789487258893 -16.814123514371829
31.497727881330832 -20.244501831752920
-9.560570352480408 30.600528058994417
-11.797779693425115 -41.935792377025372
6.568698199211794 -27.507434164950368
15.737918075404366 17.481685462889274
-40.976884877970690 17.737160485734492
2.797451182100595 -35.324122512026513
-44.979650914141097 -15.883593713575339
12.433971220656259 -37.349491923365292
-13.152400071291501 7.317992370228433
5.501552326330427 21.320943181608925
12.701091002484372 -28.757093054130539
-18.384503739914305 -1.971974268837524
14.689483788131712 50.050040145149758
32.336953902087892 -7.519767319329530
50.736118897461900 8.502482762995195
-31.857069427809442 12.413528133180526
78.142018226228330 -6.514215840666838
-40.443835875410613 -19.939925972151332
12.084651114419609 30.516506231194214
-52.168158401904265 -1.001429218205947
17.041394546895507 14.511862208836725
10.889597132762516 -33.068769810774732
40.772259530566792 5.664933444053968
9.026478691092237 2.044046895795145
-4.876783846054383 -31.485038986361939
3.248413672393454 -11.152535732681223
-17.242222437739876 -38.902467826319715
16.279226067346514 -44.887471373298098
11.581169796290656 21.182069022000160
15.351386124665460 -19.546882043261661
-31.939260853595979 9.803813646212239
-30.329683475660726 31.068399319954050
6.606094325928600 38.427816733416485
-4.077862161904439 -14.685752022387627
-1.701889300299693 14.484696822481734
-13.504622235741891 13.519621580006476
9.454405432990827 3.249229832181584
-4.179102420009721 45.015931633604417
-32.986082455679217 -4.421308393982437
38.477242558420556 -1.596181100334659
-10.867816291361901 40.916941506821438
-13.304277802167736 0.285536948452940
30.983319441321274 34.422146586293501
-11.831475344980980 -20.745818789093466
11.595144320442587 -32.433688871679685
30.326665218914133 -13.007005003356111
-12.114683904325883 28.644817757432300
27.272342897311074 42.231083169860668
-4.384790834510026 21.913384172826380
38.595786647288314 21.735220523494988
-42.164721122413283 -7.308415610023807
-20.804941742794970 13.053144963308613
20.573022927768484 3.885087235174385
-26.454662851804272 2.340379930114726
-10.202811214388049 42.075916937049939
-22.887532258734691 9.684081098968848
8.934748157260078 -81.254353275453170
7.187381677904525 5.462566380230020
22.780396975472001 -15.130439174967323
-29.061484555861014 14.336829767561767
-7.584354889442490 -8.287512889239970
11.662087528193542 50.948162759988740
-56.919732721835004 34.931029766274563
-30.843190415588705 3.626454683313861
13.199967048463526 -12.019600227443942
-7.096325382436240 -27.109984514261939
41.527168268699050 30.703169975080833
11.776466286147413 4.813554280713022
20.839553533094840 8.070040925111620
3.124746731315036 61.447464912368297
38.385758946469302 -4.897721028405867
-0.203433131241305 -42.975266633726683
4.523461600102453 30.107946147724480
-15.321907886780883 -0.451742829426980
-21.024374474893811 -88.171689813569628
-20.448431822357243 14.532204932338646
-8.928544165203350 18.389488521895185
-9.817727406181247 -14.349220208316980
28.140782441726536 -52.618369078046832
9.045410793243009 -29.179940579945868
-24.229944214301224 -21.394913920202516
-25.316805756754228 11.059902006384362
-2.551915004420283 0.075519440827547
14.633308448076150 14.597322127247516
8.627077952707690 21.367498045706615
7.994170010185733 5.906678704533121
12.746335297473539 -30.267703281230460
-6.778457415175326 -6.951171652685031
36.601642042192353 -13.389904038127238
-22.843536652067169 -22.389339804562205
35.535713520756083 -12.212051517474153
19.954005913616079 44.190479201588772
-34.183510713576524 5.343636080191523
48.105672674140727 31.521339935730239
40.466710926959308 -16.664895306614515
-11.726598985309106 -19.690824643126788
7.346677187431134 35.043492434885678
-15.305267267852992 -22.287202909652706
26.255315461304722 19.675559757215737
36.058069125147853 33.584992525725177
-23.586884095623887 35.870982717038196
9.686933227853592 -3.481889494390221
40.389590285124640 27.544563494948633
3.420899305183757 8.448065259781641
1.103651811955438 11.002262121802090
-37.051803210484032 23.881123433634933
19.323039655755537 10.752390025162686
15.597591657551082 -21.864122999540175
27.453731191576225 3.217214849101180
-45.681112768994986 -25.942916087281375
32.686512968619823 25.135522338559127
18.415872779222546 -1.835262596933282
22.408785540360462 -30.519040998542561
-13.286101404244471 -36.581671055446485
-25.707578381266650 -49.645638911553156
-0.716336452105031 -41.029926118156283
46.175884557418335 -26.587877498763870
-10.976834680633312 37.815005413934891
22.777820255135101 93.251271745731671
-29.236128547002483 -18.983086649565102
29.258837301704364 12.381359702006851
2.764588888969013 46.377761229869215
35.422676467964720 -7.402436063604056
2.683575738559150 -30.892818659130267
5.829312850739421 1.519685740873763
28.394584374905595 -66.579574894204598
54.635997213510109 15.925100886597521
8.534700648780559 -25.241982157117334
-5.806974505550475 1.871043427547934
18.899764148281996 11.207828701104100
3.314396351699236 -5.341273094157423
8.386179033083568 13.024148465584805
12.660123509570255 -25.208402886800407
-35.906616745471730 -3.303921991614970
-2.963291946578779 -7.582220934694635
3.599302973723566 30.690042326564413
-8.374318102896167 25.510305192418727
-47.643091150849578 2.066922964858915
23.264128256293823 1.225134739485315
-9.018572903641493 13.623634396534632
8.256672977956807 -13.186093725783985
6.468875715242761 -43.901529471144400
12.892988628703234 -39.259583051012562
-10.266839630372244 8.487912082465197
17.658183364288014 -13.086164338992324
-33.937241950738084 -2.797718593072920
-26.657724378386352 -52.175068277561394
25.071660319549792 3.447540089895618
30.687106398507506 15.065812419783731
-13.112859815982214 -0.571320358077581
26.292784731570965 10.561233245089079
-2.497887979191731 24.206169365488471
13.716409947590421 24.007397123478189
6.751744345340680 8.185061682317178
-8.756420858996414 -29.973555352935477
-57.599189830726928 13.421772581866133
24.217434267869923 5.379496441960153
-20.086158077664336 10.391732675246606
18.097630870490331 -3.737367024574794
8.544623389665270 15.682316411395041
-2.883691031700300 13.135031694769088
-56.231987502160585 -4.130017968978560
-40.177705890189557 -6.131600280609639
60.972447913595502 1.318972720881139
-20.494576596465180 7.989626206808104
-9.572555707264174 53.968445445723319
30.282986379919777 -18.873746294479851
47.728158287134193 0.862291225425373
2.932841339160057 -31.997780680599721
-23.386092707719911 -8.553999723141340
8.768589514521823 7.182125750038703
11.864671673002919 16.378181698209247
-52.304724945300883 7.401924422209109
6.914091687045779 26.289761208387926
-29.326824668650342 -6.315495351083676
-6.111712029524357 -47.519088396775871
20.317272539641245 15.710657810445955
-4.684962930165480 -34.487389291331539
2.757453017219499 -6.367698887823948
-25.651752037573988 -13.749716315739150
-6.182080405102275 0.308744916852633
18.121033749455204 -23.152506992755427
-46.504146525230517 -9.406568401081834
1.405014541945466 -1.934747988859075
-15.782014597376710 13.283516030172240
-9.408903519941752 -21.734134854500617
45.910298923455720 -14.070388721679146
40.853469106180853 17.294401527694042
-59.657282855852770 -20.074548389879610
-16.552974644782779 -19.010587955233085
-23.839311247737555 -4.427235869291481
3.916020775197996 -10.513005466532102
21.158392019873101 3.873653015018803
41.407582988455694 -1.684007368796970
28.426420914458614 22.285105883747335
-49.740468072006976 -3.798488397922890
-5.792748486530876 -23.741853330583172
0.218184441658152 -15.116680195933927
-38.201985154814601 41.735731190518848
30.627659598104263 51.174946344914353
32.664623000723417 -0.015318784185420
-15.841461913706505 -9.705393276868286
0.573794373860048 -27.789951959782559
-32.783996117572407 -20.580359819335179
-26.455114656685485 8.007416611371395
-20.458713047593630 -8.291501556532628
-19.541115953375304 18.277791945384990
-25.694240211501540 -26.325902157181687
-22.365023526888738 13.962486856096591
-19.977528314516508 3.826259197410137
-10.648593769038266 -5.010952012738660
21.295833756469047 20.574200822659602
15.589002053021130 -10.479665451804951
21.672772762388671 -0.509436579927226
22.534648379946990 3.586849591836257
-20.490760487870254 -15.358619293966193
19.864555282832104 5.944480973535032
4.897699872382124 55.250037380451751
5.825643545473767 12.779716943177336
-20.974363779812645 -4.959533943201781
-17.750756303363751 -34.065292465564724
9.306513152111242 -25.785494618569469
26.979195035436462 20.587664623945503
-26.488439829869716 3.576056658280912
-4.003583235416322 6.755536921073825
26.979095585547569 1.784861193897905
-0.346581551690189 -43.203525657784347
-36.983291369808768 11.914388717897008
6.057123362335855 -1.243154030134494
-26.484988577790055 62.125175768477405
15.777432598895423 28.904910609799522
71.366333145270630 -9.139026522547869
4.300140727089143 -18.827228198509818
19.993297865040162 35.944979267732975
30.638598516718723 -5.581201806032247
22.532026558493932 25.900773631668905
29.609972565056903 15.527811864466329
16.610945726550035 3.351693911262186
-57.424753269299067 28.200164954649637
11.669967974487092 -10.452672371722688
-7.649510496053635 -25.250635824592365
-16.374113070040078 21.385096465874639
-0.547864961180001 18.997784151402225
24.581457823386707 36.820097820976017
4.589161677745476 -20.550141947648431
-7.821736301376001 -7.118757318354662
9.680512464711029 -8.227225361111326
-13.610050099102677 1.765563791292318
-6.738172404259622 16.761558417804387
-12.439578210818713 17.107031096551228
21.260157708521234 -20.801414687670935
-10.733966786326780 0.736957659479561
-18.340861074780936 9.989269280777194
-30.567909020719679 51.013033395152483
16.952082624554574 0.587744295434401
-13.380647733748289 -2.609873649832817
38.923333638268680 -30.136378455505632
36.102473768210984 30.651776469163622
-16.130353721859862 -22.016652688804491
16.396095213352762 -22.585666577735648
14.595949103179391 6.502642635045027
-10.758924333823598 -17.945306082755483
30.253960703659395 -7.723726707093970
8.702791069502677 42.144876306692161
-41.433885210179326 4.578416081250968
5.914908042039586 35.625615159761011
-15.749857814408387 14.129090406686991
27.589229236483092 -37.616959050424313
3.182539949273338 -13.097463304886011
60.391916671452343 -3.051737752934577
5.439964084058367 24.735193584516825
-4.637845674110075 -4.811566225452487
31.963620179396770 -26.427438231776410
-25.003020694143338 -49.381661368120305
-5.569342561287280 -26.618175200114887
29.664468577935168 31.843087091160669
25.993339710519159 46.611614080706772
50.374430665365047 -3.950159104086931
-17.355695276114243 3.810487086933574
-11.905485959638076 15.794207508607174
5.024333966310654 -34.759765502848559
30.171153320513174 -29.456937428354514
31.545674810732020 -21.002287928487700
-22.267046062449825 18.799295293235978
40.998564418606172 27.162638183731246
-20.988450048415746 -23.900956272710840
22.773602420523432 -11.536060791995284
6.102478423363167 25.865096559228441
-12.381275010001010 -31.850845040130107
-12.179692997960657 -34.912836553426082
-10.503647909340115 -59.949322152703296
-33.251508399541322 2.839614320060567
26.270451439932689 -20.027325386521508
-0.048069304670503 26.627954530699096
-20.643899530464296 -26.811859487295539
8.331569751218895 56.273185592585428
-4.431408225338086 -22.026416365384403
-32.808702988850094 8.951677042029464
11.234879938078135 -10.596393165989515
22.430494523173451 -62.387509411755779
0.982776502654169 12.497662054569783
-34.340073092358033 -3.805613144388821
10.611088530572504 -40.530554510289114
-3.883990936614048 1.242276305817002
-25.233671051453221 -12.906852080973227
-34.521058955477429 35.187812084338319
9.186652844653201 -12.180555367290703
-9.448757489954836 -21.183952925596145
6.206310404040531 -2.946438191589738
-19.712754931213627 -37.346039836667359
12.370077593756559 -5.016995138010170
-9.857744501540914 4.736782249838893
9.025511826867710 3.992799135536969
8.312326444048709 -38.079302606676656
43.602671374349185 28.755610656765210
7.141542228722368 12.993536282571984
28.892664170945260 69.204803735531044
28.731207557266799 -35.375822932123526
-4.597348953895348 -39.737462057973367
-20.101856968267640 18.510873743229197
-4.782621826956593 -33.112025133530580
19.916046454001567 -27.981724877901673
-6.060607930900609 5.948258236150767
20.423394127554054 -2.517714571109281
-11.323121506748677 -24.685423729233534
-3.261646580306382 10.603134447028120
44.398146003922719 9.669091150267175
3.197646774808965 19.851291933909309
-69.492573304925202 -13.351683218105302
-5.440155784141341 12.005687648285898
26.321342100179010 -5.181988873961437
9.262979540174918 14.195541708593474
-6.553985776444316 40.331226822224913
-0.379606010371496 -30.975281396818762
7.169201900529575 48.212156747287949
-24.200149407070409 -34.120371151029502
-24.658396864006694 26.083995581154728
-40.439038316679174 9.254927456096667
-34.208034140263791 -22.120270681861836
-31.510224310943052 -18.063285288836671
-17.865684645079213 -9.643380658309304
5.905496470566973 -0.831158789348119
-56.008356178140957 7.646508737143130
-8.527005812615496 -9.081950086632117
-7.254850398184910 -28.519636281572311
6.892453616860713 32.698150179623738
3.548312379943110 5.625652550193135
17.387445416389262 -34.159408885317944
25.739039335417580 -5.317938489915687
56.233189144754348 33.157141297582520
27.243853844453149 -18.151078361130327
27.022724998903648 34.198574100443395
-9.336232120067729 -0.154980521795832
-43.347811757850849 -19.709332569957219
-27.437374856008184 36.496888624376169
-12.007577634753549 15.363431078235196
12.553599299250147 -8.633649813324112
10.128449400351093 -11.145393720114150
-2.872443437332474 -59.855352146119216
-18.133215476694748 -45.061939825253717
-6.289516249845214 9.258453321569410
-0.748294319460533 -8.020801737309229
-24.379653872642098 13.086783664721732
15.267189491023949 -7.042016173373087
-42.392539265027139 8.501347052483622
-9.840429203825497 15.942504091655435
7.745624580571485 32.944709874862426
23.825789398035610 -4.273412660242647
6.419351138495057 -26.419514384813709
-21.429456069897611 -13.672889465721557
34.075161447136843 -14.285490177109549
18.396741402793868 -27.885398169256309
0.851235418756677 21.665475180151816
-2.038160233247337 40.042763253921073
-10.944305396264685 -5.273528105865291
38.159362497587693 11.414554273336398
-15.271846648372158 -7.621883073348106
13.758254614361602 -4.145098209001288
-31.811589282410964 22.968137781723829
-11.636131733260612 54.614577504912148
3.684644110368116 -16.076221181686201
-37.907675397929395 -18.398086237310991
25.334871966433763 -39.534922934433588
4.757193405521390 -49.832567549311037
-14.659858695715940 16.493438401052735
27.744078329648787 -29.195712954576063
-39.553008910963456 13.423140367923594
13.681017028231185 36.399045825456845
29.351783746563775 12.049148939265505
-9.298179850140057 18.156542217972493
-28.250017190157269 -9.013342720546492
66.632572055227783 17.791600243354399
30.168926376767953 15.683288239360008
10.605200431118108 62.777328481788651
-46.387442182896706 16.725134822509347
7.203864183464469 43.884595358490856
-40.079915037434475 6.894992928955610
17.362565118367133 -9.651935849853668
-39.530197493795882 -18.581123363326721
27.531402812651312 32.381533991448769
17.752554593410697 -2.993172652211928
8.862510871814694 48.400834740111748
-10.959947248244852 5.261621267722893
-45.003829772696236 -4.574935429747558
7.357911645085835 -49.243838583142683
-36.319703086019999 21.705512660650033
31.074951422897971 -16.769490759895461
-24.602015188792905 -96.137611511540626
14.432143126386260 -34.326719913579119
18.344024352142167 1.536306150638709
-6.568130421443334 -55.336625154091188
-13.242202440527883 -10.988202704119855
30.642161386541385 -11.070911180533656
41.534260265160640 1.973337705647025
0.815250662795224 31.861918458559224
31.738241383991731 -7.573403781888817
-33.690149221232744 -3.938101395187773
-11.228595781933679 -8.548388942944010
-27.805969657571904 -1.334400893609806
40.027599869451521 -17.823049723450442
-23.629156688969751 -35.481939899008019
18.447588765336292 24.501920970128250
-35.617226274163649 -62.024659902457536
66.626669438827108 -2.976829189186174
-49.275182109900996 -20.390441989899358
18.828235761712957 -19.676745134128133
-3.021397974152714 -11.069803344969735
-1.510218102835385 -28.923978394158059
-17.045624235774824 49.338490893315075
-23.571003925174473 -7.344778229814487
51.758811135034492 -34.256637017628691
31.316985619928605 -17.945543870601835
-2.791860361043696 12.758132587854952
57.493501931279205 5.388657175766161
-26.778501141778705 -0.732566279007685
5.851370463232922 -22.758383787276404
-7.975288586480048 -19.494566859617674
-8.878992997566511 -48.069566284557141
-2.379857526918111 -4.359863596975611
-2.613971700504417 -4.186578679285771
-2.798504712367167 -16.493308318095117
8.991846476555313 -6.983615030427750
-5.394914695403874 -0.226575126400652
2.872261671032009 13.223619282167389
-6.569803474536696 47.659831535013687
-17.325553432838053 14.833615464441026
50.446496543317522 -30.025285894278021
6.405725050336796 -15.047475227000097
-17.463811129189679 16.429672566494364
-4.920673729441314 33.960226711371561
-15.666069337325629 -52.037254792294490
-20.550992823939858 37.981143166651727
4.796184710454526 30.851611465378536
-41.639302369779053 -29.679234033641084
