0.000000000000000 0.000000000000000
0.000000000000000 0.000000000000000
-0.978169263031313 0.000000000000000
-3.558281883255979 0.000000000000000
-20.356936259803714 0.000000000000000
23.803206395554856 0.000000000000000
-14.300399620552536 0.000000000000000
-16.738104148273070 0.000000000000000
2.418661362361560 0.000000000000000
27.549555366713310 0.000000000000000
21.315215348719949 0.000000000000000
22.520170828083781 0.000000000000000
25.072618853102387 0.000000000000000
34.921543800425894 0.000000000000000
43.534150468824215 0.000000000000000
-11.534296334505660 0.000000000000000
-86.733308194588616 0.000000000000000
11.113681219717833 0.000000000000000
-6.833461022134451 0.000000000000000
1.113216611081728 0.000000000000000
39.684501989889711 0.000000000000000
11.403708465742188 0.000000000000000
-44.084584277407075 0.000000000000000
2.200271728753343 0.000000000000000
38.493453953696530 0.000000000000000
-5.643432058385399 0.000000000000000
-17.002597693166074 0.000000000000000
-12.497734464021347 0.000000000000000
6.368265935352082 0.000000000000000
-21.403807396460714 0.000000000000000
18.436978986951168 0.000000000000000
-12.891408774506349 0.000000000000000
45.243476232154606 0.000000000000000
23.173417851938346 0.000000000000000
-26.874848826320278 0.000000000000000
-31.049906063803288 0.000000000000000
17.712030996275420 0.000000000000000
13.333397363244620 0.000000000000000
-73.247198766862837 0.000000000000000
-8.662202464115161 0.000000000000000
71.323280902468355 0.000000000000000
52.896656285680386 0.000000000000000
-7.293824016254452 0.000000000000000
-21.555402007266771 0.000000000000000
59.171286102318589 0.000000000000000
24.703308097298365 0.000000000000000
1.414079857990977 0.000000000000000
-54.126862059425555 0.000000000000000
-4.275565269313115 0.000000000000000
-15.030165227529414 0.000000000000000
-97.224802266227542 0.000000000000000
0.000000000000000 0.000000000000000
6.480956019231763 -23.346964905004459
-0.264832397090016 5.764184464458054
-23.423468995064827 -34.450544662998709
44.436378027213429 -19.255659842748639
8.721847347146022 -30.633374365834758
-6.764567764208320 -6.057442519223470
30.105550631903384 4.325612406131953
0.827011248787584 56.854642483686412
21.402157121665649 -10.190831306748324
0.517678547092939 9.661810618204402
24.362485984613159 -13.330267538885375
91.704587814959837 -8.052927394070409
-12.331410375042285 26.290318074183347
31.292248124944201 -11.979904461039762
-10.171227334826902 35.215345476656090
-10.184939265859578 11.669277614945377
-22.022806753527618 -5.891032473029473
-27.546939657124920 24.887564376625651
21.265207044677144 -27.804244738611519
4.284524520432232 29.382763225044052
4.179440620003988 6.674132976454811
25.712194521075084 23.798121090652412
19.796471863507339 -31.058604447239127
11.038811531148411 -12.938460749899269
-35.383268123156476 18.487029845948580
14.842278980568944 -12.373988224553234
19.476612775856868 -12.702414594470023
17.256135202176576 32.554363038751426
-11.621481472064019 7.118560446918618
-2.420995309849342 -30.967520447745130
-46.885813810295282 45.820837277770764
-7.643231593571417 42.743497948673046
-9.019623235910380 13.374945837190268
-1.820132786059336 -7.844894732024154
-13.761934580247642 24.866233517437905
-14.455559951118115 12.552789957157218
16.565606988960631 -6.299000219947644
1.334097760021426 2.678060784736778
-24.119428798781065 30.645530769322662
14.794345209787581 1.274709730975515
-0.586321951372209 -39.792587273202400
40.184447191996640 -4.011455084831692
6.012197469976985 30.865195316968386
-22.145289420189147 15.737381627030693
-3.315233646912107 -32.388221479470708
-1.031077455812587 -11.647046061165003
0.981453910212705 -2.950574082084253
-38.970969554373511 1.199188150914962
-0.853786499266410 -12.160765715076936
40.225745920252997 20.278368868095050
-23.396577651290610 -12.344559975307451
-23.846846715825251 -39.431643242851912
-25.865423287713135 -25.867138888575422
-8.766929626190544 -1.771671935753511
-24.354914898283983 -3.694544343940274
-9.953030168449848 23.970960549216837
12.110725704043213 -38.060702182939735
2.142295930203425 0.633800141563891
-42.515973051999488 19.518018114482228
-4.391067707878277 -6.886287223791506
8.980611473166249 23.865635598869890
5.975913426685573 -46.619119785797842
-13.554877115789772 -33.836283842540425
34.404851436635496 22.795492591912858
-49.902233982206084 22.491472604809541
23.685510629551185 -10.078536339659363
4.740972735325303 -43.871770609002091
-29.506119882794657 14.681131366686099
37.290494239915333 -12.481023456659029
-2.948149165330246 -10.436449601743186
-0.698330050244952 -16.374321477580327
46.136366103767720 18.030236150725056
17.175677010549997 -12.289052629674474
29.392846493915044 15.768459765783710
13.132199090171179 42.881476630318637
37.351483987148427 -2.857384931490147
-6.183455150346694 12.549730530041636
-3.755499539098078 17.147313339200746
-5.651936143304211 4.380646944423756
8.407580070330164 25.475851120877188
-3.517425405338220 14.217022762435429
1.860540573170651 -0.601453503299479
15.989825360257981 -8.293042892033212
0.256491066467886 13.957179665313733
11.862904771226203 -18.305484651282537
-16.786098517352109 -14.381337647036659
-3.988280732137203 8.919061127071899
-57.912364300707480 6.468121193108269
39.186853703321795 -22.935223736129149
-23.702094570726249 -35.123659317187851
21.129147647892449 -30.111070292199638
-16.909552692968759 -7.307972277748825
24.260664038237170 1.664229673124387
-61.802933300231125 62.167300114781078
-10.077954255778907 9.602108373834827
-31.164108126425010 33.520078211086755
3.601054687801888 -21.791979333249433
-0.517283509873158 32.832965862736252
11.289530072615658 -8.999197825914136
-11.740370275358591 -3.599525011118183
-22.603806556587259 -14.757690149029337
10.060490094355361 -13.694372503497211
-39.001364000511792 -39.583249427312438
4.977299886887707 -32.306299028325213
-39.730055771273264 7.073133503040294
37.620073679648016 -24.306019823460829
14.422049824384738 -9.094267900073902
0.371566633942726 -10.034852540020317
15.158509792560597 50.570551347130568
12.543690806947941 8.343205562117765
-11.377187745229534 13.139696340305404
9.657858873489285 24.241591254831956
-35.859597455737273 -64.275391719092411
9.997063352248150 12.164037956718969
4.285377468882182 1.679378679265047
4.445368029728456 -3.467602534627392
34.778492844108953 17.115568367665993
-6.985139459218518 -2.287749390619236
73.364753336023171 31.788376638054306
0.675471656399358 -38.297766422133201
-25.338671391248614 5.959618559033149
14.690281692690192 -13.089827148270949
-6.973832330438277 12.803266296024562
-35.452733179925723 -10.803210731810104
8.909328712474041 26.587090635155100
-23.459836565334228 17.914457049224328
-40.031030963175986 -1.278713826709112
58.653431196723510 -14.924811499593465
-13.564978215706928 36.211778614274877
-3.522960546704168 24.563066952578403
-20.357175245536069 -35.444457112142985
-18.451482460932066 15.384658003971490
-11.918160733101322 41.162484953166107
-8.655197487620555 41.744093559216623
10.497047759269675 -22.769767032948501
1.353814782909239 2.409499909694729
1.538909927689492 -26.442225456973180
-1.227254748963601 -0.088403974053917
-44.127929953530668 -31.110060751415034
-4.506673678984996 -49.361741927836910
18.651672702265692 -9.411779238909936
-31.695102689349387 3.233894191266871
9.320536085266287 -11.525999141633582
16.147689220064123 48.811319722994867
3.946439529364856 -4.672935364696642
-6.685540232132831 -21.893990697912020
-17.342152339679437 -29.014162302696963
31.067131126679090 26.207545687164547
19.091857430586824 -18.525761318881379
0.492725653215932 -6.172327198453054
-33.465339489008734 -31.501465817991189
-12.043602509768439 -38.951948673863647
18.290655600310309 -12.046482815984279
3.883111506251053 -17.147790970445076
16.961744635366838 42.598569010743532
-1.996996135960418 -3.322279099298878
19.029315145334284 22.664299051573117
-2.755551400922240 34.026657640936179
-17.011697964577500 13.133059414202449
-1.796630085585503 19.188685354573785
-15.868698088203285 5.967419965716367
33.007184650199846 -15.261792843339077
4.289778646555046 18.412203848687465
5.183714616976777 1.547388986333974
30.187302839563756 -21.061980081820664
15.325032921858355 -37.505380826482337
-20.852588426811330 13.127850478724886
7.712029647381777 -13.628982644266650
-3.275635967629608 -16.041566059954832
-35.851058355571183 17.941804249617000
-12.623239728104918 4.265946930950628
22.384846255073295 -31.385676234055207
1.102012676467132 28.992734468845629
-5.938711288125105 46.786257399710955
-13.427918513390555 9.810058147204048
53.667379849949413 -28.609012664403696
23.557401747446370 8.390927715002688
36.008386795540133 -1.547227772684695
-25.612720909613287 -5.733499600769935
29.489029373497551 37.151142856480405
35.574185070093471 -36.933367437638360
24.271877018766766 3.434797662216393
-47.963661504641550 39.901405236767026
24.003302952490685 43.206699428507349
-21.223338298738472 37.679634597047645
-39.524473018136995 23.216038385125330
36.747232189035728 3.740201917259780
30.671871617206644 -6.163527177690742
16.372930945386109 -15.690684099429967
-8.291071115347215 -4.500085781979096
-18.562989225312144 -24.987683490740860
27.150027295000289 -27.442463225027840
-65.206729785405201 27.640600471674553
7.328901907593541 10.919396594407013
-18.826096696172453 14.249304011442172
-22.565176276934945 -7.506833343190009
11.353524787489960 -13.127380275322531
-37.075323122759485 -30.073294314202958
-12.533875549654981 0.220287301456829
14.728755525153106 -10.441282331259679
-8.330593147865093 28.118529372287455
11.277181784848052 9.268077261580434
22.594834026810172 16.361761353676453
5.646813111183215 8.455270996959834
-4.729907881126874 -17.635495046291155
13.229744918104378 14.012020798842661
7.698567681831577 -21.229286908277956
2.474093449600731 -18.416173886082397
-0.141333223565125 45.498689596288784
28.540489143512598 53.279992370752673
-4.007710484619395 -6.948532415191450
-24.582516015016420 -3.116632272373178
-8.325838064037363 -10.067701095192659
15.323651835777230 18.739184786901440
-19.893016396928846 -37.413918759884204
6.649959107870078 7.754460563337005
-9.077015171110070 -0.280040593646785
46.646303691047621 3.410552775174504
-37.681007470252787 14.489384538616136
15.434814152988574 7.065870094905889
11.446767160724068 -26.504770192634652
9.282209491705979 10.360752387106670
-8.571635127802512 13.252296931952209
1.058701788743607 -42.327131331641944
10.537206097630275 -18.468145373105912
21.949320267319440 5.194301390881513
-28.426230639823611 -39.573618122505003
28.395352039290270 -8.248466443831497
11.881139532501230 7.941896092844259
12.666895089754901 10.917786204541049
14.236838034428537 -46.013375608709723
37.169362207352187 1.893509902257451
12.741674931190826 -28.079906774327824
33.831474148182444 -18.986522468165610
-20.140230469987173 -20.856184572408839
26.942973122326173 -3.289828246739389
-3.237583834578576 -0.669396553740469
20.657981306096314 -12.143846113680739
0.241849727780743 26.850334454833259
16.379149520166663 29.293621732222558
-13.715170935895681 -15.542694677313509
-2.573705156046632 16.081724663461578
-18.506425353745662 -2.742054290337384
56.823838310415972 -8.404824546218217
0.788532190743190 -21.784643138692811
23.857283211841100 7.076426502255003
-3.823823675991637 45.965781208787668
-4.418439606304021 38.708817669792239
33.649816091593273 20.979498780882640
18.557895014919151 -26.769648679825220
44.483189607081343 -16.978210682696059
20.465300178348798 -22.748196761227852
-1.608587889822309 -16.253403671196104
-27.156005631859593 -28.489128155666894
8.995967898521203 -13.082873169278699
-54.382636241176563 -39.095075910391557
28.800313649112589 10.508941656937262
-6.480124651114589 -31.951322171435635
19.379911795977993 7.094369116962824
-22.965432102618411 17.421963935796729
53.407192648065205 -35.687423018316785
-15.052070967588989 -6.329950856628721
-3.846963127546151 -37.031616149676537
19.423048569738874 0.793810700970158
-1.910409139803993 8.145172500419790
-22.726497927565383 -5.195513945156641
32.511035927022967 47.849429240719076
-3.749699471723584 -15.242997693562797
-5.383870722063383 15.869292985741117
17.029043289312792 16.441642192363165
24.117737544075542 -29.096774199065962
29.967685215790393 -14.163320612502206
16.980029212668370 -26.687123601127027
2.807004773845231 -7.125684967819488
-1.306425027560465 6.693035538882795
-24.496833152993517 11.141270821120802
30.978211293255832 -2.232787281353509
16.945631973995631 5.224989556695461
-15.391755069245109 -32.213980410286396
22.672718936124127 -14.433585202202977
19.841917137926242 -63.853658878617900
18.425209403575678 3.972997235358151
-30.251132248900195 43.798409313185523
-1.474063628894388 40.602713179897755
-15.736243246085401 56.907561411985000
19.671279393665881 58.379382965331160
9.447110409754140 -16.759576601223344
10.715773761532970 10.579699784318107
8.293406759802012 -2.881187959255697
-1.865121382288574 -11.774913700466278
50.073788855265832 30.168497975418621
0.199860012366071 13.940513528261530
-41.976678173261448 16.125428508772938
-52.264667523854371 30.474764303976308
12.583396487914257 19.168701526001005
10.537426070098332 -0.659398899025712
-16.013578011512955 -4.941874371866752
-78.482707534551295 -26.133292148515466
-21.067686115118011 -34.282190635769972
-4.185233215968954 36.044003927614696
15.895791481932525 -7.284674901708472
3.142367481747534 -25.096153508109875
22.497382407804299 -47.767529723985568
20.756672452025402 -37.881509593187275
13.908678563927458 7.838401425570660
16.469429734591174 14.510510718110886
62.681352722338190 -0.903543718748789
8.153166860789293 2.300906117540913
-0.219612062998420 21.337498229798566
18.034355538396287 11.167032551091024
-3.748856034025585 44.118320045632579
15.826794734324183 19.003974654423789
22.777006544685904 -1.568410763672162
1.990904648668916 17.635962387721211
47.770547360985539 -20.840782519606002
-22.864096410861183 -30.955469634450072
9.406786539047587 33.626789521667952
6.361947775168637 14.912909219461236
-9.682727433285688 16.612871363856240
39.740910286051879 7.631336609072566
-5.715603063262861 27.608645037427603
-34.350040151030683 16.075914067936669
-15.403646206468331 -17.178628532682435
-24.076252716506289 5.537142901750578
-22.560726505439032 -8.554211657829315
-24.339168325707636 -13.395771194424141
-30.863628127519156 -3.737651374380811
-3.153057327872101 84.171831580754173
-5.622480689374412 2.457817615847274
18.123231446986335 -6.918744897570749
-0.722551439411307 15.104377297782159
-3.327304627965197 9.510073637270150
-2.783116153736795 12.085827831626256
-14.220650496244575 3.991292433281985
-35.937979497860063 -6.800265895595143
12.854112776142033 -7.771699391748590
25.189937682188805 14.726472086037045
16.844355852794596 -8.337338490112867
0.013080861470422 -15.809507726226750
13.096508496271230 9.366303337413866
-16.977417321979381 -34.185091110715753
-20.798188371781432 23.878505246821252
-5.914119857988879 -2.472446204094764
-26.356438830168262 23.631263835335506
-2.268416331156653 -20.824485170702900
9.129020422736705 -30.828401447861062
4.252626109129541 43.675565769537847
18.785052181029720 -44.510959795712445
-0.454670140751182 -20.333439673125469
-16.696956217878014 -23.211070141925184
0.903119297771277 -31.851303217433848
-14.179931237088651 35.385892755545157
-31.338460316312677 -19.956017083973933
-36.152143992101998 -24.092426467658871
15.022080036449582 8.990241336813902
-20.339595702455764 12.937377561725331
5.834567565528249 -8.029596082796095
4.827121044579034 -13.391903081441878
-21.497303944382384 -0.212897501433166
-2.364577094011112 -36.312449805025004
-33.382470271359324 -79.150590721901139
-7.840439802705967 -32.179588922603529
-25.010082184036239 -15.855745647673665
-15.468456913234490 11.755770564240940
-38.513872541988967 -22.054010519968564
-22.396150338992761 5.397396079671797
-14.846614150756226 -3.164067394174428
-22.714563539464372 -12.803314258616535
-3.011231642843824 -21.490060189916132
33.830482081545426 -13.849934210264388
48.860825682915340 -23.435153266741331
34.807880534622441 -22.088581822019282
-16.511218807704147 3.611369938239919
36.662782354302379 -2.027607348810599
48.085925471924178 -2.509656540203927
-14.032795320262796 -24.150534609595141
28.087962683946436 7.293382084656496
30.695589891796168 -24.190181077644048
21.454090972098658 25.076784094940432
34.419155542990808 40.001620696711015
32.119703929753094 -23.358309379651931
-38.754656866387855 -1.752285462731777
32.672411198417450 7.405356066179489
20.336939790536970 -0.020005121998391
-38.500899285564010 16.799249873579843
51.048122108376077 30.242541291087313
-29.074949363966272 35.108449651923671
-5.647487628682001 9.812363953712799
8.238574515440396 15.555817103592592
-8.261336406150312 31.332225168145293
9.037403733169469 5.310899373784955
29.130949062007790 12.437358524437643
-27.576122219614287 -22.477680864263359
-20.579064924117514 24.626017699245494
1.830101830211479 -17.123416010746109
49.714029318718723 0.694678319449990
18.350709641154349 -13.776061745196136
-1.003251170700002 34.483381295500493
-15.927123384645403 22.627443740424834
26.204993900385642 7.174423892773898
-14.717364976953093 24.532517350373105
-10.245324278711495 -8.809460092129694
-9.225412141303361 25.111608070538900
6.152806404780186 39.180195830734498
-42.212885564955926 7.546556387598627
26.158532134622043 11.617870792502128
-31.824291891315642 -24.627440963848358
11.817493798311069 34.505652361858282
77.315111968953516 0.319766220814050
18.749938024236929 -17.006735504982263
-52.342306229283828 -17.992346653167385
2.742561021779225 -6.029652260372260
-15.507981762787105 -5.659325141044270
0.117785395029703 -10.678066925244565
1.198678788563961 18.786752142175406
-1.040481305902772 43.328165000743141
8.015544175678871 -8.928462013084818
-45.000938694771712 -15.360620526480945
15.200619938050599 21.685228814787550
30.220283939669841 -1.829489750025630
-9.283331128685257 40.791686915142094
24.642348493575533 -40.117408063807254
2.896020200985140 21.358627557174795
-17.466039429932504 43.928825228529782
30.758116141235554 -22.924668486866384
-0.588008357422846 27.987423656839677
-20.220616767187632 -8.780628908128110
37.152915956282882 -6.399052909109663
22.839270898802170 -19.983650331548343
-5.404941245060869 -28.010810645602270
-17.157334980842755 12.725855373862608
14.673406149030461 4.763775964416585
8.365939369059758 -18.031503085284921
18.933836216955822 20.878368968361407
-41.257701241758326 1.269587541897542
46.842203498654136 -28.123327154055609
-1.034527348277001 -18.082218140959899
58.041817974426365 -11.078706125966500
9.497349084105243 -15.733232194028007
31.377233244091027 -31.835052122151588
-8.493034875224744 0.211908464484806
-2.390662869914947 -10.008124348036851
21.461026689366200 -34.588673785266955
41.631481843279907 -21.223956960465372
-15.664511433976410 13.839838962305690
9.862818487426368 30.127203519553856
13.946012138506765 41.220303945904888
36.711451974089321 9.913889203386704
-40.446451458810230 18.196355644226774
52.192738507100991 -19.319690521178590
1.328854328828720 18.276409786081402
28.116072928173985 -59.146645516667760
-32.860064484884369 17.067795798635537
27.256033336969519 3.282141783206560
21.889320458048619 -1.803065858348684
19.095105375114805 -6.732116155980910
12.864053160364048 -26.358013058520925
-1.917643520369681 -26.926528093302537
-31.550298274914219 9.021910653166925
-12.331193413492985 -15.633636450342609
6.378241049443267 13.317651879707972
5.813795000999119 19.837966602441330
9.465412844484014 -9.612359773811276
1.710605096310254 -25.005115427116063
-14.257849482226980 31.582539799142474
50.462462570201936 44.134916685138229
1.896845541026068 10.441137509882376
-23.367265409450599 -4.658432417336248
27.956196018324569 18.427722132247240
10.520335704372567 -43.223645911210411
-7.885032827698104 0.912639809347779
14.991011969046234 20.842799685154709
18.046410979978504 42.328611282643330
16.234886121363012 44.923132320442008
11.429768900043026 -36.027199327801604
-17.412702699519091 11.507244459942610
-13.176369893997611 11.260456590572712
-1.602656201848813 -25.237478942588652
-24.353161998260013 8.111509327011570
21.702093019635925 -6.431540521913853
38.481789278038470 -20.654404001060634
-12.467543460042860 6.434912951070325
-6.368422445248428 37.492635034629025
2.717475703653320 54.469719834891713
3.921618013380245 -13.280594570580952
18.623247852384317 13.566241992642764
-5.945377503206872 -39.705535062738555
16.865234565451267 -4.111312319276260
-13.002175345011624 1.957092696492898
-34.649716535376136 -0.391015120267841
27.055296145529901 -7.521029086769741
-31.573074332533057 -23.816967293467886
-27.664356236424794 28.726369094772572
4.064022449494513 9.655060958111658
-11.377537099866334 -6.506092388875166
-25.918291074991870 9.253529536884777
1.138437386447009 -0.777365895786058
45.747827199315218 -7.531596562927361
23.169351365707708 10.105807982669456
-2.677022282741819 20.482880937469247
12.250154648268060 4.502577189255534
-11.091774971991155 -33.219896786290256
-22.687650980990686 4.613816862951379
-15.835346860015743 18.255055669049046
-72.528611451214246 -1.195670042324865
28.278184861731187 -3.627249200854847
21.164841321335182 -8.839043972727131
0.993759094303092 -5.902146854546239
-6.940294311275505 -55.323118223704633
40.034389479580739 -2.188127014053576
14.429112196498481 0.780725800061675
77.303261868057959 -29.672522121835751
41.915077321679384 26.392667452342760
48.762812504982229 -8.652273236999784
0.197718029447411 5.564573841901582
-13.540462818109686 24.666454561487576
40.625910868233746 4.247923711413226
-26.027935125133528 0.160796114034519
-21.406315130975184 21.450493422091956
35.427245071200382 -1.162867417359148
30.967779295206771 -21.903342606010057
17.963658953165933 41.697324059726014
37.141140130249767 -21.419455373143997
4.807250467997064 18.941408713337385
-31.754698737515007 -11.355527253739389
-42.968367553947566 42.681048171058229
24.606374341287225 -2.575917231190868
-39.461184489536834 -27.188103889473545
-1.762454804798033 -2.907333802635294
-1.043116397227995 34.002409283318784
-13.874136269473343 -20.916119419867773
37.751239822757576 -8.419410337053776
-3.825856485331178 31.846554890260119
-35.226276128939979 39.098301858411062
-12.373493709634225 21.654159887865472
-3.187575927454041 18.039295479478536
-11.539255317833598 -1.691496907084852
-14.366814927749282 -6.141648874572881
42.369949889978500 17.835284196029811
-19.908654294441749 -23.054082812236164
-24.000631710974364 -35.650693529162822
17.999769151352258 17.796837236699769
7.415257779170299 33.462940017927224
3.681153780859723 42.077316504455126
1.714546272275242 13.302885984159717
15.333042499878966 9.975173263144828
6.183706930257142 2.310907120164004
1.773773069283890 -20.766435857921575
-3.513321403187232 -1.749029829242711
-0.406360254203680 -12.886802755875467
6.390817759950846 10.251459944947777
-0.833784742725571 36.947500724092571
-7.210484346661850 30.703278970709860
17.200839176277597 21.649575407262205
-7.455583418907580 31.431023894821465
34.581454078763521 41.723116958725335
-2.384242154984711 23.116056064422828
-8.393541105858180 40.185508252630406
41.909725935958505 -52.738067705608437
34.338926194010433 26.763902722670821
-40.050808917384657 50.640705292764537
-14.652217656712665 11.172542611624458
-42.003555044314716 -10.233195182774363
-23.224628487243031 -42.766974733477092
32.315687081543274 -12.496724457903378
-11.686049803882899 22.098923818748712
3.303774837754826 -3.644481881671019
3.331343521465474 -27.528697595935654
-35.342750304811346 18.266673508503988
35.723331790012232 -37.126989450726626
-28.440874404231362 -19.296900386136819
-3.215994609819710 5.717805863632410
10.786582308077213 9.781140838168415
-50.521307360211324 18.737853587009312
0.678368712086938 0.013228071471946
12.212743104193310 -5.650379909318122
25.772969746917557 -9.612738524475175
-6.125408847823672 0.631439106441138
-38.887866780915630 -52.459731514404972
-15.992156009211323 -8.274171669360719
49.805460114705120 -15.690064100158521
31.340949622309719 -6.891500340373923
11.305810120046631 -3.985951774920931
3.063846514550961 -24.980687917247778
-79.752255828606408 -5.624776963450780
-34.458774396455425 -1.402969841023947
8.149663583601843 -14.677449217861382
31.131792821945847 45.173590769727539
26.883844569078985 5.836483721001865
28.445256990905669 2.752020807007839
-27.350235537682021 19.725566690041628
-6.637386188493203 -20.776864236749912
-2.837925364772704 -4.391251040035514
-23.642857125888227 -5.717922311059616
-5.383138038093814 17.138860426972737
-13.103452277000613 -3.536415087656612
10.786991102494467 -1.371185829691798
16.945237300144345 10.977979153427777
4.601931243267774 5.586948751170628
-31.447238406759471 9.755463643181988
-4.235798532471258 -3.623533156830498
-19.903392367304146 15.592078774467780
7.522226847607759 -47.757831323147407
-50.861433632839663 -17.543126688098535
-9.679073396482643 -10.739670177774034
-50.353361038589469 7.220209114997028
-23.426317600460074 -10.905234482243724
-7.267302659427283 34.018665741330345
-6.289892689737528 -11.523590134404481
-4.078510700749592 -11.076370611288560
-8.004030527988899 -10.854116772427952
-10.594821647834387 -4.374714050466289
-47.248483523119198 13.921374230299437
-19.882956056319415 6.936616384169682
-27.651885680403133 -18.244024425895628
2.049590544606872 -22.553658986145805
14.999921622746035 -18.110509139348800
16.128845227118685 -25.618374889393504
-0.998543022552804 -2.140649974629140
5.472047120563336 -16.294918696066976
-5.005861887874078 -2.942266884881874
-3.412283279269512 54.285675812464689
-26.812255450940945 -5.412021062508895
38.109648788230722 26.892673607969162
43.280945829375746 25.774544800809156
1.562178903002817 14.158852560200781
-1.923488474155479 25.814751031883493
55.853916530359271 -20.771430630086709
13.770193692113708 -17.344014169297331
35.070406236749328 26.304687355918109
3.119778951837799 25.540216028022844
-14.427522064750470 5.419661376330648
13.846909473152305 13.832881670574853
-23.331034719516396 12.360932848014675
-13.641811282876091 25.152156488781323
-12.370262348706072 -23.018790998595101
42.571881836814200 13.743027956012970
8.694604620885892 3.486114461441212
-39.057835717907636 8.040075357164675
4.711567377127240 -19.047032266312872
-6.414582964603689 -14.335630755035075
-14.092459590338951 43.112039262440753
28.312954070109427 30.599674054539935
36.236139989135197 -11.421314512219805
21.297394161163709 22.007233653349154
-34.543099185246326 39.431344165015012
-12.712471143100490 -4.061405434157090
12.830377874789544 -42.029320205900170
8.743448673352889 40.063085843164323
-17.997679091965441 -22.901143102717974
-13.060096254607465 20.600940203325994
-9.958166796389049 -4.956734928221213
-22.637883202031801 4.085913548139229
-0.000256828278462 30.037657200355948
-7.306530820275546 7.750605447990797
-4.082732680220155 -17.616301651279553
25.635517820907943 -32.023992814539021
-27.742887138636760 22.402626191489578
-8.230311706376098 21.147323249470425
-38.876644248863144 -9.525154168566900
20.716706811306025 -1.064716832783583
-5.418584869081694 -18.211515176658327
-21.513440985760720 -55.902608737169338
-2.243687475631541 -14.216952446526006
0.906914759134442 47.209782608893498
-2.881519893402920 36.798490993144263
-10.516751005218879 -19.114609831615667
-9.047339873697297 18.408504434361564
-28.721452625365259 24.425825616445849
-1.934409152826951 -32.858804183389893
25.764645095754013 -12.485657508379973
22.700967426283732 -38.960385121455744
10.216054179757034 -1.703912136901914
-15.201204560575944 8.630276956525785
-37.553809126947591 9.467285863158356
3.642855155265599 2.294454004014697
-45.108745583753532 -34.772741712349820
-2.204797123412219 -2.203939805636908
15.936791942138775 -44.902836936075907
-18.084232080862758 23.347517420407801
-21.920128618874880 -36.991461565192054
-29.562614892817631 7.870167714503904
33.090772396887459 -18.748806972261825
-26.922792170915926 37.968994479781607
6.162153674235062 22.596427246176315
12.741117933458144 13.632256980549661
35.802276318593265 2.422819348349759
43.904259059314505 -29.773681563488783
-14.837579645724791 7.102202850010698
6.080049989281131 27.615291512142996
-5.047451311718702 16.502904766631687
31.879618332790479 19.121798675209746
-9.021428579392698 10.891930935856493
-6.341374801746790 30.991607346340160
53.553987431049897 -0.630089843435064
-9.109105321982312 15.189191284673560
-2.943038092334950 -61.991893264967196
-62.076791786620177 -18.684900994681453
-3.778516382818800 -31.230719015541233
5.171107443862254 5.217135353801910
-16.351102107292920 3.598477586313368
-1.175553439749839 -12.739592162631498
-3.925307995134484 36.784934943863028
41.140941240068074 66.486682932107499
-24.866097560841297 -6.555745486197361
-6.388357110934643 3.507515525660740
-45.682280200929348 -14.839881835654957
39.796097777603158 14.909125050926194
1.895502129173001 -38.085211113676571
-14.314513347411030 4.145218877629308
-20.964752939786528 12.439498220282042
10.260389561762596 4.098932027156533
-18.291647810784252 -38.246873025133866
36.042518805516600 25.713860927153714
-5.568301134907800 27.200848893220787
-27.063148078113745 2.254416134768626
-23.793897715572687 -2.418446478243994
24.059294474581815 -49.471222156714809
-38.197232861857728 14.844882038173859
46.500184271623858 -9.745682749510820
28.615582536427855 -2.897151457945010
-23.899387132341495 -3.921723716701196
23.773627053838531 -2.283725389096879
-6.041763456930680 7.791952081015700
14.408647908450019 -10.612746176985667
-31.097567616339539 26.823080785722222
27.203623308846336 -8.488379265605921
-63.512099507966632 17.412289598520456
-35.489961573501517 27.495654504861854
36.385920468466473 -15.028822233335605
-5.277517345975375 1.913249780108867
13.224450532924429 30.158671171071862
5.690496398891008 0.401806934323610
24.048189868138721 -44.853804314553393
8.359139853795810 -5.515771780537142
-3.925273605965810 -17.052115503706219
15.759717282988875 49.214028449474966
15.111438807088478 60.238086143417163
25.850532827409314 -35.002343818356415
18.150491920114007 3.659524558361829
15.164894921009145 34.822666970577345
32.592108582973005 -52.672801630650682
-21.297401118367691 -49.560098257709662
35.683660450893200 -26.644320685628710
2.776101466467201 2.145441712098937
25.868716372008475 -12.936805903510722
9.783771625149864 6.750524715919989
43.293653537315230 -5.908351783436643
33.573903245161908 24.839981479065251
-41.077591088012419 13.373926842668640
-16.031319540961999 -64.201191913494384
-10.392829139404261 -29.163834742324394
1.177578482643909 11.166846250553025
-0.719625006460845 39.768608979824158
-42.397191232040932 47.012860027023422
18.071148096954662 26.174566689505369
-24.896277764375689 14.664965003853858
-0.831398752845378 22.824216208287801
53.234486248428368 -28.016314560527562
-7.615639773203745 15.385499027807089
-43.181719061574327 -2.613136641751944
23.440156801883727 4.012995873537513
-4.984952327803036 -2.611551341305153
-3.112291531745276 -11.548066350171041
-16.398068292240669 9.851768694964740
-9.087420049650799 31.138868698123904
7.647036661858728 9.604027010939195
-28.015191419739196 -23.452547605147974
4.074181795180936 -29.364357570205058
3.701209632789281 -4.840039700430624
41.088617029943514 5.068207459022931
5.241705337217448 40.619405314200257
11.262349611021859 -17.178095356427395
-22.219685211769487 -1.266826043191764
-1.014409421839603 -6.342353249864480
-24.250182573893504 -13.440567058025030
29.728677411285631 32.180500234245841
-4.595486038707929 -47.886361700673596
7.956078456979251 18.556272320179353
24.185267864598945 -16.304233778005358
-7.116257635238028 21.766497365372910
-18.509523021472134 -9.058759534982947
-16.072353248797643 13.644499149950104
28.474248550286681 -9.965845229571320
-28.673536837757791 24.161269259498440
15.310153353463793 23.615089976846740
15.362900681419839 -7.805012452852305
-4.299366534227190 27.825168336473212
-2.663240236318858 24.047970998701622
-6.178122851536368 10.842697373833115
32.984381161642247 -16.416318129219217
-10.283740423384282 8.689457165202665
-4.597291275046737 -15.857177647377174
12.787342972569151 -4.232556120483719
-6.954181443146806 22.590628595688266
-19.231433875483617 17.093586202892229
-0.580959705374633 42.999700041574251
48.626771570471888 -26.598927390545324
-3.374998891786772 -20.568372266141903
-2.734081801560007 -12.423387737568326
-11.652496200728969 -14.775524694721780
7.169030528706256 -13.344886237795276
47.543339331088390 -61.142420734257882
-28.690111905941226 -26.309114517424931
9.750158590072214 27.545296590070357
-68.683740508526924 13.225102013716130
14.193546310498114 -4.807658206057726
-19.721650912579499 12.899826507857011
-2.810302132883352 -16.223291423234599
-13.023117149745330 -80.605895034524451
19.827246753902951 -20.396080602747652
6.825309333020606 25.985795412434562
-24.061187431072607 -9.941409730538940
-3.863836473792158 -15.607414449217970
-11.620416063834268 41.543191960437795
-8.535479495943123 28.637596032373985
-16.277753554617039 -9.854974344133097
35.805901329860269 20.202707493042784
-20.811440793859710 -39.989409535626976
9.257844003917821 -42.867778102695588
15.136656391632203 -12.186115429681692
-20.125866852193692 -13.882845263973797
17.396923722072202 -5.941284127322785
-18.802581231710967 50.036579649505391
-0.635044073031729 -12.717045129552828
-11.342759197599754 -0.777980840294748
-2.568746954262261 59.371942822521831
-2.314902081718737 -13.272875637717780
-14.101490873630647 -9.122488772287891
7.731287421652867 27.980870684056146
-29.911237126108045 37.520145720040667
-5.982224917518332 7.127975567021881
37.599079633389749 -69.509227779779181
-42.982080473255351 34.362521395324109
42.663494891003843 23.580991269568148
26.889399543680909 -21.723522884831144
-85.879749313091182 -27.870877266024781
2.083884761226067 1.098294451668662
-16.423674619330114 -53.758867810838211
-36.251772632709844 -4.844529217822603
-7.179955504860616 39.942572387472225
-21.672455032417549 -1.897743023381014
20.070723581657006 8.097814041509167
-11.396613567849249 6.640665420685537
-5.068887466494401 -9.693318385773754
16.599042409930487 11.413193954699626
-13.825191971415887 -29.335855484402789
7.184583097685206 43.460772198374578
-44.059139256528042 3.413996607772507
-4.578582157000453 0.568556295320504
41.326077864887665 -2.212708260078083
-1.093499502664606 -22.903042152590253
-21.474174044057460 -2.114361826677711
-13.840937211670838 -20.322124327698059
-45.364121656692262 -18.981637238492770
-10.969428045482704 38.242304930871406
17.632446190733425 -11.443053887119802
-10.891931809513574 32.006862855746576
27.448493354787534 -5.089682032020390
19.086987560159265 1.868913718505331
80.829393096219377 -30.845606600941487
-63.646272943814338 -2.901392773063328
-59.405574113063906 8.232341209422938
11.613136149306845 53.224759216098356
-19.425309046721082 1.151183395672044
-4.348058905465893 -20.201692496159016
-10.115098610183313 -34.234797875921473
29.831404156965927 -18.742214173151776
-7.686320572189884 -33.890223469196059
24.297535203468520 18.897482501655873
6.012379798368626 -17.816272652655261
26.338934387927715 12.354810191365683
-37.547198289520203 -48.360235642716937
28.999799536243490 52.061007635967187
-35.201842647752009 -5.424299021578186
0.118534561630032 61.785921178580161
16.051298396633168 39.832733377864159
-7.485516310161695 57.125369657703111
-12.933555439570371 2.623295321370420
-15.326944916634064 -6.732105077243154
10.154791256391123 -44.245748478638710
-44.216376747274680 -4.426435869257230
-16.678764808263153 33.437247796552100
-25.780468329486684 -27.972707114035959
-37.719340865053923 55.540587565724842
-4.259140805719359 10.307762449371996
-12.348835313589335 -12.298971028316517
-29.760576291768572 -2.692548626704525
53.221614132290917 39.754979349721800
-43.239331046132136 -13.447404493647548
10.374510813380818 -5.516196133583843
0.847152421159960 -24.264705693082991
15.414184024780155 26.609254935789885
-16.268769434026282 16.896180480783070
-17.374992082926749 14.651726668688871
44.932249929415022 -22.262416240030312
17.191922851870430 -37.543333588789487
6.871839190456808 31.757568649690299
-14.873614159610753 -39.085114502836575
-27.567190042970875 21.179927794597486
45.276112440349550 -1.461143095327436
19.038907821320517 -18.920102697320047
0.000920584497002 -55.069524324215934
-15.412795408922580 -9.088467340816596
-13.711900742197189 25.532161360929017
-15.382726784623122 -0.433101282224271
6.692851963806579 -5.841693329940036
39.076680765956354 -24.077459684241401
6.548690955121741 4.021066782777580
-22.775518774490248 3.576353614691265
-11.630758113819072 11.827772466539832
-29.856743922495664 7.592557431037923
8.278541644581587 -39.309234311032569
-41.688609204117768 32.314850817736797
-24.962994205868309 37.695530628880803
2.760289763153922 39.917140533001316
-4.117454732454843 -5.521500858139070
-8.424679132654484 -4.443587630613443
-36.456420466711208 -56.585650377444246
-0.857920206153578 5.977831842772791
-17.412376174212316 5.204451014304357
-54.900601522915501 11.477713769048854
15.855186213289594 -1.986208589003813
-8.912122163212326 5.371294445047395
-4.396712857598064 -14.091429766692343
-12.501214108543273 21.596777344673956
2.407855887601876 4.804520122061043
4.150814246359703 30.619312456239985
13.670241535271471 10.991087149165111
2.436763475518589 -14.092064141453250
-4.514695355299658 -36.076985205643467
-8.943442470284424 25.356488522510915
21.810083747750678 -18.637057315444242
-28.242506162193383 -1.167283033127387
33.498771383323614 -48.479609855957442
6.816612438372552 -15.994341951891817
3.658211303597647 -8.371553305138296
-18.703553402333092 -19.519676379975177
-18.982317736994617 17.796522798208805
22.585472422682766 8.663685962927227
-35.939769852719458 -25.296753769488078
0.044164163035840 34.545347380308378
11.976191829864192 4.979070821851288
-9.150234473758873 -21.298651799512971
-33.377032265748191 -3.541738768766698
21.054525081861929 -5.208354996859930
-17.374074653821381 13.740142664618421
7.323372435153745 3.698291706860544
17.198079760901333 1.564777501918889
27.888610684564551 29.614141782414986
12.155971391624222 -49.546095752900293
-18.873672920509783 -30.014136528365487
-17.856960499676557 -16.191631251838725
4.874464962828513 0.588774473068600
8.904339780674507 39.244090066232708
4.627934969951330 23.028740190150643
8.119019024560680 44.943942965121359
12.809446558370905 -10.593007223076841
24.760521372464542 24.390157545869840
39.678245128279663 28.340448703217596
-29.760003181962823 -16.494668511114302
16.987681089274243 17.670271625763295
-48.528674593300444 45.113068234871655
18.252280967896684 -38.674412985196604
-32.100225089434957 -8.999791972419665
72.766077957302613 -42.647742132680854
-0.384052284370306 20.133114861713814
5.204042353272082 -0.341729499254301
-5.610954899240101 40.898875756983990
2.311668286825757 2.845715707564304
-20.331977109086196 -57.497633129763884
-35.116865252900205 -3.253518916725384
45.993716531702013 3.108878948705980
20.203584062389542 0.711215212081801
21.157374605014425 10.878017424236445
26.070969846578627 47.626471266150077
52.688957090713195 -28.515170862218778
16.989595654104438 -4.928827253435058
8.375593442764007 3.660916145161786
-60.089754876805344 -33.211888962152237
-3.048823097535157 -4.129829705686484
-17.267120442823046 13.605519501252768
-11.791177702751810 11.114501137982090
6.585898300130798 8.371006586696163
12.847520058045838 -1.623970756761024
50.543468095301591 -31.121132940898782
-30.721243636609721 -9.120408669625617
-24.159115251084692 -6.268048840333190
-20.513741785885575 -0.244543488108593
2.747238931257707 15.722766742540546
-27.072675953611821 2.056892227792290
34.588355359561255 -15.531940597450735
-1.533774822715054 -12.520378247095708
-20.358796679390849 -12.849419172972869
35.795834034348765 -25.407910127709343
-28.440391405444007 -32.231451773583501
-3.036190248524802 19.016026363787066
16.963903301893065 -26.034336554126995
-11.512651125487126 24.303810471209637
29.160091650735126 -3.620580340222831
13.721184580647854 -15.207811668641934
27.000561807419189 -19.251252975675460
-11.436973226445682 -66.633486929820293
-1.801139512531083 17.103476943569738
-28.241273336981617 -11.941928533642795
-28.949408491511232 30.385543173182423
31.560096259474268 4.607311653620989
13.587463560251205 -25.468057853881046
27.706291327448326 -1.332572330814551
15.453172610098871 5.280819060601398
6.717574278181969 -16.035138017136529
0.323049775976962 16.398249258418062
-38.629030483567028 20.088259675555932
33.455108428394226 -1.666552175130582
27.618165169486712 26.226034503318630
13.935891809433739 -18.643661697788023
47.589271344585995 10.989397621271271
6.352014649579015 -18.463034181183723
-25.616300256546310 13.775330978137639
13.175186617207894 -59.242043732534668
-36.428437772156776 15.724613836566856
22.613064097863013 -17.563204157867201
-39.133404936692685 15.557686708643342
9.130773183713847 27.203500203547406
17.429794806416588 7.138649219096485
27.605018530018704 11.144996697913347
-8.613099850193565 -10.010529502976667
-35.360912324523113 -21.813857221167062
-18.974087942442836 23.238609482230363
4.271039531799602 -17.238560284902995
-16.573524033588370 41.031715730928418
14.808686164705712 27.473203263006482
-55.517773168984910 -9.044006547881766
22.701872889917819 -17.784177448378319
-81.766488246773577 -36.909366158864295
7.630007603956567 20.183418166868805
-24.011058790234554 -32.950717622709767
-52.065254467976104 31.497394143878171
-33.165553468077867 -28.124937382136576
8.914545754148818 21.375923354928112
12.892286547852446 1.203192835195877
-2.808985830754714 18.926897579530610
-1.459900791151383 14.040423578084837
1.902706125230271 -31.136844554341621
58.627662491703234 28.443644417925032
-9.356289186404439 -6.133348437415754
-43.644837020859306 -41.607551335383469
13.989688831708314 -2.592128962737149
-10.621687221685427 -26.168295003785094
-11.810879255218266 -10.544178816536013
12.099005825879024 0.564691782523381
-12.297605414306721 -7.025371885466673
-7.307186744028513 26.295410688227022
45.934168354254041 0.427724662685367
0.587561548811464 -13.742912106693685
-20.626341404704995 9.462803766639936
23.949381765556591 -14.736584966888293
12.173551288798063 19.978598652405779
12.497616350460373 14.102519778393846
-32.883637601410264 -28.645935205623921
55.575622043007670 0.979758584394827
-3.073688267037476 -20.258707958272076
6.535508808945010 27.247612634634013
36.193815645484079 20.217061197134605
15.800347387824946 -22.293837652511893
25.149910851902249 25.233183792025507
2.818790626058721 27.482797241336527
-24.564219423139850 18.889728796253852
-52.034533418051559 0.085121626553612
-10.025939446034958 -19.005008433069122
-8.520817831573169 21.533885188967787
24.347698121945367 4.314445613250611
18.630448972709338 -17.397633942566529
60.477547752081968 2.743008824394939
6.665711525470093 25.590689563762858
-58.504282383185696 -22.870369584883925
31.783875735177137 -14.323607212375093
28.062340836942202 14.684988886213867
-9.674426741164991 7.823457921875479
-1.669504600579687 -17.579880918431098
2.085549853316251 -14.585625751981087
16.309718493406486 -9.609694445618446
-38.801989913507093 3.718620867206180
41.831002059760429 -11.934893671407135
3.807485000383899 -5.312057713233001
16.306840681539704 -20.094918992907051
-12.916063714540789 -0.737859576553484
3.237267660189826 -16.877541343545413
-30.271880316518107 -21.660467098356001
49.472222758425261 39.354756479404330
0.537629067238129 20.743872202701034
-35.060821456151267 8.185142801520616
25.133394621197912 10.608840381661874
23.212697987797355 -27.738290454434171
5.506542752678213 23.087738394886131
17.694279880587004 -1.513981684531480
2.781418965945346 15.046078469718401
-5.568589724726612 45.668319927848785
-32.662345987094923 -14.539871707934553
46.095695244755319 68.516125447040153
5.804148793067986 11.746702108113187
48.229160604244427 45.483380668273540
-18.616145590053495 38.818622057828826
-20.008932814529171 -18.538678888221114
-24.099086398577246 -21.308967757064291
-4.028933613851698 -21.914268844914865
-30.632005979600752 -21.991866802543171
18.494238961071176 43.721542532025801
-0.096739993698709 6.160473855904876
10.902741486118043 30.065152871727658
4.380571706258407 5.005672088652873
-0.717385197196862 -44.220599645475616
17.006744528495240 -12.361761825922454
-1.865374786248754 8.192621864086096
-13.600814868829742 7.894533728216201
52.044467777233862 60.004129819405655
21.684603431961619 36.786671849271180
-34.267960147951420 48.131294167783231
6.519787233523733 -22.520568463102688
23.665511805449533 3.207538382171458
13.595872675311485 -5.028444017525523
-2.420657120851302 -8.396341700459773
-4.811495107212435 12.250334636253450
20.404241332640538 -8.942851056204226
-6.956522540930520 19.941603568649512
-15.106784971083984 -19.919937847939970
-43.737371310775167 -24.962673554871802
-12.958015310633165 -21.196917429017894
2.962840732145594 3.915240150015974
0.522065611494787 14.662424206594167
22.661334580703688 -42.385206575279625
-9.803047128257230 31.742936115462953
4.843726856669445 20.930226403649659
-5.398700792095633 -4.505048617426389
-29.951165556093208 26.388490846210317
34.071603635908630 42.492985700044940
12.240275232325246 -34.220326891169798
-43.554503409144928 -22.097769034456672
-14.220981324399839 16.504720773422818
49.601623564112280 -13.111483135068042
8.529645427015245 44.698402545278554
-48.296402319810163 26.545502100174929
22.518733687625673 -14.676475879724753
13.796708259447637 -31.387997965271389
0.104863874164908 -16.015508867835504
-1.103443480564266 -22.514684119274648
-22.437348542585941 -7.548925455843921
-9.146310338127083 -17.520757136860112
-58.645940760613158 16.174230713151335
6.055690699920940 17.241372287764616
91.700634364263408 -5.907615104420579
14.500583657656064 -19.877131048047563
18.861575845600328 42.952806098885780
13.774476333728444 -38.930405570040534
39.630842347150448 -30.122061234418606
-4.283835984127873 31.008444872678741
15.807612133820506 -15.974342235764352
3.693624609162201 -55.531647268628198
2.205062924872640 -15.754200078576568
-7.999550892017494 -17.214300261624111
14.737359693709102 13.037183773737265
-15.498531921928780 3.742691956319928
-14.099873761885606 -30.433401826392124
54.577863533322876 54.323178868070698
-11.977776816947083 1.803875383059724
-21.113669869681608 -15.597046466427038
2.689155102414105 93.404397423418388
11.938480593324540 61.317526012700917
-31.652932849640973 -15.639417798501652
50.028104555251304 -32.273444264765487
-52.561426627980914 24.213015388933034
-3.705052163200289 -36.632409839308671
-4.803946380807739 -9.113917842352576
23.454611250219596 -8.276019344224972
-5.454812107436283 -27.425540496222190
-21.254466137683604 16.568142182351693
20.583791435477615 -22.390134554412121
28.360721249042342 2.889268331337211
-12.808718871774346 25.082351415772639
-25.090367028614338 21.225036764133645
1.082311824131182 15.876539020494240
2.798928255828204 -51.870057367322097
-23.239169461276475 -0.221294919519233
7.831268649612251 54.908253734187980
-13.790462001515479 29.995110276156890
21.451846350004764 44.711691986897080
13.057112749709569 -18.076902636377376
-5.124031266197286 -13.069657706514297
-44.590047214856178 -58.495710569506173
55.082975020493187 -16.623112355231921
6.125892665982894 -47.381235287105902
-6.216679715254750 6.413721452843403
-4.578605591428264 2.752140056513021
-16.912296105352844 -0.545210268500943
-38.504820980581989 28.190459022804497
34.301748963712043 19.726884607492188
19.122730816025463 30.338271567932228
-4.495631513209809 -30.604094964750097
10.382741442903903 15.598570693063856
30.149224609825051 -11.366196587190919
15.874287810752424 -4.944870452505889
-27.910678362160624 -22.689388619880919
5.571786877619225 -22.312824869649759
9.697219340297135 -1.562803075140763
63.698444437053880 -15.704558779769863
-4.446986523567709 -34.050307658270171
-67.181601673785636 -5.769309183348193
24.252678199340025 19.104423972215457
-17.048984935094005 -5.288650950451705
-27.938077646605617 15.138488736062804
-33.842300675693565 -15.061652477136651
-25.858927708062883 48.808376039746221
33.712186317628742 -10.706064960524428
-5.436528772035828 -35.599246436824401
33.789914810866144 32.602685481464256
7.994103427038562 16.884708448593273
-25.736176184728976 17.096318696596352
12.491611459833848 37.949248618160070
9.985455375161420 -14.766035804080911
9.146176538343980 24.334912475999705
-36.536405860415968 -12.237486818814663
-9.859849796233544 5.432968836170228
27.466816840122185 18.112767673998778
-19.920061863017246 36.933034201120066
-37.906878233331057 9.614025563415264
-19.297257585231691 -0.356830550006471
-4.872827593194371 -40.986853484207792
9.690154898274210 -31.873813402108237
14.860726261492362 38.006663839807210
6.850322461526433 3.907474270797169
-21.820629661280847 -8.947496056648006
6.829646927049215 3.700453412541875
-4.707401212936716 42.685979473242917
1.828431826864575 -1.501407996164065
10.385751509235257 29.522051131630661
41.317687170601559 -11.837525267370030
-39.695218738170674 -20.255987920683634
19.209850409079973 -1.471091725051855
6.949639664476269 -10.568864728406952
-26.749475679105156 6.281163697252500
-13.235919406353007 -38.386911183435437
-6.686364380794799 12.055384124135033
16.786570116354397 -10.873561934456131
-16.951089749224423 -18.962789487806045
44.246516304667956 15.739555235221385
10.916797140596888 6.364659343676562
8.224663471597202 6.736851526252101
46.078409138270672 38.899041411369708
-28.719187128410542 -29.903610678607109
10.719912424287520 -16.977345849460022
-2.570258937018890 19.529654436374884
-0.484056702387320 24.428518362703795
7.905293699572230 35.700606805144858
-29.659691236370048 2.394762427460275
26.655427129824485 1.243591003326631
-5.317981253667697 17.404164720518274
33.248290833898935 -11.943620785545612
6.156376782292461 -39.911344762288373
0.437308777944753 -0.348031751414566
-0.924636890622933 -28.688075087625080
-53.118479253956856 12.209936143859446
63.820538186304461 -26.480380940254339
15.738725655157964 6.825001046138127
-32.543788301777660 15.138486588966483
6.883150310268261 7.041960195798606
19.386754220333700 -32.932365494090263
39.291780830473478 -13.104715384179322
41.932475326201576 -11.597269980147134
-8.768793360957460 35.926252259438208
-2.551952412668380 18.722881129218496
-56.277980175984219 51.697641562143893
-10.880036852114998 13.383569518945515
-13.298320176630583 -22.447096931500205
-6.858279926141059 22.961853622996216
