0.000000000000000 0.000000000000000
0.000000000000000 0.000000000000000
0.650095246091922 0.000000000000000
37.068224829123473 0.000000000000000
16.211922562304352 0.000000000000000
28.263421429652492 0.000000000000000
-24.031293051724958 0.000000000000000
40.948693739587533 0.000000000000000
-21.168113580061313 0.000000000000000
-19.029216052525477 0.000000000000000
61.800587324801654 0.000000000000000
21.525441614993817 0.000000000000000
3.242462648248377 0.000000000000000
12.418531449223110 0.000000000000000
14.393945739735234 0.000000000000000
33.311889021648454 0.000000000000000
14.672756880239962 0.000000000000000
1.286294149132397 0.000000000000000
-1.489435482002558 0.000000000000000
18.592158136196080 0.000000000000000
10.642451519868466 0.000000000000000
32.574481553125565 0.000000000000000
-21.177208710544043 0.000000000000000
-23.023656672160090 0.000000000000000
-9.403931813963208 0.000000000000000
-4.310723380953307 0.000000000000000
7.077017585746715 0.000000000000000
-14.933097933073599 0.000000000000000
-24.100236501349144 0.000000000000000
5.419087930348703 0.000000000000000
22.131583145882328 0.000000000000000
-66.445296774803566 0.000000000000000
-57.242651165449885 0.000000000000000
-3.279485311574962 0.000000000000000
-39.495816354502516 0.000000000000000
-40.499466032575832 0.000000000000000
-49.359848441901178 0.000000000000000
-10.982891179215297 0.000000000000000
-22.134607037142075 0.000000000000000
-3.865873099929149 0.000000000000000
46.257680360077757 0.000000000000000
-1.169951684887251 0.000000000000000
-9.685363598982953 0.000000000000000
-22.848401889160435 0.000000000000000
-50.449074640477889 0.000000000000000
-39.278514766278128 0.000000000000000
31.358067542348188 0.000000000000000
63.648237160661068 0.000000000000000
-17.531411073360701 0.000000000000000
-52.086993663013430 0.000000000000000
18.161199691651667 0.000000000000000
0.000000000000000 0.000000000000000
-4.007344466484355 9.365994876380308
-48.348753229705729 33.298979123569438
-18.751132450913861 9.719577590859320
3.209137400211354 -7.305940450374357
-14.837170456015427 -31.399085386746638
-15.172996632490086 17.061431904610497
9.298306039771020 29.724047035277490
-31.424337186621052 -2.800356033826109
-17.234184584575914 -11.566940400161402
49.579703301853336 14.139011492853186
-20.789019726281946 20.134273447293182
-39.840579461900859 -15.522828692922582
-4.267571214839175 8.534684544451364
-42.567361034902255 -5.521102261353446
-14.379865840174038 -3.281850401639523
28.887520595541076 35.461264418299358
4.341120496767687 -6.120760542429190
7.638142231001610 -2.681608562523121
24.839132220798394 -10.700582263093155
-18.660516722791449 -3.099026561050633
-35.801857298633315 31.087943791649739
-20.257527540198591 15.231804350323968
-20.648143413584705 27.976817727001489
-16.360428230477879 12.866572894851123
-13.238490733442216 2.913695021077953
-4.170044811301409 6.663115260613577
-21.610182228433402 16.899799088370226
-7.500284051243009 39.732217218581326
-32.228118130767520 24.219660965199012
5.015151646697968 -5.449490296716350
-12.583928470294884 -10.295509974256422
-10.695086247554144 -23.005876996718133
-13.363378478071688 20.351803562586966
45.539047577609047 -13.645497087153675
-0.746530410896655 -31.308264420307051
6.221900558922909 23.771233387391902
-17.075651871976735 -24.188147114793207
44.386105314566009 -17.346967794418489
27.641121492812911 -14.186958373548189
-23.469821480296385 8.416690263291065
25.814142044444988 36.186155727687243
-23.167935042119584 -9.112057656513542
17.770215503461156 -8.537764834838072
-6.861995574751798 -35.596154827124543
-3.815314179086470 -43.541930360377677
23.285736550811944 -20.997552189832181
34.988901079488933 33.325611928145122
-33.180652948634417 23.967176640787365
72.386870471621336 33.681425419702336
-7.735106370424744 -58.062377658407861
14.879123282938759 44.646342490135218
-1.967695745327501 13.720051593475308
-5.313028191716183 -10.407284355243441
-2.341046139125829 4.187438369447301
44.064828131262260 14.044140949268057
-0.539329993047534 -4.201812774640607
28.487399390370150 39.985541926915609
0.782455164811415 6.199980194410976
27.265080783397185 -39.054510788624604
4.158869926954623 -15.282860023139849
-7.980318285266422 -13.939276550059146
-13.034891387718593 43.490514134453171
16.261182243939032 14.165787280109900
16.579866699071186 -11.053921436542305
7.241843161350414 45.596283054010819
21.178393461759850 -17.532541334471457
-14.708536289729192 -1.217986303919883
14.128751145240114 -2.479286831075227
-20.653742381346945 5.072650374509164
30.074358302137156 12.858531708879330
-13.146466279674426 19.088508475377395
-19.215545864756017 -44.030739848295759
-5.083226080220882 13.738064838219739
-11.790898422644270 -23.637192190492780
42.495702104265249 26.040368787146367
1.330299614751248 13.700749019580467
-36.803010243213166 -5.985736747153398
22.003328394515592 37.873810330508050
10.800142583547549 0.217499181639134
-16.486687900457515 -9.335026897214410
-40.023566500955845 -6.864715471335979
5.600283727550554 5.270657279621529
-57.606488317300091 23.827727339536210
-24.768517971814703 -15.177016995118795
-16.051592239120101 16.061773553293900
9.365879516329121 40.110633921294230
7.385255466240704 -3.071753815360610
-35.539415527397701 -31.556779783881062
-16.094500911881820 -12.675912969300615
-33.679613931793270 -9.204645273153632
-2.633557720448167 6.802551874736561
30.863732562205495 -15.284030806158491
-36.736968434210752 -1.812477009441391
-8.499305245700629 -10.731116180596320
11.600512190021322 28.169228120288995
-18.910611931389209 14.620650856183097
2.989952294257817 -13.959801582193565
-0.324997895150102 13.208031643573561
13.421606195805101 23.176868544258500
0.280406332989351 -13.812574399479049
19.137059634824801 30.556178251467475
0.989786828633789 -26.375506053451250
3.699977012627147 11.727921817564745
12.701511264763235 25.254808940471271
-7.209421029374207 -9.041497249887705
-1.354224229610404 1.606110750923089
-20.132036488125706 -25.322884027715894
-26.430830616753362 -21.645267987381839
24.364332752782552 23.187328217475077
-24.695645001736395 22.924089296412884
-5.017859300565116 -10.916361489336317
-34.449687568973602 9.974910244494220
16.064639301093759 -0.199055175301139
22.484495305773201 10.521796503027044
2.807938681253326 21.145596785178636
40.787248459247735 -13.164436812320089
-31.985807236257745 25.551598870302659
-3.047245965035320 19.065058394617417
-25.274956811270791 17.618449856446883
2.988173697461263 4.326897640683000
-15.304943902543769 -43.181425357940441
-22.561888707136916 -15.395198852860531
-4.171053331023892 -23.850632719041819
44.207685142637196 6.032141521114153
15.973274009080217 -7.675123644679308
-43.244034847970354 33.225690309907115
-9.278839466727113 14.454957420705540
49.965500929504621 -52.133169205779303
-13.674480903517397 1.527169347690964
11.164786283392852 33.133075027153794
-22.074357174754390 -17.761776819470608
-33.159577486630333 21.735476026935221
60.080625596216954 3.498816294872958
-11.480302625594049 8.334573463623423
16.619503163696294 -6.917380038032396
-37.774250283992949 20.507518676786379
28.798894469315819 -6.156651546488939
81.026741674858400 22.658745949740034
25.783696035798528 -14.290794381430215
-34.615355996095964 6.432898814097535
39.643977390769074 -8.249416829280042
16.227830847562128 9.727765098123399
28.696034127305211 20.518988912401944
-14.470573333343305 -3.966031505747912
34.839372371463945 0.002174341354756
51.397627717471700 8.155723810637442
26.755701475589262 -7.055020423517222
-19.075390321651771 -3.083682794486144
-11.395235754799179 -23.771624180639396
-1.853039997266505 24.642083872088122
-2.270966262584884 -23.577222304813183
2.168610391045463 22.577911163167808
-15.798907990996030 -27.603104207287856
-18.665076949887382 -7.141440516003208
10.151663813841134 -30.735770698269732
7.831424863683851 27.734466289271715
5.882432729975354 33.132239442240113
-9.556389829597427 -10.035150205234968
-1.913034565565619 -5.165557110744746
10.752593852988301 -6.786057376326610
-3.628727999751984 -11.038186803412581
-14.350346753260148 -34.010133959678392
-40.529368636488961 -4.570498417195270
24.825645791188123 -6.320821861473340
14.086111199022746 13.329486704301326
3.724721855249868 19.177081111962408
-36.074770898166243 -8.882524467641211
-4.670534328823118 29.683078962239190
18.802151857643093 39.509949018195414
-9.212268923047098 -13.750897200295627
-9.166987834189312 -14.685706574984305
-24.203464273561366 12.261500350328470
-19.263845279158105 -16.101713496384953
-1.748977245834028 -0.802545098632498
-30.891363920941124 -57.926700717598898
-33.667698967498424 -41.630839084894021
-5.175440597415657 25.040242390173734
46.149483174471534 -29.379020007371185
-1.182724158134664 -7.034852590924675
-33.207838104648701 -38.574561847827887
-5.664988559336343 20.844685033666618
-26.827826656277157 -36.977029405810626
-10.590649920750829 -2.821529124686723
-24.851415007062108 2.474135295999956
-11.351617599247264 0.823321466351807
-5.911032665149258 -49.697030731240098
32.647811604432597 -32.370253381402570
41.852257712945466 2.054167869264079
34.420024917291954 23.240384553053939
-8.044348066284062 -20.673561580530823
-8.931324788039616 54.185787358946385
-7.207964533426696 -22.366590345958524
5.714496082110573 -14.480348300838088
8.962069412023020 -22.464389542763659
5.480336431393382 -5.033865584199845
-26.831254762894940 -4.602787855235509
4.247223737548868 13.245757028097293
26.329730064313924 -2.447228540011904
-13.760546003841959 27.606343247315067
10.518151064431871 -26.424191008271741
-17.060827340974541 2.714076488977950
10.443994881630264 46.191361901254417
-4.142763899841616 -14.573105587581523
-21.257832212555027 -4.644608546676840
28.328973311375719 -24.071023159310940
18.723083294106104 1.198874372985616
-7.049994048190793 -6.922169332785768
1.603106630544149 -6.961618900635356
34.657917661283378 6.054235306866428
-11.483748995705231 -11.785330276376348
45.933211677456882 -18.349846749110601
-9.036634208048307 -11.933033088294485
-17.357187210752613 -28.880947035888973
-42.094727021120278 -0.570155716049672
25.608792526187241 28.236495399421464
7.459972571207328 42.323329740650429
-10.924939448084933 -0.703096446153713
-12.780035941827983 0.483384657232649
18.644208283740266 14.654670460165280
17.931470312814938 20.349722760164319
8.273513954777080 27.657333547197997
-15.525029858654252 4.563949766322120
15.880481873996748 -10.938832936540253
-18.876146140760170 -14.958531048249107
-55.955055111918945 31.683734963631910
11.809492811350404 -21.040972203913078
-37.440025174830296 18.822992430580314
37.014643573842186 5.712691878050805
-21.037209721920387 36.561395741428107
55.114340912692704 -31.294679722605704
8.535980182687183 -19.032184218407007
-34.643591597986529 59.395137435754897
25.494557494200134 -38.579671280488192
19.058810185042503 10.395797056675027
-15.566034239511033 12.615799900191693
-10.363273109251507 -11.058190401613253
-16.552039006088201 19.813867795786749
-7.977734107396046 -74.076016335888369
-46.257491480521978 36.671458529743440
24.963458830921983 -11.343620371374330
-27.656250353328328 -17.517879768212335
34.187454063513115 -35.863408898405886
-13.796666436517189 6.361238874961932
8.216401389645673 -40.942653150617922
33.637082011579636 42.715710880671907
24.725042939642950 -5.388097403479156
-14.765704221265905 5.635133335110855
8.627603048420934 -26.032658495375870
-39.723631985610595 4.491546516375121
20.201388552001248 -2.926008889700806
6.661650056399755 -10.669277520862110
-9.438312939295589 -14.404189557482010
27.583176350725708 30.415029259843713
11.993757006769165 -15.195719501319420
-16.625884660322253 29.403131019162451
26.786120363940224 11.583770156699206
-1.310666775501616 14.128367274705946
13.586118179164634 -11.370229043458711
-10.771738011680089 -18.549161224831114
-11.890432182129713 37.331192760959524
1.453470278938206 0.815422759396484
35.005453385356383 -6.241605067746149
5.519845808744400 -5.144886864041293
11.900605267755704 1.579533142444137
-2.215768993462512 43.611843499330575
4.447829623317795 17.491570122255144
8.431626605676984 2.334044972042010
58.027185314793407 14.580672058606110
-43.563063101236182 17.752576796239534
14.016847463577598 8.274530044552282
19.314506434419986 -18.531414225040081
-18.927493997886614 -10.404401571629011
11.436659047266861 15.789180968303311
4.126419386246127 -22.907197492436858
3.477296428040414 -23.716590436713648
30.308236263756854 -2.507147644669087
-34.141213493664026 17.859644373821808
43.087391430450438 1.825717790117414
3.415976677856784 -37.131591001061146
5.692956394934554 -22.234173851739182
-1.177091737223301 11.448091178175597
-21.408517424794287 14.774779921872289
-16.906478384906773 9.195168550109736
-23.181233568465732 -10.789132739651869
-39.031122950507907 33.346760047700919
14.895972988104623 5.220483086056029
10.984236806087370 1.500558697976536
11.760467970016739 43.108890340351245
5.271857935495858 -4.768245600850680
-0.662625043973355 26.620222224997029
4.530092935696111 -14.601936560207930
-20.626407155628538 11.286484717761311
-6.794824738690846 14.227789066651553
-20.798113081279197 -0.832365294566492
21.828126360066243 -10.662538156473689
-5.729673641926058 -25.606921512317466
-24.942667691818428 -24.875872093445626
-51.500520345517039 22.692537235581938
5.928072934392103 41.930836724395760
1.448126341005862 -19.913720254310771
-1.875740653504067 -43.889916832762331
-19.913915635590890 -15.747050365814667
33.948189306241204 41.327526183577412
5.925162477133139 -19.742300323528688
16.728078918089761 27.395302477765217
-7.787502047911095 1.279461950560795
36.032839791795737 0.153544915583575
13.016969323348080 33.585444694001765
16.252026635676017 -28.921152717281032
36.933840887363850 -36.287043783186512
35.178657333703718 0.766776569145021
-4.736748320006664 -6.097349706997454
41.526952041884428 16.898395867548281
-12.413265652978094 -29.853172214802136
-0.030317947362991 8.665027946447747
30.082752397227846 -9.898543652712775
46.276120382444468 37.713502583612325
-18.673034114972864 37.349222251617626
-3.877124279149772 1.638293278479901
32.406411102444288 28.669037789298248
-7.602060701247933 -0.054677293425332
20.402721623492287 49.283856600325578
12.364811170642195 -0.668773726814265
24.205615113998554 16.729544030494175
27.901195236792777 29.292586099923707
18.810492382552599 7.553280106254580
15.183592083932643 19.892737723312273
-3.191283200277800 17.110338327046943
14.477469135658099 16.340440139730859
-37.725675726247921 -9.571333269808997
26.577584368786621 -30.220186206188352
14.390612221360890 -5.940456819932967
44.938738182444915 -7.902840442057613
15.735750104957868 3.855958088513027
40.000703399065031 -52.710289088173930
2.599444121250326 19.532146088156573
6.866271437860187 25.588534628437493
-20.211880171660450 -15.585955489992003
15.630844221612463 0.401645468948553
4.273814754611514 -26.267445332796278
-10.842779523386030 -22.785955381522591
0.651663901371756 -2.310581488363828
-15.717721178430764 29.149405215765434
-31.714324986458685 -4.065971344823012
-40.198875466354799 8.899237024552525
-27.394289927299145 45.122279112161436
-7.881195920647822 41.650549938111901
-9.525869406574691 -3.259643031726886
-52.354938707114421 30.139747076519733
-8.372494470108119 6.733001296452736
18.831059298093574 14.712150879443067
-10.539605432904244 1.761053537257572
-32.160122008845917 -8.859657313731024
-4.643352889830883 0.135799424930921
-1.462729328913183 51.712032978089937
-1.036107212080546 14.379624578109242
3.953772129340495 3.008059107312782
12.618927974235554 16.006048967127803
-26.335091679935157 51.666384327228229
32.921021522204683 5.458133831236531
45.567839814220378 22.469294803538482
-3.660535632146534 26.024583203500573
-2.471539290203729 -46.790942854070565
19.568326788069285 45.734540171330075
-8.913793993515451 26.571047634208792
-3.577163707439670 -16.833287378716868
19.030376259234533 -17.917533510868207
-17.056896338944185 -15.113662724951835
-7.457365456283636 -3.454414635528780
-9.577945937771595 -30.082270966682199
24.266455737610073 9.194798028818877
-20.533484554120101 -7.514412333114580
-39.070160205359009 -2.344800106447205
-8.581916589973964 38.975286552454840
-31.240624746795529 9.603915815587980
-34.464704512176830 24.616405531778717
-17.839213704710495 -8.212193242924272
2.847512784338065 5.559044297462265
28.229388814341700 -8.936989778203449
-3.173490174690693 26.895843171459386
-3.999005493746890 -17.984824379299589
-14.182637423006947 28.200669024756404
-7.333478572696060 8.112370381842544
-16.105798905875208 -10.799982073359024
-9.190278955084651 0.382458739686488
-15.829329488778191 -31.268725756879789
4.708666118685152 -37.058016624953325
31.283781949276229 -10.801876010568064
23.030064619456947 9.003038661784091
-7.865747596780450 -44.847547596837600
0.382314907894995 24.143025604634300
-16.752982827975558 -0.188118327476972
2.133269728106918 -6.982638846144492
16.133871341642681 7.499224682788646
-15.942308618650619 -27.824880377790919
10.797838796720342 9.359701763635183
6.125065290473075 -52.883112152137954
12.040883420272728 -25.100364587677376
-26.447719044214949 15.589735361872165
-40.874901530681036 -23.313560903498121
-45.538709499989906 20.421908995034350
24.777415947548970 -19.854044154632753
46.121933766511127 -22.546553073748619
9.167465294564904 -57.064175649717058
57.626041894766473 42.166520516730387
7.636323468166305 -18.046854385867093
-5.643766950989636 21.142627851762754
55.800858060826023 -5.718930353836616
2.203280002571562 23.360528542861097
-2.334500290822010 -33.223267813196578
56.264035474683105 -20.253325752160073
31.230040320993087 -16.697535061800636
-9.040617131094445 10.134328162032764
18.070950920306220 -0.685870281465917
0.598628815763211 -5.299770629391877
-46.981293478949318 7.556554036813781
-22.602014382115279 5.513315962063434
31.241078471276875 33.703177725608647
28.815189264787104 -12.676054664927756
-20.782880873143977 -2.389374119139186
0.923042263398194 -15.180553552731533
-2.536328986200395 27.799003149606335
5.259561577106418 -39.137186503738889
11.784375954140048 3.874975531114218
48.599605742905254 25.102037420610166
-0.754916154090278 0.875405474215410
-23.551222224774328 -27.268391160680373
13.746362596247664 -15.452741727664241
5.270450738064620 -15.399972269108249
16.493771237011735 36.993237441326464
27.240215142217288 6.436782034159486
27.535895411775979 9.326277203453667
30.465798480668614 5.749306556131291
-7.069898031070680 -6.042968415945330
2.260424127124880 -17.527835719141109
20.776987998884689 -28.202647312180734
5.556156633631831 -2.318721485552920
-30.046734193229629 -14.964129522447255
-41.712312054341687 -11.835216484837598
12.210090791348152 -2.721217831529472
-4.849516834097640 -20.742692493166292
0.669834475317461 19.458669066890511
1.905442139816198 -39.661583836809470
29.861301733103211 3.639873456171238
-17.589847968404715 11.897866805992731
-23.438621448231121 39.556733653047182
-1.932292611043414 -9.171108030884294
3.208344725179042 34.259122715711463
37.329355351423771 42.952955551815279
-30.260858890148146 -16.349069800754414
-25.659305139406371 -23.835625108983702
63.994271204772346 -33.138811002879713
-18.791106144449770 9.436329595184223
-2.762426088825299 12.345045980610410
8.489868910771909 -3.770486518155550
-16.109900228993194 -24.252782273394320
-3.683230211354603 -5.547193401666481
-18.017606251230468 9.034967734676966
-37.926513092400214 20.913503622717574
-31.381460854588255 -22.769408414352753
44.656258080901978 9.443720451776111
-35.633750519022676 -24.422231821867570
58.498654556107155 -23.891651756686432
0.859793720594663 -47.154044755875979
-5.381865784110722 36.240344520707467
-4.910195455492326 52.726867378978064
-23.899507382928228 -6.108452011896570
-2.828873557674263 20.400623301462488
-17.390237452404744 18.881954112793647
-48.271660852938282 18.516550668420841
1.075779132828119 -37.204168127514976
-38.090389075213423 29.019684009002020
0.790411978433574 14.974688789944887
-33.753479074581591 12.784591576767522
4.139794377161523 13.255478206942106
-10.558481388073043 -28.258237029216101
14.965336859888001 20.416490070906800
-26.646304484564727 0.862923654270398
-21.078926468175808 7.168073485782791
16.159038069651761 9.670083141235029
-30.034168271702217 -7.862605172646677
38.914171375610444 15.616336873528283
-62.560921223016408 -25.793278455685194
2.193547477829505 29.232221228326562
-3.718533116129113 10.660501550517377
-0.601512307057114 -9.473985574131087
1.089256673029872 -3.834481460226843
42.978893279277827 0.598976214228249
-3.867544444127132 -7.175450510059268
-35.032742677708036 -0.351395785053050
18.656426824412591 16.437532307452955
7.908293989400188 37.292290720623171
8.764780509005792 1.262116514388601
-6.365241520985517 40.464787500429921
48.010126632417936 -34.450508933532426
12.845095881805335 -2.657350226924387
-12.295870490749879 13.132850858576571
-24.843184731657466 -5.688363719249794
22.720578442151556 20.375268433442823
-4.257128533793588 -34.673243458399128
-40.698716030380488 11.776219421579693
11.877215174391889 17.431431995774005
-4.112555108509537 2.593901755645741
-31.086847494073680 27.801314865774430
14.652336542536132 22.497651208807071
14.979587348059606 16.110279035991628
-34.019654919208755 -26.589136198844884
5.102753267217262 -0.913758988045152
9.281835621815068 11.387035055044606
27.467857600169882 14.981296360993724
19.341611187328937 -13.888913438256347
-47.383122295766043 -16.063716461642233
-37.737138244038626 -14.370866782865821
-18.975299011675144 -16.226161513288837
1.143573989400226 -20.341308721295860
-10.125583806504215 -17.984237659744981
-7.146450914884263 -9.496009160875390
-1.992810659531675 6.212844714498463
5.611621441947269 -10.058903101881121
-20.931834427275106 2.119358569410776
25.773115769443439 50.044686521123964
-28.379242089934941 2.533417324392458
18.278812271614367 42.576635131349121
14.696514416926382 27.598644492707923
40.516468513661302 10.596722160389232
38.685434091887188 -8.471439551037845
2.977601231647490 4.863457094810363
-10.736959157539221 -51.400410171359816
41.107196837383881 -11.670996587339719
6.288292891185828 0.565634384866231
-6.587268521282851 14.890819075448142
-24.265963105828568 -24.170258075917367
-26.035197033459415 9.709531439778020
0.553695915310021 9.237308261479846
19.952680798967847 17.372122227006788
-18.198425184997951 -7.452345933455615
-23.880982705500969 2.282516087301305
-37.788919865674693 40.928061450297513
-7.341891753361938 -12.584466518498047
-29.618809724957522 19.706751327751281
-5.383162780809723 49.933332968269461
-34.124521029401279 -41.519903996927475
-0.720428799042504 4.891150577575833
-9.942310961454206 -9.844038003309098
-9.378820741668425 -33.975394761446410
-35.015539370370199 5.760119489971611
19.594757268979208 18.757657679581524
36.269666768192849 -29.771558764388136
3.069997847562544 0.135685931964442
3.002381962063637 -46.211826573094825
-40.567707483720007 20.654058651589853
-1.511007730553007 -10.646525364745461
1.788015706544137 17.602893946339364
10.496419562032399 9.526071850893970
-19.568373367354873 -10.134395807114776
-21.928386254272436 -28.470619913744653
7.954156234293844 -30.246506004803248
-26.912935412070706 -8.062770923177421
30.845642876215564 -9.526148716461979
-33.227627276590368 26.173459936101263
-7.776695663325644 -14.975283798114058
-40.871092892301199 11.542157105783820
-44.672666980275388 -26.991928034176720
-27.701389414201209 -20.639358982007650
25.381758655656039 -14.352978614427096
-13.052289201654997 6.391267071633901
-36.578109813729355 -15.477021429155592
-18.543016595239646 -36.720500042825620
8.149655743796284 -41.644679087292936
29.660957614367014 -7.300499722841784
7.319898028092001 -39.889952183446617
-3.294865353842532 -25.806622564782089
-2.107274165188246 -5.264042355958852
29.672422585513555 15.770736559736275
-11.311575902897564 -2.328399647124919
0.889057504625240 1.322075561282546
-37.255242576464362 14.471948344116274
-42.536147133215870 8.536240773555411
12.251554099085050 -2.408289560909001
-5.792530964234664 -22.108069801750435
-15.086283304581945 6.220020856830500
-22.217299546242501 26.608236687900035
50.984920489300578 31.429033547829228
-6.558289733137239 -3.294442683926202
-53.560753149725151 -7.628105898369228
-45.832261047478319 -2.625117593590859
-10.416327735446666 49.269412395854062
3.712837411970197 -16.551827246980857
0.264130467284938 -41.428727865659660
-21.926377299819755 -7.658869052862685
8.564645462226121 1.023560184054243
19.023989792908239 7.519051990669822
-10.153328645698878 -16.609607727957002
-34.680229040762235 -28.880881831928885
21.129316702763028 -13.224913101110980
-15.617555529731963 -33.368469122567653
-7.032504649404154 6.917336783270056
-29.849467221569679 -15.156407741223697
-49.576615621246098 28.654234604567623
3.757225699400536 -12.345859682207703
-19.376337878807231 -23.034193985950825
-22.696018709128932 -33.857815067543534
-0.557232330204109 18.801299616487398
-14.505703460709686 63.588673802796862
-23.782616069318522 -54.067795183862742
-19.572869332415053 33.075597894557923
-27.623633188287620 28.532024680440045
-26.403255874247819 -45.490075173871972
9.882096028230796 46.641241050857744
21.761613486612713 -35.254715693169025
-19.961573481841182 -1.239369068526889
-1.251559934777645 -1.859723803428203
-25.182431177845807 -7.889431275027020
-30.115522525022435 -2.789960501100692
23.887486117723132 22.979009138751749
33.102664622933816 6.349580861607564
-1.437614262323136 19.274395874108659
-43.447252469089428 -35.541492760271446
5.284530280304461 -17.441365582533798
-58.827573678027797 -2.589077610733727
-2.863259305698850 -3.877055776720576
-7.676388677900870 31.296005217632572
-15.174666825451126 -2.077864684158030
24.598620713775205 -0.088777254407220
12.099890274246750 -22.403404558273664
-16.012183936834052 -8.630004471423577
-25.442912932737219 -38.996960406183369
-44.807590251757652 -22.821699766716446
3.836710134673009 -17.472007758649635
49.819674113197280 -21.698980683721540
13.294682894152858 40.305450431573234
-15.508743321938557 43.454459424526355
-64.461237778694951 -35.849697039808689
35.534566659070499 -6.781592152633521
-10.173232273638375 28.863226838288636
-45.719924907650565 3.170292500978912
33.042441617414632 -55.093687728228069
19.468757429266418 37.430370819795783
-8.081635255513939 4.529998753143026
-7.020234677360530 7.650489561540344
29.547546233711586 -7.885845759209667
22.763841646051119 -13.314141322955892
-14.332042756096413 -16.442709082857558
-23.313591386919899 30.177083117776213
4.377121319815984 -43.579917796190422
-10.123598502896296 55.734480236719769
-26.419555512262839 -12.172011457530420
41.298539875320955 0.721596219189194
-4.385047869096017 -11.915888474107517
-21.097112505523917 -25.518338923873412
-21.561615271004101 28.501402001722081
-21.447862026623074 -9.967366273173946
-35.030074580704685 -5.585797661857125
-7.339267836255775 -14.438665525364616
-5.710212849815687 -3.813988369334362
-14.558335629541746 -20.626813857808152
9.739380504207446 4.076266386454030
-17.903271146680481 -25.349521958974076
26.984659123123958 35.926400894904631
3.065738159036049 -11.468378106373871
-0.442427328183873 -47.748903541225438
16.589999839953421 15.823592917365852
32.968409421615156 6.411221546644030
-20.872090217768832 17.510137446939765
-10.773676682095642 32.028647364518179
-12.920512711727211 -39.576940553816890
-8.566158419882781 -6.464041328660826
13.738577207988982 13.742404407875641
-10.933420904139245 -18.162165401853265
-12.731663713625615 -1.477408992161890
-35.167710365810542 -25.996611515133790
-1.517342155510115 2.373541650749644
-23.675110863456595 31.421530356512616
11.458670353065287 17.354878518508080
-10.377453490407712 57.647718529038556
33.874689759485683 24.267037935617886
-11.666258509038647 13.672053321306606
-4.071620746393321 17.388442652459215
-19.646214285462499 19.127591040061933
17.568119264788070 -4.189638154356023
10.702829813833473 13.901516436390050
-15.435151120510271 3.320125587313660
-6.027317798191604 29.537246345515623
5.405422215492136 -12.374735656715435
18.202648522782106 8.143925886673426
-22.376366376250090 21.124401064533810
5.322826036640806 4.280921423902771
-8.310297597128665 -10.542088377206820
15.911074783228809 28.053164487932946
-6.701204667400990 -11.627383516602515
-31.570136294865012 2.695768496255238
11.502915571289563 38.297592129096920
-4.107370909480909 25.386839843471016
63.772699265683173 16.045178376433700
-9.709341058908748 27.741376992607830
-13.776807493983581 4.799050580516966
11.110714589563424 7.125514713833212
9.595442184090768 -3.843773534159586
-3.827957046929706 -4.617147777213231
26.353371788366793 -13.887663543879084
-19.179970920554872 -58.834784530898474
-10.282892576810578 -11.830188603297351
-21.391529440274727 43.030528621842649
-13.456849522698718 -1.654654377407549
-6.737121067181824 18.009385992868282
34.111569502139794 -12.207966462611722
-7.917174693869311 -55.940888970900616
-26.258414272778356 44.837155743464656
27.412232281054372 71.985211704857932
6.287400006433042 -18.196553869653030
-0.859397769940244 -24.403617190327299
-6.577331512609555 -14.743433664479307
20.639279190768029 15.531271914876815
-11.883910344476831 2.134061617567231
2.370527082967049 36.899256424194768
-1.399462634830928 37.934090350165278
7.074745262099437 18.326296179951004
13.510061864989439 12.227662531624247
-18.790999396741256 -9.866315526675184
39.584324515486934 0.092166847139629
17.491023175280674 -4.179023780072913
-41.431713556508505 14.698897326884198
-43.369257974988443 -7.523190401039859
16.250283439660969 16.548270785819721
12.486448855778329 0.550856500380760
14.086790715157040 -10.402544713621628
-14.903545033392206 -10.976183524180994
-24.858436555898123 -4.208663558794547
43.073532577113440 -33.530420087854999
34.292398142082874 59.401123690707934
-2.795157824874026 28.701099388843538
-39.520493326561770 9.643093865484893
10.930815182831573 -3.151478689665700
6.556294549561104 -49.090720610608962
-11.123896985569758 25.710292866754482
27.264778317139243 -0.123611215565394
-15.804978968026001 -42.332447661607766
-23.214393027943288 48.747151926576613
20.422454527283261 40.266442116645351
15.766104852878248 -8.900956693011656
-5.046809804277949 10.342980888630905
-22.000175579271477 6.507756356275166
34.379228475745606 -1.494020115186650
7.943655477559933 -57.861891482116505
-40.137769344411453 34.380835926703014
4.792223503176048 6.267972652205224
24.270332631689744 11.894401257121094
-18.275808158869776 -17.473881480545067
40.291396344238962 -24.883625857504772
28.321671198569103 -7.403321914402638
25.479960133556776 2.598319054474006
-6.894525110202117 -11.269350398817499
22.851372158739444 -8.385455659531610
2.370455453522200 12.047544800687890
6.077406895473175 -12.763428385292450
-1.650872054678068 -2.538023204923493
23.371240182999536 -44.257920700794458
23.021652254922998 8.814431263779891
-12.163483655822453 41.385612152892854
-2.796516157986424 25.957462533494471
-14.199452407202815 12.370859744096601
16.228839200218591 1.012447110676196
52.337385753327816 -4.774489363418612
-19.516455986174208 17.689391246430603
11.999974451860492 -13.142219534699134
4.452051322955801 -12.697852868191443
-12.440057165666570 8.634793543444010
36.514381610251249 24.254879347603524
-8.631170870183551 19.055822722291410
37.226999747028309 -17.391397553854965
-1.019481760544285 5.872187585948278
-17.016962534549336 -18.404152948486992
38.843837461819533 20.865653451151644
-26.509818717993884 -0.031532555970115
21.158320148579207 3.013276051502720
-21.650295049792838 -1.690495268409871
28.375315921173740 28.258384644448444
8.028314688590896 9.247175637713921
4.393984507919483 -14.897030039533005
1.792486536163200 -10.564941990102158
-23.618112778756739 11.860975087705697
-5.345514554146721 20.868036986278774
-8.895652127009628 -7.183699825005260
3.161230251629840 -5.024236731480672
11.197660902471236 43.405359080294737
-30.095105066402795 3.291211010304424
-32.217735558594562 13.224631428156663
-24.630811941598861 -32.946136125666847
23.437464889706707 -0.089001413780497
-27.249509995203756 -9.303578027740002
-9.558776607412517 -20.101282472982763
-26.943418878644039 5.728324568791956
2.495785197981187 -15.532376708381483
43.524934966224201 17.813584972278708
6.351882000561036 -27.134668290938084
14.830379295589561 7.276208515357817
-4.412562345105790 31.325278556959610
-13.702720264996406 -13.939391513561427
51.026908873394476 -4.703771707906302
4.063850394775553 14.279945816097847
-4.587718398008898 -46.192232345006104
-54.407320719935761 -26.630505281986668
-8.723172723788162 36.702964279391594
-15.920261033417788 61.632115593384370
28.153106835433348 -23.161181321762161
2.388292032172492 2.645489546275646
-9.852810934536679 -13.224018109059898
20.377038307467814 28.075758785838541
-9.334955345829364 34.384277273821183
6.733088814154703 51.544415807172818
-10.060209130190694 2.226095925666925
3.714464968007371 -28.489151760508300
-5.660047202706676 -23.049753605060562
-10.713461617127956 -20.266701529310918
-3.284734203447048 -41.009670045233811
7.837018978347642 5.383701400618336
5.756348255192979 7.454865245429350
30.820964144572194 40.109399325260014
1.851979431693581 -2.536892769244755
51.533226081712016 20.117020247288821
39.438331364828798 -9.442463706728875
-24.040588867530634 17.597291436091588
-1.060989077877503 -37.500141479413827
30.200901137622573 -46.368503821641049
6.523740470501474 -39.188242238548554
-12.247073426210768 -0.697681765499737
-9.510241775301843 24.244286779064890
16.522757740138630 49.068957402238965
14.755906879564371 -39.723272593289309
1.797227795738714 -4.443022889424629
-28.566596591883769 -37.705935909002356
18.764572819613097 59.648359981529481
37.861941767013114 6.571188777720652
27.957101195251230 -52.115287443421778
-66.389119200803776 -19.006440704128170
7.563578286316947 15.748297902275301
9.070375023866026 1.805375768309824
-61.016524144088898 -5.950814601266943
-36.339920512710378 18.751119002252068
9.364746153053764 2.125038475442256
12.106409545368569 -45.253991681634112
-24.730185802630732 4.100383994190251
8.322691805288352 -18.643774982089333
34.310888431991089 9.627307815399519
-11.593065012492927 -3.525415088594350
35.368931300756920 5.480453919180015
0.051819414488032 -9.116963807677269
-16.466741059425217 13.299922161496260
1.026849189916607 21.955382233298181
16.119566650962575 17.379932003005340
9.214196131047048 -34.573946944311665
25.062906235314482 -27.073703422559436
5.367293823881220 28.151274828558460
12.204452677274867 56.714979973627457
-1.811713744684871 -17.507000362405737
-48.609694530066058 -49.108461393849169
63.705336915847241 -18.679373280451760
4.451460146049254 46.591947164276320
-8.277857465506219 -27.504326683971446
32.241581729736033 -0.133659409949006
49.874013941434079 -5.546894273815922
22.370579240548587 2.895520821561456
7.336943669364946 34.126194084659240
-17.345387871798248 -4.062417691038740
-31.948141073523949 -24.376637362866390
5.686241702933448 -17.865759592089571
-6.925409743932820 -33.374743973621570
-7.899475194731229 11.699672180965592
-4.672764485277865 -1.450466058460055
-5.689929767483074 -22.300832196288905
-3.341648312142914 5.334777600975603
-21.810728295081599 -6.550246441983848
15.404460657420403 -58.986300518619032
-18.600035790786979 11.100219836427206
3.458248592586285 -0.091169074539590
3.935498061601420 8.183969971250059
14.946563034370708 16.185771493241859
-32.126153990280635 -29.580872298131553
15.850194563714375 -43.901473674270598
-10.016014590702548 33.775461355141282
-39.256165041484500 -10.913802754709685
-8.065262607289121 -18.877724032284082
-8.370298720603907 -1.876561185748294
41.670458561211241 0.131314675008747
-6.097846290636382 -36.343670889797707
-22.085054568383455 21.403658897672933
6.372768518992102 10.986305748882105
-8.591165620555707 6.690173359890476
9.875141155520858 -31.679512923961557
-1.476217728967032 -13.871470202203531
3.818637472949739 40.389258507982625
5.354281135170581 31.780013052611572
-9.870198885299937 -37.608981183586550
16.967386966197733 -8.998102385166035
-12.068390579590140 -17.257461361923944
12.275811647431450 38.136117700558579
-11.198930916557764 29.005535851333203
4.402597369750192 -1.378879594645899
-3.163032750925292 26.047688880189391
31.140945437985966 55.984959159301418
2.490262807025737 2.115356694792768
-0.063852052422867 21.736034399989457
13.922021245930406 0.607892859466070
-31.971159527117248 -3.239664326770968
-10.000648722986261 15.024937527301486
20.660761886964121 11.421868469622124
29.390744215225713 17.646041752022974
-9.539798091664837 -14.355312113393021
-35.242649307043628 10.444598234722989
3.260388996579843 8.188508408879080
5.195523973040487 39.708001017203976
-8.840577526973103 7.059425428087033
28.563519889641778 -26.833377822027760
10.066963010198428 -28.869450941004100
-1.185598884747195 24.654197063627436
-18.338474147864634 -6.350793986145546
-30.806330462147944 7.571761422563613
-7.019447471071817 -21.658675015007301
-11.534903124921332 -27.061308420683044
-67.205045407790166 -40.416556255999552
-3.323041813533122 -27.928837217330198
-6.469059531003796 1.252296573866755
-20.411706974401302 -18.910124649499593
-2.616771268785500 14.418718361360920
30.895284626936977 20.590904468012130
-30.977210195562407 7.893267187483946
-11.933410501600353 28.301846161187584
-14.937909995716909 -6.419153958336550
-26.437514189412905 -10.485558861133738
-14.385346302838288 -20.564738450715637
-38.701262570168197 -0.347307252345524
6.578820866229156 -16.944998048469095
5.452616398716735 -10.838074816109085
19.349633469414620 -8.968471561184819
-27.027524148638616 8.422254547598081
-14.707454581072215 -4.411473847722927
2.518184180258558 19.325477304140342
11.334843650769828 70.793675560064571
9.403743279949097 3.390813437811578
33.296767228622876 45.322039411917054
-21.100205084552059 -10.694328496488536
-56.924043903905506 -8.660525874970123
-51.312446726573732 -9.904724255001911
-32.948482562129797 -16.951562364663975
15.277689583653309 33.247618712097541
-3.137548492926700 -40.161642908770560
-13.716936001319064 36.276741176555994
-11.205521256333816 21.575920777322693
-52.012699716895312 -7.609028515511316
-32.734926943583829 -39.123855615906720
-0.881206995497258 -23.855317517867682
-17.804659949809714 -13.520849146253632
-12.873726268638757 -7.702025942806856
-18.884929987331720 18.412404953966252
4.036735259617072 -1.200907769484427
9.446718722659513 -46.747664560845912
-5.854239292190755 -30.382240694586024
36.650595443664315 -28.170369221746906
7.571166363820972 25.776145877004783
-5.781960502718076 -46.535862431225659
12.187762505335080 12.633734040075106
-15.363004504389830 -13.191295641238234
-71.670578531544550 -7.693216072390464
15.060310576357269 -10.274487852273614
22.150849994690230 -16.499185783982252
8.775312284889822 -5.107434823474944
40.097811860831847 27.496372454369602
13.524216432806243 -6.431487006066992
-26.448782728990889 -25.647771867103653
17.170191754575221 -7.241218752873291
3.458905504063191 -11.043098732326548
23.422737295918235 3.079794990472453
-43.385756939619156 -43.180382856770251
18.362286125549755 -9.587806492798764
-0.170879001528324 43.530050009709164
8.549162086454677 -4.436479062194986
47.867682274490832 -0.683800598305403
-22.203428677007636 9.124614125979852
-5.734087862300090 0.526133008329910
-19.428948497372136 26.102070989319689
-50.549771203519256 -14.358429910384823
25.167228873843786 -10.253940861572461
15.958050578495167 5.899720101423569
-42.967942696440019 10.014743856135340
54.283314068337624 5.344348255706618
-6.256574188368420 -7.323830049120507
41.590584511875882 -15.646980559606025
18.556005189371138 -16.395977349828740
15.722041004531972 -3.279109350183662
58.412047284926366 -10.991732904167559
10.178424227599242 -20.938247016352918
-19.467881764892653 -16.630169879075932
18.059498399024271 -13.811550314641467
11.579238528381369 16.229780430727747
18.623708985313939 9.826415790561017
26.212114238927544 40.134201492348495
53.902666759050263 -44.126694901729536
-34.494298800600014 20.058926677480127
-11.050834469768104 -15.115076141268098
7.397781004964568 -2.806466971771096
-25.433793710190876 -37.089579663170618
-12.027948874588837 6.044096429086232
-19.626818739821548 38.543228268386017
32.275904830579734 -17.933068560177201
0.352430815851944 22.349625243568315
-42.926657137231132 9.439599951810013
-37.295864740193295 31.268082015359649
-47.422964975253883 -8.624145124677758
-27.774805142942824 -32.324108516456974
8.027395871408819 1.125931030074425
32.635311984042083 14.010647232106386
-49.555592369504453 18.712016765793614
-15.775452354621288 -16.740864858766798
17.011498454438101 9.131942350025170
8.724042955416447 -7.893704148330542
-36.033386942458698 -24.105480310075755
25.485389418381793 -54.677337225541208
-41.226332352002231 -33.425696625031740
-8.831487389072855 -15.921841984742938
-39.850603025897087 36.902078530015146
-8.371767010084582 11.739283601216401
-1.381355973405546 18.651075888045142
-57.497835880353939 -1.454849580132958
-34.036253851915028 -1.514743379749149
-11.530706888358337 7.091868498358649
-47.212765124923997 19.462982154080301
-9.594058640622929 11.835915316119985
-29.297077516834431 39.548075530551493
28.335537740984652 -10.786536133554071
-34.087397001197075 -22.908957496490856
-2.027891780822257 -42.332828560430315
12.128177790949477 -37.112840011121307
32.689768557873627 -5.868628316834513
23.642878445968723 2.585753681178398
-39.074113581314450 -13.144740677595156
-17.900935800776001 -43.900719237370325
-23.839937068339264 7.123681926082663
18.178354892166375 -44.186283385874219
-0.649540432923810 -27.225481680514285
25.169299053724028 -1.791236914119328
-19.505706814841073 40.313209646023694
8.741727149193125 -17.003409399992247
-24.924369693054416 -5.835634366679316
27.299886800860488 -19.407305212457356
1.305242917080574 2.947149899329741
32.026576847833965 20.884754640158107
-3.220757266683838 8.651819294446836
-9.860473164787306 3.470987393841983
-17.035704500263833 31.363076955398217
18.682835854288669 1.561107679127282
-23.910019825035008 24.317812473345835
-18.198504757928148 -23.335336610764173
-17.121489907800477 36.092624525400666
13.834318350926543 18.755972483839749
31.579593328397305 -4.983588221430244
18.569454985719752 -16.148536140816795
-11.835620739836386 -6.441072508497832
41.742518554270781 1.211609497405640
-43.089449835085951 -3.774606484923265
-51.157682614899549 -21.533949146954647
-17.936876340173530 34.222167894792392
-19.654231090817749 14.422991526991868
-27.084682686282672 -13.415342084483836
-11.751351137988383 1.445420139890826
-33.765819478091437 -31.081139170342968
-29.438461669557569 36.519258365691655
-29.283451594802379 0.842725212182061
24.343549981216551 -3.413593577348301
21.275364079035505 9.060278365155508
-0.662069864888196 9.178316960113746
-12.915016105970592 18.070061086277249
-27.721253833606063 1.434736386343737
-23.273707230141422 -17.980036701805542
16.621358769100258 -20.127932414934655
-4.722552576367682 -5.616032448304946
-17.893433893581243 -38.935973505695898
13.739028515681289 -8.851766739584594
-3.405029921289402 -7.574056479904358
-2.691985033654579 38.531601241108476
-18.911916073521645 -24.475819468419132
-37.783503979455681 23.692447130516005
-1.374683586209113 29.963295643251875
-17.553948302947653 -14.165979770985116
1.997573236098375 19.797829279705709
3.111049894716031 20.566767392341500
-17.116699599226937 6.400846071126215
-46.725158752391373 -45.376454061571550
-3.539043954585911 -38.619878715370220
3.974680703029016 9.840350466184001
-29.880210912182356 -16.148717451545131
-2.242476674293167 -10.382283902177619
-19.733642874167518 17.452323134799151
41.142758274655300 8.583463486412468
-46.105420294494991 21.975736004067482
13.228164433340549 22.227989795792922
5.601596469246832 38.313662887313754
60.990144969605360 38.412608351825519
24.080190703952230 -10.463964114841312
-11.029581195899839 1.200746666540234
19.226741631683009 -36.309601056012120
57.289573626846533 -18.301781015041144
34.397706975498480 -52.010353709256314
-4.053131994073094 -16.215601733295316
14.499094185898384 -11.938787992100490
2.350245523723374 -6.512019657046198
27.602640262021016 -0.108764441941907
34.808525394390351 -27.491701129967574
-16.293141792082082 -10.738499080517085
30.409454219044996 5.094319562435080
31.694269942465340 -10.653011706927678
48.839272754700872 7.098674057458360
-7.850205546102025 -2.506267648183180
0.960560191809746 -14.628002560271486
26.157497446918210 -30.939558812977385
-31.308802493274520 29.868721320909962
-19.225165349782966 -13.810142191090119
39.524359572618415 -7.161469054942412
-19.690190827180121 -13.333840634241087
-35.926542936454055 14.508612556555486
3.479674650899735 26.407482627059380
-16.876115190339593 15.230929061321216
-14.457736400043235 -4.105175858235483
-21.255539881517397 -34.000856960855231
-45.888530491798001 27.691357658007199
-10.005302906626074 52.884919482546046
16.269373996719775 -14.018410453117363
19.146360082375356 -16.569359604112734
-11.312423392041930 11.983268124489941
-16.501459432886627 -16.801821941742222
-11.509974877998827 -27.706371918132970
68.437063088662072 -31.188022414320550
7.149540533922996 12.106504970816777
-44.501140021787968 -5.500125637242454
-27.305883198310234 -23.430071977836732
-4.241705844182113 -18.906751879703197
-43.343197212372139 49.765573840592353
-17.472663597340727 -2.659916620819364
50.966463422307520 7.667496738706876
-51.015738312740424 -1.899463128713546
24.827661161484318 -8.639042194937794
11.805828316825963 1.065941062317597
-35.301786885618647 19.065479046309051
-52.307586208199290 -18.837592347220106
42.125537527493115 -7.416371453440576
21.834968133118618 -46.003924249647703
-21.799869638091625 -9.664366535244881
45.762061707043863 13.382528713269529
24.627804623281126 2.049564334476810
59.278253260538555 9.812497825658060
37.153273038661254 3.270515663221758
-14.001750606547512 21.540466747713293
31.773624972472373 -5.936082082191483
4.643131442681814 17.528978374695807
3.370335924620705 -9.359480478706466
-13.443632423320199 14.925834291832389
-58.843325369474897 -72.439061761537189
20.044056638565120 10.332152160629379
18.237465094997948 -24.160058634244436
41.571687930607894 1.003485639964819
15.301275217179464 -9.701136923009992
-25.321415015996045 -6.393498875102200
18.953502999093704 -10.929487679879252
1.248843604067402 3.249048777087504
-20.213596098649333 7.683749504760999
39.914307264435614 -37.972543448848405
40.389685539739652 17.140604019249430
47.808192129514069 3.896929743197957
-6.133967542433522 8.522189004026297
-47.794318485518147 -11.735637932089613
-6.138096616383573 -44.670780976663742
6.994711898793661 7.050577091555206
5.910716841203452 35.768429816846186
50.727080997927693 10.438183222523847
27.786869274187286 18.083770184738345
-33.060678419217041 53.082501530358869
9.185705084785743 26.758507850315805
41.272154176322829 -16.561539477659728
-40.937025993592073 -35.482889209136680
-45.916955857791450 -32.755156112742938
-20.947956440619389 -40.724947700230281
7.754756764132427 -43.857772310022881
-7.204520003323214 -8.811115597481850
-16.649565981964709 -39.772595943949767
19.443868817252270 -8.133864284813166
35.527097104523719 -27.026094310006755
-15.308283747828421 5.672790200573841
22.430023959161886 -18.058025572984580
2.753055651781216 20.334537715443773
-31.906445486228638 -8.089584627022226
29.660583298108687 -8.007008741030619
-3.176181388620619 -44.717425997640966
38.482921091151987 8.042882011113059
16.288377128437450 33.058243468433290
30.022749011735353 -1.657646588265761
5.165792190588126 -26.577469834057666
-6.536756124224534 -22.588927715410296
9.586579070283515 11.076943071906401
-36.599365139109544 -32.191226859783043
-3.421383188348731 38.085252849408150
21.187796703301039 5.501781579892960
20.322928294876437 -25.933621842686531
-30.506687185479180 36.387297045029449
25.277913194650154 36.445081445815511
-20.277116141473680 -25.841215855880360
-22.636084870929096 -28.547006949943277
5.875661770306570 50.622004208800405
7.846748521923200 -17.950160105311816
-6.336918108220897 1.955407958041260
8.697418528738680 42.315919033507313
0.775372737868105 13.012208010583343
46.485304991603741 15.072070543815755
-7.707898104053598 -29.384626063809723
-27.113182108110603 33.099655471750069
1.882467143294990 5.753387631958268
26.057465985454332 -22.414924547496938
-34.864810006399175 27.808176339820619
-28.017071291176887 -41.156345352876151
6.231934226937787 24.008269789318536
26.502941118228723 31.267090190152299
62.576903546185662 -2.430326418567432
34.813109120561428 42.611762058376996
-39.110067559839386 -26.475786543912974
5.998999976798849 20.888086260320538
-6.411909813122121 -3.390332097776486
-26.242863780077169 -35.896906980397858
-33.199179524862977 -20.278812177774373
-9.421407449828731 -1.175766273806125
-1.458042599019222 77.399967960926432
39.559031577726543 27.615857433322720
6.889222266932154 19.638687767681681
8.694365192212269 -26.741168046950143
-11.425733256632597 48.735478521092553
33.483127135929614 24.514371241607254
45.951689313971841 25.126782624118754
-61.658887728320259 25.006142783351009
22.158445500672229 -10.826454871788441
9.483717065256938 7.083204316771260
6.480762547160123 -60.047880136627271
24.880781376931704 -87.943788588311392
-11.854383705813223 18.337625426052881
-22.616587954450566 -1.382755445032607
-24.420807817343373 15.289112048132765
-13.573296452288416 -4.990347865561911
22.334066544839025 -13.333545734138758
-20.259976239277446 11.306627907333228
-17.569529608074994 -64.532369444286928
15.303460724737132 5.079783230958590
19.755021129622776 -0.650021330339024
23.811596038936006 19.207781194008824
-14.886210777414002 -42.879087184817813
22.338408995649939 32.345668055586586
28.583243038039942 42.696534476273470
37.350276905586128 -15.344700169857314
-7.166871905866492 5.197525658578626
30.934716880087162 -34.158813105422475
-4.710961380279480 -47.574412421776920
1.561858183130816 -8.606220967223074
-12.378657195033222 17.180438402986521
40.450730651107556 -2.748925944140788
-27.979351608947546 -58.186630122298723
-41.250732279427247 10.251347503946736
35.501628418163193 -20.387603319943945
-10.051374308380051 33.151424347459525
-31.945755107318107 6.668373529645760
-28.786891338470944 -24.693082562288382
33.903208564504069 39.489474082744515
-4.208948893134518 9.554898348465096
-1.457766951455396 -22.154947945026041
-26.650449067899185 -4.196687775704349
-10.785877107063223 -59.072651184375182
-21.313891126479561 -8.681021835541140
-6.818463231445750 6.522530878071914
-13.303859328957278 60.647553813112808
-6.742286974603027 -44.595023816198974
