0.000000000000000 0.000000000000000
0.000000000000000 0.000000000000000
25.815250640653819 0.000000000000000
-55.915982284615929 0.000000000000000
-25.243096985879742 0.000000000000000
-22.542661686890238 0.000000000000000
-10.554835868832441 0.000000000000000
-25.346491636788070 0.000000000000000
0.364630780776564 0.000000000000000
10.596203371532383 0.000000000000000
12.191401234404395 0.000000000000000
0.914195858884122 0.000000000000000
-10.965557662077197 0.000000000000000
-41.976560325995493 0.000000000000000
29.519898444869774 0.000000000000000
32.981664326174034 0.000000000000000
-20.590672818042403 0.000000000000000
-54.906400882296452 0.000000000000000
12.325046031475519 0.000000000000000
-29.840480860589640 0.000000000000000
-2.914439822647970 0.000000000000000
-16.337277013248212 0.000000000000000
-25.689506102496761 0.000000000000000
-60.194054601901186 0.000000000000000
41.018374393538629 0.000000000000000
-4.154526712546854 0.000000000000000
-24.928224659026519 0.000000000000000
21.140760867889501 0.000000000000000
-14.742537343618146 0.000000000000000
-43.211822271122493 0.000000000000000
27.291004216349020 0.000000000000000
29.115805240283507 0.000000000000000
-11.436889389553951 0.000000000000000
45.900325869047634 0.000000000000000
-0.461434327317033 0.000000000000000
-8.588088669920461 0.000000000000000
22.150207250636228 0.000000000000000
-76.039326818767833 0.000000000000000
-9.402661133047653 0.000000000000000
-42.281321854674346 0.000000000000000
-56.240062072647184 0.000000000000000
14.430462652954947 0.000000000000000
13.557175683523592 0.000000000000000
-42.511216553325028 0.000000000000000
-13.438320083213741 0.000000000000000
-17.996043602746290 0.000000000000000
-10.225263618569397 0.000000000000000
-7.892016640164845 0.000000000000000
96.285207346959965 0.000000000000000
-50.991856942317803 0.000000000000000
38.928087311738949 0.000000000000000
0.000000000000000 0.000000000000000
-35.390739647578464 -24.856361446088627
-23.167802844454510 3.688418495685923
4.477606241828866 -32.967205823747797
-16.574273386563885 28.176392817018222
-9.282691432516756 39.573640950220749
-8.065046586241202 7.966252353133009
-27.879647059844267 31.000411598274773
-2.926916359980219 -9.444520886200877
-4.327301143302329 23.234793577623361
5.018146253941467 26.995033194108572
-41.430377015535605 4.503885430718367
4.628828279333829 -5.495467386344404
39.378312959804298 -15.317091978248595
-32.914057584830815 19.003223406182844
-9.810608298275195 -1.536485444090553
-16.881281027691276 7.554439579885804
-13.886235901412860 12.873548214281378
18.312971809085184 3.417370697808860
7.527325493186028 -11.350212674124116
12.843500839022820 20.950006628020297
-36.405782776025042 -11.316106372585436
-3.044717090321959 7.361189663144428
-30.112997493280567 -6.107180470804849
36.366866448559215 46.926292482834768
-8.281890319090113 -7.316835953637180
-19.883667257558994 46.319554920913816
17.210868735396915 50.731911616488723
71.481116796953870 -1.699829403896107
14.625721775833387 -25.962605982467903
7.711794924929744 -37.744309369275157
-12.571499500583675 -26.034896290516318
-32.361653673302463 29.180143256542383
-22.879353625833204 -21.741449081208611
2.859607200897321 43.222970943567297
52.577698335785470 -1.375092123903331
4.572591901284293 -13.048419103792531
-4.107895511230948 6.644156829474122
36.389092256918254 42.318330281872036
-26.474448528829363 -6.662333057430626
35.224369735180304 18.742592709985548
22.908822463479101 -27.313365695714172
20.037298421168781 14.899094630912781
14.667540922160933 5.198310896080229
19.286442378726314 45.150265285747743
5.754488476128051 -6.176326889115115
39.141606983210188 10.982702118057405
3.262611421870324 3.597618844433556
-11.316264208027386 -2.251254394197519
42.601391900109881 -15.527862162368741
-18.748334925416529 6.857395364651335
11.091700460988616 1.590958187082603
15.517395176137390 -17.038600427315039
-17.672323846197877 -19.838335489326330
21.445274182469912 11.482705808688328
-12.759382178859584 6.173705900079411
-2.703159285803791 29.768615643372744
0.837059518845378 -13.969749747007901
-7.895775880115279 -39.627074925533719
12.170632838510596 21.533030319661389
-15.777286666083043 -14.732171019645051
-7.817813612469941 -25.533967224533964
-18.751188133140982 -2.412147395619312
-46.573775841834987 42.492194447457621
20.180353665835632 2.507652068258076
12.915339020678143 -21.114751680050578
9.797341308115524 15.067751997939705
35.658858945340128 -37.079379931346388
7.486985676385284 35.868199972090260
-15.672092894407003 -13.752269472292372
41.946493303882718 23.194882987964682
6.939078609625857 -17.459129894121968
-20.532732472706364 -7.282368013673210
12.635650079068750 5.617942733368511
-8.021909001669197 -43.306208527079747
7.045926442290354 -3.803100121245462
-20.335411165043986 16.386509644204967
1.019014542353659 -40.491937453173577
23.079075513624147 -23.932922602399891
27.835881561068604 -45.877835524613843
26.568671872895532 -29.349221620785716
-45.637056545196337 -14.303066373072758
-45.120822481184852 1.476428682247154
11.997689529797459 4.520028894817210
-20.991647197106026 59.735496232342584
-17.017628219552378 31.478348012180419
35.447528434604621 -14.053755437358099
-8.682060266255474 12.853319554870394
15.457603395216822 -54.497455343020263
12.415849714187939 20.090686243468586
1.272306072759148 -12.716898542940536
-9.993726120703323 -32.411427025609811
-39.577261476898137 52.515269815147221
-34.623775196177100 39.675173065166618
24.978118874635207 -32.626541561727713
-26.625243953392392 8.152895056859576
38.081499605812240 5.081580275352439
8.570881973473506 5.841476428872173
-17.926646441848185 11.179517145664876
-8.401664509316383 -36.486864231745869
-23.420469138102241 -8.490912146247318
20.506279378596801 -3.254037586366210
-12.502768603752765 10.271238684469081
-2.940241389200142 18.278471397090133
-35.437361254101404 1.442077283789560
-10.901633401896246 -2.882599427470775
-7.498929429068047 -6.740897683519580
16.413551438359647 -28.330282414465263
-7.481703470818428 6.517532252704124
46.004569139380855 15.367934502922001
-14.646834755426745 8.587656839273166
12.905170067102851 -26.943571031474612
-4.399766276303280 36.455141379906642
16.397098738718025 -7.723451433839070
37.687491586407404 -13.539010732012329
-34.377187502851797 8.336789063493450
-10.869435964370457 -15.511205534880768
-10.572555727444952 -15.549767913831236
-1.891917610318480 7.058563011569519
17.622128727278415 -22.588521083680849
-22.027099091201269 29.965444640548302
-43.301289728005166 -5.399131345178105
-5.575644362652831 7.495096633441573
4.892490737463192 -44.616262388990720
-3.472638324021792 8.588653971634535
5.723235793220856 -14.480843571100792
-9.719428011127301 11.854876939222454
4.309033449280257 8.022598146358781
-8.239988863860200 9.154919831120415
-5.621262771566610 2.833895855439047
21.570905613967728 4.895648232514251
1.868254005941330 -4.056288870348718
28.829748199500759 8.577132912374852
-22.006277771881180 25.238331829413770
53.250926729095127 -23.470960147542502
-4.451698687935305 -12.694086928111647
12.141866256197352 14.870186831672276
15.845325518266279 5.622637378674972
6.389032938890516 35.186284941475449
-11.262332935052820 -4.697277604910509
-12.505881141150988 -2.263407195157417
26.662771439918412 -4.658638876792611
35.128450803436223 18.628140160553482
80.835967711685683 22.706887712020166
-28.847151132886644 43.342492557524814
21.998482516535869 39.102626920765850
26.318860369242962 2.590216446514761
-7.970718785039455 -31.344234783596900
-27.957012290572965 -1.179753589209748
-5.822525209928087 -22.834866359708585
36.993160239586722 26.351690976790959
29.129188070103435 -35.817678647803312
19.329136183675466 26.119291702589312
-1.121402802010351 40.195506185150741
-14.237753539932349 30.909354871132283
0.820409549080567 -16.860675909654159
16.241785374023060 -7.812639693369483
-13.383736474115111 -31.774654658991750
-3.692522628629118 18.855828995923503
23.306641903400550 -4.453924704086125
-30.924040921136033 16.249045126378910
-25.296328128980608 -2.517712894914996
-28.441854962498432 -17.696500532166098
6.380665515897125 26.374051884819046
21.709361119841489 20.022019031827430
3.775909069847506 18.738148106582376
-14.233261667740942 -18.656964367446861
0.353428305946841 -31.434452352405746
9.156571201429106 -0.640180150361789
14.201570663424574 10.416802152613192
54.961646067847092 9.011535063394314
15.863406440229278 -24.374785014543566
-27.293804724086893 34.067431363831645
29.431650634110316 9.063335272352122
44.254403235314456 -40.364861080673307
-4.665419810610154 -22.006736001646555
-6.096339110150017 2.688192210093231
-51.545656008083327 -2.288026214179526
13.769754729565408 -13.777614261398879
6.126607129169281 21.148783146347114
11.765133296224644 -8.845190550081373
18.712164789570760 -5.114211627446024
-20.973613116257678 -21.372356350904056
55.850888692824100 -16.619093757258685
22.877349185276994 -15.338985411589315
-32.221409234829281 -9.873723145148611
21.032855790964387 42.985440526072331
21.435702925971782 45.555764777449262
36.381483130025174 17.856271312495004
-22.166459119194386 -9.265725289009545
22.302358687683171 -4.323281183179359
-21.115016715658101 34.598678298857052
-8.780727372037903 -85.250357120734478
26.357703956471738 -23.326374328534254
-13.418410333049865 -30.649290112836201
7.218151829955200 4.481248632246935
-12.427638252381970 17.726494636123416
18.242973995430724 4.620044083998970
12.645206367529163 -10.306896802875855
32.047575863632197 -9.063177125413855
36.539314704380942 57.040619346832145
-43.684019643574047 -11.836623284104485
-35.636216275872414 6.220768125206289
-25.327001105146525 13.169687303260824
3.090280377640438 26.216681958298498
9.151915555616574 16.139945451869188
4.605990360131629 -14.136033029809541
-7.548530680264506 20.236942169082901
8.943528535106553 -2.527512084588058
-9.090809797344825 -16.006292606774625
7.896382448757437 -36.610596993073138
-1.074418889597305 -45.412398543595408
19.386301138407646 -24.879574068452609
11.948982550081420 4.943294638240133
23.578519948477823 3.015499566185561
-7.051511858035841 -3.319065553893362
0.363633879137469 -2.455567782590228
-12.062094987694481 15.778264734223955
-12.367983162795136 -7.743127847141944
3.546730357719413 -8.732469486984909
-6.387026646073060 0.404239341697292
17.792403147068917 17.783331640073541
-3.217939411457259 -4.899404121388963
-7.272797540366451 37.028001549214089
-28.655411657319870 7.657955905238921
-9.274763367856741 -30.992493863687031
-2.652980873561645 -39.917650453384162
40.241802257806299 0.487205960429928
-30.870911265781327 3.533239048263844
7.546696061724613 -36.729756258048468
-0.501104813104457 4.230826231374265
-4.565880696640367 35.296018351481912
38.972698219288375 -7.831931972101604
-13.467015649453447 -6.458979727103820
44.405118370693323 6.923809148759069
-8.165380296447575 14.980846606567111
0.661004661790710 8.060711352925193
-21.502868117977602 -7.609584435458759
0.537863047684570 -18.458030661355995
-21.466395570980641 16.870473326269437
-8.414905865434612 -40.961746776262530
-2.771543776603986 -17.891477570369172
8.658951435960724 -8.244564453619045
6.119864869212949 72.330281373326287
-9.750812717926561 38.865790657180810
-8.465662693143965 -14.707383701833930
8.185237259546506 4.190479039246388
51.368227718540602 -9.536400721075765
-33.410006616506678 -9.012782035554896
1.023342844998504 6.874947328076697
-4.295960579402335 12.343360589522128
-21.646768792274916 -20.921715263847013
-1.561866649996594 6.630798582565204
2.881530522256993 -3.248313376146273
-37.404743793686741 -16.352182127504104
-24.580363276725013 -10.183814056104223
30.414809287868081 5.780568554581857
21.584552172290604 6.743799441320380
-43.224949567842515 1.886478382996153
-3.077358341720120 22.636301687558564
25.527172686070823 -30.349488114271193
19.086026676723719 7.615526442254553
-2.766046188092066 -6.716990655946029
-16.332760877038815 4.414879890680042
31.965094176906959 3.989760183071708
-35.533302148307257 -44.952572350640807
24.576317340000067 -20.589114832702034
-10.263081667212006 39.689367974359612
2.715211250461390 -0.333740305015856
-7.272921455564751 -8.714826149356703
45.500857440752185 15.663502421258599
-11.965697604707273 -16.992985459429683
36.370852592835895 17.927833848875483
-15.834438523465383 -17.905430094007613
18.959261875972942 55.842620526914317
30.675464879712422 42.890080371758430
-3.798560268797385 -3.025979024622035
-34.723334087269976 -9.079508919770380
-54.049553324533768 -23.722959592830133
-1.435560897941486 -15.004750114475453
-6.929774699591570 -15.381124084171072
23.410789508644427 -14.191616193573401
60.208511549578795 -30.141697263774496
6.031523454996297 -33.386343440526382
-7.412979875757030 38.941084271113617
-33.596082910820456 -9.355699213713402
31.239792386776088 -5.860421205022944
11.762714197731112 -19.328573212635060
-18.122161285469581 13.861631406338049
23.989025909132625 -4.408848815288573
-30.110205657558659 17.911330860530406
43.465158986905706 11.222612753893744
-18.050719225352623 -3.958774364187833
-18.157078517225411 9.856692860843186
-10.365372983294671 -19.011412887486760
10.071602708878398 -4.132781412090190
16.132577231755619 -34.868539471030445
37.859015473295003 41.419601731511648
27.068436013576687 11.175756512110871
31.229506081806544 -38.972688645397625
4.009856299528854 8.214508243927842
-25.519619205058785 28.632140617931277
0.948876281186357 -21.758310146380591
-11.870199343555969 20.850681859815168
5.924723655653703 -0.153309847511243
37.102753095914458 11.590028704491303
10.110962880235641 15.566187974728956
27.923435708187544 -37.752164700534045
18.924869858700902 -21.224362411686858
20.630195208799869 15.325522386085602
-5.853427510099788 33.736654260520453
-13.891635885046494 -21.710858486575368
-36.477106783040924 63.957663550878394
8.209971725592888 -26.262144579729348
-24.108419170918474 8.526248287568039
-10.944977737555933 -7.365179008804056
18.294438434726622 -13.811748300049835
-28.057189020449748 -51.958692661675641
60.972639446986257 -14.999799437681695
-24.767506177470356 -7.823564895961665
11.515707381094710 26.050068317118406
30.485025726650658 18.603837067820585
33.837787180061376 -9.385730392467421
11.959502207974696 25.490234299804879
34.912435134532743 24.200508951876266
-11.885510823218397 -48.096460345823957
-17.168990396619140 -15.272739342168819
-13.919970846105331 -23.511847873463886
-31.337604231669452 -29.108028134982806
1.640941564975616 -2.565769154819113
-10.226170111417769 -8.546157667716463
5.969441061422938 39.223852760691699
4.160076868447900 -28.922529418583331
11.800872538230276 -5.183295586407076
-53.204778096924400 -7.503680054715724
-32.425327768830620 -9.283428313799016
15.242023230286293 -11.523939179750890
28.323388822600851 0.929611024386757
18.205858643762735 11.644155937315954
-20.455897946209035 -1.288944273821196
-19.672487712014135 -9.861633175939293
24.824436581379103 -39.867744423727295
-11.312611709252165 -49.665937484698986
-3.796491633864574 18.169868178951642
7.597004191807803 -18.590025811097195
-5.596426779294259 -6.560885278763073
-36.836258046947499 42.336324435760616
-14.195310030886358 -4.668244091557001
16.479148852337776 0.480474673415195
-10.783065556807687 48.937155253600928
21.110802323685693 32.906899318772844
-0.521405800733890 -3.839057842791264
-1.002105811914155 14.402606938012404
2.913638878983103 1.290681418404656
43.200893163731429 19.489856114721334
-1.316298705883619 -18.698485488021152
25.708158632181007 6.134138552556780
-50.827789404091689 -4.590454857414198
22.679522489048043 2.560987499956050
-32.947877446931429 11.904671184779177
15.530234776472335 37.997903242259781
35.551379883801069 2.563617984636557
6.578908064513135 20.203953836065192
32.148021201583497 -31.213776535081863
22.875976562622483 -28.371857840808278
11.219264558838693 -11.335937015755929
5.969521110061985 25.836922997847310
27.959668461527563 15.605311751584034
6.793914826569880 -34.377610935004178
-7.334185402220225 34.015355999802345
-18.509717387013140 7.573460085220709
-57.322787766550086 23.761042763762603
14.878748259284409 29.662625001075629
21.208668253929346 -6.622072086994741
21.477206799035240 -5.604584561078081
-26.154334344049040 21.301189358253723
1.261389929255282 10.366813592782567
-21.852667749224793 28.141050886498821
-29.541584156584651 -3.440057440467521
-20.845646311017394 13.875041521281680
-8.620245838941038 -43.675345033646003
5.892296753020181 5.754534592768335
21.887834854602321 15.663516939927042
-6.969363842828628 -5.561069486183714
0.400727068135046 -0.178527185329344
-11.267262217515331 18.905377890581459
-11.467934348743288 25.273866023604548
27.715402963628129 25.720528852621371
6.570639240292435 -47.220915755712113
41.796756672040132 -6.406085407631538
19.599041595545653 -12.383642027709220
-16.463095443669900 5.338279758616063
-4.990213172183444 34.690782232752632
16.880050111303820 -12.130727228425737
5.994552011225055 -31.079461160563394
-2.211306201883824 26.180564788053918
23.983447404538502 34.288260201292005
4.722648372339240 17.722062244899696
17.436968537568504 7.581384114908738
27.951806326758970 25.647320410986048
-5.456609599989448 29.379192430802910
-40.472204024073626 -11.635326294469552
-3.177018314378622 -8.490070376005438
17.437125291730457 -3.405563916318928
24.069533618444488 -23.359962166955132
4.011851479701940 -47.775377601253503
5.953176187700281 -32.922416617210175
37.904202256106039 30.505489471994672
65.029930513481617 15.721315338343365
-11.322221832519457 25.550042377428824
-29.662336521525862 5.716479644958016
-27.647648431989833 2.410028550180284
-26.822376937127025 -1.313422119344523
-2.599309730401186 -1.936887573133159
20.433860235600807 16.823287250564334
-27.163069276706562 -2.647097905568950
2.577667924078983 20.896716269322269
-0.763593584600520 -14.228345712790302
-15.476517296524756 1.775389691364560
-6.748706930913019 41.489597542826608
-30.886836274799279 2.246843402204853
-4.042403660887519 -7.815417738337663
20.900944273605550 20.472415128350374
-5.287383709936167 16.828156630563583
-26.073679707907445 -69.352831907133748
-2.135286730884534 -24.016719133934245
12.104530412585893 -12.626557805398541
1.416233707764865 -14.786814067482771
-51.944806503563527 -23.989482436027465
-33.878957771543362 41.032231868484025
16.187502990294814 36.756495163664219
-21.054296195254818 -1.975270185323746
-0.628024089272405 5.029299400813160
-3.771734051116663 28.216364547248215
-28.478502324332549 -21.510882102205880
27.791768860051285 8.299253373845785
6.636668902032135 14.241634913752272
-6.092800533576288 3.940238719257759
-5.188645650601663 -19.879241331071249
-5.542488424571569 -0.366669306342188
-35.545242752007674 5.614947710258374
-14.672647601446435 62.829288513083199
-9.085180182256492 -37.231588862375716
-8.388892661878410 -25.182376449748730
5.478831516573492 -11.217428227041809
-15.610699497646731 -21.751426684625123
-30.625600884599759 24.583326888819638
-5.143428942852980 25.153279172308935
-12.328614381661465 -3.241783047580695
-12.273851773861118 -8.475750295801488
-9.247862800280407 -28.713936529859275
23.744096213067355 12.241071283643056
-54.847401783493552 -10.583004454304774
39.663371896837624 -11.107105016392168
-10.053403241218597 26.852253958824388
11.341381164652907 12.000330309197910
-8.057929127976090 32.916992199476439
-2.288082468957171 7.720392578392410
-15.860727133147375 22.296222502820783
30.849351992204085 -2.590694069686952
22.770705614172638 3.250402829800372
47.234420406879750 0.685913624189284
17.255793871078211 -0.601139011404140
-20.452940647426313 -13.241121847467623
6.554096072689295 -10.299593285646795
-26.406906113029702 -0.602245231953245
-8.271613861161180 -13.736602415658083
27.675353974630351 0.196750656499990
-36.996373816859958 -37.235016134476581
-4.742392273309664 16.820302749387867
-16.074246050427092 -26.028171062285267
-8.682721173809444 -50.984079664872418
-2.216567744304766 -8.496425584804374
-49.563085671274607 0.839500479517561
5.038744544619774 9.421182349189611
-24.220359701262279 -45.476957025723529
42.205246312049987 2.985775956897641
-19.714674722859002 -4.810287208939841
-6.436193628726756 -6.806183929644265
-23.801266185915356 -41.213344543710782
-21.461003031715439 50.341541402848186
18.628707052033903 -19.569738740047271
-0.726263669930040 0.610030276550156
21.277732778272640 26.489618195375037
-19.419520000455435 43.315650887203610
-18.881647892810580 -9.326540980815521
5.452885231203145 -9.625660181561345
15.005316957197811 -13.477080477423220
15.077952224673243 -17.321504880408199
-14.891826556313923 7.902294741845027
-26.032783132863958 15.821176243347104
10.947855901741027 -59.704035805196398
32.564811695203375 -27.751583878956264
-3.372188674944034 3.370520889757326
-22.937413030645356 10.778937934252635
-34.019839862503126 -14.268815243294211
25.828551999759423 -10.178321182857317
9.331733905492461 43.588349845762707
-20.644580973384468 -7.437516093408716
9.176846717679153 -24.429852774002871
45.270024222194770 -15.873406884861856
-12.499757240174072 -23.877986641994013
35.435814104771076 -7.078605196262200
21.451864176387286 6.491292356467253
15.382908822444179 27.235362933521710
-9.064860633106434 8.793743689617919
10.817697484953952 3.236126572706025
-9.165807397020934 9.297329556084724
6.034413214019715 -3.355245252138334
39.437295564136448 13.420295560177619
10.900886725783144 11.685051865524175
28.502645369431683 -37.138264400377494
5.194293514551409 -23.299172652397917
40.560078355155902 2.017409973997948
-32.084353956630892 11.338730320759602
48.013280778551191 -0.553028833848114
41.537541321594446 -4.493463267573524
-25.507209231759671 -18.888478582793102
-1.450279044337372 14.748664804067241
36.457244244216362 -19.147853098503496
-33.335705089192693 -20.453752099712478
-23.077348925309135 15.241559024153966
5.373703997276975 48.823511815875300
-23.106835983385000 9.188194085632913
-3.699518874100987 -10.856320794333316
-43.142426391897587 4.000798854475708
7.674461503646198 -11.843820919921370
2.839611551201576 5.408224303835869
16.395173174839272 -32.540701032572755
8.539041070487849 25.622421558264826
-14.915411755495327 -28.119382861584231
41.359554521290846 22.879894997379356
9.708618027660275 -43.496039255679065
-50.244817301765998 3.367803164317359
18.260411914766333 -32.049308560574303
28.320719011583268 -16.177275107163201
6.765985890282861 -18.628092256742377
10.963312170711527 -31.145399090817715
-48.668792179516011 -5.336515664459787
-3.846537057064516 -24.540854917614755
43.014984191578883 -42.402144447908583
-30.987155470534905 11.838688762577865
15.209825502889590 44.679033760578406
17.293345185284725 2.495893022417119
28.381992651566129 1.304569469995303
-21.064412344934240 29.852148211533130
10.830905693713820 14.479157786747686
23.855202755444328 -2.473944826809065
49.669328813076660 -13.452098296345516
-1.932968624512771 33.122985549592691
-9.753743793713786 -4.970580408677292
25.322311766898526 -5.466921038869335
18.529944189170376 -29.849756785469271
-9.335134075868510 18.098761867236693
-22.982951509512478 -41.739177826232321
31.888534077347050 -10.323110337050263
-0.150419450393023 -11.686692554073529
-13.351823003044846 30.994452675328919
9.215770323148364 12.712996250185977
48.394554743082033 37.253574131862166
-7.923992472990125 -10.956102137711259
-21.620311829724908 12.724199372088270
-6.368710445315315 27.167062093118417
-28.565367931389641 -48.065962356710465
25.342596404559750 -7.797698152090300
33.748164019054705 -10.462432986296719
30.816582880363189 2.675260904197576
36.078406207143836 15.544962342252257
32.698523987773491 27.660436982372858
-6.021476050398966 -32.189775540260499
-8.570207481174883 -18.722163518762155
-6.865027714692454 -4.934927340369093
1.481420275282370 47.823150655986829
5.809619622660382 -8.475177296199167
-6.943044444628692 -4.544115113189649
-6.468119862629200 17.283973205742221
-9.844010902015512 -15.304441716126519
2.618718632084736 -25.247704522888977
8.389071970702913 -16.519798398590556
-19.123481994052906 7.343111614396806
16.550648360674497 -11.396870134769156
0.896110138446761 -1.881979755332427
-34.687155488349340 54.923203619843733
-1.014974492926671 -18.173253386156070
39.632532814449576 24.369403639432694
-15.603876497461680 13.846516890601222
-0.615042166746948 -9.087036962576798
14.244734217246766 -0.209780843209607
-14.925822839771476 16.386871427208934
-50.439108607632896 -1.669993976954336
27.215869674376673 -28.600338356787677
-17.776447632646803 26.533865663465956
33.685665456134039 -23.338264035451335
21.983591069664854 -33.039283993524428
26.800001226952560 10.581069720749170
36.986510233832611 -13.190995672927841
14.060352615814139 -36.122076598213674
-4.295542613911012 34.532163681521169
9.695820515948036 -40.476563527435481
-60.735436135783090 0.553073307979654
-47.970947874897924 -12.190356661175274
10.426799500442502 56.794237182219142
15.868600026175127 5.205883749157485
-6.805039327883600 0.071103007578710
39.177522043163954 -6.737985028043358
5.387235278283114 -33.856134439763807
2.617576548978790 -19.445954545289478
27.351357124400714 -35.522786591398884
-4.473208193004820 -49.996648334009890
15.944505136765720 2.031241403467237
-3.760472540987789 -14.120724466626395
5.143050112563319 23.444917363222018
-2.006336266560246 15.071232084409084
-18.494624666303103 0.129836185888945
8.648129364683333 8.141061389936260
-4.904999806235013 14.006665592742467
-7.671904155978118 9.057792550419849
25.983335180841500 54.922298236624933
-21.625183578648045 23.623445602340620
-24.005597694934369 12.753321264434181
-17.562333216724134 50.709042911965128
-18.339931838039419 26.980529853215465
-18.463675257030481 -13.500193338344664
36.410954473272966 -0.394167966771464
21.649401789132984 54.692916836594613
-0.239238283936427 -3.905742934075375
-9.408652360610883 -2.524744616959392
0.789224391002991 10.804892517059416
1.508186242962683 -51.873418987547744
28.104488869134315 7.852185367625941
-11.704414239426960 12.707461760016717
1.137120226619584 11.418780957891601
-42.531875568779583 11.042472176739196
1.141335588045041 -42.790702906524494
-3.985944743270115 15.934027068909261
-10.139655478736742 -20.039118494324075
65.403443449544142 9.083268486672143
40.319500872775556 26.586510612958527
-7.128745209028900 37.660499235633004
28.624478344221039 38.083670533348503
-36.514358550632871 -7.553801068421595
8.325706469727750 -19.727455855863521
2.264058175953870 -42.977791814739994
-18.535179127971649 -9.457918081739958
-24.027441431543238 -1.941703064950182
3.536572556771015 -14.452261915106329
38.882486472610466 -18.466988072058307
-22.145404384187071 5.037589337682145
23.039550094590208 -10.825400187163467
39.735992584456028 18.816405034818292
0.003978360277211 -48.209641765935523
-14.519637954889186 -17.395153872768208
4.049576287885018 -0.367536257295808
19.360690090335932 -10.517010484129377
-0.373779194958700 -24.909472211971583
23.066609495880968 -33.907816373991025
-18.667876953000071 -1.515278609998840
-17.936504049614044 -29.529859064481919
-8.613158142079209 2.776428358378806
-0.076081329982519 -8.311505793238315
-33.972792703083989 -16.220072280568417
-29.789299946597676 -19.890304453163871
12.976729352226105 -0.839773761047037
-13.016612840799960 3.801439763725983
59.666348717387876 0.712104194602844
-6.824704850247890 12.440694441817623
-10.126586261638606 -21.485893228904946
-9.665599928741173 12.329963953980679
35.336660876398106 -9.597381172080249
8.896207870759799 65.450487392098523
-6.332833926461324 -0.582150040206322
-6.247817359096397 -3.849105107022366
16.023023630842893 3.489582316387778
-27.093254446812551 -22.410754145082212
-34.081287035889801 1.389171628346197
4.964391419602171 -64.669969626630348
29.869992265847220 -9.632363978744252
15.020637771917498 -16.063815802789691
24.052919069005682 -8.245521440268579
-14.029578970152494 9.963332633513449
-7.654374479046491 33.111881682464364
0.756620944601371 -37.366858189032705
-3.913093856873354 -9.666282917800642
24.064408757469593 10.690399917175457
-19.102595319876961 19.128545169891712
-23.784816047580243 -10.607607360196923
0.579788222734760 48.594722447193313
19.010677483527193 12.159677239360082
6.108844742243263 -19.194915254318040
8.148554769404624 -5.938709937586892
-18.789127868676456 -11.740413273536584
36.514735683842261 11.202544033440864
-49.269956667185852 11.428468163671317
1.873419678181672 -5.826212231197164
14.709785564441928 3.297714705984247
9.397717242456643 -23.515476466114198
-15.792070074210185 -31.911697044782176
-17.703647030558649 21.505750018272138
15.373021362164542 12.546312278507562
-3.665316133832254 -1.312314854532664
7.673173953693460 -25.278987647764854
-13.012727975994405 -27.132189041083066
22.881054109435944 -5.585848317703019
1.052934927071307 -10.600745289916137
-41.164088738255131 -30.722680037142904
-8.092753458710021 6.611604345717857
-0.966711099284512 8.624337153617027
36.494447665187685 -3.424515417501101
-47.948795756107238 -7.955202855100766
17.756871873212063 3.760174708079210
2.888802282230891 -13.538137021091266
-45.906353892937133 53.168928153828091
1.293379369579367 26.900902254423862
-8.938129536425944 47.780905454796880
-3.991128718207627 5.039341862295984
-14.415210988972088 -31.033820757917066
-8.244813584164657 11.293687624793904
24.882832234702217 1.114267252995239
8.889667112621117 1.538310639734369
-0.545031342122984 -36.812757272478294
9.233183176341292 -15.281114404181512
-7.958054790966025 8.233467389399785
13.027271815977935 -31.859521660633867
9.249815302770756 9.233626534334309
13.981704666535949 -3.049180592049689
5.149373932952202 -34.784323430132112
36.713989111000387 -10.181767789451978
32.690400115930586 -49.382927107334851
40.321910171097748 -4.747323201230836
9.079900655722586 -30.992618458074094
-34.973237097982086 4.759040792970667
16.767981579054076 12.468195127622886
37.905873504481910 -16.684442968348016
23.616842622165738 21.505870412373689
25.375018682327738 -1.968484409022307
12.801552475399435 16.776244485471025
18.049083576554366 32.001952912042420
-20.021117843617230 -28.447163162164014
-0.021399860228483 33.864293789356132
9.389542798326039 -21.028141222543702
6.190426021035242 -24.881287934515584
-59.580955022180291 9.594536436531609
-20.233782723255807 12.690086669495027
-3.719793976057751 -34.795641676961580
22.125865019287581 50.419389238982518
17.868210042484321 0.082120310150907
-19.583456530684558 40.531143087775163
-16.500838248844634 -6.445388583852172
-8.093640173461003 4.202638300942055
16.210092761253357 37.852151730623355
9.521547824405411 21.240834734042792
2.333575487580645 1.169797107313461
7.554517550622393 -11.116038100188208
-26.712093017778802 9.577999081183469
-17.496950443409339 -0.528854807437498
31.147798643986985 -32.076169532459694
29.992795464879023 13.596168662902821
30.196900951193445 -18.291289008905867
31.262249882443868 -17.071121791576243
-20.287128231505736 32.232915043749003
-34.207716506537672 -25.788526177500980
-25.033140404397834 -7.993265719386108
10.755635779506546 19.672837041548608
16.458501936172123 8.698752161164144
0.953076010437410 12.227937197442811
-37.800481565000929 15.622331446088522
-31.866389548618692 -36.076594801466115
-31.300881308946263 5.046708234702692
22.034313860793908 19.363633904874348
-39.176294763363572 1.714151927245219
58.490508369084758 -35.728771110349847
42.586657222274994 21.820910972222713
-4.890411937831646 -21.056163416387232
-19.948707513599334 -9.243365337480492
20.180147501404686 -18.562625774685351
62.336917012577615 -60.733149567193038
21.166876761199106 15.695139992777133
13.638893202661823 67.057071913709947
-10.243225385450481 -26.949869598098214
23.040154217430079 -5.688186770670153
-3.486645771165878 12.134126690241024
-19.958488446384855 -14.055779555236960
-49.528161213297544 11.323817311336967
-6.600455377815699 3.069554217135940
-42.656568713068729 -41.655195197611881
1.325495167220598 28.943178387224375
9.404546785664035 33.176715515498891
23.935416636489023 6.472476885705017
-14.569494598124681 -12.265085480474815
-27.889350553424020 21.454990161113116
1.862947749561608 10.490155618053436
15.235192484992099 -24.239239203644541
28.527947806080785 -19.880695777681520
21.870054593433192 21.794722131335430
-20.634205732078620 3.863615143607930
8.793795902749681 3.377039343735274
7.721347851899957 13.739307369494533
-39.722904576958179 25.827098395148251
-26.356326004699497 -3.515270175747583
9.972869648125254 29.632078069050674
-20.111502298138998 -19.523467481945254
-0.531797809525544 1.980092236353546
18.949662765437612 39.526166984563588
25.373937346258685 26.253597228070976
-68.285471332253422 -20.433635498705566
-29.716261833735611 1.820111057201865
-9.971630048086388 9.533378207609122
-2.537029033813120 -17.524892663946360
20.406616418128291 15.013329327043959
-1.393767544358854 -15.631300430357292
-26.898860443419860 -11.043887218766590
5.529934692884674 -5.750000798992294
1.236065300140895 2.872235816997436
3.439894521921258 -30.413142917332028
-13.596806253037675 39.494823031873459
-25.405213746659665 -24.324007965653369
-15.842919487465215 -35.040888594611737
8.831183604451049 -17.136550579120392
-24.662221126137254 -28.223250494521409
21.939239741175122 14.041643200621218
34.048260013294758 13.130144966164348
20.074439682297420 -17.180479816651353
-16.045065646070746 -16.875312700641260
-17.439935432234709 4.559009367173705
-38.573597606393257 -15.590944214985377
7.401839527665290 -16.276896773311492
23.007119728874294 12.351527245969329
8.794206740543826 -7.798183724389249
-48.309293930023408 46.246527990623122
31.088655178185071 -24.520801406133401
-18.647309000874458 -29.256236398442418
-11.389735860503158 41.524582587731587
17.709997681369817 15.597974455626085
21.075615809911302 69.665273010912998
-34.361391788553661 -4.925071188559810
27.119396965128917 52.249645333541636
36.233903205130787 -12.233297549106172
3.129150811760393 42.462881584452489
-8.111067491855911 11.645415964206995
6.774941202789071 -1.857895616613447
-27.628316797555925 -17.082009032389255
-27.418970717610627 -0.249677752029962
40.354629862025064 -25.590896206664542
9.125121522927444 16.669462913215984
11.887494148499028 -35.728041786411488
0.497856808230722 -15.532224362881013
-0.008157628423729 4.365929574962420
-32.666428039086178 -3.293396097635665
13.625142125675721 19.265403488737185
6.384258508951508 -0.139881666198448
-37.370882203798011 -58.682502110744352
-48.966869332909432 -22.851901631198533
1.604067510714898 11.671406630976531
-37.246224435738078 12.840160155997097
-33.715952060029537 9.618091646546610
34.888075721387899 10.205785759846169
23.878174270427348 5.530629308159933
13.155851761555244 -9.084701137799387
-9.302759090428921 -17.532058817722458
-18.857722011569102 57.895100333298238
17.729794136694100 33.817777081227263
-74.199971097896139 -26.671483647256348
41.009075661044562 19.789901571291995
32.901304230900102 -34.579302295066114
22.826051147321635 14.722728230967038
-9.157263786019893 -8.582323557048838
-14.869739309517511 4.534150187176948
31.343152738425200 45.935702289708203
-8.796908148142357 -42.233774510538211
17.650238584777782 -28.072317177274481
-17.270959495981820 -17.810764011212054
-18.903553228602608 18.374032814288995
26.546427646507340 -1.852431122400088
-26.555491517495433 -2.777051157149034
27.402052601870768 12.745026732315850
-10.953626604036423 -25.366269057683354
10.912601933926865 10.048090983366437
26.379544734131656 -11.720633209033030
-33.337654026997448 -42.804570774083011
-0.563747659800517 7.649910259215130
38.906959853267054 5.431473621484428
6.765665751111591 -20.622487875602921
1.089173622012208 -40.044443081438629
-1.258184788739484 -28.606523577435105
5.798901797349923 8.985163613443026
-27.987129376925186 13.904229376779828
25.384509253475297 -17.002121217831991
4.638127920273437 -13.987605486782623
-2.543702436581720 -10.591256270258638
14.994157205848198 -17.158491394707067
-10.942354851615246 0.405176126610545
25.351454361675962 27.088452579516805
-14.304027427273937 8.784859881820189
0.030013843368921 -3.537796461083756
45.647837404079567 15.612884556303081
25.169097858750277 33.234428109169123
-63.369976325993790 28.199791843107967
-6.138099511709147 0.113159869424390
-19.160746235986331 33.282748020979959
-26.135736232874361 4.965193932479002
-29.518162865479805 -4.754971032850286
-6.221529121741429 21.466754924919925
14.887614446515128 22.825952535588915
-30.303734280661455 39.854896551493965
-34.231005125245780 19.324916530524561
14.421454112101008 -1.347851476028636
2.305293758701108 -7.334921890672502
67.626165062839732 53.450695153990971
-7.871374885167119 9.556529262802309
-9.133893086916652 9.654704792421581
-6.909996768753756 33.005456465635042
15.940884412624827 -12.290639028649080
20.067896421860603 -53.941638057647076
-31.113669033756342 -9.531399312451388
6.251101712442120 -1.115392708365826
2.072919181123523 8.809945822737044
-23.418324411112138 -32.040929830834642
20.376038932390770 26.466018424754274
-11.270639473400365 10.826264560822684
13.953490884087040 15.966501061785094
6.728903178180013 -24.085497939746279
-27.849798989407631 15.386817779293391
-26.247095746997690 -3.807424141165040
30.384829683919573 -3.492751734670529
13.034807803790386 35.834064542829147
-5.220744550706044 -17.415016950350580
-15.239086595026224 -29.197968812186474
30.850271817232969 -44.467775885989369
9.627784237365519 2.763615846838247
18.965354710013887 -3.306997468220603
39.935516688344840 38.308077092240730
22.398741452221600 -19.587298585500978
-13.473560505456973 -5.764270957852974
-29.404738240522981 -17.206926792641053
25.800108830915111 -3.815396352712586
-4.704652782769218 -54.684320754653633
-44.701414990093610 9.743837716052239
4.953056364693563 -0.409808392638794
34.305073525123213 -15.467626545331955
-48.070514131014377 -1.544512131808231
-8.046656621066168 24.591197283827036
-39.122189811253008 16.568503933829604
16.417797002830920 3.738715899973172
32.979370079710634 32.265340374938667
39.843314606991513 -56.693540915692438
5.052520444621297 1.251563397746202
-22.020240806383054 -7.954174690234429
-41.328946580712660 -16.268477010592818
-7.429382299601311 46.019816615480735
5.590837199990850 -9.283204578194331
0.031130055838323 -10.798647143514790
9.893046053546461 -9.548924235497553
12.043368564885458 1.075958123632920
-19.172289738591878 -6.914620509721817
-26.308393340208386 34.417697493819389
5.171866891433836 -39.982935340745769
17.548181139719613 -46.128166618149940
10.354189458036158 45.655562541183151
23.685323878966816 3.421565922925473
5.777452859717550 16.640879775253968
-13.557051953159787 31.332639648199848
-14.247189807294255 11.514660005115619
6.575634026543829 13.969059354698411
-27.842170259502744 42.615863480029198
-0.024674784605907 9.689665842595254
-12.092864349741195 29.073752122357341
-41.242743431939857 -9.913461228231919
12.393380036891589 -7.214124450893141
-29.851252170282223 -11.609040055813118
-4.460239593376381 6.501255149138626
35.857222545717860 37.052903363000105
14.883033706679885 8.611483905255914
23.568430392827594 12.794574469067230
-3.144346148394669 -8.297235685710433
-62.028958919240473 -1.860477709918145
29.971593114911784 3.680989525364103
7.404065994654312 -13.049176306659314
11.856320698752340 42.031433877234157
-46.775361847720717 12.837636085078318
31.705486600969568 -19.160794036720670
-20.855194667030414 34.128717682165771
-17.419306571597726 13.773359308631871
1.461210961156815 -53.301065838281069
-10.098574684315517 40.246408783306741
22.776541192527031 22.051456672711105
-25.114915901515520 -39.484950791092807
-11.826946775609255 21.022094685336974
16.948475269721257 36.495311202204753
-40.784514265240503 27.177482830867167
-1.382744643637238 -7.736318553932625
-10.949850105443852 15.830930646966076
16.609798423411689 5.747844923460307
5.218935942025960 35.669259363916701
-13.944276390757514 -46.921208216493945
9.745628971181914 -27.972009330116400
3.150162402231618 -37.807834789902785
-10.887659265490639 9.775471265035392
-7.597207975973426 -6.561874962211226
34.153350246867618 7.942454620258164
0.824923988890509 7.288168758271417
-7.574751579715510 -11.929145663536156
31.633202634833953 5.734894832748894
1.107035109768761 2.809092073221376
-1.812205480127601 23.683089345746399
8.662512314315501 -3.791730622125914
-21.642621286938574 19.205928998113755
9.368080066949419 -40.991901231713491
5.647819823049526 -19.975063851584437
-12.391370936372997 15.519381373516255
-31.720825940875489 -39.414970268349919
10.119781104862891 28.403877104319758
-31.384407485322367 5.460652479890750
-5.225115072906759 -7.723379050071727
5.644096028384265 35.051410607168243
-29.989334871624120 -0.249028636949529
-0.881376693276335 -35.529307305429398
28.995229079529921 -40.999156085528895
17.412001582765768 -6.059388985108003
-6.924068985760989 -21.027539207621572
-28.088887045220115 -12.443715298692839
-11.878122871898935 -72.527308944793731
-30.876452362950868 7.116070550023847
-37.572226538993419 -2.724123114341633
-44.619559427279839 -33.499631782255484
24.154386707791041 -66.718513798958909
-33.157992121358369 -8.558109707338112
-2.099262210657406 -18.661966120576150
-61.441141747656729 23.134221029752531
9.536964235447961 -32.552064750547942
6.148914406684171 12.027119436071150
-13.345830934207443 43.572313403881168
-42.963625583106570 -70.400408220861664
-22.641235042848717 11.826087561760646
18.325776771960069 -15.037833067664613
-19.314202297248553 29.701698317804748
4.185937198418605 10.785371208418903
-4.490565765196232 11.353491559065064
-4.684137597749137 14.848341957259120
-30.563805601390101 -37.685347614467865
1.365373670563282 -7.422944949908554
45.845939125473080 24.100934751432625
-59.808732421215296 -3.892378832158959
-51.998337788728314 32.909959533098387
-6.144328095710855 -5.391798390247442
15.944795434707297 -19.939081234429288
24.188854133858793 30.790191863394931
-24.384888817957531 26.264652633681358
11.830006155622373 -29.043614396211360
-30.178548282214862 3.767767535276926
-47.977551476062644 9.963356517049380
-18.267719358461157 55.598181978690441
-10.280585737768911 38.937571868102040
-0.509825428409882 18.264134317813923
-44.140556437267747 -2.996225856097362
7.430475971776089 -1.047101873384769
-7.785984220443498 -36.626010831356588
31.522057701399628 -26.735587187184731
-3.968203002068448 -27.065328134508995
25.562852267206051 22.806126318523063
-23.872736188504437 -9.873272329158972
-25.710395806266472 10.826413010638872
-9.636029359258830 2.042947601222328
-27.230365818515867 -19.768131894865817
24.498607573723980 6.395802976331479
-36.754905169800288 -3.923707026233858
-19.690914370401163 -3.960122962320360
-3.247376955037912 10.806632138009356
-43.647133281189710 -6.165576177594098
49.252050761725926 46.473828948926098
-3.809129282433502 24.937426232574879
15.105429031622146 -1.967581162894617
-8.987602275445056 -10.253653167877131
-8.809264164566899 20.460490071248234
18.689605361005103 0.567610438044119
-12.372781895744628 19.896526704191714
-24.215633742004165 -1.513329488799795
-19.888568972958605 35.445652623743037
15.446619347285663 25.318084215947238
-21.512165768910997 -4.757189299483412
-31.010921960545890 -38.034128654981615
3.009324268101092 18.256500704436899
26.501369131779779 -8.677239366034780
37.726306320507788 -18.836696678421248
40.007010263651352 21.442417647692611
-49.720208101881710 -34.759107498321619
32.336382615135108 -1.701447753288018
-2.032192871713041 -7.106608640252428
7.984982647328192 -20.959204670790886
-21.955938528962040 5.387187705961749
-11.481708398047045 -19.111561202156384
50.162664839167469 -21.349396044436983
-6.699866833367161 -14.976442459018934
-39.397623903228592 -9.521317554126645
-2.357942040148986 10.130372908919490
29.480117655887952 -30.148956714954959
1.950403881027156 -9.080121800961811
-34.297587688929013 16.518346318188968
57.965308959690269 3.095279286316435
-17.975962065061172 3.412898674967396
-32.136787824411336 4.113968904619966
33.443232981107883 5.389311210811884
21.979544563332340 9.757839711008975
0.511242850339443 7.945726756054153
18.538564503847446 16.683459136811013
0.573774393230243 -75.467701829501181
-17.089874604204617 -16.667886262179149
4.032507611994595 -0.982386920362679
51.769892689524170 26.681278653989672
23.399899438969459 40.882971727823282
47.447925489538015 24.055690004317626
16.288247831046657 -16.747415396363735
-36.864865348132838 -9.033861341905700
-46.385896404215572 -6.434040359074708
-20.596058093931536 0.093131312289472
-2.669494616634605 12.112258473398494
40.173274971938689 12.274092991170551
20.023079013657359 9.885771979333915
27.491756473556325 -29.167747291204666
14.253115673626104 -29.824054515031307
-3.349212839628563 -7.266454629637632
-51.995015593402059 -13.858600836065188
-44.189721547936301 45.143994407123699
-19.660403127968404 5.061873867304787
-10.188268473487813 17.406620620556495
3.249512182178095 28.503906999109955
25.204892990695178 36.103758045848949
20.009330043554055 17.224612354729064
-71.793798698450288 -10.629854612683257
-41.860924799231249 -26.051071219124459
-13.864507459207609 38.727541997431743
19.856392524256002 -4.251298417504878
-11.640928053558833 0.613729665691729
-17.325553447165277 -10.289935334898273
4.061804170365361 -17.165339714870395
-10.817359881462913 -20.222513529892211
20.313166606242326 23.254346285991769
33.288880409299971 17.306395439224861
-11.954460731450061 21.507466715553697
-11.928145713065874 -41.374076113587179
-2.647390168451529 -4.471928147879995
32.204106835704394 -31.313063968724812
14.189659745626930 24.995082490404233
37.535314665894802 -19.585301782125971
18.607466131464367 30.382235616314105
-0.860995247187886 -4.496177621528595
5.144704262663381 21.363011049659409
48.273804037562215 -21.952177939272378
15.886772026012141 26.151075158428146
14.423099502948977 -19.808940192495786
7.850740955787658 31.140455376917242
-14.404135784591638 -43.233210799417670
35.038194482566169 14.865657106109115
1.751545338780974 -27.586792164504327
-0.341423909233765 -30.886140442964148
-8.664562658999511 12.654399649058391
-9.962399709294411 6.651537675156819
-41.462861037633132 40.133646148972943
4.896665985003622 -48.593499775547642
7.873526043910090 3.731444082335208
12.807667446984448 25.398573326723394
28.812834511865415 30.559838206574909
-6.143783129303970 -33.477572272603247
18.350726627020258 19.534847878670313
-13.935706019518561 -17.942289913331599
-4.845559426506447 25.645918528236393
-51.649556147107788 -10.414689977552088
-55.057815068169354 18.874877901449217
-17.676743605186605 -6.778522703347845
-18.101340386786124 -2.442242543471189
9.838114968984279 -8.593947830500897
40.512476260583739 33.468411488869720
-32.040711941961760 13.207814389686908
43.239083414499035 7.964802867127954
-5.477045322017357 11.324204137392007
-68.618792132558355 18.841944983561511
38.513165117586283 -34.690310026793107
2.282934910126992 30.253589777652895
-21.737258220154349 3.071486360264830
-8.133565000758182 -10.957891946305610
20.939924224707063 19.363763261590488
12.445203718171282 28.289877569937232
17.085530968532666 -10.168643807495764
-3.184873288997925 -9.699273427621112
-31.919634703297472 38.953790115350081
-14.058818341292376 12.408097058561314
-15.328855304576244 3.891601171331671
56.363383047734629 -4.018263348054823
22.901172978550008 20.441743955449471
17.945157403365130 28.328547532301236
-32.770143856119603 -25.054714612843757
3.553950582911713 19.899579335270175
-38.719795072865757 -10.897745459140467
3.750453666282450 9.896859081860065
11.327484624782203 7.703549714332119
0.616076899215882 32.137200467745274
-1.497122442167746 -20.950688319440509
30.246090504628270 -5.465649085276685
-19.901629299564860 -18.861103456137645
10.951659508031385 -10.217068353125503
3.110403534991245 4.616089219438961
-36.170927915335795 -39.552878122805332
38.879245101654242 22.031731217764836
14.725314104525886 -9.689796423651334
34.381001277230766 35.744903634803848
-0.816860852173477 -37.794155060730112
-9.304717652152576 29.341415396881597
-4.498018944043133 39.690141346655494
17.634603551224849 -0.094120336005854
12.170362552715075 -7.987131721222395
-24.867094510635152 -30.749419873735583
12.683109022745148 -27.299775039788894
-16.630420565958200 -43.675242887381188
12.521246399243065 -5.346018750950386
15.310634278212250 55.828816617237841
-1.363360734561672 -44.624182680994153
11.563151465555347 8.464157186869624
18.056489399825157 -17.354406076750717
-0.717750924401589 -35.398515880464387
53.366365960531880 5.318146787594642
10.969963940791036 1.067729841990654
-15.194875752496534 0.333669535932773
-5.353487653110496 27.337185032055903
-22.884405021594077 -15.936923909744559
24.426624411686891 -3.201796948333506
8.874700098706844 35.179432440640682
7.622672715938818 27.851459206147531
2.347626780142557 23.607554154171112
47.398587710742952 -7.898443482237671
-12.683597816618224 36.000586186234337
-11.487686755202954 39.096421750143840
-19.498779019783374 20.015398733714118
-35.336365946442982 13.075338382045242
66.388716472771165 -14.413567978394001
39.865763900843447 -15.595257404123323
18.485244976622454 28.115952732728481
6.463819435102142 13.883211308048679
-18.588045035157258 52.698164491526555
27.027950635088935 14.073345643488562
-2.402289294295604 11.764344344548414
19.412431616407378 45.870875236749882
15.936245185329563 3.050360088856296
9.226508601655528 -60.959729130305476
11.657426392638230 -1.692116426206347
30.837057306850369 -7.757958237271372
-36.632767481317707 33.123363899619655
-46.256891531175818 -34.244648782698263
16.362686498907607 47.125712697972567
10.020869812649085 14.403140515968250
1.595765635599717 15.241990868996513
-72.804012995953883 38.896484790253936
-4.779160711689435 27.249624165212960
17.988773075590668 -2.220516647912237
-1.120372058091007 18.852494390276945
-6.170514474173451 10.939106524870837
-31.279340982561635 36.687015333401021
-11.527820004634885 -28.946498640671106
-2.388885237094239 28.211739665465327
-29.674631525665671 -13.013792555303619
44.159960628155154 5.505046053708130
38.139148639760649 -28.644768363408424
12.260450693019228 10.377046625983063
-14.945345711435507 -27.283397224992836
3.987530817683500 -16.541221073864250
-43.012689462154242 -44.193159242703132
32.498971127718406 -49.520213945664459
45.906703640352319 20.929976322495150
-29.030118500472870 21.283548192271741
-0.314922113335105 -18.739694910216372
50.036418971161076 18.271784865098958
-19.735266957814279 -13.441575738824092
22.055872316417926 32.895645580580670
10.571617115582656 23.022921728957265
13.787802184819622 -53.652554278575380
-2.482897404790830 16.121494324859867
30.318550326444061 16.917181654771671
