0.000000000000000 0.000000000000000
0.000000000000000 0.000000000000000
23.108502882613202 0.000000000000000
21.028638143472168 0.000000000000000
51.600860397732291 0.000000000000000
-36.586639494463888 0.000000000000000
-5.449609532166656 0.000000000000000
-15.132782336104942 0.000000000000000
40.727189525274170 0.000000000000000
30.747671537549117 0.000000000000000
7.947057440023868 0.000000000000000
-29.299505955635034 0.000000000000000
12.856014405629491 0.000000000000000
22.896333396574658 0.000000000000000
-39.522832410653969 0.000000000000000
-4.660011622975587 0.000000000000000
9.377096442181378 0.000000000000000
4.538769987442713 0.000000000000000
22.358823022338800 0.000000000000000
-1.475549327608154 0.000000000000000
47.075882082157129 0.000000000000000
32.038717365696833 0.000000000000000
7.661765744484923 0.000000000000000
-13.682645932646963 0.000000000000000
-60.405770566261431 0.000000000000000
-16.444183228475598 0.000000000000000
3.434648113886984 0.000000000000000
7.588948487151030 0.000000000000000
-2.471772036309854 0.000000000000000
22.805257736223201 0.000000000000000
25.763816909415493 0.000000000000000
-44.705061363279071 0.000000000000000
-6.081528265859165 0.000000000000000
30.918724578795750 0.000000000000000
48.234582118631643 0.000000000000000
20.336513311767938 0.000000000000000
26.671379774549525 0.000000000000000
5.489959741905942 0.000000000000000
27.096081262499620 0.000000000000000
13.649422437193362 0.000000000000000
-5.320864796276048 0.000000000000000
-53.574306013269528 0.000000000000000
-76.915115871968396 0.000000000000000
-31.548681321928154 0.000000000000000
-10.314553471055962 0.000000000000000
1.219661566428772 0.000000000000000
-14.611755858873158 0.000000000000000
88.049614400524774 0.000000000000000
13.948813505056687 0.000000000000000
-82.432841661753699 0.000000000000000
-80.882743662115033 0.000000000000000
0.000000000000000 0.000000000000000
15.397253582398372 9.038753905827438
-0.060313808020201 8.600437049258934
-8.796073228118136 -33.531264811424357
-7.791865864894095 -30.032443024504911
-3.442774932952674 12.548922273768184
37.922336099393810 18.336970536803644
20.850962663280161 -10.991882880752151
19.182149379432786 0.796822299979129
27.514719039928632 -8.550571003518524
5.865534173923604 6.301058940100035
28.471938998453851 -10.512310526731142
11.929591529782424 -16.038699050643466
-5.166430777209363 -0.810454023549677
11.862951680920265 -15.833708392622471
4.178544278930638 -12.592236968600423
4.675463216332542 46.726442327614969
18.534936998042550 -5.535580913765958
-22.311902262436906 18.490893137158722
28.024761688102718 46.943170263252782
9.856279802078458 -5.414635229043110
-30.899949078238343 25.149094083526446
-9.591371979772594 24.616132734159834
11.087342205999148 -31.159296106134075
-43.189102894510249 -26.474768430407710
-26.631737776335243 44.968833028692380
-2.066101882341699 -4.730714688642987
3.172697978754836 -14.946394604926441
0.980902012229250 13.014767486036849
25.557746119784866 -15.189188864544798
-22.511950131725055 -8.349686761030558
-17.558509889916955 6.387940621917915
10.692778829328947 32.457894674202322
38.173112979503635 28.033677265804020
8.229825989089804 60.434368872216695
32.255831122136669 -0.729740778991939
-37.630316393644399 -16.778314236573824
4.737544000767135 16.834153678832724
21.845859711399449 -13.814623311333369
-8.729055829888704 39.989309109931845
-3.601362482614004 -22.027582369760189
-47.923011567379291 -6.114065988257742
-15.854292031335243 12.452514514505010
3.615552613562259 32.773658898776077
-22.652535596140144 10.019762034554462
-33.659147375627633 24.704453975978279
6.110533909554891 0.577880878678993
-17.853649527261279 29.575172844110249
46.077848388385839 -28.146495086670814
9.661604380433714 21.785956238483113
-5.476604225247567 -15.741841022119660
0.196032050397322 -5.915197870476384
25.164527166192148 32.979226834016451
8.667829856250870 -8.545031988097630
-38.572535936917681 -2.473516631363672
17.028530573645032 1.690624834872846
-23.984915596694520 -9.191625277247688
-43.270676497418478 22.980831256450784
-33.502812556832374 -0.390554785724040
26.198942192350234 -36.316177943307899
-32.857681110120623 6.116497544930372
-1.380279014559110 -16.692422420821408
10.650126741459257 -51.950756189589164
15.857224383558801 13.125088829560680
-16.292275075511331 21.121041725486336
53.330044019446461 12.849061284332780
-2.886121463107007 4.148666170432865
28.214520056601280 2.546420510164315
27.682302818387971 -12.730073370318264
22.351122051270206 -8.864349046643445
9.553879975731812 -19.556193772075204
-8.182536029120298 15.615583924441010
11.520005229297972 14.190948987202951
3.703069999413903 26.402344215628052
-7.091647861817520 5.737308620305800
-21.904704277027275 -38.489732418492473
-18.198571270762020 -10.233969909466484
-29.802207735240451 -5.603988474150122
6.834868581465437 16.944293515041938
-25.664412554798712 -22.953299125875230
-0.581841001165353 -25.866007112877973
16.447462205725188 -9.198995715215618
-5.727349560093279 -5.888174114842392
9.048211776192979 2.021923783458766
26.096987097174850 16.408457642252788
-44.385271548697936 39.127768291800223
-1.091572948175565 -30.267337752468624
-0.300890079274147 -17.687596111228221
16.122683941278517 69.504553229962809
14.100354065922758 -65.114390351009632
27.076513578181114 27.918413500982727
-25.984286774621197 -42.130590951294025
-5.762247198073986 19.016509305379206
-1.995844347722860 13.535502040570220
50.563197267231850 -12.025597728102024
37.530957614880442 1.936564034288226
19.745157063894361 52.246423489901659
7.863533288977527 -20.000483743991865
-26.128916260639379 39.807929161237361
10.605846214878973 32.884926965522446
9.818636968116213 21.053735823038096
17.964275976988169 7.306989786397900
-27.508012745844443 -4.449341998319495
17.856489411016071 3.487944393096411
-27.848664931161199 -0.606623529397881
-20.619266506202578 -45.889721097410941
2.427758403723558 25.262152514138489
-15.225072164110562 29.325932897368901
19.868776802758443 22.310079406751466
32.703901549837020 19.969355099633827
-25.559173284640256 5.556478500177527
25.433810340144351 22.414295304111469
8.210346651301158 -48.451297873653310
0.007654064070710 14.185031443543560
23.458332391647978 17.694858003384979
-15.500007948009218 24.107164149887797
8.207813243972041 15.362898288343846
20.225704267747716 -16.005380582658276
-33.762829701646012 19.567209421557628
-10.787640845206733 3.620686303826041
-7.634803572452154 -22.932623329412138
-8.427051146295796 -2.614995403246705
-5.356330737279345 -22.556920779887808
-0.175705338987415 -6.483429615700410
-6.623759249435529 7.911430679157993
-25.334037113602076 -8.388981823540544
31.542127474331409 5.691364432480476
23.885912014509476 -12.408949448120723
-16.384769624518103 -13.742874659319845
-1.399038351325707 -10.500233819698286
-14.168595324713909 40.237465017862426
28.051111180702264 -17.388997269943477
5.468568339612935 14.153701924714765
-3.002672448724493 -10.818537151638811
48.232192506801034 7.492271362791954
7.647054486472127 -14.159935098474088
5.951688189099558 34.159567286505151
19.074614153997164 3.422866020925303
-3.822147098541343 20.618548107086401
-24.088372216547455 33.078618259836787
59.685701767954377 3.379990513048065
15.308541217926297 -13.493786910611206
28.273635724408788 -30.139493512803533
-7.728160978330102 46.101336577326805
-19.431984556595612 -12.890524339587914
-39.705219807977514 -23.814375854951173
-9.908061932875521 0.159213379913851
-7.054355623699832 31.960996558251182
-17.945947183266746 1.426249856665802
-12.740662052566664 -15.575244210251709
-12.747903605351327 21.028835831578338
-12.721037598139016 -16.156301223489383
18.413813608407303 4.763781597848466
10.812770908784969 -13.674637409851028
32.025067528032174 4.354266323870044
-35.424323778148761 -9.797027035217443
24.907586166678591 -48.283155629015226
40.982755117022428 37.458849806856165
-3.571948917941709 1.130980521726342
-5.403434676439312 20.944422442982045
11.679524647810723 -0.959266082884379
-18.147432881884267 -24.102309245218404
-31.456440118825704 -7.607259574908472
14.985510092020414 14.855667469244139
-12.088357068193426 -13.385575661055904
3.086435061303323 -27.516431043423776
22.993299959714555 -35.728881071209905
-1.232477691122694 6.512870561075337
23.363544145644280 6.634534860698680
19.428703183915729 11.221724285619974
6.807953411724931 -34.542770237312915
-11.221684789596408 -61.143204070154653
-1.424757453628618 -9.514614238177460
12.652352931027066 9.690470683536013
-18.184128498932903 -28.022310200286658
-3.587670669471056 -14.863235666198323
50.085654957670073 -3.159184112940277
8.584325280789125 -8.064346929226797
-3.110041097227203 11.079569548742555
-10.129439448817473 -7.987419550330760
31.891059638391404 -14.764834711386539
5.898599685768676 -12.705976668437465
-34.705917405927735 12.770555419399175
-16.824089891092168 6.805365752066670
44.336248432850070 5.515718333293949
-7.452966151689331 -52.024688404430222
3.822779219940625 13.927115425795872
18.881955055591717 -40.551662979524707
-17.816283889005256 11.320793419395606
12.008750654847120 32.856108263338207
10.786599504940630 -8.637982840697722
-9.734306223177395 38.612446178781127
2.397517563698677 9.531394107782454
-45.589505618867165 -15.630563262361331
-29.356089821934344 -30.750350821325220
26.414443464935879 0.450253007266279
-5.113794714387100 -17.780587950659129
4.592906698297773 -15.100835328192906
19.407753212179244 5.360923391978211
4.283750551160516 14.851416777710813
-10.261724230369659 -28.463466941378432
12.881156055598106 6.809592295461856
-16.176167657087888 10.467838275410573
6.391478429400271 -9.719329469265050
22.058955815817853 0.766589222823293
44.212647457954908 5.809361150293352
-34.056168016151418 33.172745985831781
-9.898181288379206 17.128764965063802
32.460459383153619 -65.936553438443667
30.474381225350907 -28.279767897011546
23.598743972457889 21.111910057393448
-13.652625164356779 9.398664042661180
-9.238426044729817 31.353838692240732
9.719019578988714 -15.154278106457783
37.755484044338068 7.168584926881652
12.226611192925303 1.287341313848110
15.440907867362466 -4.581930320127518
9.735292341320319 -27.198573594275036
5.365293718415221 -36.170301398617681
-45.445790547386963 -12.545099141895671
-35.213097474334639 -19.323800193685567
-7.758271524093282 -28.484518783873224
7.956805419934136 -24.654872827413229
-14.969497516886920 47.797160832508027
-1.327330302668893 25.628807171054429
10.564351674148167 -13.276564752400798
31.639244798993673 -3.698053405407268
-23.059709748138062 69.279523072700826
24.411631622559394 -65.387257065318622
-14.017575211731497 7.356228676516041
14.670975833435696 -0.046873580275061
4.575461656919480 -32.127996826607472
-8.043840745386355 -50.495501594822073
-67.264737131269925 11.138122583215420
-0.994845306358603 8.762983805524698
-15.747832588974934 -16.047642403300863
27.293862281653908 -15.069208122158727
3.149705764140785 -25.036012566288072
23.737096775288347 1.965302598797707
-25.791291561311368 -18.240918868169281
-6.617756564161217 -10.933948054739648
-11.198138932299203 1.540385086725417
36.338869825581988 39.653090427552705
26.038069455122788 -24.994142616337747
-5.997849393195652 27.780860406171318
-35.355939943457962 13.175034842323754
35.817061838314181 -1.295794006685747
14.072317799614195 -47.604293355060406
-26.865936174031916 24.619346509546922
-45.724616501169294 12.033137057804106
17.655851920604231 9.427278988605011
18.725573156947032 -17.002410629110340
26.279680379228889 -22.154670988388474
-6.889785992264620 3.224381218242929
-14.696311825839917 15.354072547085385
-8.878791149526636 -16.399648811876489
-11.687840938697779 -11.785614095927487
11.725311051965599 -14.942343216306689
-20.602798372807221 19.652608208266436
28.489270829134789 39.367423096105000
21.921258544038331 6.091230582236803
-36.432526178644380 8.250126265749548
-41.838977997802623 11.825816558720609
12.933002494067367 -30.736503142707896
3.869124543752588 -26.777670717553349
-13.695949404931783 -16.256415170666099
3.670127033580816 15.163978527595257
12.453308784228343 -44.188490981695679
21.232513821872185 14.081921354138432
8.942763954472634 -13.359890818136760
-12.052352914314820 -5.134683408331324
-29.919093995252027 7.490359516149240
-18.592692080090831 -19.762865307376742
-47.313927160823120 -5.528102213198056
30.888181064537275 -1.035006088246661
8.304227823648553 -23.525793144348253
21.649855458250887 -48.316964007859688
-60.485184752080876 -7.524251183215149
15.862950214261739 -22.708597356088784
37.333498201850546 -1.423801597230075
2.443122921933552 2.366037866084574
16.037002593552838 14.735793695302409
-46.277534743552671 -7.493643681969974
21.607728985431564 -18.131611927214937
2.611037164726498 -4.515397939786260
25.220744863150276 -22.324285963185265
35.015439684026511 16.573162857292971
13.000818690305412 22.793297673315706
7.827600605748969 -6.538564204343174
-10.163440246062974 45.223039262516643
10.599309192822336 -40.732972838093680
-20.154803805063011 -5.166088270713890
-0.927654281244056 6.209602038251288
-12.394762779778269 19.547127190380266
2.481688681076578 15.550049599477454
-2.221129602902868 -5.756351237840652
7.347141139849677 6.209805403340028
-3.479715646493199 19.991668875448362
-4.647144269950362 -3.415686031309986
-6.636536261078025 12.975432147911368
5.990259365663799 -3.844348640985758
28.144275104205409 32.536252687842939
15.432602796103978 34.068630730578569
1.919207225826624 -17.559198648405761
-9.770442654840842 21.600584952778874
-12.598603112677482 -5.537783604079459
8.239177719680869 -5.464429560294708
-30.659515058044686 -15.405703618857677
-49.537873170431432 16.983308523172077
-2.724826818164116 -11.259970978106807
-19.446565211164003 -6.779579999964630
19.278299678268812 -38.020726670150886
34.978928271049334 -50.835562904541327
12.818474990710873 -11.761445241868149
-32.941674874730914 30.573310110503204
-1.364484420928505 -18.843990746368213
-25.921626379640035 6.948403489979709
-8.487962849603083 31.219174669340834
8.490834275659605 14.626717330601792
14.395432310393149 -9.565585365559478
31.298668743420372 -13.679494497399018
-11.566642292649869 -11.118083724320694
-23.027855370524264 -6.429349869074010
-8.015152621372140 20.011083134746706
4.378476333655077 11.122836144529863
-12.644241418469795 15.580404289850321
-11.998710374054790 21.609811453434741
4.364522781497851 -7.500489063158289
2.892555621862980 -4.904179917797761
19.744204951894414 -1.884589403102954
21.135343155510729 -2.646924340757630
-0.374847542522847 -11.377611944947427
-7.157406622541200 24.446591934691199
-22.976389178154456 16.844823008976476
-18.673193636661221 -16.703809621014813
22.434575900627053 -21.414427503916002
26.657306033138376 6.121641391203790
38.693299152775907 -16.515685149564469
31.552236746420991 -35.152949160660114
-7.124993881776141 2.240627079969115
-13.197543649003869 7.851094602073257
28.748986280456457 34.387056560953212
14.912396477143856 11.962142449856191
-15.626833944928883 6.171909006077620
-5.535988865474271 8.685865238309329
0.386554113957290 -8.256122521620403
9.334858348102980 -21.903814523961994
3.205140522555283 30.529926581177666
5.611830851817452 49.591768946720357
-17.445394178056599 -29.359799301895954
9.234307198941545 18.849672879888189
-5.812313958929499 -2.505273957247229
1.366656421492222 7.114107303290778
-1.809531635626275 -19.624756429526144
-25.487198283155241 -41.483126904132185
-29.611618182009533 -50.246354067080432
-31.936490232503502 26.533991962051090
6.452903376431911 -57.298824372668079
31.241301030639622 -5.764275106804594
-10.064350363105881 52.649902084928243
9.140837432669887 29.587281223793468
-22.501647336411018 -27.327738578006016
-40.014914588114735 -14.868130438585581
-15.132784241660906 -11.156978872410695
2.994720746774668 50.512602764312064
-8.496300567630145 -39.191934691811817
-3.582419671324874 -17.754511676885979
11.304800517224249 -17.380330202065498
2.458808571711077 5.086668314831235
-13.106245227803704 -71.062257462073831
64.976248357359438 4.020726670727744
28.847628103965956 -11.916519798440913
11.075548544000508 32.249307304694391
-20.781815649968493 26.506860637423362
-3.778647790129777 -7.182583200764062
-9.823683465212449 10.860736201699773
-3.559672987501888 5.431624001035019
-2.273944433159340 17.845940905157949
29.736729221385673 -13.038393764376956
-22.111059809853561 13.055166506169551
20.241682865195845 -5.252936749183966
-29.971823380495842 6.823986127852471
2.137566178924574 -9.350199582945066
17.506866168963693 -35.410733312202758
3.903666087940265 15.670080197296304
-21.345488053407763 30.552698556198703
-25.300054215589252 -9.651952155777533
34.840241562344488 -10.666766057094049
33.350385389276120 2.474414517689294
-14.625184290975881 2.094318687433607
13.014650342436964 -9.056314836079277
-2.825261048187698 -12.413747961568893
-4.322612509739829 8.496368407241594
11.774540665144263 -12.424414123048813
-3.344344749669530 4.106034519697257
10.867882713524819 -29.988767605049873
11.207924491888900 -27.114460355059123
-15.799650247367209 3.383470711604610
6.627863067232770 -12.610492190828799
-4.369798862982776 -2.004620634148443
-35.108452835891711 -29.458150314350153
-33.990283630196949 32.701970001339475
27.140418870903822 -40.109434790866338
-15.900820548765974 0.441116949566559
-32.769371785920157 -13.970167289606087
3.012469065697030 35.632752605728498
44.539143852290124 -51.071675296145273
26.505832062118088 -3.919082896829496
34.766822698840137 4.892170933782630
-11.903939984918328 47.053740420442210
-2.269761418200213 -22.772262300827158
0.663426550961033 10.722405889204682
-17.963699230492850 -5.020589270722276
4.424907612334652 -13.624005982637664
-12.856230628723942 35.417911264408090
-27.003976044242616 -5.228597902975557
-31.295605196550977 4.459152106767354
-5.225958380241254 -13.888146253896130
42.765995290571340 37.393003313314061
-18.748891702591990 -15.760755027328793
-14.263456906728333 -18.016121278519428
7.007275832640986 -12.525812498707301
18.773911074983207 -4.881124354337099
-18.863455831254019 17.489912664888664
16.417998834963811 -33.704385862440297
30.264589531107497 -24.687067632171296
14.569228114550819 -2.710368331424632
5.907150465212891 -12.523187621894717
-26.132537216595502 -28.999455037511936
1.704556268662012 18.332557566528742
-21.571869169481687 7.353007806380941
-32.170039914798075 3.934702987522593
8.468437124840532 -20.135981300872988
30.593336076098232 22.284474424319846
-5.452033720370355 -19.896697273763859
1.664033810321060 3.052847431844289
2.990991062704395 10.131492204710577
6.312250500158711 21.339816336822775
4.794961489143213 -2.634900868808825
-22.762021009584824 23.119294859257550
-8.459928411363691 -85.012988791557930
-14.928269782527821 5.710729489865346
-16.739597886722876 -30.601705500092699
-40.178204525001242 8.904484456448555
7.938068657382759 0.825324122344591
42.522507283940882 12.928028987149792
12.972827319081155 9.419225133921534
34.870837674873883 13.452910577916224
-10.912859078311262 18.222994165936395
-46.562557629952792 -15.459640871201490
18.710579097409571 5.915813197144852
-16.359487730226455 25.605014829549408
30.771752758996339 -27.429320187676659
-56.593455680659957 29.349712873581058
32.147430642527574 -18.116364085559468
25.000211415354741 -19.985600974505321
53.783305636572791 14.672976476324875
5.526754822461993 5.327725995872216
-31.617034441612539 -7.125769829884124
-6.532279186902087 -0.185121622040944
-38.671898344674979 -31.643826932350205
-18.801552480869233 -38.516516707467368
15.330264858115077 -16.240703116733858
23.852390854199985 0.537140077462098
21.643657550996682 4.315229869487662
6.203793046221306 -28.748485463032708
7.162863698376690 -5.680085508626709
-11.289715416727237 21.037617665985014
16.718672822035749 -8.109950016470309
10.234132855830914 13.479581974983782
12.601821039807382 -71.607885416822455
3.366259748682844 3.397294874339975
15.312795932288102 -25.292950602650006
-8.470448041494137 -15.473143119326506
16.804657311991249 -5.463083449102022
-17.816551655136259 11.233836645137508
17.368591976805799 -13.479922778899370
3.792912941330404 40.114470267460000
-40.877010453722882 -25.404096086504548
-29.043618960948113 16.214940657637321
7.832085300243198 5.896310376019390
10.048447087775497 31.344730778597299
-25.859603185181733 3.691681006407813
-48.471122134923519 -48.920910337675281
-5.763353495808134 18.902383067297805
-37.218656669432306 -16.442642628542846
-39.430011919815726 -7.270782413126884
-13.645377141864330 -28.721042082489845
-26.049919413220984 52.697776232300932
20.020860043987806 5.695973576905112
-14.235535213080166 5.726105315418616
-28.234266132633675 1.255159480295428
-8.117882968268040 -7.446339407596993
-36.530823031935775 -5.135260596572206
2.217403419815366 -60.701685527914506
14.963245424413930 -0.302614379740462
-13.847069096254479 17.897230995723380
4.000644083692237 -31.787348197591871
32.525813111477717 -11.525331336466367
-23.045297162209074 -8.689434800332668
-25.298368316997816 -2.167079759390430
28.371360015819739 5.817478373067879
-6.783953779329932 4.978575113844124
9.521854540415699 -24.405154195037362
-24.081293597104619 11.861585878662140
-23.894945361128279 -7.458885912740921
27.536773323962819 -22.943424939733408
-5.178510166231728 -6.089938386222053
38.657654959109593 -8.827685167039466
5.893622265700248 -22.407274482276126
30.463847882227874 18.301085657179541
19.487239255288532 -22.108957942163173
-19.450193817218921 1.290260700389337
56.436714005371066 9.006964551848260
10.360156562588877 -12.377956956405013
5.896918087163217 -3.194833863582251
34.084303107317574 -17.002987821286460
-8.256753179809932 8.587771082957175
2.460156998225556 -10.202965110992485
6.395863926372479 54.250970031286840
-0.306353060024166 -4.908820493697188
9.113707292549815 3.671236392986642
-13.164781372540217 28.572528514900743
26.374421292166030 0.129527197079103
64.721180209324899 -38.850674931878437
-12.711963454023602 -36.771317111419080
-30.339333640104506 6.961506694126227
17.611020835808240 -16.720521595554089
-15.843014011362660 12.792868906388627
-13.086893632368941 30.903139970973562
3.749303631146932 42.365089634659768
6.770862474849278 -29.364075545094412
-7.624682585505154 13.929371159877837
-62.936216598868448 -3.694346500621929
4.342149240739217 -13.011416141351706
-15.329572127814577 6.629588015915051
-25.581154697637647 -3.419454253010124
5.263197000580537 6.777795007785692
43.316487370221083 -64.697222797430527
-14.643706420639539 0.848056502081437
5.159292248782776 -27.226591907634511
0.571125367289088 13.012711087341662
29.795458256151605 14.503904825186765
-22.737989560296899 14.751147294064349
-13.429608975528913 -21.929688601061951
-7.453608315384324 19.793840690030638
-9.391531071869096 -13.733780488656938
25.560717310966158 15.682597389202868
7.027268720779787 -38.116668983813248
-26.139519388489418 15.314633186889868
56.371269129000282 -26.978057012083244
20.058964377587746 -17.962919751866529
-12.646566839957689 21.359822985071197
-21.967992040169339 -11.921671595010178
0.062461215622071 -35.613605484249000
-16.047999700907237 -8.130683429343472
-32.174408687237261 -4.825588589169379
35.513608722741239 -12.049338246975257
-1.904440341408243 -8.585820980412283
-4.530762111636794 -52.827288875104934
15.071395732776045 -12.303142595409868
0.246571932588487 -8.416655851458934
35.326568069191737 -38.362475130545562
38.006804189103526 7.222383578184832
-14.112448833057977 9.681629890712584
16.554664614761329 38.179336112595358
-12.428351528280007 -18.428186040255184
-46.961787504622350 39.677418357839862
-16.979692536653872 -5.605828558937845
-18.922136207933278 23.347818832958264
-34.968363493011793 2.929102067827172
3.949512829725033 9.810151522906946
-11.258901009154394 47.262591089693096
24.876791289850065 30.031709525866781
37.477442530508640 -0.655295222052509
16.574989056144151 4.893278625535533
-6.931619521390288 13.436751965893478
19.519452845799080 -4.096180716654482
-20.069252897698821 20.689930836227994
6.809735327425609 17.389689248501497
10.718523506804866 13.664539043860065
-10.918662364589862 2.266292853099619
11.805526336947429 17.380285841566771
3.002938534649695 -14.977628549478256
7.700897419088845 24.101083877093384
-8.316424990573797 10.060934230902411
-17.452594355024601 -17.095561530483845
24.037967310070457 14.069540523458791
-6.619907170036099 -25.864657490043630
-2.333975795215384 -26.856300921953881
27.789474684474452 -48.987188123611844
-7.729303767072921 10.652160781683016
-16.555112671354468 -6.812964042030437
11.790788400153199 12.201292683365935
3.588943793868337 24.808650290832368
-9.494836988757562 -2.617413597103016
15.019350576039232 -6.833559034132577
15.261697359677864 12.435137227632193
8.011425734415512 6.011570402671417
22.673798809147694 5.571322389007274
-33.121685798200751 -0.458436054646223
-36.171513470363998 0.839616133358585
24.793838424043962 21.546685840930536
-2.722819216500019 24.169401080155719
-4.400530365265809 26.906118606149658
-32.064883427580121 -8.364416254883405
-14.021341110600174 15.245936670403720
-1.714339337518813 9.870287729571283
-33.440797509176271 -1.648878575098515
-4.645979704041406 15.903069089084649
-33.115920609573614 -11.629299635422310
-25.292286598417910 -8.133579134495337
-30.118879120169527 -2.368842483894944
-2.445508126593735 -27.089824744836640
-12.808341473401315 -1.030824717245098
5.769355600090521 -49.299240973195062
13.255635443713532 -33.202571138624499
-20.116250754715104 -10.725278699754934
-6.749970813086813 -5.046356840844521
-27.330135714042235 -7.434878339669626
-0.775811607564535 -1.029998410393268
-7.641292319132788 -14.262348867237348
14.884233010464431 14.661185084878063
17.123312959212818 -22.617399346012334
-21.427208214186873 -7.827140560530226
6.179466115759337 -28.284434511967529
4.832765274670217 9.802682808678421
9.422036994913539 -10.635190277851779
3.233325164194698 6.500050937811703
56.244441267671668 -52.684141574400506
-13.086749321602655 5.080406227487459
1.605992659193545 11.135807422523863
6.515827702403936 18.500032228383791
27.357298448012127 -32.804378903623665
10.505016188952318 -21.304600687003219
-19.392927575563448 10.917532263253895
22.696902579396294 -71.883116110567116
18.291916702514424 -15.207283917183766
21.578064945943360 -8.216615256989988
-23.535190817365454 -18.848170162951160
50.611136198463932 13.721414325553337
1.261084699358320 36.903328474655680
-9.469782931029950 -3.772291853593379
33.702710036725890 15.913151053216763
-7.035681489273630 -1.836478288836049
25.823601821077890 13.416070092711154
-20.741006050261248 9.690526937335996
-35.244178602965320 -14.310677107611642
5.441056922428643 30.528094734384027
-17.676039761927715 7.224462774115198
-23.384085787183622 62.460995215052563
19.834717327707025 26.772050574324140
-25.836482262593631 -31.657609841153722
15.605981554668151 -42.756245630563186
-33.096091506501914 -27.205317348060920
-59.456453413675305 17.151943086570611
13.259884350315986 25.932729429219894
-17.476148452253881 20.571187721932343
32.325228853742104 30.634119754111570
-33.876987122464008 -14.297392061105239
33.440247428744080 13.041207575491475
0.677665755479798 -39.295390691792775
-19.404189892653161 11.263548682077992
-14.875688454447271 -15.628981682250918
36.191383997939212 -55.057700141989415
12.474481032051044 -11.576877498463048
24.519226391762359 5.773803423918009
-14.788324531202917 -16.689069479411486
-34.535150927897675 10.337989381190097
26.826745128049431 8.621909432949037
-5.107256476569411 15.852375399515273
6.052902168758173 7.098496215159598
-4.072261244125757 24.711719880426323
35.996164168023626 15.149119958991026
-18.218483160364510 -64.530593458114637
25.760210769630493 -6.085954864949018
-16.620533958252874 -19.721051031058607
-36.516743935555610 -18.277978047194662
-16.584730271906722 -11.074550406003619
16.708684877397765 -26.074393656986434
22.004561883794956 9.809958979634944
-7.437264066650172 -7.610587055640780
-28.674672573588477 -10.216344156529708
-0.626685249747929 12.433546518922443
26.966001858443953 27.727992310130805
-10.326045957517602 -8.819483953383267
2.039736103074914 9.272792378699597
-31.032597194485852 14.320804619030531
-4.640229035761127 -29.794622684152095
8.940165997947057 31.508232811730476
-45.308219857250592 51.738113296340622
15.526189825072757 23.708296352054571
4.495232348438710 -8.623937132557183
9.235965855577010 -48.951159408140398
21.252719473660743 17.533899763357301
28.996515232244811 -9.822640195927747
-14.545544264262459 -28.520292262301499
-20.069088615362890 41.747130568651848
16.220081806805773 7.162844252014043
70.699409275209533 5.752340672408580
-13.856863640627756 8.440782460129697
15.209635995061012 27.351017411513034
-9.835403265835081 -14.102911131902767
32.434590204357349 -32.840263025925793
-13.693938488595922 30.200223083588924
-22.219824403666468 -22.936565207116772
-3.443792617107322 -2.247383638389074
-18.193350747508600 -24.244394202989746
55.314177632901874 -7.774262488499574
6.355605556516528 -69.365729639238097
-4.461451360346836 -19.282579567103813
-1.085796639074612 23.684152187437583
-30.736925237453896 -2.674310002165309
35.405868007678016 -2.914881223520832
2.072064848402630 28.791209380388914
19.496327213857917 -14.995500699023331
8.035956439881399 11.583955459822848
31.153008408093733 -2.451362066145496
-34.472959557680070 15.710968955423915
-21.013264135178172 9.982453090510488
-9.285854336471143 -21.137275798575729
11.519034953657215 10.414479117149440
-37.394149898190499 16.341356252988032
23.696453772536302 3.001278680395109
9.148998432009627 -17.784030658412306
22.348029910101634 8.590885102707068
1.051342890840441 10.026972956759337
6.592282680185220 7.330827757490717
-2.059121533598709 18.483967950212921
15.215934850782270 15.408704433621333
-25.874219872202836 -17.616202825896693
1.968044210267592 10.806729932227608
-8.814813929020177 13.237455222704627
-5.043686780688629 -61.405509383850600
-51.047012081592769 13.475475258844433
25.366560888670598 1.720314504978994
-9.412595413855998 7.811816173872285
14.795901503249226 -26.737393269735534
-18.565514752717085 -2.431217532642656
-23.656815887460848 -10.871959113490055
29.588637138012402 -38.034032472877321
-12.137277295417045 38.684774443303120
7.381643246827393 -12.514472941389347
-28.768370202478266 45.684746974083332
-6.508889875095519 0.121158384473784
-3.302358611835722 -49.695328107812223
7.917908994509687 16.277302038525608
10.964024499503777 40.408174669480793
-30.666916066538317 -32.891733299219226
-48.733471269339297 10.997761210982489
-6.658939053656023 28.921439726781387
-53.886259308271079 -14.694573389977602
16.041251081190854 14.116735588325838
-29.631754247208534 -13.607674277727963
-7.065131565318763 -3.329926039685667
-4.979937409962364 47.144836002528166
-3.501768272275578 45.807632684232075
36.396666107455410 -27.363606528513191
-11.854486722893594 -27.778381730609983
0.801817451636687 10.456172537427143
0.883214523074529 -0.031816597968793
-12.359523939492162 1.452834088806881
-49.345446722189415 22.644792080731335
4.780012624394779 -30.030787347586209
-7.133383080185840 2.173558929528467
1.035275382191624 20.557718065937447
-59.060608761568893 -34.037381174364363
19.976223047481763 -9.135912391494459
-57.479714054523221 29.109794659213627
-4.068307647277809 21.706042542292522
-30.532084968106634 -17.033975545779917
12.901122236933881 -16.444105233823151
-9.672879372406447 3.035141848924954
9.058991479249231 -35.551566665262129
21.470750845086304 16.237860672976261
12.983615609195287 -36.657654292977107
-18.382038058364820 0.648875635649225
-23.087732201028299 24.668349645001456
-6.587640258695695 9.293472372347452
9.826480033932587 -10.805295256750105
-28.108728362499736 -22.270970148980691
-56.665294060845852 -45.408846057894287
-4.464644404756028 -7.665799774666174
5.472869896479162 10.175140331658172
-16.175503302500267 -3.910500022912025
-58.165676961013688 -1.871149821034540
-2.749310481215657 -28.145807539146571
14.401672885727411 20.962262548461748
-31.335600932590307 12.462908565432199
2.045008602156425 0.445780001401778
12.911829387668346 -14.191215068138600
68.495679757427610 -1.065044725510876
-15.263440671557277 20.975864594586067
3.324115991536494 -24.286709591579264
-11.412135581072219 6.043300940073155
2.584929829506849 -21.914309537903453
32.064706896566541 29.030370479739457
27.261451898645198 -3.319291479002998
44.424434169379637 10.836002821548018
20.466262588309000 -11.154766845455731
37.353749839640855 9.875525281910511
-20.110439283907489 -30.969947918704282
65.639504873505686 -39.126482404515933
-3.894270639476784 23.747118294115381
16.226409388241578 -19.252595283309255
-21.281456096151143 -13.914388864860017
24.778435241951339 -6.489653737931939
31.847692871024524 -2.303788564104627
-4.372486561113345 -5.399416928903265
-31.465102011797988 6.229114125131140
29.945907220088916 -19.631556798959590
21.767796186406603 26.461120786387621
-2.660586883687464 23.450638027161137
17.638391284770830 24.666268066744340
17.241535377498675 -18.547925647558969
-47.990113695788992 -1.223737824813753
7.817443675701767 -17.222013488688738
-8.791709278464696 -6.144919662499762
31.480565099865995 -17.407907726458028
16.402690094221338 43.478435892304098
-27.094774269361139 -9.126297394500456
35.024204611126905 -3.655538175842725
4.062656258894203 -15.283897558036939
-15.176390656326607 16.719639440016117
-0.855554055759217 22.855086078788361
18.618570898537286 -20.664341139840211
-8.110189841076652 -22.025335619452772
5.989897995246086 5.795310697678375
-20.736378683157596 11.938311803128514
-12.668954932150987 45.978219478329322
-11.710246665301023 -31.363962790325200
10.821263094995382 -19.894631053947478
19.365622072871979 -14.241962542813649
22.308402253884910 31.997367053153660
33.730487547100438 -27.504795261842442
23.911718186328997 4.652431690188517
7.549029776390221 -22.071495518956031
-12.294571972849280 -16.432131801318430
-27.275948356649319 -0.558420959843348
-18.329453354795021 57.498090939635247
26.049627805982027 -38.076501155710915
-2.729641493860765 10.586739771944950
8.545083179528989 -18.288499280447279
19.363806533988210 -11.778420819485214
-32.721636188017129 -5.995246541775640
-7.834141015202185 10.239327402314585
-24.221104843750034 -62.283976842776831
19.325855640851806 -3.566014314389975
-25.007961743208973 41.548127690295409
-25.742446839725449 44.145988062043692
50.197491176835271 -9.742458070865069
-1.960460003717119 8.258439148578791
-31.607759159061501 9.287231037898326
33.629577884607556 15.617801785053581
73.416988537565302 -25.322608376284279
-4.380544814961501 17.182923516505042
-13.786580652877154 -24.460732438001845
9.324401564289472 -18.578643389403386
-0.201563166434471 -34.158083686464821
-29.753903264932902 -40.285482756721720
-22.599518705698326 -37.788346946941573
-17.225956937483552 -13.893082417700269
0.099126357160917 12.927817308813545
-17.600411409859863 15.162289445130078
30.507084742353026 -18.435000182579522
45.426233390403013 8.331641027410237
42.336195784068735 0.161257803459218
-10.761620971259005 -13.031788077948436
-6.820310928823170 -33.320490573062152
-26.467563586260180 -14.474788032297150
0.329028456336039 34.795414058707479
-16.344674845770832 -16.134644244909232
2.254003025486973 6.200969400715858
9.151957324304622 13.692977475497536
3.056779325456422 9.311233922403579
18.881102044817126 -3.127702466420532
-16.794246746291911 7.591265661980549
-3.031207412384052 -47.485291807773500
19.434900216101525 14.125092878643256
-7.496207204784361 -16.451555906821721
32.090379814124177 -4.044445219284452
-48.390332892165503 -6.810419164118910
24.768791349154007 28.289410738521681
6.895843612009167 22.561487157140949
-2.944010777495177 5.292201464331829
-2.183127641038819 -55.821281786391573
-34.510235856560854 -46.999534992041731
5.271759718000132 -11.617993675004733
-9.074060013183894 -6.971627751665467
-0.121328490616930 4.650114880308884
0.172484775169379 29.879915575643654
-4.609920063375421 -12.627695344541280
21.202694905036438 -57.303306315761979
10.584514048627289 -24.612570795765976
-81.310170575366939 -21.474736198223106
25.209860306891557 -9.538329411073684
-4.408044694830392 10.437059446753313
-43.141837561390872 4.250504410976729
-14.063859368922806 -9.924141541610538
10.000812025826450 10.104009612823253
-8.654421721798920 -47.239276471750905
38.505734992078466 -41.134412490552499
20.714462039327497 -26.216202103223754
8.875997556266991 -3.145751166604070
25.955988438410770 -63.768955984274299
-4.027235068823170 -27.320030681571119
40.354472626122138 -11.526764635858150
-18.782487595157065 -2.872807998067496
-3.447829803394410 -17.004153892320726
-9.052015089987123 55.753128675490430
-18.871691653201779 20.534895117917067
-26.016654496858745 -5.015949485577686
5.781736188798519 2.362922203630806
-11.132997076486278 -10.972904149808651
-22.093153555905644 -26.073189651524288
17.029228001168327 20.405041728010804
-19.346505665666090 -6.560059325211949
39.277547805205586 33.381887533128818
7.392950578326426 -2.878504490453200
-26.091422850803056 -27.908122065520725
-7.858372262234765 -2.487932545190604
62.331116854993013 2.260267630164751
35.410232350632050 1.055516842462387
18.511436581710186 30.673819665202259
12.183915613371310 0.638506388650897
22.182169367154781 23.125767385920277
-30.704620866713423 1.132346934143765
-25.171955161619174 -5.609541976477664
-8.361754164137308 -13.724991804612509
23.565383567485565 26.442551247719500
-38.458876072452313 8.402528039803355
-3.069101491954704 25.815475666956864
50.389854207395992 -20.091458881503289
2.318815168150132 22.553814604555875
-26.787554636664549 -42.846831605078251
6.803432125028810 21.373592980407757
24.780291003652810 -1.866910027546861
-6.698967149042533 22.971149831177982
27.587994256451093 33.489453991182714
21.558352556172771 -28.447894350693407
24.165579074333234 -9.136985294421537
-34.855221689774282 48.626155545163485
-49.121992682519533 -3.986251868821054
27.001215046466143 16.408788003820320
16.003669584080615 0.918558281403268
-44.911291233285603 -12.343193295223427
-20.891761033550420 -29.476483382441042
43.550898107401963 -41.249464949186589
7.762139729189728 9.395280562682608
-21.406395013065367 -63.887810486849595
44.607604055603616 11.613668605002253
-14.175828757439692 -43.027678895608616
-50.049974176112812 -4.139786480103591
21.331982470262968 9.183159453580553
-8.711026347669344 37.692826833366247
-8.019141370103894 -20.174889078902428
-9.932426861144364 59.174600324272440
49.253658254413608 11.219489581142396
-23.966532962496412 -19.882058175731807
2.360976103366639 26.444141838080682
21.153528047865471 22.163259381836262
-63.536032134040695 -54.295164140941154
-8.707634832798620 26.364271314271029
-25.888233395038736 14.267488566444404
-12.847116381127138 26.045359575435715
-8.348304917477069 -36.016096557963252
8.333794760807915 16.342529139556504
-26.013530212939916 -38.420430799320528
23.669999966418448 -57.780680627852092
-24.321950912698611 -28.416972263546462
-19.777126836628970 -19.507760558522492
16.260640978905268 27.977732588371708
17.463751572914617 21.568172372170942
22.361643004508181 15.446990916686023
39.659693462107462 25.275770616103699
18.338074158065549 -43.747672231541507
5.293967416231537 7.296181476027392
-20.804716198869755 -4.817867561357625
21.598061123404914 -31.187592843947886
-9.337687388586234 0.681121876748574
-7.265085752155598 24.946182890918561
25.675187918858221 -28.210301456331354
-23.679395468223479 -2.235130337523419
8.059246200100592 5.240743016890748
17.231761079585802 -3.374227296099318
-32.272889240955934 -17.197833471116294
40.794571913996315 3.605427650320010
22.730325485088326 -18.669347884667456
-26.624376821564130 -21.097255045420432
41.164628097604876 13.260074388844613
-11.887550001578091 -3.238430889969742
0.417397948767164 -25.688539738320433
-7.485186616509128 -25.132441147891662
34.241336044538535 -3.285011835502987
9.927520194378452 38.450299038103694
19.015927967272567 0.549162766670143
12.454209262382804 14.540332859980065
-42.519701429452603 -6.511272945261768
-0.239722945155462 19.294388110446626
-7.385177545395833 30.378740992190895
0.562912400997184 -22.752062444298829
-32.057835753197907 -60.462184822826764
26.295534059615612 27.751156054241047
17.086859880048067 6.443423922896994
-9.624679692272773 6.755090888044691
-5.919629504674275 -2.860109854640241
-10.520511299402445 -22.479686949685927
17.304956536406301 46.653218639376838
22.731003611803018 5.982152402246569
-7.724807115635274 17.383318862198848
-27.103472637393725 12.763807605656122
-54.205999030017132 36.107200407505211
-1.741001592656254 -15.905847956279976
61.225373130177552 6.332453833740954
15.112361879613159 -7.994483498517479
37.671349372420671 13.824750577375609
7.071942173299330 17.630044841908305
1.013551864552320 -15.139139746688100
-18.047051428696214 -19.490233941702463
73.296511225948507 -10.515327065578985
14.272723073394070 -21.758068162439880
-16.282157705073143 73.754435110150368
21.387712661884652 -20.768376557608196
5.607093061146344 -25.913716668016122
-20.669622387507061 23.189965647164204
-2.427876085462796 -33.253223883748568
-17.128936722457624 -12.125656895975848
-21.080049516790254 4.883553453457275
-11.907736721894132 -68.784621726771803
-34.571979585065407 -19.844727253559235
34.511759529275821 22.713404130525262
1.535890881600994 -21.507462024791302
-12.575044623917696 7.097232966683143
25.982636059779328 -7.656324044132474
29.748648067049604 7.476429049528409
5.914776939165447 -11.666570235015133
-17.454989078618659 41.111001167838843
26.938506269749798 15.392917778289879
-0.384787533735114 -12.442087654588448
18.705538045555969 -41.944017249591830
-21.567462321253679 6.269034157968492
-19.110199752022194 43.091432852662088
7.101323752411118 23.506332932106769
-6.560779338383611 -5.991162090813025
15.322664744238649 20.308738996329115
5.028711473895183 7.519059971675008
41.647683613461382 -10.363826193728984
12.960231135830194 -22.721452006616687
13.964087457588958 -14.452771554840375
-9.468516179159193 -22.653894261335196
20.375435019761593 10.185623369011962
16.652690751548455 47.554009306028355
21.799199437845544 -23.030011194768385
36.484718750627835 -16.055077441839920
-0.649144919237924 31.371443981554414
-15.447380049960811 2.015105061401159
37.256437384493587 64.833606878273557
10.529733619184309 -35.063537394169281
-8.686388856610725 8.077854540397388
-2.093591156041074 52.821568599185575
-47.588442239009275 -27.850749409643100
8.141722280605002 40.623540462628775
13.896677140290903 53.287951531030444
0.520993005381350 25.364627068656631
8.367357080182805 3.001218957585943
23.396517894369847 8.589220030959906
-35.753437802342475 6.461561640211074
43.104723264945129 38.743379706719068
-31.020588318217960 -29.926543750422454
-1.944156999708966 -39.575738843939199
8.604180425006099 -1.278022909742854
21.495509871210896 36.186834556991514
3.148620229857307 26.758860767216706
-0.722624439385129 25.047478199297238
28.032995646113235 -34.362069296688027
-16.604741229000531 12.007030667727713
14.517668057842695 -26.644825981908173
-26.663488911570237 -16.820753772402483
-29.003726092408069 42.127643295549426
-9.633628551155789 -12.429196324269190
19.977062431571504 24.805062557649247
26.283038083880857 34.276593792551445
-15.408862514674858 -26.237780622762216
0.713724443971881 -28.243392906099004
18.147566798979902 -11.992299928370345
8.217075221985144 -0.786338094086571
-14.219597436268270 -24.160965801446800
-22.958885592957213 -19.620528560550834
11.176216349755528 0.677842665217461
35.005360336839985 -18.511758482182778
-15.160727701674467 6.362757270214776
-10.958309912568849 -32.791151625424270
23.326364020593576 -19.234889588508882
-1.931897889108916 10.635284808118499
-0.915893341388162 -34.494197948856524
-5.754381939785586 27.236653029298971
41.261620273075316 -24.222129650880440
28.255733634065376 -3.751739228214840
47.837726014986700 -30.550329908580501
34.036679458143162 -40.006409829334658
55.297382064249142 -7.067263089093928
-14.410857378880225 -27.891583183167047
42.834453645501441 20.649417978915785
-39.997272285952192 -9.562675331840051
-3.030126514694176 23.035567200143088
-4.281990363057394 -16.190042273617085
22.822361594502830 6.553925740540126
-16.618817978338381 9.183538636667233
41.811634330433748 15.634973282532457
-19.894150704981040 17.592610566037372
34.698135009226384 36.538880080874435
-15.371381077258926 5.659897773843782
32.371299436879696 -4.335476437844459
6.534385866922936 -18.429447762327772
31.916915298239786 -27.719605979087444
-16.578858106094902 2.692983047875626
-25.587187263762214 -41.689195833050121
-20.128302021657650 3.344526303829110
-39.333023659147933 7.553176629147710
-26.685247067172707 6.984345121854590
-3.219740451368552 13.478521766564587
50.759436265489306 13.939698373314368
36.974241734337213 5.077840973304917
5.478905178840860 17.875349982346098
28.338387572842542 42.371204206480122
37.907938500853305 34.322891404116007
3.861831206968398 -30.080386028071974
15.627329395440647 -11.015314633657118
24.267768427318185 -38.839839176174451
19.214669565696596 15.947895404770707
-37.888190719280317 31.002587119283117
-4.764437425947545 18.558056437294734
-38.031875846887459 19.547371186881996
-6.452549150908029 0.227460466893418
33.351918992078332 30.462638042746853
-38.018525120340307 -39.158886209880798
6.986091342899222 -33.520832754098507
-43.416476162803008 19.581752452102190
6.939744847709895 17.583495666135278
-11.122731038740456 3.827540886394914
-19.364872228427480 -49.980066170057249
-6.836685033200803 25.292803620157642
64.103675280297210 6.552824557650777
-11.661762246558188 74.224530424712484
21.185812739780204 -31.608969965002395
6.427444713076488 -25.481172613478751
-41.545891722158750 -2.368140878232163
17.231293378428060 59.640443635086918
-0.524753702901719 -40.484740181711501
-17.947267953043063 31.897332040484525
36.991963565316006 12.346335490833221
40.730225512539413 -11.020628218147046
26.484419487114923 -4.715573362641750
-6.920457323276570 -9.494669003740633
-10.055567111972008 -14.308202716585420
-9.608727553415944 55.279925748205450
-6.742459899723786 2.248078156751677
25.150754691779749 36.808516918987259
1.690026078528906 8.513400432716145
-31.766355167699420 31.152894160867170
28.052595641858616 -56.467653156315166
22.833862673542658 -26.617565188753606
-0.706379420163383 -6.464281452803535
1.429445183768398 -6.049509268978926
48.232296750204704 -0.230907242595279
-25.063596633029270 -23.848665868107837
-35.944993671379756 -4.502484886633259
-1.999974299183376 66.222397404167921
8.541166411363216 5.322396265362957
-23.484545001562651 32.852733927489112
-3.205488749259828 26.182212952000697
-32.442031354534301 1.353730700936836
-2.087973751665090 4.236732296000641
39.063346615262049 -12.727095269133470
-7.670317405181685 -9.826405821212287
25.296926529333604 16.422025844005962
-11.453107136334221 -53.686010245563665
-2.623744039132891 -34.683448326228955
23.819651062841000 13.831991101463935
-52.043255449579497 -30.615704311843338
18.143244387902651 58.851816022607757
-41.936231368377008 23.219607657625968
-17.088988472193702 48.768664252656457
-54.850391685507155 -34.319371482926044
-11.083914943575612 30.142574173528281
27.239927203863392 22.332818005076192
22.406294364517827 -18.080959915196328
0.500960241822487 -8.729848920081242
33.887961261772936 -2.717575264128879
13.622822671732552 -2.644558838397424
-31.334408009467403 -22.059023537934124
-54.325987376045667 9.008357628287634
-7.167757879155101 24.420197275968480
5.724988441700808 10.673103569735465
4.514589210573122 -30.869307983516936
2.474501972846259 31.615672622760410
-47.814796902103218 -12.639021091747159
-10.873664195318916 14.767846176614128
35.360017105525088 -51.091657378275130
-4.966981036251170 25.641908798523186
3.336540266437315 25.736425229101041
-16.571784225162364 -15.359358017159273
1.922094964120765 -4.997137875300151
-16.190023983122408 -28.211516524925603
-22.088834631657722 -25.905849385002881
22.841579266454524 -2.492600486981609
-39.770006730526191 -10.359796928545075
21.956482485849847 1.396229812032772
-17.937046606890540 -19.283103107309230
4.979963295485042 15.249443570088442
41.684916637703971 7.152177029478374
32.006115425212215 -0.920310114380256
-19.532986191764650 -1.648307329395463
-29.514637024873640 25.268909742670441
-5.102304212977159 -19.663381767009046
18.358879404998302 14.096237614839753
9.165943482803121 -24.938246159656511
-12.746683425103388 67.275236715044230
17.269643927446978 -15.440499974794209
-21.181456341505751 9.473646065221974
26.632988850650083 49.646875604645189
7.407093124481555 59.784665379928889
16.864990329291683 -25.013251663676204
-34.812077561973162 -22.417564699986091
8.453724572368419 32.522494224797441
-2.773419040365016 26.433580809679107
9.518108036951709 -7.174446369563390
3.881581803393911 -18.042503552786332
-29.362187982587681 0.981592075640154
1.027259702282515 4.487522141345561
-16.679066282060255 10.907677994178542
-2.550287897856936 14.965273890064623
-35.463843044392938 -23.891193210594896
8.708214620271235 -2.300099902964517
2.941084377149283 7.957235879389815
10.543884542972716 -20.459462448932722
23.081160568881796 -6.186813702383466
36.183632490788142 -10.764883436499719
53.200189973130001 -44.242259091745829
-24.960896317495504 -35.668205097615932
-26.965851611318612 -16.041738670414492
33.687263683180880 14.343253054450150
32.029490398475971 15.335006429235808
7.290393823729461 -3.422034477413384
7.210633046431913 34.364654851781708
-41.502647987744503 22.531841568948952
-31.539832498000177 21.082448338936636
16.905365852865117 -18.349382711595457
20.027095767132387 -21.310463456199390
-42.759180467862627 -33.991916055699967
-34.569559097383411 -4.800344951733359
7.038444747696982 -30.970674507637955
-7.619700230025921 10.092196639939807
43.394438762863658 -62.866059232012844
-30.836916956416260 -39.877845826735019
-20.213670458667746 -14.673146386775224
19.345145784180236 -36.949668204034275
-4.951404340742170 -9.940723556863061
8.344377758967475 -39.404553503907032
11.432213829178536 -2.278541240312039
-20.024341168853404 15.245712248578641
0.013811227705994 -20.623882363661306
18.079588483103041 -18.703622558882099
-9.730117491389544 19.081547551294289
21.932661941723417 -3.081144956864425
25.153061092423506 21.298488836822841
37.235811229620978 16.847868366841983
-30.096319080922285 -38.632408520222505
-24.161909528080514 -15.262730992300376
49.431616603046471 64.136166223281364
36.084094793746750 9.082232181055547
14.013660233627167 -14.199689085489174
-0.330656683956422 -40.204256541755356
-13.985946758669140 -9.497896313169099
4.260595214144719 -4.914661933529481
