0.000000000000000 0.000000000000000
0.000000000000000 0.000000000000000
-15.989607305939639 0.000000000000000
23.466163195603478 0.000000000000000
23.492649874910615 0.000000000000000
-50.471550525896618 0.000000000000000
2.731780360284449 0.000000000000000
8.925809911791694 0.000000000000000
44.027735977918930 0.000000000000000
0.188777912203717 0.000000000000000
-34.622470953400686 0.000000000000000
1.986918722527883 0.000000000000000
37.313096845428348 0.000000000000000
-29.174672537732711 0.000000000000000
43.187566152931844 0.000000000000000
-17.520434823274396 0.000000000000000
-0.692583052357692 0.000000000000000
-8.878736485610590 0.000000000000000
-7.110019305064044 0.000000000000000
20.940645576968922 0.000000000000000
-25.381286477703320 0.000000000000000
-29.412248600631660 0.000000000000000
8.859811751229758 0.000000000000000
6.658858563027517 0.000000000000000
-1.296075689624680 0.000000000000000
-23.031083909661977 0.000000000000000
-4.783736402166427 0.000000000000000
-26.704180566998389 0.000000000000000
1.381160127972590 0.000000000000000
-15.942058641888133 0.000000000000000
-6.457005474547341 0.000000000000000
107.332927964183398 0.000000000000000
-11.974157286009216 0.000000000000000
-72.998691920065795 0.000000000000000
30.101681466635231 0.000000000000000
23.916278235745690 0.000000000000000
2.837070374238361 0.000000000000000
-36.088013964011907 0.000000000000000
31.388948295031451 0.000000000000000
41.279062894170274 0.000000000000000
38.359128049301987 0.000000000000000
29.166081625649515 0.000000000000000
29.195378947389973 0.000000000000000
26.374577202846638 0.000000000000000
-15.118705148148974 0.000000000000000
21.529931730293963 0.000000000000000
5.499287603201413 0.000000000000000
50.491175160022898 0.000000000000000
-6.685873062325132 0.000000000000000
-3.791883753899935 0.000000000000000
-24.589623280675639 0.000000000000000
0.000000000000000 0.000000000000000
31.885753664622239 -26.165497484741888
10.431048594728768 21.788431102819960
6.764362728387000 -18.883066387654829
3.706758518611170 -11.892602558113230
-4.895652389865298 -3.344047022907522
-8.963112762192097 -14.604719095885407
11.320890775760954 2.070260983379828
16.440731947414502 10.532359647869503
23.260793352756735 0.086139772702020
-9.289505340744540 16.972203747324485
27.258658850027235 -32.414848931347890
-34.159325191641067 -9.681829171874504
24.682327976254115 -5.896201708542552
11.478066033761717 10.515905465856628
-5.046099989551538 35.887150102089755
11.290890849297588 -33.040646280696357
-29.488314796341449 15.237254402945881
8.404542380969772 -2.206400481496662
6.154698519610246 -3.372303403545169
-2.343305516211592 -23.460643758117993
-14.576197908403255 32.515070876909945
2.202636174666734 -6.792826428180168
-7.229289195217902 19.700952064927122
-8.985729732450109 21.888932523919348
-37.700708380026754 2.760426293099142
1.236902313375393 4.833216332747463
6.535085006694431 -25.751109781112145
-3.186079987979663 -21.654082830842395
-29.035684091375874 22.233806862020209
1.576417293406362 3.253761660084420
-12.332154557011279 -34.796253445473042
-9.409028673771754 -15.918223981528767
19.637400407587677 -9.397406390102971
-36.810276728878812 29.326605960244212
34.325969969618889 -2.562742157458785
17.269255407526845 -12.906994362130209
15.709666669962084 -7.243567430995624
-22.566568123931077 29.267495669892796
-2.903792241299300 -11.460595981229490
41.928206811313103 -19.255687731663262
45.757102734916316 38.864386492544867
13.020197169969338 -16.382155707615436
-41.571138216978987 -1.381116656917666
25.032721649986239 -23.654508374148019
-0.848899822856025 -24.687527442597613
-47.261697596106330 -5.603527017646929
-44.331865381195762 57.993253636313042
-15.367244477417007 23.040658061897471
9.048069380680221 45.393360598811121
-13.097091603375143 15.571115610223028
-35.280628997594988 0.061244245207203
8.929478554797919 -4.313665013180246
-8.152074612600162 12.148565232999253
14.043259186844271 14.018728562375408
-2.796579640020671 36.452936478287555
8.131372420234271 33.298221673320320
-0.349781684019962 -23.293252239998150
-5.391815280992240 -9.325075254046411
1.025887006679592 -14.236786057041726
25.646693598281900 -21.027307754088238
23.956654642784677 -19.525545576965836
43.994483593782483 -16.602458403520568
18.657035383654950 7.050579399958905
-13.342270609975273 -23.145419336717865
13.895152027306448 -0.929858808308797
-15.181893320793055 -27.727006177211294
5.120919664890879 -29.292540195990647
1.083688828422522 7.045047545632727
-10.026747499882823 -10.128838101128379
0.722936920075684 50.553515249090800
-27.645659017609859 -16.776405131022241
-1.626222858552070 13.949821209079568
-2.794266654093608 -5.700184781178230
-15.558675489513368 -4.125505538855906
-11.138993486044864 14.257400391424849
8.514590981927233 -5.665992490894686
11.046741900728501 3.149898183483554
19.623542733391009 2.960160800960868
7.315937923529284 -5.609461578533881
3.043798050323818 9.561464709008103
-36.844921030538679 49.528803721559960
25.349688959670164 16.415403966093173
-14.259545723157531 7.400873790411284
24.141680904180980 -39.381381359482489
8.028328299201313 16.472491918554450
-11.821692256364848 -44.837023465218358
11.061916906575398 -36.013090327435435
0.209687402990902 -6.007100565470532
41.209136588509999 25.339107553645484
-5.694570956594647 15.532044746081191
3.811783657295651 -7.701515576666578
-47.201372724459787 31.498848079784921
-23.272495728338662 -17.089418636560161
-10.242054404555516 -26.727842474549988
-13.871363726250589 0.039578262562131
-18.458847004317700 36.133807482519970
-107.994049383823707 -13.484792119080273
43.773436478429602 -3.877304901399924
-13.829126343089241 -11.583575509456169
38.320864071570632 -30.120493716247260
-48.810696180903385 6.767885316706758
1.962362034280157 28.394055361566618
17.535572834021931 -2.307331565959681
34.299641623823270 21.001946395300966
-18.825033548505775 6.026326148369444
22.290893751791689 -20.365955935231057
-5.685876806867541 -4.839199112788352
14.433478437538797 26.426010010566191
-3.366408907027064 3.964808505607662
4.773945934619078 -2.074976516681168
-28.156874312423380 -5.847167322115556
-23.732340247540208 -6.518967602984975
12.937477727064007 27.093763813565261
14.256269287243610 -12.871211614571903
-24.608487343486257 11.065968166959580
1.556306379172565 -13.631189824676552
47.620910743129429 15.068094588836654
-14.531160643056779 18.158979163012326
-22.941455848704628 20.692427806141559
10.055425923631857 17.527352749448649
-5.562543586486521 -22.131234801052553
-20.444906367475767 15.734566090303103
2.485581723123549 2.774590658974777
8.728186472332473 -8.884053968510232
9.748710703403981 39.147501214808479
-17.745876508202283 -3.579293720217784
-3.783792743712385 0.919451286915621
-30.688387594831624 10.227700945961683
11.700377133203673 -3.007379531289152
-2.809675240558086 -16.601582400280954
5.990090980527849 -7.180835258183786
-26.346486599602670 12.507523495033340
6.939856058666685 -5.243327390949090
-9.083316226292510 68.354777267084899
21.738935376096894 -5.930711539127555
9.104035611913181 -46.545149835617188
-11.419396442818060 43.256040095248267
-18.419947770881414 -3.266437290622297
-16.037253359587943 -14.328138272060880
8.633108855554976 55.753021639320373
-29.011577116793408 -52.517954519620403
32.172413314901071 25.116597018602135
-15.989840427008364 16.206085958896004
12.099186171481680 -1.561319555518730
-10.631210646060493 -4.829051856409558
15.024616259229324 33.774659523064521
-9.173456430168915 8.499440155906168
-1.925219171798550 23.310031389949629
6.765348135109575 14.752589246581032
40.230084503699167 29.360683008637398
-1.256406565631451 -5.889835499987731
14.167540827159907 -31.078881873829204
7.558392923184005 32.309206257380225
-12.260750762900230 11.135696397808157
5.716541981114619 -22.179540028053321
24.337807608453542 -31.793121255653023
14.497140340284542 -10.946456358695587
-14.578934784295765 -21.486318052512907
-18.676327041079883 23.527113372776441
31.945045047787143 -18.753813985254734
-19.286309671686730 0.501109233648503
19.264644971452178 -10.893245221625257
-29.345299664898697 14.119464667378310
39.573961865062735 -36.519050859239726
15.986585233456159 -12.258165339893919
4.539475326122234 21.907681290702023
-23.119612800422974 -26.104027876347704
8.402106754250308 -2.299818723720337
-21.071267776569968 6.327082270317374
-7.213029397435057 13.682719653890347
19.022907857978669 26.854725455183683
-52.646758236682338 -13.015160386689699
-16.256673047046867 7.108644067263284
46.914792870248625 31.395003766794474
5.297972963744773 21.123715484817648
-1.513113967301241 30.153907284938736
-25.162598469978096 -25.792540329142088
-35.727066305693604 -39.630033652970411
-44.975058082599993 -13.672416527794940
39.709589729276608 -0.454758137834235
-9.547731506496785 -9.316493672459140
28.012991128870706 40.705946114813976
-15.113654193595224 -5.978701765101831
19.413601972048863 -14.174158414870599
8.003083037224943 -15.161972906197231
4.273512413935993 7.624197436330298
53.217091030052259 25.456117297546072
-33.091416133992709 -25.296211684637569
-55.569162212512659 -14.767766992010781
1.611027924952728 -5.188300212716867
41.426810984501117 -31.835911669761472
-0.424773806172856 -22.284844069436112
30.225774547281354 -47.934415555943289
3.775369172936754 -22.221962630846924
28.809845783999041 -21.896809324453585
33.734922065879886 -23.524420031972902
6.455153741552500 0.564809945884121
-27.355955313054121 30.897995878954358
6.172828172431743 -1.904133601394257
-10.792686882156767 -5.999841363234879
12.945785186530756 19.565046429961711
-2.880075007762184 -15.091705373792085
15.015327845909198 -33.416488505644082
6.260458626601352 -12.974244177989082
23.518048108675885 7.059166337276364
43.117058629602937 37.063892690112354
6.919875714094543 -1.849583610308922
-12.223337976168860 12.825319252471100
-42.950900032146144 9.826484960463510
19.792507267835042 -32.250028268583407
-6.881070345924297 -16.123664801271776
22.970354665002482 23.262956398423793
28.869655950203569 24.566921313594339
43.661289563230710 5.525321566761136
-15.668778046126423 -2.260795234898470
-28.019367839396928 -0.759601143207311
-23.520766519558457 13.209299023885981
-12.512578328766633 8.280007060267597
-31.853226886462917 -42.669605086602090
38.978342993176874 -3.523873266835382
20.000156975467192 -10.543302870762025
68.682585030294590 33.752032278115458
0.542180149309468 50.727957629055517
-4.918732422828509 25.422978014003483
11.594637240911537 -30.349840849121001
-49.935049748161056 13.261149784013632
19.909467571325120 44.336007664441077
0.752486638822614 23.554106568651410
1.766307818775781 -22.770085393124535
-30.245776898672975 20.858308232834471
-0.511418310433239 21.535451699943543
-37.318950113168860 1.892305832119231
20.081298139485401 9.781469411776497
10.936705531053962 7.352429794297560
-37.762551827426798 47.100858827674990
33.153881783983415 -79.307396421117062
11.924413109320659 45.288311422685290
5.749733151033185 24.452028155353013
-28.937368669188537 21.580505615407255
30.133456568815994 -15.831299788533679
-11.495255355734251 30.135708909385553
3.993098210126329 -10.028164285865509
-45.076146053337872 -5.741417327536746
-4.018147783065986 4.716470808594176
-25.731907097978326 -11.327565745847707
-7.507095458875915 30.822721087009040
-28.029339657771295 -23.337793098639306
20.237409321842971 21.395316408931151
8.744348567549013 34.657987714181083
8.902403227486666 9.277300873394079
28.369700398276361 -15.836238061009873
-4.493659043757954 -21.669654134202080
0.660027574736165 0.724767351991558
24.104521088774682 -35.823169710324130
9.622015823097971 -0.127848013100570
48.646097849567496 -33.520140667338772
10.053939572632366 14.782368104590180
25.941494691222882 9.289492569596424
27.771573606668220 11.360552172012820
5.251304398409390 -8.998832029882148
1.737447418394446 -4.792431152875669
-18.441868448818116 0.612840850061869
46.847414905445497 33.510321869522393
16.262371510043931 -14.848741071124525
-29.618197754767323 -16.525718164434956
12.306675338977634 -8.617477521735468
-5.348443980789415 -20.446305263481793
4.172665566378978 -14.781541789878831
21.812288724968916 -1.093496121820515
-25.162723264223910 23.790508305505167
-5.571617876221324 6.226143025722779
-14.172802961661217 9.626732315458264
23.659119981042270 18.454205161123809
-9.285848797544416 -19.462352223586755
18.123347395203623 24.312191374771285
-17.336404678152633 -34.297627737408867
-10.035028136746909 12.680871571885593
-14.224205752327963 -46.647064033379912
-10.222238030441565 -55.659386110062982
-15.303076538961864 8.941359314612543
-55.108029884159691 -1.744904234639717
-27.604867661973639 -13.666284524308935
14.474621096757353 41.333872926334628
30.398955479245679 -6.119110695936120
-18.377690154533646 9.204188637101861
-11.617123552442923 25.968881352892133
-9.674029154581243 22.281208135740584
-2.195971438698154 -15.938973423461510
-1.866288598430388 12.984794383821612
-3.166509129830832 47.892090405744838
-3.225339790063184 -33.853982967723525
-12.246194217395791 10.248221193591830
-1.854210665290995 23.993966376929862
-15.528292740794658 10.753114399360717
3.353606944951093 21.020997749538839
-10.743916008273979 35.909764800894891
-12.107963631996316 -0.441050174768547
-17.093096009871914 -16.806332806523031
-7.380587445776276 -4.894550900870110
6.998648711605854 -2.235105824292380
16.848715418069499 -2.743976526574059
-20.789152071858776 7.742360256980365
29.615409269087571 16.686811743284711
-6.144120293991506 13.260125328116425
10.389945738691686 2.109250100402753
5.406509778329048 -11.078320483733627
-18.760429853522584 -26.021886284550206
26.361493699810975 -16.741372674604946
35.100803388906350 -18.232437198856136
-24.339338452362046 9.344863018196136
-26.003118387161706 5.662040155253167
15.763367912684551 -16.880335066115631
63.911652736036807 34.845026593522199
-1.612912299619645 -4.180885346581181
9.603116630684088 14.664184314335470
-19.841875853644517 -24.794501034362760
50.110416720201606 -15.953423265326853
24.374119649793769 3.381527550978222
19.608587558268770 25.398901968704106
-17.678153909352265 25.720587299518083
20.118907353614695 -17.680586016813105
-8.474368572336124 46.341026511395796
1.842437083724958 -9.602327477072038
6.142924807965706 -48.790164248950077
-33.540776767199404 -47.828530670408583
14.178627787941558 23.092575516241403
48.351178247365013 11.314908870081261
-9.422214516762805 -31.835342517166488
-11.793910186657861 -8.447154631357341
-11.575245961795055 18.192331331345748
24.258246288058391 -1.110245914997186
9.037141346551788 -21.343288518576138
-44.598422284211864 -4.799920897507278
-8.863327849971679 12.311133298121051
34.363422632173247 16.683310928486264
19.542307254262315 -1.858247158353779
43.860706664681352 -18.315281283449973
53.528323783225261 12.393538679160510
-8.564323850342529 57.632332384628128
8.750795231429779 8.967499614558040
-13.898393778616859 3.879876957925378
7.236834085936409 22.681869992128423
-22.528827115409456 -20.240962213109924
22.880496656477156 -15.697369754185923
6.190934629997255 -13.689045768583219
-6.702198338104194 -47.813169607650465
-9.150299666193755 31.256538060942166
-8.124069517328596 24.365037484737005
-25.224507883970066 54.737854231043620
-73.213598829049602 17.521356986743374
-60.935581949834813 7.467839580828083
17.818381583769007 4.325433992104689
23.337500232488249 -17.236526953066289
0.032482673272309 35.380875577282993
-25.081145302604355 6.471470156602838
-41.490225550009967 -44.912368549079133
-45.681602921591974 -36.690602224088224
22.237691314905877 5.923939392940048
-22.566924717358745 -4.674130824905775
10.955511191682655 -19.003296443696183
-44.123439034261942 42.706487087808434
-37.198564307550853 -30.129319290232836
-26.193198283027677 -38.810374508772298
-16.451960512745469 -33.002586898377466
17.068216972370358 25.138648134909818
10.128228742238740 20.786433199918303
32.424207547631546 34.353176470170723
9.682336214788853 2.494121569202869
30.993195832247228 -26.824769275723146
-51.635396369682631 -14.769203355229406
-49.975764673822283 -14.392774350319335
0.564951085442887 11.380411134838507
26.004586004905601 -18.755901203673062
-51.610960906154546 -33.275387949473682
-6.900963249303079 15.236890661195542
3.035368649325066 0.846647478154601
9.435769256465774 -5.214224728461271
14.890638550986541 -17.546818298401778
-30.620298801205156 -4.279849367469031
0.688558872633046 -30.055875956404414
0.655879174991774 4.028188685097991
-20.417042748075360 -10.906693991504165
5.586690329700282 28.529268194871150
42.784524437438407 -31.676310081748568
3.066023895133925 -13.250804572720142
5.941949106695538 18.458760992069170
30.288178299080304 -23.345763399969801
-22.084298320659887 -14.647198912231207
-5.043678388459498 -7.626659922815280
28.922093977487812 29.801252141016139
16.706490203210464 -20.530068252384361
1.722140794501728 8.279305918342629
-4.011958286007895 -21.721759734969286
39.758683433198748 -27.237194040571875
12.488217416723227 9.577150396101763
6.960557259983592 -11.122165706317265
-6.988516231132398 2.583160510548766
-2.494250029138542 -55.273540008936408
6.399046030809721 14.901880973991563
-24.646739473832408 0.571173891045896
22.800095937500242 27.041145627017762
-10.341274477082241 -19.950312332069274
-39.990327481130159 -26.197180726364984
-16.066614373251426 35.989532075721158
-27.575807704804113 -8.689277518043824
20.531347283434510 37.849051226993673
0.441519917193594 12.736685352593449
-6.657701313636826 20.590415206879211
-12.634657314457881 -20.911974121448885
-3.673979335360632 -1.039404119644119
48.102072580969505 -25.571022611770591
4.232448652637409 -23.199440364236718
-3.422718359382811 -5.870102626916985
40.407121564401727 -6.361705438034738
-18.629528597676725 38.108632205024620
14.992019008117392 -7.925553439897139
-1.815174450682827 47.553710900426815
-17.769820659149719 -14.283164566242814
-33.453335770026420 -35.109557240289924
-23.824845162975322 6.054154308063403
32.730257248325167 -24.987727514041840
-9.665445139405499 -46.707935435279992
6.978421938878205 3.922113368776541
30.231950583837602 22.953091710929474
-31.888611316229120 -7.841018831129706
13.960098033182565 -6.267346687197463
-4.108538947103789 -10.147883607974743
-20.297164694245698 21.202766046248321
-25.692359828895526 6.983520398476463
-27.868701462466767 30.802028707575960
-16.922976055278557 8.869004436379353
-13.417151104556604 -28.049133794013695
-29.750969450769052 -7.400723603772897
-21.027235744680393 27.592119245873338
-7.049267685301939 23.695229816846997
1.293865191010246 -15.276627135178135
8.255182095054559 10.833113502443963
-56.888609106531916 -8.095737953763583
8.999995386126281 40.165633950427981
-0.434194053830476 -14.926448689732268
14.828788998744246 38.448474101812323
-4.735263095349954 -5.651198890356941
-0.027380044035761 -2.457569338777808
38.710057977005803 -27.839084273028977
-19.478919379538457 -31.481401799445443
6.364519622453219 15.399289641312706
41.382846441297886 34.981154246453144
-10.375845884209379 -30.731214288617327
-49.856081490257225 -35.062802076110721
-54.809931810697108 12.285672859652930
-39.719706144413799 -21.192553084319563
-9.841550708986016 -34.482103198905911
-27.834100669893164 40.461086729435117
-67.608913028776016 -6.816362079324737
4.931134699775478 -26.381097429322388
-4.290446093827470 -15.452104899451225
13.029947518809957 -4.940301457088098
-13.167833822748824 -8.016341962558785
9.170440297651538 -36.699334625478066
-30.213743472694922 24.087121151054816
-6.791177368549608 -7.589069310731880
-2.815022340174379 -16.218410081393365
-43.193366183303539 1.615807962030881
17.082507952184422 11.758711818332369
20.402424556717243 -7.497230226479028
-33.689498877200016 7.510402021696793
10.849019780161424 36.994513847569280
-51.664914780015920 -20.831526536523793
-2.215298392396861 31.423909277881553
16.768062487406269 20.932413537885747
5.435621361511044 51.918227759149680
-19.164935789600456 6.714582212117720
-5.352528578074023 29.526272293329271
-2.852567014749900 1.158237012137268
-37.871333371596634 -6.927954533994788
19.187882619868066 28.701859603178654
-11.550804317246254 -25.956537001692393
5.256976032647598 4.933798571875737
-45.868935181252368 -0.191808178810164
19.140296057450037 -10.575375867113786
18.415018947932182 10.845189905341222
43.640829613766421 1.294070623264097
37.232976105851549 10.228344802912275
30.634194052020117 43.411468802112530
43.270012603714250 -27.994297083335280
25.703818311959054 6.006254628789140
-14.209909650944764 20.652370100613322
8.576443025672061 15.239365484006360
6.010701859530811 26.181176590060542
34.443499999886726 6.171639304798659
-17.215882511041020 -21.254367872174679
33.439455139930608 19.452470043780028
-12.714233433223523 33.114308680523934
6.421620985363603 -20.606159950525583
16.275430668568625 -4.053852371076187
27.929695159617431 12.096661977731195
24.057138592091331 3.883112538877272
-22.751141054930208 10.352687257059834
-17.714608665015671 14.823559254713174
0.055986762444978 -5.056268607941606
49.893801351063360 -17.819561647989762
19.821862382908424 -3.051022488868000
10.040998355220967 21.937189416610479
5.110347401258874 28.433886111506656
19.613425896089087 -5.283056036820597
9.393225476024782 3.798943652251491
-13.474158018476869 30.646596029130070
12.375594943310288 20.030114056916098
44.864016106571192 -17.931445781864070
-26.553272047705793 -8.491876642872064
4.253336334989769 -67.484403053059651
-12.748350050900488 -9.748972338788043
24.538288647532688 14.139596255749089
-16.918143938336765 -7.790345695740777
-7.514672987588460 -6.883886543272168
16.917843853102465 9.050869034620652
-31.031383588281592 -13.647669869934727
-19.230748976346177 -7.283463682939748
-16.944153442391176 -56.576775530928273
2.824773744409339 37.663344633874132
23.677757019738610 14.270512695118461
5.586532588869701 10.478914091024308
39.474616627133116 3.803951539167433
-9.717037757752944 -46.164793678477459
-8.424549691096537 46.161830155801503
-22.073225947749719 -43.886552419491544
3.600945854450402 -4.626739483945812
10.364115148798282 18.495423628009213
-23.072335470022612 -18.595770352476595
8.115830443334406 46.897155796260634
61.382471866234951 75.750887753036395
4.003771239609582 3.479824366245944
-44.022935061860053 -32.722564490541046
-32.944697518090059 -16.163637738901446
-6.923613628137528 -20.410442576252922
-17.739332684267172 13.156693571495429
-8.068659355651386 -20.920963932424094
36.747349539036335 10.778280920384333
-11.465352430852404 -13.855013150593008
2.754052964720653 -33.172495910543667
3.476576782751541 10.158369645097359
-3.588384095594841 -24.128265929649995
-37.244667527265271 2.952287641055321
33.682144286134971 -36.613637777262902
18.894930189738751 -7.216338137868592
18.378665205983328 28.512247930742252
8.011138335149447 -0.649608975488015
36.536448325962539 -23.131907153536293
-27.417028282107683 14.392232731193857
23.897309511059834 -17.694972656899051
-4.841255210448952 -19.118052059554611
-4.306812524648695 -51.548113272388555
-7.163787679332248 -11.183075682765583
-4.983201293456232 -5.510738764525442
-19.747578110890878 7.337437260038110
0.027301328321047 -9.061229914907813
-3.287062121529578 -1.760409412591615
-5.810974553089280 -0.898700266868856
-41.448065909477400 6.434524943444733
35.888153948294750 -9.527974222494738
-71.896096798671138 7.151146929124531
18.323703229466325 18.759225899528822
-31.054730984090074 3.910445340823956
21.242590062175491 -22.473582497088174
21.312645773628603 -3.671776048409970
-64.020011539201207 -28.081466343526259
7.075668533838455 38.224999121059540
-3.172852809438265 13.738873049254730
-0.024198273766514 5.380420267123997
-40.957396247025116 -1.449533005992141
-33.059987839046123 47.117451972769011
-4.152177131927401 3.749940290302345
-31.480076956838253 11.428335162774816
-10.658085758502393 15.405966196631699
-22.062060054447254 24.706498223592188
-7.075772254427874 -6.364380743637748
-10.540688244046514 -22.760990901391160
-9.419080064156114 24.233552722821575
20.127724226237579 -15.321229265180568
26.229703969069512 28.682012810162096
36.096556523601222 -32.146609263836382
5.492847726134029 -11.510277974148920
0.484834470291798 21.394236392912191
-6.982706641149876 -49.147713345971077
42.030916332729468 -18.821388359602821
16.373032765849018 47.504700886515437
33.157594188073602 34.594080567852664
18.503414826381579 -23.223220906672104
-23.209551139624224 36.445129685713006
-17.043355845169650 -30.796531791260794
1.046883595647553 9.625376867591973
15.936100585156147 1.338139375623995
-5.836463914531276 16.946433573219316
-7.866232077310965 27.533631503922166
-20.912230450375137 6.801042460001208
-16.253222830370305 -43.048872167773446
-45.702659781486979 27.467344290344407
14.903233618968798 1.478351119476037
12.559757552428483 12.752836922236138
-13.668224535070154 18.886107886059069
-23.211363582118249 -1.259900805958613
30.326567689387435 21.086783761507061
-10.843947889050684 -13.248358870078945
-23.494309914291211 17.842141591571053
-11.128628002035931 -27.572246130174779
-16.902219404288445 -64.656853398109561
5.271908042210142 1.255404095412254
-24.787463347225323 -17.685355653846994
2.234333348079905 -7.983793341098004
-21.571924022597880 13.356540717426192
-43.169422660013559 -29.065326825100868
9.595369895932208 2.328173297369839
11.488311327033752 17.375027367718094
14.874130346982046 -19.383936271698641
7.592031940932516 12.227622673829826
3.978622977881324 9.031947804316884
13.862734613311197 -23.472695784360980
-12.142534691710235 10.871637519009822
1.886803278863956 -31.107488010626057
23.267757664558207 13.508554758517699
-0.193625022078410 6.068446084513290
-6.326266435530540 -2.325808631497200
24.164093187749220 8.098918400637025
12.606712417476439 -2.327224266112780
21.718617898470153 -0.793546022381893
23.974264206578024 3.859055297286830
-43.040398595134555 32.306869615347942
-45.860254579834816 -12.506462324392380
4.501987340232377 -11.219010583779825
51.932977330175184 -3.713954600108205
-20.058601952264020 9.223191046429099
-27.271744125742551 -14.757708360845607
-4.083689466192715 17.971929640317786
14.830921916410741 -13.961329226334314
-14.993283050749264 6.050954301280532
-15.448173507376525 -32.661288735656719
20.427462307539393 7.310406627609748
18.212479285007859 11.692355080572600
-24.128044309776556 -46.986492434907348
26.634172169138793 12.437343166264306
12.001940852691620 -16.304462257409707
28.500947727097561 -32.486593902231562
26.186249421972423 -18.537171893700361
4.047647420099755 -19.565749197556649
15.269641625776455 -13.889811404413258
-24.419042660814277 -14.607400911667414
-1.576445861381130 13.177430187222587
23.428580155196304 23.703595223388696
-38.071966590261439 31.256759815883999
-14.169169044140403 -11.038916983286096
-18.433498519125671 4.405025478810449
14.405097178056208 -2.709333442317966
-4.733121444107526 0.019053160837139
15.182490286018599 21.076182097976599
-22.593050175053751 -7.100611509564128
4.063588401464544 -21.007393211337892
1.964932616865128 -28.716321456502882
36.744414841129142 -17.472415503321905
-20.366627768942337 17.890422640230792
10.395883781871920 4.990423109549739
35.351213968117740 12.625838801834918
-22.052860284297324 7.269501487431188
-42.791133272441584 29.314764911529380
-13.014623386775613 -26.791819779481788
36.043131698725063 0.480459802786574
29.846493245393813 4.941055964255040
1.208904199094798 21.808220967821953
-32.919782549261043 -9.953378698975506
18.528169296246666 -15.736781624064541
14.469875459567826 -20.834908645730497
28.673316507220864 3.341154135750626
-9.288048519069857 18.441992170869383
34.883184724396315 -29.934048216793730
19.307184272634455 23.269574197389563
9.940450003633938 -0.417348934219026
12.478756264529212 -13.397283541021645
29.942509277770075 12.858073080290664
1.255990493145143 9.632440488609063
-34.380957963190767 -28.319449596900384
-28.171740330192115 -30.875362162884240
12.826242773921333 -5.177374813087521
-9.669471238171493 -36.557117093729332
39.015427997048775 -15.402247849102087
7.634375477072333 -6.981274824604271
-5.396704047543514 -19.042587884762995
-10.665368856198251 15.697384977258348
1.729035887507874 -12.739535919864110
18.254134209104738 -11.491574351765143
12.149022389952888 -6.525616170667739
-11.136710847762089 -10.776465803765035
-8.594146415617718 10.006433994979297
28.707725317126862 -9.947277798105802
19.409059369414482 -19.855588901686662
-17.418314332421662 6.581831303732354
5.399340676977618 -34.627918097871877
-32.998991789898383 -4.279943168095150
-16.311350147651801 24.028393116836781
-34.495212371241138 20.192077373254470
34.644285337611230 32.748210175517990
23.151971140631133 -4.551854238622974
-37.079759096902443 3.885993546540218
-3.412834191887270 -39.476169850189493
-48.878086996032778 -22.922752102651387
0.039472385283882 -2.350219812517192
5.170071193835925 -0.727152711273340
-37.547492073339406 17.190287469770926
-22.135702778215421 -5.760995840262582
-43.490173939614749 -3.381726626941200
34.209609438070366 -16.754944978812109
35.716723592129284 24.341152461373103
32.261894879042181 3.133162859652491
1.587993234853373 -22.337901790071694
-17.163542941584307 -39.980103662806457
-12.539606372928588 -7.969518743839153
-1.038660730313189 8.277263482064820
-26.384738694705447 9.487718334784770
20.347815619303507 -20.847770798299241
-5.355912767847420 34.111311763456008
6.422478507371772 -47.470780736250632
-11.611541044227321 -23.945892055843817
-1.672735751289292 22.174241765633997
-31.848804777092251 -1.268714956653400
0.485724123509549 4.887548058576862
-25.227743097013001 21.843846352889535
-0.559460017628913 -42.989665718663751
-40.267115200630776 -10.515211163388701
28.804338857155056 32.272752313192491
3.065162707771277 34.471232456607517
-31.684524702476477 13.998598281356287
22.516677529895652 39.751172837478087
16.558692698508796 -14.934571135722502
23.338569464118546 -19.365739708154631
-1.223075545022896 4.443368767297572
-17.788909204980413 17.438865785442648
22.809960296081510 35.993214761006961
-18.773053956575467 15.067020581866277
-5.437832667895806 19.543996842592765
18.420594109647784 23.198576910441542
34.391541207456967 10.090599763242214
-57.097920777212046 -6.823472725333296
36.188883667313533 0.508713258926181
34.136711362349253 2.626188137674780
47.618196153640710 -29.580361283281487
38.305150077531792 20.013066495221544
53.079006588744541 32.366221218191150
5.581861410443613 60.789448964176458
20.577975586177953 -0.168707262524819
0.137336452007351 31.778165645068324
1.531391852931073 36.698753522474199
9.117920218741004 -6.539809017422073
-11.690921747316709 -25.101651170240785
5.847205808452754 -32.462469813659233
-17.575343440050549 -38.923626236322498
-22.212031865684196 19.564662487124622
12.445779936282959 -18.339392809738055
-10.979869768846585 36.238959965044053
-7.287594662755110 -3.214057822477359
4.754333448164846 -60.238572925388041
-16.010700822172328 0.783156739302783
15.039253421950816 5.260835954493507
34.069510087792075 54.357027523991562
-4.556311004645566 24.953137933243330
-3.772286780356186 -4.881497736051603
25.194017996428322 4.908543787962051
-2.464893017201314 -3.065190663271394
-0.859741091101571 -27.543497804856504
43.793797270268712 36.332296275930268
50.082360253757514 -9.440715525067366
-13.521764946696148 -28.810163655714284
-14.868376339183273 7.404601388168707
18.727910474145556 -4.575221465552628
-2.499312266170830 -62.617121771888719
10.779393609905535 11.620340339291804
40.693072101786420 22.527102496869304
-23.334075876795371 -24.284452180319526
-28.789113152555149 5.198023296644633
51.245934120545762 78.747166495262121
-5.132031185117576 33.114828227363930
-25.632832697434349 -8.940846769465441
9.174545917941927 14.486364025503573
5.979950755303189 5.959036655356102
-0.400061067053367 1.218195246133063
-20.279202696225756 -15.351126758842787
30.276691697610921 12.615148065138445
24.424208350609973 -11.352996649805128
-26.145510106208722 5.421849951419062
2.357945247996480 23.943404666396468
-9.517357721905746 12.682559448846225
-38.075184715506893 -34.561837804591597
-12.091676638640052 41.162601738241108
-15.925816588186478 -0.272211379789672
-30.584325452523117 -47.374281339152986
12.586622121734793 1.021071252343040
-23.242057780094520 0.804380781003363
57.226075171127214 -8.095348653087807
59.955609823884537 -36.790719768002219
6.876931996562592 39.444759205126097
-7.756051835937145 -9.119410275167979
32.059954698624267 -4.626722885775543
13.943591902416069 -13.689928154083118
-34.601424704377990 25.757412670071986
-6.098176719484220 -39.464724236703695
-21.176105913937132 -7.519411934371759
1.053676714615934 -34.988592813367603
-23.052212987785580 5.994110275284323
-6.051209500954956 -60.560221477297716
18.827279424633730 24.767674657173412
38.460924341966432 12.592597665774006
45.227106421441064 -2.205543013569451
-19.102039688490237 -12.369864005286972
-3.742864563833163 12.084234159080768
9.603197017561650 32.854259144040114
7.903922935032433 27.515544549398481
9.710206401981502 -3.921670489842147
6.789732689374389 21.080306287095773
-29.343911724050038 -29.301358713752318
13.001387399858615 -14.227745545751350
-12.443751136930242 -2.764997424918952
11.494139323879248 46.034995778998393
40.398763103958892 43.447895264461451
6.514921183025015 -4.337310744154662
-1.783721732901147 -12.441957364517490
35.282171378361490 5.110236269524467
-20.314423187041680 -2.472803313903895
-41.925132597504913 41.832414077988211
-2.432260753793120 3.690692171925686
12.209587287570884 -3.152560205348526
19.503330563581716 14.206250100233127
-0.837181368457199 -15.443501042986345
-7.650838272288001 20.393649618061552
-3.856253078187498 0.277177200032170
-15.299049449550436 -10.466083782165951
-8.700829986572023 -18.733292352160035
24.566309091609291 -38.265188921345008
23.208714401388807 37.301704007133118
-4.170060307934432 21.138645445452148
15.478446636739578 43.276414515602504
14.577155334174023 0.235253310921552
8.440075244287780 -10.910850365948287
30.333237299416911 40.931087950525395
11.612676323660990 -14.791215370218808
-10.172481235849270 -13.101993260108344
-13.031947356631465 -24.302751886763833
-11.248399365800843 1.625147783817566
-4.824689916893211 30.330374559677519
-9.212611828971678 0.355707884908410
-20.356863586695130 8.544328371306573
30.444667551522709 25.712531560253588
3.922189638002947 -1.714889482514855
4.606612845267422 -26.463868537200089
-2.138884997131122 12.464021471724122
-10.878610528047556 6.634320223782808
7.202503421023995 -17.926740629153549
-31.168739396115953 8.111228730645474
35.076367634593311 7.390666503577498
-13.013099732507035 16.449233807017421
-37.916452575933604 -15.281154488904717
-44.994174067970285 -19.250186269141611
-56.124844904625803 -7.951144869630816
20.290530458580694 -9.109705139699269
-23.365136457003100 -10.849828377437511
-19.356284944967470 5.224931182202137
-18.036770790967115 10.298603404024631
-6.637656866883850 8.021595408544462
-4.221011734273642 -41.011649562767168
-25.370665390605073 23.254621570784209
-8.607185624377200 7.109919672443708
27.910139489754638 -8.547087223196147
-25.365970217313365 2.044507568394299
-14.927730013467835 -19.182561188329419
14.172200125742329 -26.534607693894539
-23.396889134742782 -19.225599107166172
-10.478186132463904 -18.900535709457078
30.368427913298955 15.294842097648967
57.247891559897610 13.902184072426355
36.514151759095419 -6.175372020074228
17.251543180878091 -23.711349213535073
-18.468975235125605 -16.201221150402720
9.157898512562095 -14.720003992086090
0.323405299406549 -16.414319809625265
4.961424683966487 -9.729937991071882
-11.349445422374577 54.660988434889205
3.881016018928045 24.877443642928792
-36.056411542969613 -4.650803155058657
-1.206123661964995 -2.070834272837668
-0.218446610448302 -11.128595568124643
2.333812940161517 13.310400066859538
-41.139517243193218 24.927508899825032
-3.946155267078731 1.070375535771101
31.845701510116974 -2.970008441101263
2.398066106944652 -40.519287940634548
-1.234087517169324 -17.560741083709082
20.809220200437618 18.262096028039785
43.719421616219869 31.507901219552537
10.657167587456772 7.459936906105084
18.340572946037856 -16.762658132350715
5.116380146642750 -8.124037704875859
-7.951860554680231 13.793448295357004
24.651450315766972 6.461782661677095
33.614856235200037 -4.260594224813661
45.591734173380438 23.486950289340701
3.655522967674353 -42.048268377152255
-14.590396207237488 8.085679437785615
24.584994179391416 -14.485388495471442
47.396027485321902 4.569348137347861
-16.789160444907374 -6.706762042022307
6.490111192367983 30.171055380831096
-45.680743263929095 -21.635256636764062
50.279835149550337 4.265894206101342
-0.351507284198837 -36.275017919554102
36.164295726243459 27.940577822533697
-6.012997950053729 7.958040310886060
-28.919529034224958 33.955366781344296
43.324897787771889 -5.795382056548806
-6.271384297211020 -55.435743277889529
-8.958216646932913 -33.881115024587842
-20.863723292987732 -23.399424547830396
-9.245429439428413 -19.457930422279276
-65.306942021286602 -76.646809452070030
-37.910512693965401 -37.189798385503096
6.246930078277614 -38.944040007746608
36.129036812686721 -27.202776360410077
74.379323851320734 -0.297261548739136
-23.914979572018407 -6.788995089913684
-8.806740099742671 -32.052096174555551
-57.664023440234658 -27.903118909703341
-17.981376326586151 -22.994112467137402
10.716063494540869 -10.246633783638767
46.610704162723302 7.056346098215145
-22.385534041194983 -23.060215564598124
22.712122631084913 -20.802984607990403
70.586995582702613 -20.181732445082265
26.480405379267673 38.359113512088982
-25.594434257742488 7.579101903843511
6.019819243754741 -20.903377962318103
-10.206780949752797 -46.695813331561368
-6.353434029568107 6.796808803091485
-26.514373566811418 -0.088694038131335
-11.091332126050764 -25.627818585039993
-68.939850842676890 -6.969464352942220
12.608791832745821 -17.961211637457051
13.758977208160502 -54.133531654965317
39.617496512947625 15.116002500165246
56.014816915160026 15.969165198880036
19.377851660553038 35.581403944490582
17.307449080567281 -15.756199099633990
-18.805341474830492 15.118265501254836
24.453244810920740 -34.312999229610540
0.296499373671428 26.820046908453357
-11.969616302875915 -14.835404420449187
-20.794569238033535 19.165463270482658
-13.145750287879146 18.728987985038188
19.813221154015775 2.503801726766432
-13.502795752938193 10.221376085984810
-27.534805426952371 15.360756261885451
-0.363337175717774 -40.039034432796612
-14.548285328477036 -5.094948623997986
-3.233872836073140 -25.608430268635328
3.100218500081237 1.855775560143719
11.021759848312062 13.999330840762701
21.737700958571157 -7.335704416395855
53.829896406625984 39.178418307180564
-20.963397691537274 2.380013703501190
-3.193040643797591 -1.526599339192008
-15.823484896954591 51.063793075197644
-27.260695975517489 28.407836916566065
36.225266077034995 32.231085331023181
12.015142895935410 -6.434245538390825
2.805470255238932 -18.274516872773198
-6.942336831133959 21.220149622984891
26.145997981897910 15.654034223502661
12.127863645684046 -10.895997612890126
-7.933077056193338 3.341616561290467
-39.846216426980973 -13.770017214611302
-14.078432992116221 11.851452680079953
-3.676547782339069 -21.122030945666978
4.507335989011727 -41.902603509119167
48.983029711835158 1.822076827223382
-17.701102813557981 25.702918456215347
-5.920308994474698 0.733158105820498
-32.900568127926881 -10.893470755681360
22.140535762882468 21.177599883779539
-10.701887632779799 -0.644004814023925
9.026224739886253 -9.618090617360156
19.765065145075081 18.224112106614481
46.825737602762061 -16.161542305032327
33.246550216773556 18.568145237051514
-8.004375353221176 -45.511781103860294
1.366743803729812 21.173943083930819
13.702957880458026 -23.150148433153653
34.286075801853926 20.144885511226207
24.897576604549133 -6.961354844020604
15.029986048998001 7.254010213314140
45.602854939091763 6.260677324542804
5.478557684636939 3.509384125695507
0.138465171717212 -2.142623748580915
-30.773980829178917 11.226434415076778
1.452197722844886 52.414365500425347
-13.683302463103228 0.596787388781737
-61.531243101382422 11.753111675071603
13.319941440052771 -8.394870893447317
8.004743302375267 -12.713250203015773
27.486094484067213 -27.696609874656975
5.886169194477745 1.336722698156168
29.412599635220488 -18.483883658302410
34.088367586471037 -6.920410676954552
-6.410758976347292 -14.805111332457269
22.710771703062491 13.812728003230719
4.439634129537554 -18.015227865688189
-51.399706228984762 10.554048095821287
9.626768890292418 -31.797881468368654
-13.442148949669630 -20.635059956752642
18.131796600949357 8.710413607612432
30.148083891507810 8.965813256354757
7.302064897054430 -61.038741351636382
32.239445792299421 -0.436181828986624
-5.603396017964689 6.562868614175398
9.400610786588015 39.620651448663772
-4.414418222798840 39.705005231071603
18.234633324912579 0.072552385717940
12.290189902033612 -2.142587254173545
10.643901116795448 54.849178840023384
-54.777166942228504 40.596326872007907
-22.350295544289960 30.650003558714868
-2.896728362511065 6.818839165844614
32.324822484985773 17.390493456924695
29.083223656350292 -13.460330624795548
-0.998899315309872 -26.862005814933084
-4.466462122103087 -17.287173267442562
-21.544061180253738 -57.306371137962714
20.110571523617921 -13.614678490064241
21.283799881534794 -25.216952905242405
-15.489331243190207 1.189667094452523
-24.779524788103892 -50.528127468558012
17.590359787842136 26.697323598539182
-3.038167082447584 -40.666883669310678
-18.979795177772569 -19.520426085632341
36.780601845567368 9.242001938577252
7.513453920564883 -8.802826321096145
-49.942938854935548 2.821529439176548
-3.346348869133170 34.846059533185453
26.643894162680006 -27.136273878995745
-17.899599667376794 -20.897705700252278
-11.553606186496427 -9.408886308664092
12.526032314275337 -7.948662213066820
-1.984940543804352 -2.041244556492060
-17.621490442804188 31.413837811565855
-9.484683271935307 13.600486501863358
-17.043579481326027 10.572385254300912
3.381381650117699 -9.884190915652852
-62.626016931662313 3.668087464074953
6.140095540104276 21.013738588099425
-46.621367748411039 -26.608895247782947
-51.821748097485653 17.321845860837012
-6.174876807059328 -26.066549701467210
-13.818004866589309 21.891555365771389
1.456403024114681 11.762507332388086
22.838393287741507 0.171989229879381
25.021992083418898 4.904876944850920
-46.778503262395432 10.704390598452948
-27.408707128835896 -3.819584467108279
-1.787147690564531 -1.672147026451087
-35.430868191888109 21.203249374720979
11.752700082106973 21.988691879441745
-26.523363040411187 26.517136977578009
-0.864878561359196 1.616685050268414
-32.477740805462822 -10.177027052106766
34.122146252500592 11.310944747277443
-11.641743406478419 6.591445255578505
-6.126388412262666 8.671790570447735
-38.177546216987878 6.027987928170793
-3.581231111474596 -41.555172710397962
-16.220179856021733 24.320487810375564
-23.914305660480281 -17.283562855218001
-13.302590690810346 15.574781452959742
22.684464765417882 42.701373803339699
-36.489486005022094 31.181373758352343
-30.203583716307161 28.213454189176360
35.140431987421806 23.994618618183683
11.477607770550000 -25.711524629860232
-46.792985323640536 -21.109599659677691
-8.574684230545586 -12.705749630240790
-18.268240625028426 18.334332999328371
42.175892053471244 5.606974527286784
-1.418385389612280 -3.431864135093780
15.112433912379956 36.182879549613588
18.977144033780142 -6.234706246908332
-38.499778848871621 26.839718986432221
-44.930647964266186 31.051716230458020
19.458554419385312 16.490121021449667
-26.288934710989039 -11.796933570080590
-40.763561201868058 0.632083050497333
7.734029694117537 -1.374037902567946
-13.466458008159085 -11.882850623413752
23.512710063851362 13.164788213990555
37.916257404114852 -2.637315118866182
37.532565570410881 -12.448553692350570
-20.404135476191936 -8.883038884638321
-18.950139761577812 10.975814099334446
-34.809384113043770 5.153212051478354
3.047804404407019 -31.361778661099862
13.971423612801930 -23.967548674768725
6.033684013271055 38.466828469719566
-22.800848806443053 -13.892962786378177
3.276917505239431 35.825953576733170
21.868731839414508 -21.804248909640130
-27.916267820910939 -36.147726796095228
18.498274361280941 7.737369410144935
22.505985995048810 7.185683349264770
-39.572506568702892 28.106418140264498
2.166996969208915 36.888670761239069
27.631373104977168 2.305607808038643
5.176227033119883 53.361727502301207
-8.912042317526780 23.996605426147045
-20.836735740688791 24.466099108946256
53.955053233051196 -19.131521928289136
8.781100628173487 -12.716941120806474
-26.807893347082921 -76.550033881930929
25.315797876949048 -5.478334620201523
-2.316264949621607 -2.733505749562405
10.828664001077806 8.805425098289090
5.622540730837433 -4.941477508687364
18.096244746034181 2.387396552685384
28.434819088616269 10.522297482557272
-18.216794544436013 -25.479004074478745
15.395127662620366 10.162145914788232
19.629044129018492 23.382441051401599
-32.403799463192250 -9.739515998803926
-16.412794008833206 13.696300842408606
-39.850675779148290 31.522875839080573
25.234985488269675 11.789800135200169
-19.683007662854010 2.616169712371011
-4.515918276980437 1.323308215903597
32.678336430351024 -27.278571625419882
41.561302948253420 57.891249627477286
26.123319711158125 11.513551047368333
31.506972012855584 -19.331606361614600
-6.064228515968813 18.708518779540199
0.273428457284314 1.956630239468740
15.664381079526503 24.596129931888871
4.972922042475457 15.793804763568200
72.318053222715562 6.243333228845393
-41.874499732192504 -10.445403877339707
-11.222521448323855 -25.982261069137571
8.920123995686925 -35.009907723636324
-10.500367410893091 8.284176278076345
44.197145239571370 38.146321959786341
19.475234483796086 -18.803725274908455
4.688451503501692 18.968192448990202
30.441106724775352 -5.141178863768134
69.992319312435100 21.554771367105815
-36.384182852513518 23.096650829763529
40.610841253380059 7.739975729983586
-16.036757231470713 -7.744850610031301
20.156184640190663 -9.000582683613276
26.631851200554152 11.572372781744532
-46.352328851458743 -34.529684434563777
18.969142390798623 -47.719530738575948
21.605694470574790 -58.286760593545949
-26.149531240920748 -0.986952710243995
-5.540616280097982 61.100650362637801
-16.967538418973994 -38.157628072156669
-26.064106113784618 -28.790053657002563
52.271989224516574 2.024822279002163
-47.887967807951107 -60.567223447027644
-50.286823006887474 -25.197136295773465
0.963295145076081 51.829660684899878
-30.172368403052232 -42.576369376998045
-44.205204851479671 -21.777845221049965
-22.974271326093533 -22.276429374354461
15.491139605808256 -8.725544950224887
13.780053399680074 39.545031319401815
0.368911765283346 0.067987775810084
51.055393982773097 10.146791719623510
25.056131115231505 42.340305893003958
18.797628665799795 10.789327670154256
24.006851458063348 9.357279748660034
-6.002029385984187 19.346571643322253
-0.303256719782445 16.328588970759434
-17.892660045582499 18.654588478992405
-31.268467709708968 -6.586070588128042
-15.718426382533025 60.081206093238528
-19.968778055215967 45.970374055861136
-3.820110148918299 4.265994927040168
-60.191428228886636 27.523578624722887
-22.388162602741808 31.065959439542109
27.733617773155427 13.377365951866585
-12.729236000624558 18.472057749240793
27.521927630777657 -10.299573780368567
-10.607515422634473 4.969184812312401
-16.966278497015793 -0.800540306304339
14.585371093416443 -31.493823986424566
-52.982376776372718 23.347872330640048
22.237105095711335 -33.188870998059777
61.641673302394004 -19.710976646746577
2.664059586710512 42.191282615901898
21.656397981431756 15.521766748549885
-31.317520731283125 9.928131813509417
-49.277144359309801 0.878681334121949
10.171860796872490 -62.663124019964343
15.198603660389592 -6.105898701153063
7.308730788045517 -19.215929671111383
-0.903281985620039 48.597027769828827
-39.046464490500242 -20.278083735817344
4.914101491684733 -4.322560411778116
24.709630267986739 62.928281580943654
-7.547616200091499 54.657059451953209
13.083483331671738 26.613746208736949
32.291633180252518 -15.635594695688951
-5.264905659670249 -7.254832052872734
21.607008873011402 10.171002604928509
-12.940188403701100 -1.365505178663289
-39.749334210274810 -2.452747106517320
-11.586421867569033 4.460213496708502
-18.855225610413363 -14.229369683928860
-31.592332243790548 -27.709192129862672
41.805735463356577 32.041126643958656
-80.334071254623680 -15.872261676076535
23.000214235210350 22.896023507406021
8.755063554231864 39.676360526181874
-13.093828040486438 65.859551046791168
40.086258786904516 -21.248397350256106
-48.492290836289527 29.664109839211736
-39.393128610917394 -6.316835756475616
43.884756849142200 36.945383511634411
-10.250057663013660 -23.136773748965652
16.010836357624271 -7.955498883962099
11.049684567751568 39.582831050751125
43.197772716261575 39.313178092586199
14.669649147676774 -4.166196945050944
3.164406366372319 -1.060655348092989
7.996872615037335 39.193096415844394
9.138866492761904 -36.051556364965336
37.452844428806806 -8.531689436248220
-6.671914571561550 9.430767782469728
12.175658113045742 15.839516991349701
-24.034226671419646 -6.534055122361289
-43.434646704528369 -4.119421631314713
41.614434071373658 -29.560724461663511
11.909406088857587 -40.424437729749975
-13.472061382982398 -1.744102563626805
25.750979204155424 6.336455806511701
3.824573625250104 -26.281114580445944
12.343110279922907 -4.396157362276687
4.318519815808092 -43.277817540008535
-13.622435696505013 27.082624250166567
41.539900432523481 27.948799915223606
13.944911572824124 7.675694198979988
-1.199328246522883 -40.584371819674949
11.317984845144258 46.897020598215704
-59.681546855627673 25.163921160046659
16.535906879877977 -14.275394717329622
-1.079884058567504 25.484931248546843
20.774966947384023 -12.749878514847042
19.618574499108568 -1.427953819684078
35.178653930238966 -10.616286804783494
4.618942857825724 -21.688726635867724
-41.947498614167579 15.586736177455217
11.007857993224299 42.822918134709354
18.396469194507350 -45.222087867520457
-0.322313187470645 1.894769893569940
-55.039195345038010 -9.836994857922186
5.148186795361915 29.860709339983540
11.345763488693795 -22.365552316147149
30.749289209241219 -15.234454811150510
-2.633338361341878 11.987144941195275
10.649261922964088 -13.747010462442130
21.119258689261148 25.006632131264340
-31.811882204560312 -0.762839731317149
4.188148555490169 -43.998829753877402
-26.351636231764132 -36.143519641774581
14.461481046315406 -7.989297243616715
24.322349375862004 19.218085119635546
-15.724368362787105 -25.745902899941836
