0.000000000000000 0.000000000000000
0.000000000000000 0.000000000000000
-29.752870266430719 0.000000000000000
7.423400826080325 0.000000000000000
-18.669875987622788 0.000000000000000
-21.591911500581148 0.000000000000000
43.467554891884632 0.000000000000000
5.319634593328159 0.000000000000000
-59.552489505908717 0.000000000000000
22.871160817343629 0.000000000000000
-10.157203606067817 0.000000000000000
-15.981920331997491 0.000000000000000
1.705905340643635 0.000000000000000
-20.088826988764627 0.000000000000000
-38.173003075941381 0.000000000000000
-21.653418715145857 0.000000000000000
6.244841957712952 0.000000000000000
-2.809568948116057 0.000000000000000
32.302322767741913 0.000000000000000
32.929687481143532 0.000000000000000
53.895888244235778 0.000000000000000
8.389380430961898 0.000000000000000
53.625291749599015 0.000000000000000
24.632342640939143 0.000000000000000
-26.054446727458991 0.000000000000000
11.185165785287055 0.000000000000000
-29.122456654095206 0.000000000000000
-26.288962221949532 0.000000000000000
50.458166003215773 0.000000000000000
-3.015889050625701 0.000000000000000
-39.655924738055468 0.000000000000000
-18.434899910307475 0.000000000000000
-8.733975122583720 0.000000000000000
66.186191981301647 0.000000000000000
-32.273511253179869 0.000000000000000
-38.343088139288518 0.000000000000000
-26.643196767730821 0.000000000000000
-71.228486950832547 0.000000000000000
13.314281511497798 0.000000000000000
-51.157444049242038 0.000000000000000
-22.638998850885471 0.000000000000000
26.461264319387979 0.000000000000000
57.549726942339674 0.000000000000000
5.314394194175591 0.000000000000000
-48.689144978108224 0.000000000000000
11.549894732731477 0.000000000000000
-1.135307597596797 0.000000000000000
-5.009184885177289 0.000000000000000
-2.365218853836779 0.000000000000000
21.289906556097801 0.000000000000000
-30.416089764246827 0.000000000000000
0.000000000000000 0.000000000000000
17.661014811364449 29.065026415654380
20.165015034426975 20.856346158966755
-15.732059246836412 26.032254639465020
-34.049465996551163 6.376587310141764
44.637681771807664 -8.664707007721933
3.487012985625225 -31.548501150715719
40.860351326107036 23.258907242795477
9.964823158410052 -2.850874399579768
-12.325889694418798 -19.984954730823553
13.300330787201213 -8.824844586954042
-34.543919057199339 -17.336361513991090
-15.381571894857512 -5.344962649914964
15.576265607300630 6.208056609501337
-4.239041840956692 -0.179043494756180
-16.283688712705594 20.474087800961236
-6.807255122644773 11.257849993392298
-7.673384907477478 -2.226739372895789
37.428417904235772 1.698691590552438
-14.822435388492989 -3.793569261821862
-0.253150349039438 14.354736110248005
-0.728479399016439 -11.488915209336025
2.463061264547303 46.526352309148997
-23.283733339182906 -17.080587242378336
-28.738154775380856 11.477613654539013
-36.155093366423998 -33.084007978513469
10.175286906165892 -3.394555948150761
4.967465517960411 0.002031394095043
8.062528278389891 12.996654617863811
-25.845933521785611 -55.421247595715485
-25.959511723247644 -21.357413927683879
-14.640579583910675 -31.913304467731088
-7.483404573276872 40.518238101095712
-18.385761387233448 -28.006586077253054
6.957700451760850 -20.796093219011933
13.274700694180471 -19.696131119451255
13.363804272068899 -30.289544146494453
19.926049571784489 -14.883746782034560
-40.267350891208594 26.039270696884429
1.053072389056679 -3.023466193021220
-24.434118899139904 -28.336118551284752
-30.026588001129088 1.041297939841032
-11.037758889521873 6.948668237849934
12.552325483955883 37.254584623201353
-41.375758319754937 -24.849631437990496
-20.463673441782515 17.296330089587435
-21.116829131832660 4.623055338266608
-5.927897128471129 15.670165233715847
33.991918089661326 1.171540158270762
-17.378313398638209 0.204420860176195
-13.821920570789684 18.355666208408543
-17.472507455832986 20.222762033471543
-5.087698390434976 -21.538282733652164
-29.135766274873209 -6.485115372415174
-9.522436048635029 25.779779533897081
16.711292524861751 3.413574894121978
4.264465432378870 17.016291415250009
27.907275076749034 -38.735665821689459
-18.850269759786020 26.812293820915130
25.523445056952820 6.483064029508284
-47.558287885917728 -1.144100048163837
-13.076144952519201 -14.424806323376698
18.227954423560181 -9.086979153756664
8.842242918934183 -5.024146429926166
-5.689910240988445 -11.366497124630730
36.707141826425286 30.987422782161783
-6.597639793676173 -41.721209219487314
11.934123937219811 8.068188417044404
-18.251380819820611 4.871520319406804
-17.617675624355222 13.089300081906352
5.551662919559136 15.267731455588100
3.194911071584869 -18.196039202717657
-26.175807246465556 -20.423783156909160
-31.215357424286253 -16.549934824128595
14.443635623176649 -14.036289339725771
-5.851225566802690 -19.419932679345550
15.197874105421720 -15.625200595868689
28.102354280611685 11.846164413858936
-28.411762262158703 -35.851038304114333
-13.463521734868230 -35.461293427707432
55.622932090551998 25.527230453696372
24.279164088519273 -20.537380692055685
-25.391137558046175 -54.861901394295671
-3.816537580517506 -15.040743426922116
27.686961430862041 25.003624936657062
3.590795072489950 48.317746427865060
11.507936723925674 45.291106869850374
-23.695489251944647 -8.121009818149139
-48.798989177440156 17.100990805114716
30.145513828916620 31.646659709692305
27.756952982888748 -4.490155069964749
22.538360210582734 -53.044028929073100
19.541400334365875 -8.810030776712560
-25.897768016866195 -28.622395454124234
21.112610780900869 34.914202224210129
-0.744825627141887 13.399570585677525
-45.804844745073169 16.775164014460113
13.945620463030854 0.148447508723279
-19.558023289925671 0.578468282455005
-15.512969071746776 -20.421501387405019
-19.630298328518609 10.565084919877453
-11.647514635662800 30.087043913754311
21.678510849113927 -13.048798215291098
-25.882002385478547 -6.146275777437514
-13.318658320024772 -27.324233924780057
-2.661562136562743 23.017486766226039
24.340262227247766 2.178066003544843
15.531395388852179 9.611365041583852
-24.526994742267682 -4.305638003593250
-22.422822023942174 -25.902445600730761
30.643983695914329 12.003134989363689
5.948023915023777 -0.145461452396456
34.043722641927573 -11.388548027739153
-9.165640522075845 -8.670740045729211
-4.666471247160744 30.842793648126317
-12.602866129304923 -11.165266982374282
10.705055811246071 3.626837223441297
17.276288063141941 2.806287791278191
16.844354935399977 -46.068207600518427
46.382438949626710 -12.017363726360847
4.357171821907572 -13.556317497811101
14.521884930395936 4.672049616417419
3.619561490841277 -24.360140467970609
20.059274213681430 7.371221092690265
-25.281004679438485 -8.900969541851392
1.271122372609766 52.017636063311606
-4.326384916581750 -8.615441886977367
-31.564500128105102 9.372254187330929
5.001071861009541 18.880397419521376
27.585330438966359 34.138329144720593
-12.795608185329963 40.346854240366895
-57.623730487163542 15.497030055137577
60.466110379177813 -35.198603065861043
-18.567594645036451 -25.462699487730962
24.163447279188016 3.195999297589052
2.446520880699858 -4.315863811403245
-6.437790169258402 6.669344231863119
-16.475453060169176 -30.724970265719818
39.467392680875257 64.317678311309649
9.096888972656245 -4.633280830704479
-29.932666668115417 -14.133633057950789
-21.035283411006517 -43.156226518385992
-15.488901720728517 6.912310347739005
50.525482142197824 4.129329632952689
15.659512296413501 3.969027047079083
-26.027013614481280 6.902517885875389
28.538495395807058 36.929014763961355
-27.036228873470801 8.365039651713174
23.688872508424677 -8.977833728310708
13.263744506763455 25.697205693741342
27.407942290816585 35.127672344166264
12.942610880190514 19.513828486172685
49.789227349985154 -13.291500087547719
-12.046299647840071 -23.808749351758184
7.489057030309185 47.856382976535471
26.125252264105651 0.874693836581066
-4.510890943400289 4.755957450065886
-11.659910076416907 17.845576545770776
-37.938098264016375 -6.211842834677905
13.145411436969216 19.974117470909235
15.288703539586180 5.492313354474473
-4.137618651960886 4.809265807991159
-2.993387784317827 -11.440025748455968
-5.191372960214444 -25.626031362022587
44.263867720379615 35.717505313259281
-8.678676594459246 20.658004369248864
0.574776774297910 -23.041705771560906
9.038732867366084 15.600716320089948
15.348308956722498 -34.495495507206954
5.841693738335938 47.608849231461264
26.678998360523636 24.460222617754997
-22.560046098516889 -8.726971607575683
15.714371249628599 -12.972120152192813
4.648143345590554 10.173698124637475
-9.372138338709844 -28.469078045295081
-24.821797310343211 -24.265738788368704
26.457310471201811 11.129735742647446
20.399842927019062 -17.681304185683487
24.076624074740991 -14.044461218746797
-3.919728720951715 -39.544475634651441
19.338170245153027 14.454709823909841
-36.629643791628432 -51.686384910335136
-51.465163826760012 -1.074917037509996
-17.244380346053880 3.953572953924360
4.851062231540605 7.890571715250887
32.669283778157627 -37.986149307109628
-14.574918791551536 64.691120446460999
-10.525515734937734 -53.448432528542774
-12.391826224948657 29.898492550266468
-3.031494973374036 -4.283702034822960
-21.663937713242447 56.352772511403117
-22.164357139711282 43.699663759904098
-45.583580641530745 -16.448346908792352
13.617865036459667 -18.206593297308494
0.614330484804355 -9.624411194654474
-4.281794994998090 -6.615994942650209
38.970504334209956 -7.963467317941833
-37.600265083048072 15.930653484583184
3.069158777382785 2.377683939743949
-21.198929320117124 -34.528686818734201
28.995918066653708 -22.576145250259003
-5.804945139108094 6.387436503753912
-14.376908891987862 57.534179241452115
-13.914767804931730 -30.973403168667186
-17.776605263243646 -7.321413875090887
8.196532804323311 6.342950061799245
-16.128695985301611 9.594244248784271
22.224206521881939 -8.822753435525502
13.982308616434867 29.569417014539169
-14.117842991645814 -5.703832416645839
-28.720348946291992 -37.226189368568114
-19.288917893520658 -30.183787104776531
22.621121008765833 18.257012140725674
3.947511315651450 12.248136365508376
-3.541907372350300 32.383352554381489
-14.071571529396550 5.530532541808319
6.929309207306500 -32.419998456837938
24.309948986299087 -20.539712291622770
-7.908051537447941 8.691209930944643
-31.109221945948832 -11.976519807512524
-1.560086348160999 -16.015357561790506
10.851661811251631 -25.860217348191579
0.267232253477837 -1.611846959666594
-22.912470823515811 4.114971776537665
-9.501642557774383 34.708357527469069
-3.504422907478789 3.512036614251860
-17.996513016885736 16.581875505002508
-34.898135990057263 -21.232394854964536
3.274936393053940 -23.229812949159538
31.393649076847645 24.426707426558590
0.278327987662477 -34.705230255368626
14.000565742796239 -5.788525811006066
15.548994073794091 26.502380466733733
-38.336704664567058 44.561045212668986
19.563343719435252 21.394793350296890
25.408102909186553 4.558752955333455
36.999816280939633 42.865792500716957
-14.637306396240676 23.726431360280799
23.587659881870167 23.735645041588679
-4.856997833250134 -32.989840864066473
-27.912930190331984 -10.705659000483697
6.108660169724453 -39.361025262703812
50.342887872746722 -14.283663893022313
-12.689541498926358 -10.005678416953652
7.554708621186501 10.619716124266834
14.548160855406717 -6.543393491297126
-23.172335596921730 10.343787034688662
-8.891217888743046 -16.847916757682825
-49.084360695264422 -31.305409840827171
-12.066530736038253 5.448606099221660
-5.148210619812631 27.399272430775493
-13.631330868335469 -16.497364640431435
-9.980241722950909 14.571476846877498
-22.994058307192518 -26.265963563763062
14.704168088626027 -18.074023620997952
2.558839478416108 23.592851803689971
67.465658760764072 2.675933650632867
39.748432097130845 34.135375627190363
-8.888198768551813 20.698824291497679
6.978969616097376 -17.040550181493959
-31.109144613999892 -26.033505413368960
18.811542027979389 0.601323812514482
0.602733026164978 -16.576348445360399
17.979520828432506 -25.255793883001903
23.533821942394404 -66.070386500024426
-34.274696505198236 -18.595572416419667
10.134210789985541 -23.792357126725388
-14.332140415512299 -18.649845136404117
35.558771005901704 -2.262649609118678
-3.063222939533338 -4.551855859328280
31.349229357678315 -30.955174765482752
15.809227079160094 -23.016159630425332
19.437253502069360 -9.591254267145127
0.520668079657786 -37.121802730668620
-0.787290225615957 25.224216590109162
-34.440844666444889 -14.088016277924718
31.139096706931202 -19.021437676712132
41.451404354164247 76.645523409353970
-19.919341344645176 0.402610884771474
14.733151949167896 8.897792692859849
-0.479124754947488 -14.494996063538601
-6.318851696402433 18.474307218287723
13.527453716703892 8.540793068623644
43.147803747381708 11.781426485317292
-30.826792376342823 54.144469378735472
23.084961653676523 51.531348788824950
-19.400264718483189 -31.531800981766306
-27.994395605523216 -3.202344774737964
11.088696558306374 -12.545580994649898
-22.836795781681612 -5.756701895172393
-48.529754090023118 19.891183090505979
38.040909377668214 14.542502689942314
-33.874803452462629 28.279811348778551
38.178070851007185 -52.816851563661217
-27.521556602415917 30.392346250500218
6.398470817946747 -8.338615168994771
-55.583218502279571 17.427977634972027
23.648891097208693 24.024504809114259
-2.360699430054972 39.780430587602574
39.287216435391208 1.745224111597985
3.609037358092367 4.999754203109757
-13.768407203885920 -11.126792487535834
-34.101954954172278 -14.994470498090042
-17.025787845453525 -30.877053053745687
-33.891648623336472 5.168806505733220
48.534966127506038 10.263011674984197
-11.788510233875670 -15.155849405451475
14.648965336311839 35.545282376031423
14.945005931532185 -20.616495832148907
-14.203222416743404 -15.819711557376952
-12.064760267702983 -22.487292394024497
1.123452361004322 29.342323005454578
10.518383378919072 -9.424784271624262
-5.743226522856069 18.939840562338070
2.918192605110220 -20.557135919717830
36.254845366448073 -10.560746230725684
-26.495132920311274 39.803565424581485
-45.679549663555711 18.196558367824068
-27.719478741488675 -25.553258949956973
-46.723171972493482 -5.081358021597619
10.764105696143535 -15.668625370848583
8.655680958634633 -29.704891405483092
-7.011969221741459 -3.077542363745210
0.419836340708403 -22.627511129257311
-9.067692095634577 26.815807699008204
-59.227421654871776 6.224270245355386
-19.653425382553028 37.390686701577224
13.878277449388980 -48.273573142941508
-59.303738048651745 -25.902954529740516
17.905785742483420 6.544373662097868
15.968530080183323 3.017977069160021
-19.518390994183342 17.128909951609788
-19.805790982944387 -17.024827969927873
39.654629557269324 -0.215754403804980
59.271060509461932 -10.067022930860668
8.306116495715983 4.938074111658778
-15.231553197541214 17.695866149027317
-29.871089531696185 9.028152449055559
3.151290973557922 0.876824101582484
-7.742813252313683 -29.285679940651491
-3.210612039207626 9.352478233271004
-10.396292711918207 -7.413331885592941
54.229118729764934 22.627597484687822
-6.743647343527318 19.543315366573498
12.624067569550419 36.088585222198283
-37.849789305235177 -5.494246388497727
27.613399821478836 33.608517740365237
27.468564086839418 5.985907510121232
-14.873614395316688 13.901212765519672
23.103950668331020 1.095270804028182
-15.693679266787216 29.885078857318121
33.558163023191582 32.293013894834864
-7.158314019926380 -15.909309531186842
7.655948679579907 -26.496576293912618
-32.685521594504472 -48.218055778756430
14.884783157529073 23.597291053743980
14.435704780431735 2.391702137288815
-13.111092831925570 28.604662304236868
6.620198034150536 -21.341468827188461
14.439390750553187 -4.302085159547628
20.590210720516936 -19.077011912310567
13.521471591016414 -3.123099883600209
-25.413758134417943 -25.830391241593784
-11.450271555128994 -46.066424733984384
-28.840374644462127 11.981978207164639
-2.592303672556588 14.807584777606621
33.611690690150439 -7.558785664419103
-9.413766924787463 4.044118013795179
5.034899062986055 -4.191756089136504
48.757360197744092 -30.209790208992889
-51.225706506437568 7.595540546234545
27.860880292665172 4.289585410887942
-3.359631674788227 4.501634965533267
19.034045987358272 -4.988320513205544
4.495463921238266 -49.825348876297141
-12.187230805331764 -51.137128926278884
-26.196894284896793 7.294316470239868
40.350787723680305 31.683941667579401
1.483368368856534 -24.673846807416275
-3.865700581836638 0.983311914024226
-5.835586037240494 -47.245121305112626
-30.375709242544652 18.410860623261996
15.617795960195195 -6.748324111039762
-2.437238442206309 -10.457654121218717
21.534849278273832 -32.336276925580066
9.566211629569271 11.710080556731809
-26.736407820397385 -8.933870961111063
-9.738620327261591 4.961376660486287
-19.161516925097164 24.067759808181783
9.803668748101716 -34.738640206587114
-12.009587400432943 -17.694344014675785
12.640111795860030 64.763663623267973
-38.718989246898545 2.770682108610683
7.792310054498670 10.136803798134196
-7.730023408387606 -32.208228279325780
-10.570798653614386 -18.861481126171693
-23.595210856499563 -32.196657588694123
-5.880082130690798 -33.579437530367308
27.398856295830651 14.993059862738829
-30.436347010579134 -48.987380062865341
-6.674078853377258 10.562367632763324
8.972486972488575 -15.565737676078728
22.450425608465867 -1.382954932940535
-10.843854563032835 43.570440686703080
19.957408902474814 -27.726480324615324
9.430177805982444 -26.533487434685085
30.650031104920977 36.728334144532290
33.275570802773998 2.222536692297995
10.082890028218957 -44.556042171470850
34.907881599982431 -40.855365097258719
42.611907350906804 -63.729478390737363
14.838536765060324 -12.419469091339252
-20.466022124718943 -4.839186634319301
73.322236343436742 -13.516450868291212
17.065924583688460 57.187573689019061
33.527232901421279 -32.079585062790848
-10.751877892677662 16.800619127091259
24.001279376000610 -20.248046211053246
-8.431199567021789 -10.630512869468904
20.799189572972114 15.592702036611190
10.903984622171299 -14.829517555057494
33.236520819086010 -46.640601784225147
45.098553974433187 -32.012603600772778
8.811716888686242 59.371465111217702
23.280623169623734 -30.404523758074156
-0.032050028887417 23.058350531531186
-11.206254720624727 -14.249499572028510
-40.062449432713585 13.097231110021232
6.875083796978734 18.386035973001263
26.700044633456617 7.328051287728508
-12.475684435914371 -23.241351454553630
41.592584802291995 -15.435216530218069
34.115217293456134 20.335523721798381
-45.593207363936791 -25.787289559243771
-26.847747207390562 0.851383667588468
-6.288583645933288 16.366379129407129
17.783441240771776 2.206757612888090
-44.476194401611096 -6.455278796001093
16.081991269534722 13.547680846655405
-19.815040951301654 -24.363851147249434
-7.197365504885664 -27.198824434969538
19.542413821076501 25.250169987610825
37.340789502257969 -20.698336244548909
-30.495010517890019 -16.365708186220907
8.174831127644904 -37.731527989261572
2.806978998433023 9.148377767339857
4.767513445595216 -31.080396831726642
8.589464320502683 26.768501691286239
-31.189503020117343 45.934150813743564
17.693958001900651 32.201315895258688
2.764996505431514 -2.307834775874487
6.581884470959431 -8.073419173419541
-10.323699794473798 28.672122065761119
2.865395882185597 -21.381217588423315
-12.125163759581993 -2.831366491841938
16.524534002181539 -6.506071047045395
4.470757798682947 -3.585836008888966
-7.749897658067426 -19.720455853867985
-2.948199210085055 26.299874768739414
-3.964968966118404 19.020755554910288
62.875972278518411 -16.865024690098476
-2.842803625468598 -6.013475264945268
8.104714147807874 -11.611769807394289
-14.530767601604275 13.350593311816379
42.558583444194717 4.168424157061392
-12.929391022295778 -9.711842376535300
-6.660398434309500 -25.036807817167915
-50.090423315457052 13.211292145588548
15.475056644461995 12.911657714642153
51.812108511650884 -41.069871184951658
26.791586818661003 19.358981652481184
-31.389596005420096 -31.850309879432530
-8.050551651626160 -7.642647342694427
10.971572210434168 -30.922502099311064
-34.653713199552477 -8.454783067809450
-17.485287769938925 0.118826512630503
-12.222316394473113 46.403267936994880
9.584844304310083 23.367103134915478
-11.174227094326508 -25.436020184352323
4.817612025728864 -23.623855283017953
-32.635332452625896 3.482558674886973
1.177391084858799 -22.308411614173867
23.011602627908413 13.621026429842958
10.528357743139738 -32.754967376439282
32.252707189643665 0.847516277084448
21.269063506820533 -46.597580832787088
-17.925493155165476 -9.379891564990013
-21.983382435504190 -23.995075902524501
1.844586401353263 -1.931437490103340
8.383608437855393 32.117366747161654
18.519959134650513 -37.974055825216560
-32.041726824166439 -6.356175102102466
0.393586306037669 -15.455316163264062
0.744032305895412 36.923523821900744
15.038104251035124 5.814159655570376
34.081738015535869 3.684374462736212
0.094131058281747 -33.120040330403484
20.449381083362344 -29.961783147800816
-7.824338720564198 13.143880437599194
14.879976068415816 21.767755598985485
-7.499951377794746 -1.161817158171367
18.533720067701001 16.680128894970625
29.553691989500035 11.596994408542761
6.727724963618155 -4.630083683489281
-13.665635646971133 -2.194853665046534
22.812780326767264 -17.726430635806338
-1.975741282714855 -6.326296983785569
-30.230778036759570 17.109478057055863
47.770516191915078 -6.357393438657629
7.098514531952877 -32.738217960878494
-15.070614809264153 5.278494009480600
10.759011959883013 9.628629440258367
1.081011094090224 -18.040519798233138
-10.339434014514387 3.259145091598960
-23.135316110358204 -54.640804083144438
-16.393751890758551 -22.782402227105713
5.849903241942730 -18.184433484901987
9.332501252749777 -31.797303580091192
61.326456965970721 -17.917413618703204
19.214462934621228 3.314501092895900
49.637762751653476 1.698529696854475
38.695113702928865 -34.951471708697746
18.100427343560671 -14.159213053480023
-26.765549727557278 -13.126668485213857
26.998391728713514 -30.824576322171353
12.363770192294243 -21.310200867567378
-22.204913299763483 0.580342082443068
2.462513859378701 27.353042924234870
-67.403570461706124 -13.289249760649088
6.556849211934920 9.766167952995660
-3.580279824529735 -0.980843594869518
-14.736419145098832 -3.622603872823527
14.834484395553519 -11.646561198586408
15.425847000759193 20.646778253767010
-21.514001251566889 -4.512592975112556
-20.999942150148264 -14.131858776518531
-3.074975578580952 -8.197571673643797
-1.210960529548850 1.467447800276380
-29.089057904435077 -49.536840079569664
4.299316489239518 14.437762417182219
11.254828178077231 35.401818159551830
-0.985040383771689 6.699645790660540
19.854084167154895 -3.708398931166000
2.193741932002473 18.533775848307041
24.523152072517970 -26.921779351618760
8.412420839966934 -33.165981607770050
5.777628053185786 -50.453255722537442
6.924095436685541 -37.554205355877990
4.222412231237234 23.305148016713567
1.432281554925853 27.610366363902845
-34.638501005960514 -0.766810594073203
25.197479759870813 -17.773635513215567
38.618195212659934 -9.563218530314925
-0.698213440787451 8.845210889150735
-19.257236879410996 -16.995080113839041
-28.610891558900313 33.939448882399319
14.027947172073338 2.573434716122452
-15.400311361705795 -31.407607297288003
4.911548681531777 -24.889548732022547
13.635460579459515 -21.773335350267391
0.766436581123754 -21.623954567974710
12.422802603745529 34.069513400719252
-13.740340526419589 13.336490450062742
2.228100366194536 -34.785341503451654
38.460397417561879 2.612734722155900
12.573129756999299 -10.264075286435954
27.587295576360262 -29.262130185231594
0.725525128293375 -8.103926848181247
-44.404276114489988 26.393326600081902
-43.965787101217551 -11.484240007983050
-80.992768694354197 -2.189227545563186
46.367934853479902 3.022859189335956
29.466370235191565 -21.322706639098136
-3.678921221089125 -15.468905881372683
50.243893072867849 6.796726467790050
25.623281514414955 29.386804782529889
15.722739971198576 34.595440314889736
13.904292992851889 1.869785073734361
-0.885631655781162 -5.532632934215775
11.225104751155822 -6.035515411530076
-43.280555782716590 7.297958463285679
17.535810544744688 24.701997689147387
21.507209923244666 -22.611442526480136
-22.499842883245027 3.068397649828446
17.816325432738171 16.890190159179912
27.269747268820748 -28.526161854476708
-19.283366896377807 -0.732806992410549
6.941974576612470 -14.798515526591720
21.894912729254038 -19.714397135715448
8.928607531392583 37.770444573870250
1.499660929263219 -9.339195635755178
0.329846090276234 22.951425490153113
-10.030117812605409 11.912157455816677
-12.918431043239131 26.556725061049594
2.900545132599113 -18.395373956871712
-6.420130206725944 3.149030732832899
28.244440275169794 37.553267043769118
-14.248596032521698 -17.479131328132908
-23.673163900153636 -31.660329223309681
8.983852165312081 17.878270950340436
46.534683571569886 1.781590629574131
12.958108561090622 -5.077606551483441
-12.492659018175452 -17.690600800048614
17.402792108394213 22.745120779820482
3.053952024317128 -47.508637113695563
-30.030514936240959 4.337973262229358
37.352791788331771 -53.121628476139172
22.568785401883691 35.001236191858681
12.792773037732044 -14.524447216429957
-19.787680810302675 -23.307965997253032
0.952408578674956 -1.107065694228765
22.585424922340334 10.415654500763868
-18.856259347573413 36.909700016607765
33.976785484313801 3.043166373682038
-0.606053323218143 24.922870553508613
50.692581436556338 -34.027478279711111
5.783503065792457 -22.345642405169578
-2.177393476094397 -6.899799600449944
-15.086963716169299 -40.392594453776191
-7.853954318112539 -17.985886150964934
18.744105849748134 -7.825977510753813
-4.060311188611008 -18.548033819861558
21.294216254189319 -21.162519842037934
-6.421431746566715 -4.909090488624869
-4.919416097084423 1.492333842673865
12.710701887185810 -10.611421847290288
-42.468689838408508 -1.185220353652282
-6.119541674421050 4.797417079055236
-26.160474133788856 26.143599815523597
-4.233761175882127 11.931193569940643
6.943339517191101 14.214151304287437
16.074683289543298 -20.390719597559919
-5.493325391620877 -1.663881003259375
49.815691755624044 0.904102903525402
26.589080653015760 9.695265665708376
10.141075443343892 -11.607939525433929
-5.415595853933178 14.395377882079449
41.129269113275271 7.932063336647817
21.074687624038710 4.438177688707665
-6.992433772046131 -8.761183756361008
-26.413332798243534 7.275222750295155
11.834545074222193 32.499025749428732
-10.341873987254946 -41.106914224306458
1.346913673689882 -13.624848076241907
-24.042364562169130 10.707697958792670
0.688347046335929 26.494745813435742
3.173529282197575 -24.334062934141052
1.076425952630251 -14.719267244531173
5.208606902486678 13.192341214576418
-5.480163164939023 -39.010454402116444
-3.182505896687655 -6.140175435533044
-11.927611364309442 -44.110951799325782
-12.502781566356296 24.483884023671340
-21.861854448925612 28.872726441023566
7.402655635405139 18.209305638681091
-7.919641096485090 60.567250001557262
-13.036531520642777 -47.279833615070956
18.183662461007156 20.647593401790399
32.780828223085209 19.301005324590701
-0.216353502469362 2.926901751937042
-12.791928252348857 19.316189250991293
67.292849139026515 -20.429332576537828
-15.824666623876491 -4.077997762310142
-27.233048640710550 12.690740944769114
1.543434643776779 -11.803105177470160
41.992451658912039 5.582536257915493
-17.702086460397243 10.993131089729919
-6.404754834724857 41.352846188752537
-22.594991436307311 34.373830857589695
-23.250756630827023 -16.817970962328662
-32.662976437072473 31.629979888619658
-30.151932626003322 -19.032006081319576
-19.894771292973694 -24.774392381524663
26.576966023805415 26.017930406736252
-51.077324973800010 -25.775639049313114
-62.275997444363107 -22.295135846762673
21.899979292266298 7.915592419887945
47.312019828544422 -21.290854574678072
32.180576901004258 0.761154845168615
-11.425273130769410 -45.541958928594212
27.119433129142731 -51.929054128407728
-6.514408009934400 -9.979061988706283
5.202569918368964 -17.342082340425492
14.342439407132449 2.382924756313504
-16.285990886656943 10.077428546115712
-11.240577092171979 -13.926538969338587
41.086357463160908 27.637852284287522
13.371220539991855 36.806514759409318
29.382572382097532 38.514617013732035
-4.886339966036221 19.690475129058626
14.721898120546857 3.179787372835367
-32.913124970147152 -40.889903810994760
-26.329472138891710 19.763413181644946
42.351687249945527 3.347233550273900
3.125762148798044 4.069205617902002
-1.332021295548273 56.196916375087163
-5.095684233834334 -67.844263493325343
2.074579885086603 -1.049875317995967
-44.040718947728742 5.577871425096718
-12.857635056114042 20.892548456338460
-12.176718008767095 -14.897596436931853
-28.966296520340173 -14.682002784606276
50.605121376347185 8.973513470557261
-20.626479561729049 -5.406752142889304
-1.526797743292780 -21.472174319025434
6.139838890928694 21.242569362124467
-4.666191468796465 0.451491808778833
10.945871756101853 -5.228785007461862
12.366109154814591 2.603780322164615
-6.557563319605216 -23.297905643987512
26.190785411636032 -18.509768662465746
1.869128557083765 -14.932354357405814
0.887041906427881 -30.193178803401722
27.700804866304892 43.353356630018354
1.099677261126583 29.850614733840484
-12.727665903841885 -7.797986802114924
10.924594791840372 3.195012565179280
5.714875131013041 -28.512140575259401
16.010405460662671 27.894524518100752
0.155760787054625 -5.662503182313143
-10.846925577861057 18.152922028511870
-30.759462334366749 -1.677983291623407
32.801817292989853 32.117973524977202
35.867965554462423 -11.735235233124754
4.246176535025495 -23.854376405274827
-17.488761089277357 -37.150979813801641
-28.278779647701217 36.676250576140923
-23.289722420497441 -3.721731059848315
37.763746004733903 -36.673611917047054
-21.669777414150662 52.768271628861562
22.946113710652078 2.804661375120791
3.159723813466802 32.661627013243368
-4.550355743038772 -48.812659279152619
3.063211625216316 -2.533173805333437
-33.006722522682928 12.379746819189641
-3.115090457033144 -7.970932518504611
0.011711785859381 -19.318494567456209
1.441656523116296 20.017885451215964
10.245104332034904 10.858982438941350
-4.817079935862126 -42.871175325228620
7.291875926932097 24.323043706191701
-7.336940832183390 23.550550902745229
22.781795111518964 33.418154383478765
3.026463202954169 36.682834158729776
-83.373725689616705 -16.623696307116681
-1.424120993720162 20.958991489914258
-39.553574544612331 -5.232856351843957
14.743699127690574 -3.207638474289212
-13.517222768918568 -55.659094158126088
-0.889805230404093 17.729689450881082
-23.537014859840252 -15.808052516443215
-20.514708818089357 -6.347920611089948
11.439333561869102 17.260774204607518
-1.431431595472911 7.000787442965438
-8.238378064062022 2.653049760955192
-41.397471874225737 -26.279186564112525
26.358773129865167 -22.468368566702033
-36.185939914648152 -12.102065760857629
-34.491237034673695 52.523278013072236
-2.624369197184213 11.315640453447362
23.353141722101146 -29.603510727369333
4.038438002072964 -41.035531806509198
-15.774690536838568 -16.419547998677633
-2.180284800927113 -34.060901083668348
7.415977172553102 9.263902960816063
-21.635269242475992 64.119067819355294
5.784063646412255 36.804732507608279
-31.308658443011669 30.722383304940326
0.028154303698983 -9.700142390741780
20.545922600793940 -52.372420079912906
-23.530370796752823 31.797277713922423
56.676002051018813 41.261934781353361
-22.185742426699694 26.644782639135563
12.187665838772103 -28.294942109902021
45.920922469035020 -49.944366478036464
-38.371651266988870 -36.903982538988558
-8.384625771520405 -41.654983310831184
-37.421618784714624 -9.971958760674729
-9.302758937640586 9.836300325657119
-1.845844222012570 -14.238790951564626
-30.014242379251144 -9.050920216560728
28.804571537676484 -10.614928136686274
-8.940636426507560 -24.554168894556806
9.485112459197532 -9.867390381183974
6.693631745446402 -4.181873258151330
-26.973908197674213 -15.455278864524317
1.704366610356027 5.409920294352682
0.741959226447033 -14.709800652973025
21.962861063510587 -30.250261893264774
11.585908784908048 6.233528374505130
-1.084672146779837 -19.643536796901991
-21.744799868900081 28.691640481443770
0.517065607670312 -6.533506114486705
-16.831241915622272 10.203536216569653
-6.739867361569434 3.189257810299940
-4.448304767773132 -19.892755408099987
-61.713133804163625 9.013577760808531
9.333650628357987 -22.973140489910229
-22.011515668369999 -7.335887595970618
-20.967498447230227 -4.738054276300892
-22.728974828996595 -5.363209735167943
-2.575507567371738 -67.584586726766986
24.496775741324051 5.597696396940703
-19.959113664374968 24.049684185004054
24.048701651000496 -41.994769312974981
36.724662588670896 0.813959863598868
-6.678204730373148 -33.594884730826379
-46.099728397470791 -1.337049354149431
-1.696585520838624 -11.025867913203458
-11.758753314109960 8.349790620154627
52.137387959547389 5.726584667293371
7.957840977496605 3.741732334404277
-15.198229668388112 -10.363044063037137
17.168968249786957 6.198257036140821
7.808239215577606 -4.508048695195088
-9.586402906483974 -36.689687713225155
-2.766904290562977 -17.286182147686823
-49.022972115085537 -6.782643816436583
-37.849888718650092 33.980832280052255
-11.420704722686187 12.342710479080718
8.540712023596733 -15.729881845010944
-1.011258438253355 -12.475136506727942
12.621812943858298 -2.737281550796967
-27.820398579184623 -12.079750632865183
-9.763899138372041 -4.372854908688547
-11.465976377668049 0.511554994027076
7.450885864593925 -19.669188657496033
-57.044302586934172 27.459754845376832
16.110453956312107 77.728904175971209
12.306299401923633 -13.864367243641633
13.506126361311447 -12.198790148987118
-19.980852393665671 -33.247095137093176
-32.724641222629472 -18.443395089605300
-31.722320696177452 39.504962672840477
10.064451673834443 -4.172496491676876
14.037756781790641 -21.771786143083620
5.794519324588344 0.709579773244244
-15.485268472945478 41.039794129699999
-17.536502112866458 -1.528988104494642
-8.175444403266308 -9.666078461448560
6.608575341274300 7.271267696349272
-18.344762270297768 -16.896071046825085
-24.936219428579264 21.907138936634500
-19.894820231814609 -15.186439523004799
-3.074720856971120 -8.440262227153518
3.374949570642201 6.757756668209896
16.062066628735021 13.567768320759896
-6.963969318534137 4.211546704623565
-11.875742019139160 -20.300104419904908
10.796487455471361 -1.052242805294666
-1.624864356543750 -18.817577670349632
29.265731301469494 -34.356265368877843
-13.293109037685278 -18.758790051337666
-30.718196219517257 9.022668650920368
-25.092582912562190 -36.532859694526799
-6.660896623071354 -3.621654993900019
41.339720518543267 -5.068182060360432
38.861278670164204 19.824177126751049
18.000325484170276 -21.009679621496254
39.888263267649130 36.100721758212089
7.541968262148107 22.860560266715371
-2.798650281464294 -12.596542473120506
-44.172921363495249 8.729762750317922
-23.720185118993317 -23.431995281516510
-38.353575119703116 -9.565415069518725
-20.810402565559123 5.737220670475939
26.216703356723428 -47.910254490194234
5.052344068291013 -2.578454719814409
26.885606645266339 -0.832996063012193
-9.160410650314597 -7.567197882708096
-2.302681891692227 -2.605117093450863
-13.901341644702994 30.780925120096537
-2.571170328419675 2.295803942992406
-5.080680551183571 -20.303362646618289
-2.329891678796653 10.548411411417101
42.050180666179536 19.679095315952903
31.997562487647826 46.308563181685400
25.298831304789164 53.576484205989807
-3.522874357999045 -35.638997123270741
12.649930285657600 21.434699105242441
-49.618376991234115 -37.503549216283865
48.820382041113014 20.465448867836308
17.230361275287500 28.360481439564662
-5.941246885127592 15.161954569447184
-1.531277702953305 55.963690861168431
-22.622387322494930 -6.027718024707165
-18.695593295687274 3.187801946440337
-34.499710752514055 -4.992079173979103
-21.959537076152902 3.279168801281717
-38.473578562864795 10.506291859716260
-3.343996062416360 5.982886492841335
19.027898649301502 -41.828147951580227
-32.770657713588918 50.169992463046825
36.210099195609622 0.076301701834051
44.112130968316599 -35.892074077595538
31.997105133527466 -37.916052899073108
1.342920212411191 -26.543875706314623
-26.492542992166442 13.745723056456050
27.610187618681987 -16.383569189082817
31.923383131744515 13.029443761459733
-4.676413127754760 -30.022460421236854
8.983704000009933 29.775721806584020
10.866996303589801 -27.300602324755491
32.276320662284903 8.140603188614365
-8.377414340989299 20.927685022811861
2.339076336038197 10.304179031721915
21.589239694063938 -2.972522609798874
-15.224743603782054 -29.448248326456518
20.683265698622588 -1.107157604115491
-20.901865016256497 -16.643794539012134
4.283360982272293 24.003264421915500
8.090030574007857 -0.006922567659317
1.864938776900870 -36.067988910895842
14.011388215733119 22.397420576978281
6.067736481970970 8.757975761447646
38.458141246026443 -48.775505088887392
-44.727511646352141 12.937557201800983
-13.050200850606984 3.206109076488225
4.748197323751076 -8.066690214606691
-10.962147077090879 -14.622011318313589
13.491609410505600 20.453211407040921
-46.477702636800117 -3.887425334228781
27.926731584533147 -7.875513924996561
40.293322545830200 -17.225529071132105
-16.085594771630667 37.584747760621447
-3.100991529003603 -26.525372776064216
-28.727989385756391 -25.870913132979073
-16.399725238632954 6.138965351852939
18.059044557036994 32.623511758267355
-55.041816714172150 17.300443788863518
29.659488960937466 30.368498317891682
-4.482036728614391 26.997133769312267
12.852364318528695 18.016243075724425
18.373233320479120 -27.725661819860566
24.762975564295562 -21.173124110172434
22.345993860556870 5.828830674742662
-28.052915518097276 28.110493069150053
-6.469260184481771 13.245116726145657
-5.585960810356671 -0.930135343731526
16.397910124402387 -46.109924462463859
9.358712628763065 -12.863464378216738
31.769684249869254 28.837649954020229
17.271282941479754 -43.467558127604292
52.230414192660596 -34.662885603572505
11.170963695894132 -16.826973662442949
-17.434298180425522 -65.500857080133898
-0.392958269890677 28.163174128288201
17.755629585933235 -22.798397402682248
-6.808858327715559 49.764835884121013
14.495202249408413 26.262736486473827
-6.600063765580295 -32.608970625290340
1.093954385201113 -53.774513909875708
12.458405351573626 -19.245425386058329
-13.587580193278574 -38.076652702844697
44.475013023980551 29.841648563111537
-14.484464395602835 24.050406852623844
-38.356597206247521 21.072831579633693
-13.746969081524897 -30.202684866796275
20.058264022898872 -8.866359029243219
-9.228896155674903 8.116269807677330
-23.702217457807855 -6.719783751862648
-12.372901719069926 -2.963263925944688
-5.653118271506228 14.683921984587370
-39.090843906235492 -3.119042749884020
5.805668824846208 12.312708622604410
-0.165434160035155 43.559006267082644
-31.857134292381613 -15.820410179289766
32.879152371524746 -6.789983820142739
15.257890222184338 4.428750829780175
19.555503004477572 -48.372477945502169
-39.582644584026298 31.434978567154811
36.798143355300027 -20.900768583757976
-29.850390842824503 -31.919735043583728
-45.827446508947261 -40.439756615374172
29.996753714896155 15.715181583574291
-25.494358825068911 24.754607676956681
-9.451943698205509 20.111822406464189
-7.840667454233791 13.628564270548710
14.397167651659311 -7.847265423711232
42.430023777095940 7.653509548603221
36.558074060355530 -8.203377259953195
20.914824094492069 -39.204788770858521
12.504155676822755 6.967574106507797
11.641356912796203 -32.201817872140793
-40.276048069446269 18.346959759418578
18.398840861354667 31.249077152704476
36.014648138601345 -20.642552892763177
1.011204238934436 -39.116434873093553
40.779041532570879 -6.144096018410297
-15.752446740467342 19.685075588546063
-19.095542393388115 8.555427310509216
-2.779248210982729 57.120327449552050
-8.954251944021104 20.602902604518160
32.167827501462405 -48.733972326531443
-27.719801626604898 3.445788303520139
48.272797774380287 -3.114381527400459
18.681660841649194 77.687652964046137
11.168968576009485 -4.857816305941096
22.871486672094797 21.491298089153883
2.265459196838754 32.055916886527569
-18.008215455912989 3.476970934874386
-25.316935447756009 15.996234006477120
-43.195240126289384 8.282732333373460
-3.483492943038634 11.654181866371514
-16.593160622385032 54.464105943548546
14.391000198504599 -15.202229564887745
1.562345627516088 0.416832394362983
-13.314019516242446 5.882128684706521
-78.540337477684432 -1.479939901174973
52.479007932406169 10.907980119928695
-16.295825260936216 6.796059077157129
-23.774756414051144 -1.289964533858251
-5.916134987817281 -5.091086176351679
-12.635565088582304 -14.957277009438288
-4.518323542615745 -10.316363347293246
-9.866084248916838 -42.419397373188986
-21.118818933174207 -2.537776011614291
-4.793617400901611 22.435523761347820
38.617712224379858 -13.789386684778481
16.727080203579334 -24.982425030937318
-46.315218534931788 50.534627557904734
-4.208620012750932 -0.280050994593034
-0.529559312461743 35.527116063502802
16.390541800555535 -55.179058675580734
28.044697598609410 -2.918496581640589
-18.171016475275390 -42.143827341450304
52.133758244938086 -56.125639375228474
6.824673933181108 -13.716286627906594
-4.629890859602980 0.586821598194933
-31.995710030476403 -15.556145691177834
10.869100469058735 -49.942452537274860
24.135165393147009 -17.942243764596871
7.738613863171989 4.078442366495246
28.753308160986144 63.477989374653397
-37.199764799000150 14.499251317256334
-21.495870395062511 24.631138840177581
51.908289712816924 11.440929952133688
9.194284918561966 -42.540772393486300
-37.959845807004790 -16.121413883206504
19.874416721742694 6.468398642863715
-21.308665415617682 -0.867759837583876
0.787263918223984 -26.603560166116250
18.807730057275311 13.110444277612197
39.889862078566196 -24.394774025263814
28.562109208150950 -10.794401204249001
-4.885361757138878 -11.683994468726659
21.418502223926630 6.584356949905906
-32.770054696234183 9.970314225276052
-18.084458098976633 17.679765278751212
-8.688280115033672 -34.429956308257225
-40.319202049443469 65.250585598679507
-6.689887113693951 27.201948558502789
-10.019418960685718 11.452246578507697
-3.000255706224305 33.171892104542728
-42.072865563400505 -17.389841407473106
-31.331625055025768 -4.730441860372418
-18.881885946085426 -6.287571927251350
-47.118734222248165 60.472310212291809
-16.063003057303124 -27.932182552589666
-13.042817797412644 15.508987472661582
10.374763834422575 13.990988253935125
-13.159072081791686 31.817610313611350
48.948294399052983 17.339068439190417
-53.873901022904157 -9.067111384640544
15.486860836489974 -1.675904990507339
11.416754614613538 46.464910263426106
-15.701539571066254 5.769771363276660
-18.264952431410872 -41.107722349102090
13.112596219513392 -32.369738423005330
13.312724669100955 2.465717468291705
-10.941378602798661 3.017541117190655
-2.110788386863349 -31.156065629081741
-42.133064825308992 11.412417508132654
25.435240736165124 28.920786268271499
8.670074180186221 -13.979922071329128
5.839754342388722 -14.357467160815547
-43.305894181111896 -21.489128157724277
5.756863532239782 -34.624994648165043
21.537852694641643 14.401715272500555
-15.141486323258306 29.020220177018604
6.791408283738453 -72.572499518812577
-20.931819450020246 -41.803051244704292
21.851623040038223 -3.399224601254537
-51.264744450478616 7.141347092694564
19.560562837714105 -23.375526346793741
-1.437390062213332 25.138702050317018
15.464377232211644 12.282797582286983
-15.035393218067989 53.840839198397106
25.132471946501177 6.151005326179670
0.739723673301658 6.455714502885187
-4.133186259205101 -18.606377853795976
-5.280285633174267 8.320764201968922
-33.929852666535098 -21.738732377780750
-58.362422563034961 11.296871993208931
-19.109779393231172 85.299124274852005
-3.922338186802679 2.938444031643349
20.361777423022232 19.666185945704328
-43.791647534631522 4.899192689657843
25.054246781586802 -12.942438688832958
-24.511849979951734 6.216445334864074
28.899344601208941 2.873641903066881
-0.098384314440428 -26.733701379515779
48.794855698724845 21.767807653608045
18.718695862308088 15.707776224956948
-16.733107837157768 24.537548575230947
19.012664875643452 38.282289996348609
28.597064488900248 -17.140394522061040
-58.428288300073362 5.507119116685320
6.073244616331737 -4.720251130096831
-11.847395391578049 18.873375436564231
-22.132545345066479 8.198598266472594
-7.611475269811752 2.389047786413396
23.336267647415589 11.946402627840223
-9.064852851334033 -10.234184170318301
-12.873440014071194 7.569451276855092
-7.908411252323224 -3.972417019154015
15.183165765239675 24.699064657462888
-10.747168099475033 8.636575954434859
43.805834208639290 5.538696353195542
-9.614800703630184 28.073800466429162
-23.539316097505683 -0.370714424766689
18.029030457888556 -17.211288702267208
39.639712615292375 -11.922626845029892
9.487636246133368 13.981964179600865
-20.807287975468121 -21.595688821389924
-4.768391552099044 19.046932926506148
-28.141175438502611 -15.336424601811864
-21.925670196988953 -7.445573669852402
48.535974538468317 4.204638384535274
-5.193360659805061 9.196402563300339
16.893295195651344 -6.468775730050686
14.165030518802286 11.320100527376091
-2.456086798364642 22.625797063821206
-19.694066244631838 -6.232782261777833
39.434427515721040 -14.602945517114543
-31.852119387625429 25.036028835572040
25.763294375649245 14.038103229378216
-39.145277172011461 -36.422390574243764
33.881065025145766 43.952478619779562
-41.752646547193862 -1.560385302287872
22.504425008131793 7.472650894145647
-24.158667766244417 1.927018043076316
-14.050924574739623 35.192446222207458
18.050977631433838 2.022979783276229
-9.157925027965936 33.272166212786779
27.166405942843983 -16.633601134406153
-9.865623204048930 63.533055367060051
45.714894537192514 -10.987971937650705
26.042493735875127 -49.129170358573830
-13.454093209828839 29.591986564657727
-19.472031294711257 6.594170780461202
28.630107514035135 -16.814772094412458
-34.960706255593685 -41.868781925835393
-16.503627300074452 -2.887426111199446
17.106872825838025 -8.882017633096392
-1.426020946123100 -32.211650453343246
-8.508404599790982 -8.323376920186147
-11.545333604952676 21.459985657292854
-30.733396543938234 40.415255400943423
0.804075235800871 16.057384789810449
10.017455602468482 13.057145734662257
-27.529864192635181 -30.699105388714269
4.563100550141783 4.083702624964181
14.163442288042098 31.305949577867739
31.544495605050951 -12.611166367756780
-16.420131677274057 -1.565988314931486
54.523140979927142 48.672975486835810
-5.681390971834815 -9.777050139762018
-6.498469306203280 17.187789406533362
-0.265086241462707 -5.311624020034236
-12.005313265353314 -8.128095844863456
-3.742199943040832 11.704983895606034
-9.029484823798468 14.335791027792734
-6.762635131897689 29.503384118080319
-37.605884302867743 -0.755425232201704
30.517092335939179 14.301862773208466
-20.172153861339197 -45.425139835990230
18.104343133742017 -34.125538425637295
-6.506427569384464 20.246747976878439
-11.690665614799023 -0.091323099433846
1.270583830859370 -28.019434776363184
38.428740268625837 -9.993552471032032
-18.625062044324395 -11.653366109841160
-10.301497965324003 10.208283633817667
-16.667667131683682 -7.254813849388431
-39.282149403680116 43.637063413069868
-52.028500996604969 27.404082010588745
-17.351398508022012 -52.508374733114664
-6.641565598857194 -12.211600540750553
4.354763574964748 13.556269353604133
-17.954658955746467 -4.101159212612916
-9.909249169361082 34.408074465641462
40.541178429464189 24.235384381240991
-1.292844076702313 -2.988161902249162
36.158342407791380 45.118581474860250
51.759083148247754 41.681539168796142
32.029559031921487 -59.146913474463155
5.908294937338601 2.487154091463573
6.655870741756273 21.982745397205655
4.062263190597593 -9.451966486877291
-11.331201981708404 11.807890473980898
22.175741518120486 -13.759559172213212
-1.706206857015362 -2.733426394959555
-12.674771201899915 -18.574419361340873
-44.569665278646106 -24.568748099881059
30.969874363336363 28.958512403813710
-4.665070040776325 -4.427663658714279
-32.232266194307549 -57.122448262353565
43.994502856876132 -32.653955181682768
-10.909753416525545 -26.332541661570772
63.739940105449669 -7.517066555576079
29.241182744503092 -14.044910881426365
13.505428068603686 -37.161445848357026
25.645133759012577 33.473362134412859
3.093014792386656 -17.314980973211629
-17.774519289040818 30.265900696174128
-23.612244111936853 -5.406742880190424
12.483487041974612 21.478399320846400
-3.646970040623445 -4.361906723106904
23.494925465424025 16.447180460017119
25.631597777770896 -11.579943187770679
37.684649594359122 16.272762394845451
2.333396524767112 39.294887476998433
-2.977063502767288 -12.644734773166494
-0.198995088163078 -47.617570148722216
-13.973379030911433 4.239271336792938
-17.133617556144486 43.401076479332296
-19.761218275203102 -19.994706700437092
24.668637230481718 8.407611478409379
-12.790170541614097 30.891977562394917
10.422144330033316 -36.915971821881598
-20.327304401786549 2.236122956733751
-38.244092318883922 24.775695294479437
10.509038678108372 16.090273377277882
-50.427009870065312 19.182883195632837
-9.421595339531914 -6.885086233026764
-18.453004693097512 -40.997304374963200
-15.724500306265542 -20.809262937910042
58.433801227303434 -16.379055698747070
-25.377783086880218 -41.434253226805112
1.612614058933216 4.908423884818893
25.846315136655665 11.733030578941554
11.698360847446700 57.029981566451532
11.728967118491109 -30.159486398572579
-6.095655065482648 11.428323368918846
13.539962122737469 7.403358015698584
66.144952418607460 -11.943847235008176
-7.826779634134631 -74.092239642803193
17.254555068089829 29.714805889651334
7.179430067254409 -20.911816367366661
14.924800584229402 21.791578860999518
36.887456403096571 8.110513827474428
-17.921963912981546 -51.824836380122662
-33.229181864685017 25.385756459266876
32.962258260551586 -40.590812607290445
26.149700261895948 30.932916086930526
0.290826651238773 9.195820030824169
25.224329264720133 40.681149421261253
-37.783164397125702 23.980115538366576
35.235583819845381 21.183304933867554
16.962931071485421 5.824454667289104
-7.151488220698482 -13.559077872616230
-24.666738214315536 -58.408738247188509
20.813467621831322 -17.623633123363856
-29.398187318758321 -37.238719366339325
-12.429785232582523 -20.372501239443348
4.881646817447769 8.125274892265978
-20.136370214296527 45.927183019410251
2.070978000525819 17.719111608703301
-21.141657710772925 2.936745383713380
-17.270891316568669 2.001135353517977
33.350011727743812 -29.507427158615453
14.688117902771681 -12.168321796346424
-13.878448915996792 -23.487173214050014
4.395622034075262 -34.134523695064743
