0.000000000000000 0.000000000000000
0.000000000000000 0.000000000000000
13.904852472724254 0.000000000000000
-6.634311104195190 0.000000000000000
40.854511921766338 0.000000000000000
30.891818527086233 0.000000000000000
23.230618724446082 0.000000000000000
-96.208014176452465 0.000000000000000
26.856609972660657 0.000000000000000
-10.572256772589638 0.000000000000000
28.377267667267954 0.000000000000000
19.338913130448088 0.000000000000000
-41.520667724578885 0.000000000000000
-7.801487649130222 0.000000000000000
30.907459051130669 0.000000000000000
31.727125420653138 0.000000000000000
-34.643663192268093 0.000000000000000
-19.148705212147160 0.000000000000000
26.770868536605036 0.000000000000000
-27.684181443940165 0.000000000000000
11.016613149185771 0.000000000000000
-30.677386654144009 0.000000000000000
3.089009048639429 0.000000000000000
-7.373780174677871 0.000000000000000
-27.899263370277559 0.000000000000000
-2.851884870154032 0.000000000000000
-3.969774958708431 0.000000000000000
-11.369043421723864 0.000000000000000
23.942007498625799 0.000000000000000
-35.943574719580191 0.000000000000000
0.979136587675722 0.000000000000000
31.199421763301867 0.000000000000000
4.237161492132697 0.000000000000000
-17.366817509738830 0.000000000000000
-26.921337484709298 0.000000000000000
28.284632716964186 0.000000000000000
-10.622271198860640 0.000000000000000
-49.729151745505234 0.000000000000000
2.274306327964460 0.000000000000000
33.212202051884461 0.000000000000000
5.242303697275527 0.000000000000000
32.683702798233710 0.000000000000000
-41.549598899440532 0.000000000000000
123.317844530107450 0.000000000000000
-36.819262920718678 0.000000000000000
45.223145340776306 0.000000000000000
26.381239795273956 0.000000000000000
-16.703671827124484 0.000000000000000
-30.069081513055771 0.000000000000000
-56.770164093542675 0.000000000000000
29.152311055595295 0.000000000000000
0.000000000000000 0.000000000000000
-39.124814101171303 57.287990746377211
-31.406165825031756 -4.384976801822665
26.032493743312521 0.765892153924630
-22.067684768466993 23.918092776503450
-4.334221364983335 6.917528662032007
-34.897862088796046 -13.982651127846792
-3.630159909992572 -35.531326775167983
2.862963378588297 4.332447285661803
-3.558950716796419 17.966866011174528
29.633661742074477 3.266900593381192
-0.866642005527181 -5.610269141942501
-2.060262088108618 14.152371153165122
-4.999043750132333 -11.376187871661037
-22.077447783684963 -14.793194593152759
-6.235181484098294 39.752127343725881
24.978717748117216 -14.207190816206616
29.901348906285204 -1.597085602764160
-26.086398428012078 -15.315141590719151
9.259012816166001 30.647552605080996
-3.163363203673255 5.671068714024105
8.821333426044911 -13.061677629333307
-20.889136792080023 -42.155516907677942
4.127645294421931 8.594441812320909
29.483278086086322 -5.905470681318240
-12.523180230911541 -5.510038155222962
-14.366406700227078 6.853022793136081
-14.774069079972303 -6.228013048242865
22.747699796074830 -47.374089338031126
-5.033490083987100 29.694013887494741
24.659582795419333 -20.327430732802959
-13.126993245852383 19.799878240402471
14.520359590100592 16.763186123451113
-1.484894599784337 -2.528022679401753
-22.579662824036657 -4.118649287578321
7.520831475094711 0.802435273818977
24.193862872093138 37.440001824339291
0.521135618275904 28.632731597886011
11.885213389775233 -27.509772271095279
33.892043840447613 -1.525230684089168
0.912522695364561 3.329151590621291
6.635222862785083 44.774467092174312
-9.900017016369537 6.375717197849577
-4.956555859606144 45.665736936076286
11.611981099344195 -5.830395997851193
9.360559458230030 -21.293056319181904
33.940947425892560 17.566100117944021
-35.709487853308893 0.505650462916302
-0.648794211560227 -38.010937717703385
3.517936934833485 -57.463188612157722
-42.978613943064822 -19.639577518508041
-49.913038883750076 -18.226139744835184
2.619893971146730 -7.723967135616126
22.326735868101327 -17.102557187881967
-27.186822608194003 -4.403834949004610
-14.902174241336459 -12.424817975209216
-20.206397697756525 51.944946738683306
8.263319833665520 -22.082755338674065
12.960221780717333 -6.462435327414182
-14.827015630482460 -12.759305453286043
17.802878947094079 16.167080649706062
-6.255944668488389 -25.839423143169224
-12.280426547732807 32.707933384763415
-7.343155921679768 -27.618838550575585
21.692444197207355 -1.075388794624685
5.629882997804187 -47.555030692589000
-30.156662588413116 -0.040192209449055
14.281853140582065 17.315421453986687
-8.031109713258182 -34.125300283893623
-6.670388080265859 16.686293993967119
-10.956018063540791 35.637316841049376
-13.091009849261992 3.649499145425353
29.456593651653378 -0.265423131028512
-5.680795965977012 -3.100312453185427
-17.903334000603675 33.191358203383473
17.204461638435252 29.526848044774965
21.171709573955951 19.864353042170649
24.536940166419054 -17.489789275246856
-12.510124432890803 -28.793443182054645
-2.061827582702355 -0.900221641160876
15.569209654416563 10.349063886018573
1.137259619478706 -24.037029013727064
-17.678875071417920 -14.355588350947595
-31.608010097840943 -4.591193873400868
-0.672374601010256 -2.055023419578722
-0.655991532746133 -35.155231531879330
-7.623120874305479 27.539848664547584
-13.089066996422439 5.822171440887572
19.739127391686353 -17.888018261192858
0.415870970940247 5.319730059024086
33.754273386062714 -25.177525002977102
-57.764065399990102 6.184811786542908
-22.206903776987410 24.316640662514395
25.092610944137782 22.301731354634807
-15.536665762404100 8.634384082601171
-57.831792045935146 15.900160183235952
-27.935354670489684 14.711310337993242
5.780361275602352 26.408844286109659
40.310368955019122 -5.956817826859637
-9.049661953399506 5.640761081370600
13.184154579177848 1.209362659360931
41.489230080565278 -42.264188285925115
11.815171556926687 41.123459976064915
6.694086773891136 11.611315193317511
-19.899691125644889 -29.659313428813306
-1.526602767571380 -17.331152198708786
20.321159963481239 34.782683450084612
69.646792403477221 20.051641434472447
-22.019645152077530 0.112433692285243
-27.114673171543689 10.914185416201551
15.535011172295837 15.742909023673464
-32.077161220712021 -27.461815602090031
-3.261514089890059 -0.010305401753274
-19.426848436379359 3.111012039110289
-0.506787416187492 -7.809743151078823
-25.823936670746559 -0.934036171310302
37.570101860083760 39.116008853367170
-29.187335997899961 -15.970322458151834
-21.763686756880997 28.287747969461858
23.850115733124817 6.689491852562750
6.345202461913956 -13.296599137019033
35.160338294385916 -0.750478551588473
38.032140303288692 -9.394258181341579
-16.347835296069125 19.811752460325845
19.461359707002551 16.807633459079028
26.767351755914913 -11.889433479761934
-3.893326062893840 -19.242887721101912
3.016988900054474 -3.109963289817380
4.613892499829682 -44.742305972962470
-28.983199146299743 -7.347905209157131
18.132356324717691 -42.991601780643023
7.791485795678142 -12.072738995537769
-45.083010406494225 1.289003198934367
-16.320660885626534 20.713085363647043
1.383260843380261 34.148306460284822
38.449372650086964 43.415997670504680
11.614865497175082 -75.941925416008004
13.628543000021571 -29.493956703756901
-36.239997173976995 22.974284368080021
-14.611055137880681 -24.604193137632102
-42.900409545738121 -13.770837236296085
33.006474204080199 -26.673157923703759
12.249309014467235 -20.005266930938696
-39.828237957830815 20.282693398403023
7.470725926085424 10.451627482784186
-43.968130299724301 -4.249442942863562
-21.589240039404885 20.896976560927104
-32.064285429803057 -23.279178169421474
-6.592682850199179 78.836961874516533
-29.574392481889880 32.547776740971003
-6.939967445583821 -12.977195863671776
-4.802244769931896 -20.010806853200378
-4.038201400981894 -4.986224932648176
-13.776083186597008 -16.057148485669437
-16.049889715827415 11.476166687118129
27.841897247470449 15.412372160213410
-5.074356521756533 22.730566209091752
-16.045049126450380 8.068842695406495
-30.364780229997411 17.608651125229837
-10.471880251250569 5.103650854749555
-11.065486030342495 4.519930704582481
-50.050780747964737 2.591462827018016
16.952089833091783 11.142823292171295
-18.953532523770264 16.878983310449932
-17.278939785491232 -25.729223837682667
13.481843328162768 -9.410335465542037
8.752797594689225 -17.462978143343353
11.981253712038733 -5.801712443903639
-28.269627391119478 -8.934088327816921
34.006363224859925 3.723983570239412
-18.737242692432364 -30.466515152439886
18.565240627736053 -2.567042718558031
3.585636786013380 19.021244326725771
-39.782678593436785 -16.157185784765392
13.088177278990193 4.383142442914238
-39.797306415400378 -9.307933990725985
-11.489311183334252 8.797859350439968
8.996833802403263 27.067933305078085
-10.329702217708725 31.732005394366244
39.977206801457520 5.867471855466386
6.483491715156099 -4.849647880371783
-25.143912176297420 -16.101129483618653
5.704300132647820 -0.014172173811006
-21.920655356975345 27.838006611123070
0.225992340876179 58.291192509738558
29.518862638818192 26.643984470525325
6.469997087019300 -14.799121086101234
7.073376190450810 -31.717551852802593
-17.328374853234756 -1.845749462520314
-10.452823830827622 11.085093361577993
-14.692792718519122 -13.155512919149540
-8.667503223343537 -19.153373514850518
-37.148680797782916 12.872651032492659
18.103807126387707 5.540637064113045
24.292955532701885 -32.981613267237073
29.803653835870790 -15.480123577279700
3.191915019484189 18.002724835727399
0.843737233651333 4.916424168361677
-3.655392359366398 3.578679493160329
14.226149781330658 -0.700329109258640
-19.802856198194885 -9.920426050154578
71.426185271548121 -11.149061881708953
-10.169307953961814 33.033259339415224
-3.876459506648664 -21.210385609463632
-7.329192413163694 -14.930717269876254
-6.130325865821558 -23.755733574716956
27.706823391142240 2.711560086658820
20.213770092727213 29.088193678633704
17.088652179146358 -3.553939857281415
21.790220858537715 15.394690815728747
27.628656030916179 6.679736702063260
9.373766279262510 9.581427203529691
-0.544456339031363 -0.092304740676062
12.404825043773045 -17.774927389454586
28.746710115679072 2.844152804710264
1.803688524477025 -10.502329958864014
37.452955850121086 -8.510692344735624
5.446011169871760 -8.262031607283667
1.286247852007123 18.353602236006640
-7.018982589277809 -4.075889988300436
15.868939892342068 17.653214556122478
-21.592036741841742 -6.256128904004051
-13.120209752445588 -12.323171247658376
-18.168420525373200 0.760963914461874
49.623854021807681 -38.864828018386532
-42.594188722529779 6.153426208816732
-2.106342305650057 8.527738635911247
-43.382979031373409 -8.583894963264839
25.193176184661539 -31.728253859131396
-19.239504929580281 -14.622448248640147
16.796434396859148 -28.884118490020352
-6.358519998447607 9.218680931253278
-60.468563870643074 0.284976249858323
-16.899169151862640 -26.436339594374466
35.863167537501106 35.067939267869519
0.535939258847684 -37.570984807958268
-11.117355367643835 -35.356312222107967
14.275543512937404 -16.852700880869673
-61.089030003593166 -13.967967917729485
6.613102123531236 -32.391763308215261
3.656381684788481 -1.550558314045709
-11.870271848122480 8.798287475979162
2.247736158167162 11.494853239067611
-31.042948843054567 19.318821036689819
-19.958892211396261 36.004409280809050
23.913633563900142 -9.857811571028151
36.148122961984640 20.510537684698377
-14.468618196679534 45.564127401141789
12.087561123848587 2.772579621130079
-9.449605456203864 11.052223037067554
30.560117707787310 3.781028271589833
-19.774902812556892 -2.220457284042747
-30.649754416531174 5.640796112946306
16.859350623327675 -10.011616831679428
-7.278735379478699 -15.312303347620535
31.063564538452191 16.402320513349014
1.531196690177743 -0.313575895306041
18.802726044473570 -6.090569454673486
13.396051129480377 19.547191611702630
44.786827895914925 -4.783418818677409
-21.150070663858067 12.067503863574430
20.056203757533449 30.978242146328750
-0.327189320706806 -4.506110070417207
-30.907571746826310 -38.528694753741263
-8.310292733266735 15.106573199459367
20.825222516274209 24.462187798375492
16.996520258105093 -1.207411026464871
-52.883582974348649 1.952793679206966
-13.980898367237776 -11.345800663085116
4.348159850413946 -43.163428917008787
-11.565315180960720 11.245522018500344
15.505312337712102 -38.589832718991246
44.229005026129698 17.805882823700212
6.209174253394029 33.290812144733316
-4.807318094236344 28.256616546833225
0.008732509900386 6.352129369133301
38.587492328540321 -51.786670005876587
12.931499792603271 20.882927475256498
-61.782144905917846 -29.272196270697250
-8.113171351203187 -20.860849553380497
18.679582269889021 26.216828556173269
-35.821813438850299 27.614004101651211
-25.123019006772779 8.941674600868463
19.239899566954097 23.123080669117961
46.549658093482940 -18.177346092137331
-16.591795484545344 -1.828202929569206
2.560840377646813 -23.956040304658014
-22.111906162767333 -3.776368454604508
-14.954294755619141 -23.642281163091496
-30.036837231357790 -29.117220765912251
-59.361086435116938 17.879783046125223
-7.685871989116074 -22.637702163787448
-0.422699545551276 11.611629641071474
-5.059703973594294 -44.191581254088717
-8.113584302972907 10.075434316076828
15.022053067964920 -34.384484593755225
16.443606902026602 -29.411798238232322
18.514966103522681 -54.767508831222905
-0.184525892022664 0.461463720412560
-47.217551578165796 28.791688915666139
-27.781283544285259 16.753256940936645
19.492077645277025 -1.816207145528337
9.477051404042401 42.107084774903583
-53.552144396525563 -1.882036139433841
-3.046794735283242 5.376808226003083
54.127201473886963 -22.803280363810345
11.608291856572963 -15.562696339688012
3.079272135253702 4.314801935401412
2.102333027104161 8.838664708706172
-33.414072835543656 15.805820414400559
1.137273358003377 -26.718259186420052
10.025786577429665 0.775879181151599
-8.646016943844806 25.085592165278335
-1.893874970111157 16.712048099008189
-4.592274547932454 -35.356013805674799
-3.552394637454418 -8.050845505694499
9.344879895008235 -39.900999219936601
26.965867056714266 -26.725597859437581
13.920678768523695 -36.242530701908002
-4.998973514854750 -25.869928712255742
-21.886998006145053 3.998423845678527
-9.620871560656736 -4.754236801663879
14.158763695568748 -13.850061549114038
15.684893138175694 31.454939826734737
13.780435061235652 -7.150978691598080
12.970946931919793 0.184478135437593
54.424080077943202 -5.935632512451554
-18.351545213564595 -2.241581644296720
-51.753253913405189 57.271774991052887
52.991985518774172 -7.258331411745552
26.916243786272023 -43.149573155224516
-15.532618663408515 9.804352909103830
3.978771004366192 -19.664292996857530
-18.578259135588880 -24.065047955655487
23.276126854137267 -4.726482995301656
-0.191507148036353 -15.591597846499525
16.537140450040859 18.021440662234529
-12.812566421718941 -18.384405389782287
13.473039536666107 3.007348844230324
-0.904365475691351 20.065444782826532
-12.428264326140352 -21.933167594166143
-13.749651739008490 15.223864040760704
-6.708209151951336 -23.752323784595582
5.713872279527343 29.185809384344378
-22.385720107221839 -38.020560944477303
-18.091565567111019 -19.271997452328119
16.016920159392438 -48.975039429223820
21.670716832987964 36.039907040177930
-5.860996808197828 1.315888889950008
-29.904254159113442 -31.816027324348241
-18.552183216157228 5.388024362941400
8.969306361846327 -26.115211659001393
2.269807106350320 -3.515378788957347
-22.910852203576940 23.883936155859576
3.078756456993694 -19.705170681559661
-23.722581822884390 -26.438643311846036
2.998565682309655 -49.166921470561377
-19.044541033672363 0.835049336438085
5.970541570135441 -24.304529012477065
17.340728712532865 -69.946682945502545
16.228086828512080 6.998538107927670
3.521190520609485 -32.746976355277880
1.939712269718526 -26.921412282974053
16.820968581163751 -1.911194037305772
15.263287894204224 -14.819187175012182
-12.892145362366577 -5.089799764521740
-13.769481552288486 12.260186086122593
34.448802960801302 11.034901514085030
4.153403994796061 5.396426270044124
-0.606201925569519 13.925876610111867
33.154045451969907 -9.768061408440849
-2.163014273354286 11.073783517507509
10.885202917136718 -25.611451532609543
-21.861526007612220 6.085221256787690
27.282735149341665 -27.302744306213985
7.860650313957057 4.272391989695687
-19.240336224339529 17.681741617621437
-42.093443428934705 -16.713251101849099
25.405255577436247 10.125784159738119
12.542239365766976 19.801044821709429
53.179020740148239 -4.264275390751328
17.215514103288406 12.020206769796792
-18.119464748554879 1.334897190741448
-22.906206757953850 4.199680743988001
-3.647323878086306 -41.522584574314045
4.413165173395257 22.568832857896417
-31.750284356302874 -8.783292180889342
8.718975579271939 13.589286332598693
4.608316022831983 0.237519647719509
40.469671749161442 -7.391685845697935
29.639422869344649 -49.681633507016706
31.541629880003970 -29.735317062031047
-16.154017882800410 30.231294489197186
-24.194896612818120 -11.997828195627571
-39.689958816905019 -33.261406386153382
-4.709204796605706 34.315495853589837
5.992563352661982 -4.374104136721891
-2.925856704265852 -1.449927450170593
6.625178009746591 30.456693884228503
-20.413393033314904 -14.903446707183484
18.838821351177771 -17.509778987193183
11.635060939946753 -0.076900449155467
-23.216193206295614 7.307902967888488
-2.192309179535035 24.821480402261919
-2.596757013337144 -24.119871260195449
-26.616189167516250 28.353946313055353
-3.912156111532924 -9.770070973958326
-41.891456574517854 -21.277272295419845
-11.420471992967403 -17.298048872352211
31.565772438412765 -30.090734811932727
-25.149689176714521 -0.735004974082315
-7.276524169250513 20.268818029631824
8.733929234640263 -9.945954172422280
23.822457752490507 -7.401441421407483
-39.789834472167946 11.857959518407887
50.046018861907584 -9.529907850197608
17.537058607268207 9.104602201793581
-10.795967088908903 -26.504292730443478
0.907340951826548 -19.120999063370437
-33.629766450830950 -18.343313327164115
-3.766055837230271 35.217015523877819
-11.943074839712439 -36.900417073897977
23.071497168317546 -21.415263041724000
9.693895840234607 -3.444901848250320
20.204398029621395 5.248233233991271
3.471587980739251 -4.885224721210752
9.365122836954711 -13.828138408225740
-19.837155281308451 -35.877271948338034
-33.406064855504056 24.561838980910238
16.939195970658552 -0.498940944477508
38.965713838860083 -5.581716592987218
-0.246311047075886 -39.464733045432361
-12.172101536534383 -10.501065177342140
1.597664604412853 -9.193060533928280
37.282982225851562 -1.945324365276172
-14.448811586219229 -0.391282325246053
-8.145122131010705 -23.097180220979823
-3.906827093374746 32.031488829993641
6.023555142993268 -12.439419153670704
-37.065837516895037 -32.616940097934865
25.448047687286667 -9.508695008251783
-29.949446925138329 -13.710615642685651
-31.677369313913811 23.349442306184041
28.684964415823238 -64.667480032209241
-10.392346978221331 0.072946990722224
-0.785353319806124 -66.817338331773215
-30.200376224596688 15.983887730310787
7.355035443242353 22.705113939788554
24.495097035575075 -40.213737978720147
-1.929870694535572 -20.334295082454737
-11.290467517217667 4.647475468405475
-9.593121093180116 -18.037397954435871
-21.469400126689585 17.704468304089524
-15.552934727110905 33.474212971372324
11.955118977005359 18.857707346418913
8.007204361077330 5.046773384752088
12.248768044302572 -7.588830954257067
-26.880936734765747 -13.223002033680938
1.284224564809413 12.577304710146633
32.099285521201601 -6.355258235303090
0.920145403204983 9.835044154567809
-26.846029424456873 6.119720032043205
-2.084520677667497 24.521098583787236
23.814112877938850 -1.790361573527655
34.547969435622626 -45.433561133790377
-17.730166223535122 0.779723656833341
-6.537867642424408 -8.974520773807352
-49.155848543655878 4.442847793957849
-14.421663236698340 -20.180648785091389
-1.661040910846112 1.887748103974024
11.227305059307154 -9.027931644894599
-32.036519114252997 -6.486355532176739
10.309163106761133 -26.500906845279236
19.765230675622831 -26.191221826240064
-0.171175348821533 23.962803372994276
-24.589098426558380 -31.885991947691544
-26.084103384919253 35.975565234277440
38.803690397223662 -4.057352484849659
20.380002606727679 -0.610022132373746
-1.591407082942520 10.154896404128893
14.752489268602103 4.171277893156977
-32.786946805690810 -20.745368277757219
2.383211364910981 -4.538299870735226
-56.579014945201195 -14.752615021200393
-21.104330287149789 31.247837535723427
-6.096282094614550 -23.950274233919323
-21.296783551847291 17.653027405675111
-21.024640747589405 -5.603286695527405
29.452435785906058 34.497302215845380
-18.737127557573331 7.972583252286094
-41.690357693121101 25.990878672336549
-51.542110515291277 54.522710146539204
30.682420435356089 -24.718853295999121
9.931660307475923 -34.624548851025324
-13.844315850271625 7.078285052604647
57.107360861778645 -19.567787757319405
8.500927864818339 17.462981762632964
-8.147546589883062 24.658914027191631
-8.916326265184171 -2.367651714720425
-11.480989174931841 -17.961372273861514
2.296494789222300 27.889738357965410
3.331877949981901 -8.807019319573790
-11.702207923646290 27.187352121952628
-4.516893429054104 23.016504263415026
-12.325433880816975 5.687377198019476
22.143207712984179 26.275797642587957
14.603190105510835 57.831611405905242
16.575143758011080 -41.541663598544176
-23.785488961546843 33.100439348735968
-18.429543829347175 -8.411748310714403
18.121714765966271 -14.094293794653870
52.088973959872710 -33.878004884512400
9.559325460406367 -5.405223658801862
-43.160873795393378 8.294222066937127
-9.281861624920285 -15.366242352079208
6.618614678013892 30.599746591638503
5.368280444392902 -38.703344075494492
-25.291936435261903 -3.200329075333187
-28.611238797928149 21.162915665141469
11.651290697162871 41.028237158849997
-22.721899878685296 20.194680853330805
10.107192701986008 44.656580986926954
-15.092997441415203 -50.356052304718503
12.640191953449660 -13.255308635859535
30.101737799589166 -29.004253575117662
-16.553238811605230 -7.262479593139711
-42.058839167504395 -10.467752915843302
71.946978537943821 -33.461577354327979
28.943417592362707 -44.877654461905600
3.261189963692860 20.840920998239628
-9.498111911779315 18.663096374156861
2.286600139469216 2.974501246522929
-0.525114704634616 -92.132540125761039
42.102201224681387 14.430919708462808
-3.683163374918035 12.326043261272391
6.253664864957273 6.833587970735745
38.028435143994990 -24.947837023606475
36.613993998995163 -9.297456263830950
14.608756288760370 -21.387786921070674
-21.110288016878609 8.822787890095450
16.357236930023760 2.976803195586684
-7.523570197394074 -21.294701082081072
-4.169343950303911 -12.858522550263958
-21.207069145469315 -32.081035144358871
3.587824663382388 5.736389861101987
-6.938627677906331 8.301935859425473
-5.563039560009829 -32.032082259501102
15.302076229349980 -58.933323709409379
19.050525480014372 -9.517166120790018
-22.457207035019465 53.767605558270070
3.790678872076955 -2.408278748451603
-0.049527031339090 -5.395008406177833
3.428329971317719 36.546278492389867
31.172793163424224 -34.541156644078441
-18.714612573899544 -5.273600619689343
-12.064447697593213 -3.823943403216771
-1.627381923051577 -11.861775103725403
-14.873555842720576 22.878949949243719
9.265212282966189 -15.223411323687156
-7.849747054719447 1.589536466054372
2.580285955070775 -31.197835790436105
-26.010269524537399 -2.674212943448636
55.472628295222684 29.089851110707400
33.529564056665073 -20.801740947905312
-20.568859999070909 -3.924750311762405
-43.396280365909512 34.380934224348060
-5.230053877277438 -1.252509418311387
-61.347268372890028 4.774142868407679
44.188189565648536 -18.532506150750308
45.027563953482286 11.562377589301219
-19.331691778439026 -10.300344553889900
27.524376308026557 -22.032911662709228
34.149396762932213 5.987048780882234
22.983382740457344 6.707041400991319
11.387531595839866 -31.392749273933049
-40.037313262212983 -14.617784771582421
-0.763984576325849 3.360614495332651
-7.162869700859027 -40.078069534818880
-4.366770685987976 -26.983697840335228
-13.198795875362201 -6.557232498473695
-13.332888680358817 -0.397514378302316
5.070059393604819 24.793397343472616
23.456406947528823 7.515138369417775
33.355888201174984 -17.639804276635473
23.624125867891568 -8.508304504489786
-40.713569006124750 -20.368504443832474
-0.725938996907107 -2.908196422600367
6.243630623300559 -20.947775204086462
21.428185520541703 12.723736816575506
32.353137856008701 -24.234115238910590
1.647763994410585 -6.471520359045472
7.569666402094182 28.025550822315449
-5.771179132789563 -7.966693350428894
12.133904671354488 37.226897901003980
37.417674215396872 16.829174808683835
-0.746802833238210 -10.490485847087502
-10.217354871284833 13.335222203468074
-3.909966082298932 5.570883768780223
-5.222839646781514 -4.918603075214802
-17.326621894964902 -5.682165138637309
-12.125837086915597 9.348177513820120
-22.521689577875929 -34.690198264579983
-1.544836220535305 -16.311174010617986
-15.171182107703634 -53.832883932350164
-14.292951129133213 14.357383978473951
-30.997012276195370 15.783151285841518
-9.026040350225193 25.682677185389263
33.006601001295508 19.317294849731383
40.029398757906343 -35.144732994510001
3.843911659401646 3.334698690714244
-15.222505849209890 -13.705713851866959
-14.154789000047620 -24.498714925613641
29.814283573156946 -33.134485757133852
-27.996052404647426 -16.696276182772255
-8.662896967094008 -34.482760895254579
-5.956230550004223 -17.325047311161462
12.591676577537864 19.243728589906102
22.151305907177509 3.525989996850165
-8.062157984691190 -40.013696555271103
-1.223643023816469 15.860143913122933
13.968928968515261 -0.522158303172634
12.616378183047720 14.707788737711388
7.792705388820871 23.981273903820089
-16.665896240945752 35.540100872788010
-33.494931035395517 -24.494258845024568
-20.310666264416650 -10.003475362286901
12.967443527594581 14.079158031688504
9.528198910527600 -40.512800681436900
-15.241454374856676 19.466446696190630
-27.734214707042028 -21.258904958192030
32.650031268752777 -9.164552142841160
33.269079900778642 -24.085694032198113
16.565327768538882 -18.611129154591314
12.816429905767636 65.032209416648143
-45.228433236710224 -7.072318561094166
-13.720642078880211 -28.442525973052945
36.283855419828313 -48.807455837494352
-27.703518953497603 7.689277048701792
-32.629290410386538 69.143041827876573
39.111506871529883 22.600765900801139
-27.914375574310348 26.532242064658501
5.977911441567045 -52.226253572972354
38.570962387224760 23.169809398641913
-42.764219094791535 20.064583947604756
1.973082481278882 30.064693086420728
-8.940632430474661 15.351162435144643
11.327681372347373 -10.832012182177829
8.693356939177567 19.791549403090357
0.137386337190808 -27.266537314168040
-41.866278614549906 -17.558516016397586
-22.872047845160093 5.702749764270957
-18.015535182610638 5.398490878572201
-13.471655337997893 -3.945077807671225
-11.092140919520258 -8.026650506447345
-29.842597437893602 -20.960199943323396
-43.551103704518681 7.753584284612651
3.217587389344160 32.470592467817312
-53.637833915894888 -26.370624916999422
-29.025814961241235 -32.328899235818618
2.701365892733900 -17.522385515640213
-7.758453551723759 -2.865291744953786
-12.903054697879401 -9.133839713360702
-5.061451687560345 -28.611063196671186
-3.842553310206922 8.567957171442561
13.890886492098909 -14.535181141073048
-11.887093111703303 9.545257364827201
-9.996197314322243 -34.502907260162026
-17.475453511079881 -25.851352603503859
9.256907636960754 20.468189325911180
4.112557986384022 17.212629102355180
-45.738877848254042 -0.865763296337621
3.322292131470953 -72.476256396961432
-8.282564463270354 -48.714298426917502
-3.737911762327951 -37.686747329693404
-7.748114375806044 -58.331359270593062
10.071646610201871 2.297037716811007
31.651129091343428 -47.386064203819757
-6.145307351647606 19.675150707441194
23.153028716783027 -36.681426333749556
9.520105509539665 -30.160198386990945
-12.736747034385957 -4.436066142224817
33.618120015216959 -6.835957394292772
-19.891257951363137 10.265714189052060
23.663750947910238 -7.651221043053674
-2.546093957615732 -12.424886289741034
-12.810051346484348 20.118612564117011
6.295976770257598 -6.760026460527776
22.249413458692683 15.575582006236701
-31.176171246403563 -27.089983812851745
-2.269224622440953 -4.786344731042149
-11.046448350208344 -4.384010104643679
2.201069507199974 -11.319814659423876
-32.700239330676645 12.352652848535458
-40.536633676736415 -27.699915254990149
-0.502474825923515 -21.975908581351433
19.429837950696555 26.513597675587803
-5.872800973607315 5.395027605844883
-3.238702000362780 -19.659368864936418
-6.689197110448243 -24.118711708596113
-25.828682425568630 -3.145751431463210
-2.616481595055248 17.896487227913450
-66.429678780827516 -4.751569983085949
19.505259985139102 7.907415573784025
-32.428906569491488 13.309219585796434
-0.350888757284671 -5.081563147981356
4.100365173224334 6.575437503037732
-9.100215774859631 29.947009626728672
-8.484118671948812 10.038726034853326
19.056870611658955 -1.444196153919143
-3.586902083588571 35.830447317663108
7.484312658412763 11.500535832213876
9.251124564304330 -14.040927130684361
-7.765787019847889 9.072985934875781
-25.037960757252932 0.360654738556076
21.179192019852767 48.689804574611884
-6.886698039945134 -2.282431394813369
4.718171417317206 10.538182050298817
30.660563500335531 -11.289831286582181
11.314613679120519 -36.069098475066937
8.303957664179332 41.120015843814542
-32.712127125209925 -11.685019080613303
1.058418650881426 25.885357693595896
-6.291101113347255 1.645774835104704
-4.854910824518355 -4.656088923515048
18.792781148265227 21.909761215410001
34.543221419864892 -40.138617447829056
16.863987867104150 -2.886372502167632
3.730643495785811 0.148464067226491
-56.331560432771091 1.957672814584005
-14.643826362458446 -16.268766974562716
29.187866378019443 39.436727757660222
-0.645739769168119 -3.842932773237932
14.332157665777194 -25.247509578336867
13.970251826816300 -17.000556640898637
40.675315769489650 -17.360954310406630
27.591233653526004 10.127421170645833
26.417612921684750 -23.956393397000440
20.694333196209296 8.897031047796386
6.192209604131191 -18.709837878760158
28.167646690119160 3.319576748113786
-10.328831166120029 12.436250041188167
-11.700710703962688 35.401456587304288
16.843984778349750 21.937073741336498
-16.066270068658234 19.067412801210761
23.422745188305989 22.103263075351034
-10.378910603838525 10.457557234019092
12.010579811329711 0.339354686675733
21.581889930529908 -18.621660152042814
11.929580351859506 30.084012842194582
-28.560076552693573 5.070848862536236
-4.040325687060531 -0.422805589561976
-35.530481162885742 -8.746966350760596
31.799032887742676 -14.662729512037009
2.195655357422049 42.121535288952977
-16.930691381644056 6.693173339502663
2.202322151871872 2.605811588363717
-10.007121702193617 -21.402109978731421
0.830751256117344 -14.726607963704966
15.448921981980908 23.490440725683921
16.923609064633904 13.093579736458537
-18.450703134205693 -5.500314926987778
8.933423512548194 24.154688478921166
3.245005700304630 28.853498629044594
-9.142222997200980 -8.174112072561659
-3.642229769269819 -16.766043502665639
34.674765715791864 -9.817101656850474
1.044348412290704 34.685263250780054
-11.289193918338562 19.950392685417242
-59.719204051612394 21.847886753249355
-4.444712069702074 -1.046964474314661
-19.983593185048495 -30.725047769134846
5.555210053738445 37.646783942764003
-11.241866667752660 6.750139952877605
-31.138781817850212 22.544149411080280
20.703547770107864 7.653337426420624
21.755444696328865 3.647519820790686
-26.117898436273531 32.540063388260009
-18.467158220326258 -45.178768802882743
3.295548100550509 35.614261883588910
23.213497351796050 18.271873494521540
7.597159302689966 -9.892790516386851
8.742478804896265 -6.705817770636731
-4.287603120054436 -3.787905484654079
13.455212644531608 -42.844560335573853
47.691156112808123 5.692775274426694
-20.376191240140002 10.554243750472459
-0.759884687490460 -6.289433708061851
0.639428934983226 -14.496592626941123
-17.119821497601791 14.812369108953675
24.524655485287038 23.634360948209601
1.193816358141449 -12.275952103286910
29.933524975535097 2.057328604695310
-2.845928802142526 -15.551605529857721
-7.013533797415226 -11.501501773500218
12.154565535102595 -19.193843875664751
-31.682464706926233 14.848080114765544
-25.729183043211442 -38.785355227770587
37.240274386241353 8.868392553761488
7.777326150637328 44.611655321167234
-11.401715378724283 -26.018389492540880
-6.441701426462227 -47.711829780117483
18.234085624112257 -5.434189497695836
23.648991995902477 11.412389904465737
12.952947177736331 -6.335711556566323
22.018264281355993 -45.069850344998109
-25.643421986625132 -3.364959486626158
17.422980741482355 -2.702551857286509
-37.686597635823574 25.604783090219080
6.558309874588033 50.811294048832778
-24.458948676876698 -37.530192960339214
-6.575305831247403 -5.036455609024363
30.446113529238357 -15.998397998262851
-0.147506632850363 -29.278998236188514
37.970060332231064 -3.858944103809967
-14.949473763621702 -24.208214407309274
-12.745868796656248 0.674114716889253
21.206954766589835 -14.897840780506707
14.164852350286013 -3.824838857999349
2.700941702291010 4.617896543692879
-7.600937218068333 7.090308582987563
22.035975925876357 -9.352058448904428
-37.739580555830265 -2.524408722972873
-5.925677644784566 16.118380275756593
-35.515528531829631 -24.181795429037582
30.527434034974934 -10.807677733009168
-50.884074256032228 20.512715759859564
-6.868015795273926 -22.994726593165961
-44.453102038576816 -7.079340538076615
9.295883316869642 -5.210748372167570
-15.831329482458408 -42.701565242438036
-48.560548847537262 6.613207499438263
2.760101645027134 47.541888337550262
-18.403351483709429 11.081864570704008
-45.873528724360078 -9.798796008066155
4.022329081989434 -1.777678806990371
37.861127247343582 36.217013413308827
-8.584772696092168 -21.155739695184071
32.232002730541900 -8.165490929185086
0.548810603235508 -22.061726102898536
-24.857055792913467 -63.316117643119661
14.281376895696386 38.352072896780001
-8.697829141677239 8.916438257192379
-7.161326850329292 -7.736367275519801
59.112103601767977 -8.641570291848749
-8.832084582772815 20.196906173420707
1.769484722577378 17.369570977394243
-16.375972547210846 -4.046273060014881
-15.948183240484536 -11.695373866604582
5.756818084676365 14.494214335518555
30.381601596201886 -16.314241831175906
-19.486912995345264 39.020600200875435
-0.477273770977325 14.150352829840537
-20.752747166314283 -7.116704205464055
23.552982197939130 -15.696127333968537
-15.123776985159649 7.532207750410705
30.189648548527199 -19.836763340583833
-10.758226300818402 44.706664480223665
-10.733910311158063 -13.751160315341718
-26.240705098399516 8.260661230727194
40.347270916848260 45.260306675500495
-5.443497879941368 -11.029054876186120
-10.032259738959565 30.407589479155781
19.613377315310448 -1.185244914532097
-13.764918931677927 -45.641205082491851
-21.842938557600831 7.598853910543116
25.907579786556926 -4.565636389944818
6.862044833916718 -24.072425622201813
-23.986604561231115 -15.974903949050024
-52.616821471454784 -22.011369140327808
-1.675181032595654 -14.060995776242889
5.638133403678300 -7.607321021339232
-7.812817215410232 19.622245877655832
33.517715124437352 -41.523316013858121
-22.776424022032909 -8.004757000566430
21.893161526527052 -6.220179708452440
-12.110467112798233 23.978163222987678
17.564389717709364 43.794667307423651
-5.435180250743359 8.045116936337433
7.259873501299523 -11.213477738929553
-8.219308724656994 -17.393583147126769
-35.407200543183897 5.632470757852648
-2.678087698589581 8.104752686815219
-20.175037920393653 -13.143174117574619
-28.551002983645631 -33.363618135911942
-21.964576221716090 -13.963504999493095
-33.646177473861776 -10.366700783727763
-0.787265356045945 10.225602929630352
9.793716978825058 30.022553904650284
9.554818256834441 61.831684359830518
9.754497546118595 14.548534143212462
-1.038593292336293 -15.578789826147627
-17.368173764653534 14.844050077473979
-27.193467576147700 -36.682683631824787
-36.125766548255584 14.740327460153816
-12.824719645965446 13.638269279613306
-7.917310473296924 -24.514304153912597
-27.174549208022935 20.868148239380897
-53.863502667533169 -46.300084005224974
3.853980824033318 9.657280343669258
4.164580979163333 -28.242344743352376
-12.225523307909706 -24.678786790862489
49.153754278243788 11.732844710126411
-16.029024618399646 -2.558980717826938
-22.369504006291720 -1.431924891944939
1.160757246761570 -18.237270562402209
-0.834122436918675 9.102891891310357
-13.859654622863300 -32.901276960998565
3.874790617163814 -41.048058445860335
35.643106885720080 -23.345240490979236
71.742175627908622 -0.351516555295175
-38.377658799785671 -20.211741128237442
-32.066741724311477 -0.034360254523076
-4.476454284295177 8.822858030094793
-37.997872986392906 11.123137404381815
22.462566125081889 -3.135311002541600
26.546292605724776 -3.292498654376471
46.377438354626342 25.678411695166155
-19.788419948034107 4.194660670110197
-11.670820442633651 12.139334508614406
-15.990256609459783 -25.550667463326658
-42.460926577942985 -8.914293410204525
27.607373340836244 41.706035339855596
-1.796996327292187 -8.719938799453308
-21.869894863328284 -13.603471532523416
1.872652995707816 -3.549514258446774
30.806144450450983 -1.843156564527054
10.967873775004984 -14.504941159504579
-19.612074752526429 -1.927128507254398
-25.433234884151190 12.600452962623061
-13.760215971049131 35.848112722162014
-42.223909450464014 -14.510816795681084
-0.242585017678249 1.087560836360514
-32.768258262306013 14.658157162206114
16.323696012612409 -0.198657634848294
-3.971676732142947 22.022265535217610
-39.090325731126079 -1.780294656194097
0.724207474339541 39.492574712877868
-8.665965224219709 28.622219103624349
-24.775581396528008 58.357734824307236
28.635221306200652 -29.187293891589746
-48.546950838695480 -10.370639293180027
10.800045868415834 -46.090337780892511
4.841337968538124 -39.128507734012238
-22.351909321881475 6.351872525572992
10.192709695894205 48.017610310213250
-20.824445439852504 43.113870699851880
21.773306265450280 -23.164133876512764
-23.730820916099223 -9.860855545812869
-49.174675247614203 -57.909519162441583
36.724904064405649 69.678086963294618
-7.121293439737063 -16.033343331514502
28.851613133267598 -15.863534489786787
14.458814731983848 -24.276139944793044
-26.191678203551895 41.458484641626285
-34.351382451410132 28.031788148000324
28.882010756480678 16.758531808113457
-9.202888811544643 35.472503669562215
2.531018019105118 5.051085260714006
6.039080305703363 17.845068021138147
14.596692312276037 16.906197258754190
-10.339868022571432 -6.293034703051437
5.111545538554497 -33.319806377858967
-49.108723745153590 -19.443801973652018
9.108115459813533 -4.348816302379323
-22.444805686469625 37.123376499003264
20.656151025373841 -34.775664384612085
-25.731621377339934 55.595346448233826
8.978810181146176 -0.277179765134306
22.479074896668166 7.118017670691643
0.559549729604135 83.488084975261984
-13.578108522429343 47.540572390240776
40.900767238561585 18.701438894523147
2.406382477186392 -32.435499081158369
-10.568938600992478 9.317575319891946
16.239955357196074 9.514959856615226
7.340788561492658 52.108596436284458
15.102599626136659 -13.926875334879128
-15.288472196717693 -3.550225426593035
34.801980987272842 -3.031573066272734
-15.967381918009945 37.721214088792422
1.331052625379756 17.075886217131703
8.955374722421192 19.179218085684894
-23.764996923640428 -24.272924184939487
-6.972630662475431 13.012025312713764
-4.417150484912890 16.905474702072926
33.706504442547683 -6.677944954448652
59.374119075011770 44.585289774386254
33.502585067063158 -42.359477793490093
11.786153190340469 -51.187993333438357
34.153352928658450 -54.439421204477171
38.488701377634222 -2.704425842416718
14.204271182672713 5.902182173033165
-28.604561927839534 6.243058314530712
-10.999509987294573 -30.432025355726452
-1.413366740869495 13.304654015642990
-15.971304184768623 -73.012660231357557
-16.047471757326413 20.328169753690418
15.192211958366332 -18.084687934860252
-39.623164839609643 5.216085854708260
5.587946063899374 -14.666863566264659
-17.754550189477325 28.963189272529284
-58.202077222716959 9.985236669077290
-17.169948235456403 -1.826100051949896
63.817953670819556 -12.444148159176599
-33.079651773516588 -27.993406929726671
0.815483013952402 2.207653817903997
-28.041240131370998 -24.830837834987292
42.371682804078226 -10.380144652549550
-18.341374651752304 14.991611542049405
-14.407992340763665 -28.729419747690276
-8.835860181810737 13.533534912093669
33.519183781687197 -26.931356135597515
11.423582752906762 -11.650945839373790
-22.861116894874762 34.769617641452150
-5.318163965528726 -14.580397000009061
22.036734143984891 -2.755054298835432
-1.934319791503091 -0.123210461163787
-38.359004508779620 0.960862980708656
-58.965568181537947 -55.522248734494525
32.179720815344304 -23.861312590502916
18.494079654089660 -48.636036096207512
24.383021582758708 -17.161574275180051
-5.341509488865521 -4.229276761699317
52.752632015710212 13.488156808531626
-11.927724478220885 -37.111241793873802
-26.051221070800729 14.932163997126136
-9.669001288308992 17.696077296306175
-26.211552203858101 -28.037568536370859
23.345505036585099 -6.099002258348570
-10.064357334482199 -15.669986331578794
40.977134209463784 -6.320947546735275
24.090836121281171 9.463170927253525
31.153977392851431 0.567135183789158
-14.193506528173824 -12.021118169587659
-28.004511614389237 21.510595595065958
6.142446713170747 -7.827888316834367
35.616440732823065 0.011586774997567
4.156904692978020 32.818433804099683
36.571520842896909 7.648034705373755
-1.115787905142401 -12.960720735544829
-10.448512716563766 13.513065123272835
9.160720810690659 -29.601181662195376
9.598760990308586 -47.182827266605912
-18.094571557375655 -38.956998909311388
-24.623233062118125 -25.102693539207692
25.459226611095783 -10.566910277565427
-3.717568509163215 51.589947695818864
17.701995777202345 -12.892555433390401
-25.810929459437457 20.499775246282901
-65.438490064996003 41.837426870103549
-40.428950840831767 1.090235044514831
8.119002929905751 33.971792011545482
0.161863933256084 2.993773623424381
-45.226990782148995 -9.764730320396746
-8.054719778018708 45.778671121161892
32.053017296694321 -34.786570866718733
-8.194200000452623 19.451689624734176
-11.200920089176005 3.694687716706202
7.542904092107069 -27.825738320950872
-22.558101006790618 2.093986039032588
-14.395182317800723 -36.355969693109991
-15.742457893034446 8.441273733460612
-42.273056432000487 -70.825517407603371
12.538377146408141 52.083578180650740
28.121511068518632 -3.651963543217106
-37.734978109639108 -23.452815700324830
-6.188902155114580 -4.852761545573767
17.327113185394584 -4.047946839090050
8.089220059394263 2.908260904052907
22.361059864037728 -6.010400607590649
50.031252499136770 39.631286764988637
7.597794016255550 3.883329541167080
-21.499273073817655 -9.620723598500405
7.434394822444698 10.480340127664173
-11.939243301777562 -49.029149414393480
-20.131254840805433 -25.411767522576014
-8.984738929640644 24.090858680460020
34.577982802683813 -17.923758320788153
-28.886068028641713 -20.337980807971736
16.838047904661046 -17.757338105790627
-28.863855071688594 -10.752745630851555
-20.384852882789946 2.394880457640572
-14.464625780662733 -7.696648476475867
-43.973322399689536 38.663096209627732
-6.596826855865851 -29.151236706112030
-14.937935234409775 13.062588979703015
-0.563200850054471 -11.719234075201431
-5.226255505814343 6.457966265420196
33.661489696831019 38.706309660979379
-4.106370687591533 -39.416068883289043
37.250368141674969 10.797620163702652
-30.562561208058614 29.095915864142711
41.916176284140128 -4.746632428957484
36.187320568841621 28.679662658426526
61.038520926821711 46.443436242869730
-25.511966023158873 19.960053086173492
47.205709290344750 -9.493848362585545
-4.713256640544971 -23.211611113781434
-19.497134277148604 -5.649013704278104
25.395023307917803 14.390565474248262
-17.626571839778194 34.121613864804857
-18.358826219658393 -14.804598989222168
40.687379894529691 -47.681359826523455
19.366214792550529 -44.769174092610363
-7.433224707966960 19.267043658763065
-21.124726566540449 -7.393102265742775
-3.080435935686450 -3.919673318897302
15.118799388439600 -19.984547502262817
43.911818726881201 -12.467194239955127
-11.493569864620868 0.168967447594200
26.842414198626784 -21.765611693802928
18.019098486875500 -70.752485384947718
2.880903248407386 27.828315074381372
5.339170292443518 -37.660856186323045
25.269678300231767 10.465072279198413
4.540237437974639 -15.677055889385038
-24.906675616523966 -28.596826073937198
15.485921118666397 46.702862030737556
25.117253344370425 -15.095131577459000
3.902398228166599 -0.941688573278827
-23.062436899485107 33.545575029473589
-55.018449137464692 72.060712450493753
50.771145692908995 -11.568711055459277
2.798955457744223 1.783932922479143
-26.798852857253411 -15.439257514761085
30.929173013932438 -2.177590587878947
9.434969781827860 19.936709637894477
10.925068287692723 -41.748305446457586
17.727513994455389 51.387219374765628
3.173114954389879 40.665678907700169
51.220378291380889 14.139754978632006
3.390612854504774 16.340574522046847
-15.655667791880392 -22.518954768542997
24.328933488105253 -53.705331809378677
34.132055614494377 25.390769443789821
24.741132838468509 -18.802246778008008
-6.573103796263059 -26.350681720257260
18.271206729152105 11.615136481828616
-42.037888185829850 7.835390151128415
-12.170344143983989 39.139535471527132
7.711567164857434 49.268031851715364
26.818679787821011 5.304355753437815
-13.192074598700401 13.212064328678554
-37.007016212636628 31.789862757559131
6.266179937990828 20.106632259505371
43.045816740506510 -7.086269007479205
-30.040733148995347 10.704962402709429
-17.551821856281229 -2.831160022661286
-6.254142326382937 -10.339566280211026
-17.103578338490358 -66.045816432761313
26.221746776666063 -2.138227868100443
-19.745150459699367 -0.692730464148928
5.258629022892270 -6.732909380066324
-6.391878363655320 -21.807379787428161
5.615886934957865 -0.141648934008533
-2.607636610281215 -31.198942150309907
-9.271522588276184 21.268680544560212
-16.297955944067638 5.444169318077135
-1.493585263740105 -3.801531625166944
16.185879000674689 14.074642397199932
-13.585281670347607 -27.362516507566738
-10.361341576021269 -20.297385559780643
-4.970175387453918 -1.526943402535803
-8.546736102246689 8.905459542766955
-6.468747432961161 -47.228434363008553
5.031031131172324 -13.346358370589737
15.185589449916854 11.358837890192309
-25.922504597944727 48.573457584965695
29.967368757006604 -1.770346151128683
26.543490363719233 11.368164591341229
-30.157287352314700 -65.782090812268692
-36.972515548270685 16.857089669600562
-27.539065615564908 18.517464666329612
3.046564947343497 8.362354931503740
32.452075446052753 -46.220783664788797
6.022959163930522 3.231044694399976
-26.213731570332843 -36.406109515602090
-7.220922679722286 14.330193218739048
-25.116982392133139 9.080832337812101
9.445822060375512 -52.141151855500695
-26.471600125604727 -10.298941377261887
19.088423950568259 -35.080257907971841
-2.206151302327732 -18.558683810407555
13.062204171554589 -39.032912365224611
18.450030548643486 1.725553723242958
14.843638462950057 27.698056492443115
-40.352780274505761 16.648982681297689
-50.637106476295067 46.163832206564244
-1.911230386243842 -23.416858532897560
14.605106124842466 -46.780931618362743
-19.681288305730629 -17.297615463278209
26.130335365400764 47.796284234627890
-29.482798223499106 -29.359134909172379
11.749887509205864 -18.247855298517049
4.185829029526132 0.390761332461958
-35.429040722990017 48.095674689242429
24.471252491436680 -25.753411708744313
22.258426654815157 -9.688430759969185
18.273848180703951 12.137137266424689
4.919584841607239 56.709211800475956
-39.887914145160778 21.926435080169121
-27.668354409141887 -2.950820872209651
-35.042558038940783 5.784474129980715
9.340295402009883 7.103101825637843
12.948246891755989 -50.048917709564165
-32.627168653623350 -6.480195161581451
4.457068959996996 -29.807034882445830
-7.107739595044105 -6.890006432945914
-17.654645294122897 13.504772128485691
13.405198249345498 25.928738070074274
-28.247104000534829 -23.309265019648009
-12.691054924023176 28.352558847700656
-19.361175465708133 12.361766900180051
-62.043799278034626 10.927258942242835
45.883226427494584 -20.798471956992195
34.878762712568921 -14.640795835662987
6.260282727630602 30.158721844402724
46.852911437321474 40.507391640498078
-43.123789045023969 2.435473395698255
10.713579682517837 31.110996227085696
-18.686389194892630 20.184690604605478
-6.900954911916248 -28.388306769948105
51.872149497690707 -14.378274775239531
23.674275111624404 -12.336547590386486
43.477419501758675 42.425813018477598
8.251776089115703 -34.415403425962801
4.512120061250461 36.318281371749322
5.358149759555003 36.481026962570006
24.449900031415236 -33.470395091422290
24.691622847799682 39.461688630695704
-13.744270559244836 9.937635890017312
-60.264202784125452 -15.254136811813723
27.671773082219364 -15.400021431101131
-43.431599667684999 -5.971341929060542
-14.296982681463973 -5.154723872825192
54.207378336423851 10.507471633680289
-16.626605991473649 -23.955507397904984
-25.063870014157736 53.463461387146175
-11.343506029955714 -44.332818442153446
10.087936588071528 -3.171364657926195
-11.214367925144201 -14.288621049684496
17.183234909812736 7.337423217743277
6.867227493597629 -30.802140903003750
-7.704254430535230 9.067819046842470
-22.294084532976974 12.013296053518486
47.990388632375051 -30.584630565940071
-29.117642217539565 -24.280820895867496
-6.059733752635236 12.816055560061651
-19.654671978545121 -12.896249547441418
60.205606698280832 12.707655329598524
27.907618756279749 -14.097846332266075
-4.796411387217840 1.577128684515957
-16.711775156960019 19.584940109127892
52.220448029637900 25.973875668006677
35.802527266081142 -1.493366686139159
1.877233505480257 61.297523242055995
-13.502375510456494 -13.406784708412687
39.874082489199111 -13.747939881246319
-5.436454669648884 -12.814157822591401
-49.758423460607396 21.409916915243855
57.955660231055973 -7.709022746791160
-4.345275356341092 5.478643640866866
-9.234963232663874 -5.641661047519968
12.410557148524202 -37.404006253490991
-50.467655247967301 -19.357480320278576
-0.667158022005635 -34.508237572362361
40.823975281005630 -9.922566394278451
-58.909220134768482 -22.796277790315330
-30.028357196086517 -38.703956737237959
27.677224579426028 -9.780497911635553
-26.533102748218873 -10.853330764744735
21.870424508609201 3.854113997139765
29.056299193876143 -15.824648262066482
-11.605462048493678 16.965778649217047
44.738181968820136 41.700834386681812
