0.000000000000000 0.000000000000000
0.000000000000000 0.000000000000000
-68.041951803556145 0.000000000000000
-31.378204928284458 0.000000000000000
-7.217824469383525 0.000000000000000
4.877727334368843 0.000000000000000
5.062801553336319 0.000000000000000
59.511162034783958 0.000000000000000
-41.519357674523292 0.000000000000000
14.831184814150756 0.000000000000000
7.493119029591286 0.000000000000000
-2.548137994223257 0.000000000000000
-13.041777545907154 0.000000000000000
28.658758990777610 0.000000000000000
-25.284589346540525 0.000000000000000
-27.268253347104295 0.000000000000000
-12.676065136319446 0.000000000000000
-60.353059443952006 0.000000000000000
3.878605208445093 0.000000000000000
5.798412367331292 0.000000000000000
-11.908928916163946 0.000000000000000
10.096633247965313 0.000000000000000
-7.878198789039986 0.000000000000000
4.112310827270680 0.000000000000000
61.541053277771312 0.000000000000000
64.736984301532829 0.000000000000000
-45.787690706734125 0.000000000000000
8.842109282366545 0.000000000000000
-33.874690844095944 0.000000000000000
10.732892704140767 0.000000000000000
17.328676682074793 0.000000000000000
26.049139620387557 0.000000000000000
-2.136994660817813 0.000000000000000
5.261662469158591 0.000000000000000
13.709163831176173 0.000000000000000
-37.041121859841155 0.000000000000000
45.110533402789613 0.000000000000000
-58.507545593626908 0.000000000000000
10.247146961128657 0.000000000000000
17.226171482968081 0.000000000000000
-23.580663820986683 0.000000000000000
2.941718263651433 0.000000000000000
34.188595661681198 0.000000000000000
-2.573899102531612 0.000000000000000
-31.551287590239493 0.000000000000000
13.434841881252293 0.000000000000000
-10.545378150346785 0.000000000000000
9.883384966275559 0.000000000000000
2.841379784824302 0.000000000000000
-14.559744095006902 0.000000000000000
-1.867108775135238 0.000000000000000
0.000000000000000 0.000000000000000
-6.110438265253579 27.048767935792366
-52.296865912038356 14.821286381381848
-3.377081062462994 -27.427673774012977
-31.333728412123708 -11.321344561836506
5.139933873396225 -14.219967286229302
25.534438024467580 -34.052650083373798
-15.393234801436092 0.600073534581125
5.845493717405351 -31.106613221112617
-8.554656702944762 -1.707071128570510
-18.128411007230081 -16.509540291328030
-14.427099201822843 -16.549582776215399
-16.077099202894360 35.684740566718993
6.156959549126410 -3.649149693923676
1.653005755563848 -1.445374365632978
-13.819039187416561 9.775764820780358
13.335168648678888 -42.734417409883925
-6.531796963306229 -7.047069536495162
-5.820983652981084 -5.010262083161249
23.361410242810173 45.382117205563105
-1.129531362009233 -21.352199331411111
44.992193326594489 -0.321472767681709
-21.187049881181842 -42.712746271604942
10.916489157820909 20.531597804638519
-10.707323070835834 13.713733804828280
-1.138327939418270 -4.034062359842139
12.066099039971014 -11.508745542035259
-11.560076334261565 3.559833131574944
-0.328330414491078 -1.503525359726208
1.732398658254406 27.992158764416082
48.017078898417580 -30.182422730541859
10.723814639812012 27.707999386594366
-19.820177087711411 -34.313736916294779
2.819474197443653 -14.712963859168168
9.799200998596824 8.859691941451572
22.018288714519773 -4.727472402744568
48.762412091335342 -51.690384219544214
21.178369486502621 19.251447278013103
-26.340722819984311 17.070031584393305
-13.325550316089764 -28.738823738765390
5.334821748074300 -27.307009031929280
30.151110898215371 11.105355806783670
-29.266470591979413 -34.152262589802461
34.696121471600293 24.040350539617453
34.588336897004950 -6.354618705190377
-6.224000022411892 -13.289282252084661
-50.255388773152170 -33.735524024146493
9.688375000231826 27.674326945637993
-11.240904147933266 -22.347701753175421
15.351166493543962 48.716527634115678
27.985016914474325 29.049512773723642
-13.149724682102812 -1.401705782503301
-2.390882315488397 -6.540958400750011
-5.537225433970852 -12.358115704970229
-13.374458777053805 22.241859907446855
-18.947760899663063 35.040751659340238
4.102203347717547 -10.565640193538584
-0.800304980047008 32.213323851319061
13.357317657212112 2.315763030909060
5.182395398543944 4.753309842112240
-14.942421101984566 -1.374994645693034
-7.523816622781451 22.461591143832251
-73.213604930484848 1.068052688344791
-5.818018786751548 -31.968598527246336
14.535019670064756 -1.875274994798310
0.298561748245736 24.238928522168923
-13.851597405301959 9.817586225512924
-13.592739620341822 -46.615801774679134
44.275773471829226 -19.391942606253391
-13.803825414855185 -4.490297453258091
-50.763521008929430 38.339736384565882
27.055327823535354 -6.287264349728427
4.070525511373852 -24.133428209527306
47.433487515201953 7.314591423716510
-38.219283495911689 -15.232495122811571
57.762773988287236 18.853128068528299
-40.670066024573224 -46.807370471713696
1.825896586549744 21.454232808817657
29.766886329880492 37.561439335472230
1.351017364499872 29.436146992198253
-43.672198260048965 27.996041942043028
7.659921540717395 29.514213751902730
34.610615424709003 39.363150083224433
-24.810522793002878 -28.568032026109190
-25.331007651776861 -10.593086536532772
15.950920212119046 26.500316716371696
-3.235326305756917 4.586344122399973
-4.841741548002839 34.944204526336769
15.818903546998236 7.274626632855523
24.147035275286619 32.143999196596916
13.457407921321476 -49.364075518756579
-13.912376112911803 33.664333755349652
-0.545114718218847 47.079884474881553
26.783884195388815 18.124545811950025
-38.522820787829076 -4.365664873127797
-33.292897674970817 -12.177025720245243
-8.548749286599534 -10.724130622715304
-13.015546055466437 10.372883944838646
11.336853396007356 -39.684172132730005
-18.782551826618075 36.583190913438457
45.181491364988254 17.641665315122889
21.839554738226269 -7.404198685135960
12.258061718680020 -41.634503895746548
13.720027925028946 4.966126377725113
16.125763633253850 30.313002120828855
25.848606069605342 15.698431698515009
-13.967532632160294 21.187060861933546
-13.523585601078015 -2.328658355551023
-11.976616191792637 14.704475699993159
21.773682207362882 3.617890937077687
-2.923896895980379 6.621855686565976
17.697787691938260 1.171245340196795
-8.992506257461208 -14.407066934423874
1.928355750130420 -28.578228770773467
-51.864399052793900 3.458182459453349
-37.440731360369156 -6.194849150055114
58.007106393857811 6.043416201623503
8.885317887207844 6.932354889124696
-26.666294912589780 17.848618313746176
-9.342875911718137 31.925480955254422
-10.088476563055398 27.037682372649623
-3.710685036502079 24.385384502314086
9.773407355051440 -6.746026194175628
6.659008331420780 4.942681044744125
17.718724117235428 -7.399267161439811
26.108757402313895 0.532366037234347
-35.569380621167291 11.665905290087462
-19.312214667099376 -24.081749212867326
-3.640928180252325 6.517387393126442
-21.529689938824923 15.021496960532090
-10.158309087396029 -26.574519418820071
31.511306262653893 -48.844053186079734
-32.175784253961815 -7.865010606225757
4.690848224602048 8.815587250961563
-33.577381549934124 -31.312531629046902
-32.264952551080832 -34.255536605915488
-27.754455708243707 1.725321541705513
1.744753602822111 35.789246767566880
17.126148413311103 -10.553171901901189
19.249131798151346 -29.525317809309353
-8.523950757817600 1.454090877101014
31.318683472310038 -36.558176225770481
-27.115237328616292 24.057549614363335
11.389766050117094 7.402405448292043
-27.799416557135459 8.416663969136991
3.925971379427647 -9.871500125767152
11.251217548043824 -6.551908998151579
5.353849583069008 -34.914081731965346
5.762678905155881 19.694106483528603
2.998147891371344 -23.136312366975581
11.722925093646024 1.949365104877255
31.380873930140588 -24.912644387519208
-16.533072959614227 6.309481132915840
19.691264388816457 -5.675523401306374
-27.824348150343898 -17.604064253973327
3.075317345508080 21.425765057372033
8.394508020964857 13.595083209494728
-28.292847317617845 4.239827139783832
11.773909570439146 38.884474673351377
6.397456970570992 14.896838601925051
-3.747100292716728 -16.579933017344889
10.816934382248572 -1.901091838934929
22.938469138516364 51.156580501077144
25.171224274838554 0.970845125359295
1.657490196133304 -15.190481502580932
-15.650332649929211 -38.060633200832896
29.388240591136405 -50.490972621365600
24.455762346166953 18.312462675702669
13.136288157168458 24.123195190209504
-30.764897121038658 -12.537195330331961
-8.438771858396247 -30.421665763184901
13.431446549365184 60.000817268873355
24.267445616230564 14.776337250816489
0.579273160439261 -5.258432035925973
-16.250378208714530 26.598162207921298
-6.193859028198730 21.328113744127098
21.308144851048162 -15.805476678541920
26.756619334087166 11.738713137520138
-14.096635735218671 27.987687125118761
-11.722770406129261 15.381967730777909
-22.331574361152764 10.293576656140738
-7.408704134705969 -9.719344940410677
17.119218564107335 48.555262162432719
42.968814146449340 12.167053597752277
7.343400657062093 -44.498272296293976
-5.619941033629570 12.022271343129002
23.136725958888551 4.918487969872779
-16.013504126520701 -16.939275925463598
3.832729042977699 -1.554578386383251
29.745913399683293 -8.476166575547532
-11.185964054387952 67.200619425034816
-21.153711361607062 12.373577628492804
13.705668776946965 9.015181340015278
-2.101424708879780 31.657575570844465
6.932347183797289 15.673843588603550
-20.520069754565817 -38.614389825200071
-18.308225940148162 -1.538474388993300
34.154392180181816 4.580920369001286
3.087232433313464 4.343761468048058
-13.164591249537377 -17.831621846748032
-17.506793613838560 24.222365877957472
-1.499131362753507 15.424791637858510
-20.418444988198736 3.294348407957785
3.815298083327164 2.068644573584363
-29.471150082049377 48.898076642239580
-13.372669536279718 50.887184326259487
-28.767363657065573 46.155826685729622
35.768424010097498 22.275672765372022
-0.255705964519188 -19.009353339043759
-32.094441861103533 -43.046308602117890
-26.370700694552600 10.829896393336105
7.933823410648650 -4.095966975319643
10.424228806957553 -43.316909471922642
17.170216579827443 -33.786359396239291
-36.481230766235193 0.709478037592611
-31.434589486932047 -14.410789632045672
10.687849509856930 39.317539740497416
-33.588120963347798 -3.101004807020159
-2.855829811102986 -15.348145405329756
8.111351334097016 29.147059590567732
-5.946604943507395 -13.638148873451971
6.577519675827333 16.020368645947144
-7.395936943326716 -25.655688383396182
-45.936136726553741 -24.353245919763953
22.382114319837328 -6.075000169112191
21.815687269553795 -6.598513044347692
7.420007378198423 22.289586928574291
17.706258460688158 38.550584488101677
43.439531077067478 -0.718758319578368
22.624748766140073 1.620602339618393
-22.424876816816699 -34.503771802137258
7.138146794316446 8.632848504590065
-33.190014204396640 -24.299403977647650
5.577965199476879 -38.518590659431368
7.287634216771885 48.862740072324115
1.576165681964799 16.098624298126779
-62.132231746309238 56.019312035028726
-10.234573490741958 23.459258688895684
-29.831016314496008 7.125303110914500
-35.096794896355853 6.084988650686591
11.426896286711866 -23.854028645474390
-6.074297803300234 -23.703475254225189
6.845278386758337 11.084910997648096
-11.019018762845674 0.866743680711756
-21.463151313980841 -1.105103056618921
4.624058078396598 32.010170102436817
7.167573689569775 -3.169623793174190
2.369159037155309 24.479786767563880
-7.790506002539440 28.503857426572107
0.046814374899258 -28.093921468837408
9.515726878949701 17.098340835628267
12.269884321551400 33.891298257445712
-12.824006893096165 25.101737376541074
6.760506434591577 -1.997692115290750
11.198320701527804 -9.467584508696891
28.532432210207624 35.038984072825421
7.456487132288638 -0.118014814135206
4.691923190562002 15.507302152698996
6.208064517475097 11.310029077327533
-31.163758958413705 18.673513988207027
-40.613793329477105 3.198506186429928
-6.727053976635259 -9.447485081255746
5.545138889572322 -10.839150399174310
9.311255185735879 33.414419861529957
-15.801378684231150 -11.922843300443132
2.388683795689957 2.302594065621368
21.550068951845173 11.553752738977263
31.195778982498481 19.450011987772609
-11.257104962189089 -15.344963978451409
-37.876550327847184 -9.219245966655668
15.069566580488765 -21.495730748633186
14.629558383370922 -6.310176074835260
8.570697134784000 -25.480500378769317
-19.970645096863887 -13.926739848771108
12.388756354321746 -34.158767328694786
-16.127033124994462 47.841238791736160
-30.407145041830422 5.721484513729974
16.175686477112706 22.082880155914506
-8.962939677796095 -4.876065541779408
5.340375836942124 10.954646537919972
-45.076003121541824 -55.882042564461671
4.499462567615282 -18.651046718671555
-6.707546812474354 22.415374043566825
16.221001353942086 28.733587721778573
1.410012264071925 -28.948435051201535
-0.474665816421817 -2.077017497827255
15.064526996514644 25.975384468896412
11.646070584515254 25.453941983261846
14.703341859255682 -0.293329695102795
18.137749197323327 18.982709437529834
50.888252729024188 -24.445337315424439
44.768062542557800 13.266038543767698
28.245467224156002 -37.386970969123318
-36.281267779225693 -13.156281508559660
0.059650989283559 7.065174099937753
-4.523769052164581 20.184178863510940
9.942158662520953 0.957798250576179
-8.060754090614683 -42.375754500794621
14.318257773816836 -11.298119600769658
0.150366495953134 -7.206125415759073
-19.464248106908162 -9.257827378473374
-4.039477915990020 22.653216930176509
46.465756866095816 -36.428385319045915
24.088550019615411 -10.595816153157482
12.604085948921194 -21.344209509521853
13.162254492374869 -32.261790859273660
-0.331009978275379 2.244873688176235
11.213567982546554 -18.404110901384133
29.440578659152983 2.237972832265772
32.714049231996150 -5.059286123043005
6.646513019566416 -15.716531554001884
-27.121247807834695 -21.057049544203359
-29.774961354836723 -17.494572437400631
14.169692939185568 9.032880945115409
19.861895781381392 8.071669949002246
-22.769403410856768 -47.684606351864595
47.835188336731420 -10.486105423074701
-18.382498828167257 0.801771198750697
-2.013215542661141 -12.932835534903731
25.314464374082320 -20.909203833197797
-0.204110179866091 -27.237012678942826
21.563368702858437 33.569354169595215
-11.012042054848649 -15.456518383871732
-4.866064457677143 -9.045649036665900
20.840813101749546 -2.631292531047583
5.359788707887439 -54.134720492248931
4.921365426748051 -2.909328647714460
1.741838130342459 -3.399379688203584
-18.574573052254397 -32.189882375040334
-21.422228456376491 -27.676446507028476
-16.776314060204680 8.486337273085578
16.105862585791776 -26.966695455860645
-7.788247895206116 -20.368286466267474
-5.343908102989372 4.741293093872563
2.306036791574577 14.994559212335599
-8.747544012897977 9.200723267510929
-5.822828880286232 11.625837711196903
7.650178437758941 19.241140504744415
11.370679316166827 -6.810447582153362
-48.840932035330020 -14.902439510193805
1.734374516317536 -17.954681407025760
16.681068654772503 -7.038078996249740
-55.297766222251120 12.516758659099429
-1.091755928826160 -8.251849106963824
-1.286688050012823 -37.803309604480241
-21.890196281938032 27.407745585705019
-55.462770485373696 -10.250666614706072
-1.669152906013739 -28.728583530131139
-16.810991665096285 21.951714929564609
-21.222359541128366 -17.479548346388707
0.816307666265975 28.528618100472002
-13.522399310868996 -14.661090392770451
2.568442042559591 -18.163254952238979
8.649498763881672 -15.786075765195303
1.731885889783514 13.951405852087412
-5.167217728125149 11.007888866397328
-1.465321263006352 -40.533306901219532
-24.771086175514643 -11.688417834105572
2.163220113521478 56.180426064752993
36.313611285585417 -23.485882857611973
-33.683575949155312 -5.545560243823554
-29.775580802753030 32.112398969429776
-48.397417198534029 -16.701193703308338
3.129402095371391 -32.295969383036109
-3.376852524911393 -35.354930358557681
0.010732167891204 -37.220225083809510
-2.865030944289377 -39.802507507122741
42.409976030277903 15.869420695833119
-5.743662152649262 32.986123065159930
17.861297958714388 -20.112164127820897
-25.199368653801237 -7.158284268842600
-5.529557973846463 6.571844809621869
-5.034873919401116 3.333045761595912
6.573400284592273 20.171705640786435
15.739020756642754 -12.994435906476433
47.347765901007705 44.621228263488106
1.770893528972998 1.504254261722667
4.573899228976893 44.816969504178864
-12.514327929581853 22.372974509618214
-17.942883525285765 -22.058836624264099
-1.045363630697120 -20.552815205065166
-9.157600234016028 -4.030125008594202
7.909359784560464 9.735364722737502
3.610467946804733 -0.186889419849554
-17.975498094459816 -0.191554630702635
8.839404701780753 21.738050319108353
-6.842082041404249 2.542904036568947
7.764342449705835 -40.404149816703956
7.573145354184550 -16.506458680506039
-28.551364016593002 -18.097145737689942
11.273461530406411 -15.583826507685686
28.518525042855160 -6.796117285170316
-3.780173075514591 10.704719313436200
-15.772196002379630 8.238046337138485
16.217041052449233 6.024744053783556
-6.425907293494042 21.515327218375955
-17.809683753308924 -49.521094154178023
-31.817229265033802 32.423959754843509
-34.255577163254479 43.771374013887112
20.687303881167814 -33.302787425538519
47.132998507333134 0.262027773809881
-20.135313321046240 -26.699574129150406
-14.008873368624789 -62.423363100468357
-2.132482233771074 -43.841534005030596
6.875615000063005 -9.403131634683291
-3.746766464560095 -7.087828282581592
8.990582795457998 20.417473233180175
16.999366262833284 -52.502718554892894
-64.087021225608439 -3.421510307418349
16.125952828537596 6.915121667792799
12.516344015236225 -33.275389164364888
-35.930651950975204 -21.402568879806612
-5.129573379184640 19.419769815236155
-5.170869113889164 -34.576529938645990
-13.181359751491573 19.286137358958921
8.353188325863007 22.092445373209262
20.668127249550778 -2.615834096302345
34.149472311914231 7.106781575350502
-3.879466649728136 14.145180513436621
7.881991956489721 -24.165556232153396
-5.513624776024162 -4.587282435650009
8.029515115189280 -4.945824584237482
17.174249196100138 -12.944039999468878
-0.732899254136162 4.207300177948351
-15.926520373900892 7.304533713493294
19.164348953138330 -5.827713547136295
3.313668855125435 43.000604125651606
16.711985348917150 7.391641345903601
17.312436221781475 1.968724857567500
-28.225450099922160 -15.136238800530514
15.519354549590128 17.738604481769723
19.718982743618746 -11.654828133720800
-8.114867590953702 52.848153599236674
-4.091608093570456 -4.811450534867827
24.335576998007493 -6.434903313622629
-5.244804337405205 14.317404328848445
-10.441610205783402 -37.333423258471726
-1.620215468039967 7.911537457820829
-6.418706047306542 -7.824535741432618
-20.618222780326128 15.004957977392689
47.016807968935574 -9.650678977662988
-2.210779622961570 -23.235887683658198
-5.433030944424464 5.051995173422053
-26.989101084362964 -12.697064056376039
22.418500626111712 23.720944075541610
5.105716709561427 21.539147429696328
34.341766456530600 -38.571250293479672
-19.695928032287632 20.297987306000675
23.779123334344241 17.635517611096493
18.877931455252064 -9.105443947812592
36.201690299190432 21.278637234387020
11.369108368190728 -15.386510021053944
-53.729730388218655 -26.151517915106218
43.765410090437101 14.268070581363567
9.356171962334511 12.379710271774774
-1.298979237180138 14.655118715466028
12.246268003092556 4.489282755078642
-13.263622233899687 -14.235179227324533
-1.729757825188260 -0.129804390740235
-9.331603374202604 18.013345352740437
12.880823552534418 -11.369684894811870
29.928489783607684 2.269518446316148
5.875046341675755 0.469466619514025
-24.639512479148223 -30.647520402336117
-54.978863326560862 44.108988037232088
7.405433508122995 -4.369170939799298
-25.182129164856487 -17.681176526533431
4.671027092407914 -11.487610274851276
13.234732233832133 20.165628394005314
-22.910841957896181 -16.704159343957869
-16.190516449972474 -5.763835737281888
-44.230550488424157 -19.284181673398699
13.176076893128187 -18.846455163408528
0.009684469022851 -29.330136423426971
-4.352856100015194 1.579110579396821
3.099973663392726 5.666325212100185
15.630532244472269 12.852704675491875
26.448587792631738 9.178170025799258
-12.759747205312758 -22.541914304078212
6.418385455999543 32.188099389009096
17.677500352799132 -8.225035657477727
-26.333913362644836 33.195403901345387
60.731336863166860 -4.436107491354619
12.183243630782757 2.105138477877589
5.152488320477730 19.182397505519688
22.944616131082149 29.318658997220808
-44.677790736541930 45.219063579033168
-35.521541951070027 -4.587619531834266
15.932796497243674 -20.862576559991005
41.081070377247549 -12.115277712771579
12.915022799725154 -7.208502056035051
-41.548671162684208 0.768384701121382
51.542744845274655 18.027476976813965
-17.560594687258373 4.122171777530308
-17.891930725806873 3.075367995880843
-10.047506244655411 22.356677090413704
-21.817894567992422 5.285129957153291
33.938238364272408 -1.935267057948521
10.659380242187444 -14.283657868109019
-8.830698371436727 -17.310294138137099
-17.876160325584902 -19.045581050652064
11.558020062002765 19.284182643701239
59.108100417582598 -4.556863742918856
14.681243763874205 39.383670671913578
12.494793727578537 -28.740663781401057
-6.846722673930878 -11.748461827839749
5.029427726054758 10.421469984984956
13.371850347313268 -22.486548020930055
-2.324750375070275 -10.244517768532592
11.153039084212450 -30.743215072034772
-6.611874879741643 -17.358344214856981
-41.288736606984934 34.649437437891997
-8.284040195322220 2.233444170941277
-7.580687504024586 -1.906968009441826
-17.434522430161334 21.795026312934421
14.964234473346451 -5.407503972653129
-6.600788916602832 12.322671992831992
-28.064768728709183 6.338585000968387
-10.414269218810807 0.316522354153518
-6.356209185027395 23.709667430141003
3.726277847827937 -22.353504668949235
-13.667351557801844 13.554461160089179
8.344488934808918 -21.345370490705456
77.543832351639438 9.650523828896212
23.769189797711515 -14.913176967991976
1.866470573501591 21.388247037055446
-81.413331643365723 -13.318641139864878
-13.817654066480811 1.655906194602459
2.729380967711335 15.962050949287585
-5.406655295030821 -9.872252633968701
-12.133386886421590 28.231649050092884
-29.883206367192887 -32.976840058268124
25.158857881146258 -21.870576473914316
-13.569516129695732 -33.981998480480740
-20.036844400884533 17.451488683835183
-35.087428750276928 -6.493666900474088
-5.382905673258120 -27.223346225820549
-6.323996956811990 -8.595745428153856
43.503314237466739 15.171626379743456
-25.793764812697447 15.360009737003020
12.263471231675897 7.945382824191664
-10.335022450483907 -41.361888302091884
-12.324725770857953 20.234235926559478
41.950487400521084 13.781671120916336
-41.940273736481522 15.482068577586356
36.192820400898306 10.772187206210878
1.089957506809995 44.244521946085314
5.301029146519228 -13.768867009244291
2.621906457565941 -23.942561690421716
-4.912418689829446 17.334747961419037
-29.694008660632818 -56.802558864422402
-0.946983216572535 -24.332206244919167
16.247946886209373 4.765071708630616
12.715444583989580 20.540127704908581
15.520915120237358 -12.493045105146624
0.346275672235669 34.102067032977686
-25.762993104879474 -38.208306902512859
2.230161615338444 -26.011551951659278
30.768527497170773 26.260354493194068
27.910432310704845 20.193946788566620
-4.336745661792327 0.732159904992955
-8.489164103665489 1.839821850756307
2.697811960732412 26.105170529443477
-2.622850091688510 12.242681313358041
5.771218763117507 24.883161494664563
25.533253410246452 -51.798300584948962
2.154143803477799 -12.670047202632544
-3.139264891182972 -31.527435422683300
-29.139121952470752 44.398980596242914
10.168049780538338 27.732879144012003
27.932631801393988 37.375787073820938
-17.350772997846025 -28.621717847047275
15.302484678873142 14.312505661807950
-15.789877765422691 10.481245431117216
35.506422754967474 -31.619999875762062
12.152080289113753 2.322521607396176
-8.552268604001398 2.741928576275118
24.400271174931046 -22.184306591503141
-3.081567446090400 -16.362628084639447
-10.754225203871831 -5.459033139284113
-12.772902449903029 -7.164668369538250
-7.968016182566780 -8.305847820100869
-7.130764673912529 -30.742967982516756
-16.348191436764793 0.756178336779499
9.068800817129608 1.929126682368353
20.806720806599341 1.454253090069697
-12.715502322747936 6.439488660234240
-21.786594599610218 24.060155825338388
16.016774088754804 15.266288455259865
-26.769571254587252 -28.552768075193409
10.661556258181337 -2.745870691453540
25.745892345466071 -16.175486761004095
14.764194333083632 -18.045328921899767
9.353021190964126 26.505716421061429
-34.280321886895123 -6.348185339701630
-11.991329317348631 27.877221398516703
12.403541832307816 -23.988335763589127
10.436888473433106 -9.663212962389808
60.039826018132068 -32.354378989375888
22.209896799965250 36.652630902323743
33.896955772439902 3.715310034216559
-40.350105506139222 27.954297471851078
15.702758598969552 -14.791479975103769
39.430242164040266 -14.914840411873351
-23.600368922787268 -9.674939458544907
-22.685649201567347 -7.021796866408382
-15.364664788131860 -33.867847214371814
-42.924338748065018 -40.164392527705843
27.855226359232553 -42.645539947052789
20.955074445911478 -48.812099908939061
14.920773518113320 20.900049150853299
-17.353708590181643 -15.344709938073008
8.687915543801216 25.494315055367750
-13.065548128151748 -28.918862627914823
49.007772133618644 -3.953080484233810
-26.854925723770208 4.066573181859240
-9.369051670211089 -8.340970858779411
4.958613721166087 -3.483074611866230
27.625654989907989 0.946224401677677
-0.633945350754953 38.386623301171099
-16.258107903541958 12.397327764144126
6.628890047365378 18.720459136665426
-10.651048377158963 21.073487419200859
32.868907078391253 31.030407840237700
5.432107832423093 -22.734125775162145
23.930295099774799 23.697594198687305
-25.954919580527910 11.923919518225885
-8.384584696418869 2.725965696950577
-4.279649318490515 -19.304246699808726
5.084322051611922 12.196847569247135
-17.239960980370704 -34.068069009504072
-0.417529709469865 17.870316514767921
31.697534300618226 14.220858850871311
-0.230424635748526 -34.661060206554488
-21.601357281659389 29.074630829011063
-11.163871368806271 -6.685868538284626
-23.922704808511170 1.884236877428460
-10.906183719840824 -11.670237334305121
17.825988490527852 -52.084808662271236
-20.274612970518795 -1.597818814944761
-6.010991284440842 -21.179924748064014
-6.225335707756872 -6.293762419598431
18.653551569098820 8.605224505341974
7.502076078839396 11.665597080498092
-6.919574844894365 8.531110002660025
0.852094724880055 7.981153031042550
26.283165287407304 6.040574707982223
-11.689593450567925 -20.092755693105453
-42.675753129220233 19.342660003198759
-16.535326823982473 4.160122144125144
-9.069263568305933 14.262737067483966
23.786426374357610 4.534208377628588
-24.246322793042815 -11.443430279362767
26.658286748550012 24.038838374999333
8.225826454334703 -50.990271181977697
1.826751981255023 0.367279674065427
-45.678182182021942 -4.051593312083202
4.425947218074260 -7.389558903305652
-33.052429571289274 11.350167330129302
9.078591322140692 -13.475970856145306
-18.818868899669788 12.037054386384927
59.558182862232400 1.488710801639757
2.515144785272525 -23.332909333508937
-20.581593428566094 13.231367692782079
-15.922563238803015 24.322808943749227
0.460151922329195 14.287328104111142
9.891368991604956 -12.955133005740924
22.546038824383650 31.532944584618420
46.867063167003764 -50.476367480522178
17.192810033583036 41.861879154973202
-37.962379716475432 -12.331919020033473
-24.079740629594077 60.243125156328311
31.727230126807694 -21.169486493438047
31.671452200464493 50.952355443769477
39.971347640296486 -39.866187340318262
28.494803142582597 1.069203440841505
33.350286038523258 -25.874312580115131
-1.390039905106058 -30.860416767036408
-33.228575429989782 42.494935258410003
-11.818209184657302 -36.351088853711133
26.312561598847605 -18.474216934062699
-10.609865051039877 16.524693196199646
-3.685629076543504 20.379199863109925
29.032721741064652 12.728990673967333
6.490730074364791 -29.014963027174989
-38.637023507809921 8.586349010687718
64.743019800027113 16.359585149222205
-35.351484223973820 -3.377900145908857
-4.829156008815521 41.563135575956224
2.896544464332921 15.621872050883704
6.974793525237926 -19.088924525663440
13.676750156347383 22.294602016118031
-24.213531763417830 4.383422302697062
-23.343279731472574 -19.926948728420061
-15.161165153941784 60.575009093327509
58.553354587694727 0.734191837059165
18.951387725800160 -35.609900635660523
-22.452613717706157 2.746975729519371
-12.228235647802542 1.943693218775432
-19.556752641186105 -45.427983681437865
17.371687188086604 -12.015652507115805
20.055833720888451 31.680470518298520
-4.589915658587093 15.777983002789384
-12.780648923633507 1.385735311311591
-14.411044873972477 33.669178242768865
19.337916389228262 -40.120145408203406
-15.080085969419068 -29.353439343745919
-13.986837597606833 32.735698774288565
-5.083402925521168 10.539822231381569
-45.126620674408500 -71.462524511108754
-12.425349320105845 23.807498772032869
44.237367768021265 17.536128105188229
5.871631206853465 28.433823157979319
47.622550145094458 -3.501437529640776
-2.619181439957360 7.054089038110607
-2.445040671283920 -19.511737826133267
-21.804388461930802 23.441269023102564
19.999423340771386 12.650402826950947
-24.088238213970858 -4.632331940253858
-9.252889361469540 -12.920183564156174
-31.541078459854372 32.129463936701562
-35.768682189558390 -32.751862938685584
11.876593776318719 2.486173204990969
-10.980635750491821 0.845294578531514
-3.878384852985115 28.292319219338744
-0.647709410859201 -54.001572492519166
0.216044962028129 24.301179902235184
-19.735542813999974 -6.775611666845658
-42.088809014746538 22.501789330598651
-26.487503127910585 -33.969196444593685
-28.129012665127341 -46.511429087651912
15.571601357748268 -0.852886203857362
-7.091727959861205 -20.587454524356431
-19.943628375916944 2.988523662274523
17.802382955667920 -30.529508561703576
-6.012400147446965 -40.258195404250863
-0.619971400618442 13.278244533692716
-15.879972386844340 -24.405975900854802
26.325789025852419 -9.859650042975574
-26.883274749265446 -14.944973368473274
-13.436336311762460 16.278602576362335
-41.554972015003415 -15.864277599935392
-20.448009009552361 -22.627852744364763
-32.767058161019030 1.226401256791739
-41.201322607652543 -37.976188522455871
-23.403656767174439 -28.507410297165837
25.683199067526569 3.448958828244325
-17.162328008301710 45.285400856179841
34.714361146234943 -11.877823035148074
-29.033201718075919 -12.979192018788030
17.208078309650261 -41.082601378599442
-1.647811664451305 -9.925701640257293
-0.627715290371942 -5.019792228610024
16.702885457059811 -37.365151249106447
-26.243192723830976 -5.601225506437371
0.206799502091128 -28.484915232407428
-0.509448387948995 72.924083115499741
-9.271366798449826 13.867397021407097
-8.154089568573813 7.097229664442580
13.561436814583450 -30.032375479355686
10.338678293281484 9.755696970764436
-23.504007407281645 42.823580168452501
29.166296059540489 20.649303014610826
31.892025072929663 -36.642412833269525
16.619571153455979 2.316589211369473
36.694423915440460 31.351589537328451
18.670742443043444 56.669082268345456
10.912658966708369 -5.728142418093273
24.855310584485089 -22.644822170572525
-0.913706466465655 17.662752041013565
-8.322665812503905 -12.113187754936456
23.956645536053269 -26.106608100397249
-7.360382358592296 -13.009726114631269
-34.892417489743750 7.151444083312306
-37.658973665068650 -20.321845893552847
25.732514859251356 -25.413069685609763
-6.783449705023879 -41.725159658341930
21.213276858769387 -14.846330872149645
-39.309466689795350 1.093242207453348
9.357270504661621 -50.433705390600061
33.846480946187064 -48.724009748378407
-6.930230789385112 19.742186648906010
7.744350326016660 -5.678611991052340
10.813184243035385 -27.990806897870588
-37.457324283786008 -11.695436989323140
-14.963932568040653 -34.800532699553791
23.400937107247909 -53.709377511131848
-4.781385463555550 -6.000645051022737
-45.901173988620968 49.428092540412841
-16.283642039357204 -69.019162072960796
8.461080685466014 -51.627218592270644
15.905093442993305 -9.532685235207229
31.661429565927140 -76.794703595980337
5.524713785117144 -18.109429621437094
20.607805863385881 -46.740924623682290
16.413498372516123 21.335749367931065
-5.717920680194860 1.726837394455062
-48.875456590435888 -17.285044818313359
-17.743518691945514 -34.717223264249775
15.083497032566159 31.920065395463141
7.040816467425976 8.161033480553961
-23.484069747267501 -1.636807031038575
16.161477905823791 -20.801649604864711
-62.861647835465504 -58.524651625023765
-47.191588763803416 -27.161126583125995
-27.418253181058741 15.104924192268294
-29.920800832963884 -20.684649910999880
-20.996711999198467 36.300634847552118
-0.567382741089247 53.364657186983209
5.162852774269203 -49.912203547505719
-38.706259496311716 -13.387257558311621
46.799960050205051 49.913177510436824
6.548297249642035 25.108512657737837
-21.242747438713582 -5.074267960236118
0.854632147599290 -14.826092078749443
14.484941103923633 15.835089443861222
12.246192644736286 9.722373740522604
-50.554339355312180 -43.213893291460799
9.417453565908200 -39.015618459695872
9.998463654229212 9.583141368697088
-26.185857889076093 -13.329938501853743
26.176701411780854 2.692939966473272
-5.298074042712161 12.601658601521406
-39.099357179615509 31.167087429699599
-28.524726373247134 -9.201704630482423
19.233062009471272 19.310085264398566
11.683964064961577 -7.342183925213415
18.156608904435060 -13.085498771764296
26.199256589835166 -35.352050054057393
-16.618091581285771 3.472797291348477
41.431264767010852 7.367380684373575
35.082991322339325 17.025633242450191
27.518718178696350 8.983012557379126
2.602013461026984 51.990862918410727
24.193452678069736 6.323976226688619
-35.345667103769301 -0.116606248512300
34.296605474450068 35.234840806662163
-2.893398278135348 18.582559452095897
-54.646494868895836 9.156253078592892
-45.346549060371309 -14.866149411625265
-7.065886553702155 5.189176199151174
-12.123866813043781 11.363596606406359
-35.407799136641387 -16.835547506394217
8.249565165955220 -6.781127548092740
39.943406116228168 -18.028372980530555
9.992403978412968 5.813472938444733
-5.941104500699137 27.885743858907723
12.980011032920196 5.635253352506937
19.982948999251025 30.957231271786732
-4.700038009080208 16.184670772985108
0.927702598325467 -8.041330115652700
3.627224712654888 9.518783371179069
-39.769522959261053 8.629106776739375
12.675276494210900 -16.358044504984530
17.085873354296297 -4.896947375471318
-55.228727789562306 32.429325839237713
-14.441413615572818 55.943540128862324
32.045145235618492 5.328925827461107
26.575941023486553 39.236211663130447
16.151671618599650 -27.131758319679498
-10.319781889843219 -13.747226393810967
27.175355005463011 30.993773761600455
3.297144406898005 -26.724573787016386
27.922352824541743 -2.423255580773454
-5.013950480832247 -24.096863385468872
-34.323717174695226 24.516351860684406
-35.368435002827482 1.722307508893740
41.832979702766153 48.865726873906446
2.112246335386320 19.035780158597287
26.582347085420320 -5.143907633405683
3.347961849012865 -10.666330731155407
-2.220540147579050 -5.462768207727366
-27.158274939614543 17.936538671165057
0.012002447686666 7.121459430609165
-4.530383214900467 -29.094798566412106
18.464376501209745 11.301307232693947
-15.450506359031573 -2.514130394030981
-83.763308231158760 27.965023449718238
36.123277795761673 4.147155703660093
7.770562194838664 -5.439095114243189
-18.048381953619000 27.011951310693323
-11.788127533792590 -10.318556481255701
-9.533176097289724 -14.626062700167939
2.974134922454802 41.645992118429000
-31.821442681169763 -28.000022349655762
8.240590230132794 -8.689352244755900
2.376372025995491 11.580731054651309
-5.537599215548229 -15.760689337615139
-24.296639015860528 -18.921738276915946
-4.451648465999187 -22.182453312911203
33.482817406866999 -5.653715925462896
35.202562409051360 31.885082755215354
-18.126112888457904 29.268382443586098
8.413644772143627 23.044551151987985
3.018808694299703 -24.491722672276513
13.365317712315427 -43.936985449210304
24.374032347309722 -17.226648376761784
15.881421408375575 -2.880063765262286
-26.229080471358973 -30.744663685127286
8.909287665467318 -5.461212554519158
13.082537332837065 45.032176690022141
-5.889489871011967 17.993888044185805
41.276120665264116 -15.315977016817945
-6.760820961130021 -9.322782468668867
13.000345617489938 -1.406716560538789
27.727230394945881 10.061579085181819
3.322507681122149 -22.496532571055212
13.388597833040173 -4.457417554114990
3.442151276181506 -6.950176079873432
-46.695253725186028 33.614286642068734
-16.652174051906464 62.061876712517197
-29.591311055076122 32.711850393482734
-29.440985926110816 -18.822792963157937
31.342985930072913 19.943849870653217
42.577223424298197 -7.730046820912620
-6.896996328246412 -22.763794688278242
-51.093423348890155 -19.649404155572807
-1.002237973143010 23.759518120435970
4.171940251443318 11.752621321395830
29.552158920701363 51.862376099014703
-1.188029909176460 21.805109825540548
7.528755833477118 -36.489658029105343
-51.453788595906374 -7.456242139668956
36.229175870808142 24.251268702169675
30.813425859165996 -33.566972124792699
-32.747537081498386 -9.533360299068823
-8.735738674114701 -40.063338633932325
-48.845654927570216 24.395486218628381
-8.503044542840188 -24.974921478268094
-47.335998071320702 7.896034039975640
-8.360126252808488 8.003545748095029
20.110963947904438 24.621678413506743
57.140193820464354 14.905187746627156
19.531401556284028 -29.341725781154267
-47.493380341664889 -17.036677603133842
35.745079425026638 2.302568445895261
-9.167717562061434 4.897986669501988
-1.235229696928067 -8.090658505549420
1.820805216695398 26.715385267385443
-7.587757439429890 22.508585474462993
15.736959938269655 54.558690703463377
-18.499823863724444 -6.734568117524900
-24.042753448586780 -16.226351086852016
3.477248557737931 10.043787584356973
-45.206735156591463 45.538095131410294
3.908748963106778 12.453358969316492
20.571635311350885 18.403971924848626
4.884711839299934 0.002157027030025
27.339946915117633 -12.967285465535287
-20.927000213257632 7.317672186390523
7.260863316814352 23.863606073188205
-3.355521650457771 10.894574533980924
8.645478404479107 -13.804640365091572
-22.689654328734640 -15.687552660427565
-27.889576804030632 -24.216278566668979
-83.375913991783676 -13.385839699372134
15.692180805936564 -3.232763429394851
-18.328338084837323 -19.342255937404691
-1.362149012017142 36.256364799171045
-22.652112823877836 17.338227315066185
-35.015456186645117 -13.211611784327376
-7.004373031199165 -3.552954457715357
41.356019154838904 -11.122372199412863
-29.537673022949964 -16.662195652695655
6.391172405243650 -5.904770679710380
7.512994944583022 -47.261985971915138
47.688506319910793 9.148340158818689
22.924337015527630 -20.181415422940034
20.552418453503201 -2.869931789766457
-25.125867449207956 -30.993910214343099
15.887645457461703 11.883237133850423
-13.290252994752937 34.023058050082575
-47.095680895396555 68.750313878380453
17.405177717202630 10.474993527875730
48.310494133818196 -2.915408874204494
26.969048325667245 -16.599487951765958
-1.930469100416148 -20.265345949713641
-14.116028024030960 11.378315496315599
-21.082544916582993 -39.681566817592923
12.775318316541856 7.821743664731698
-10.192755126901240 -11.150268855671996
-13.565976281058415 28.590867506527402
-22.176387633872544 52.845626509065632
-22.748293023494629 -14.519003244555906
5.953949636200635 20.982052115370308
37.498772681790165 -21.843097801209442
-33.522388684866911 20.604957727366170
3.937351299580473 -17.198586772677924
-25.525370671941378 31.617553713428098
6.718957948423086 -24.466741747954362
26.859939502723680 50.681750210868337
6.186888423208545 7.103518335961084
-21.373129018343480 -20.967665643681755
-46.730110714972135 13.306164525201920
-44.291628651659124 19.580343723145106
56.473644261645667 -9.152227012686689
-2.290083122377379 26.483392602913305
-56.971495002481340 -29.425556160663596
19.469866782068497 -12.656654418764338
12.518433028964431 11.918497371775713
-21.702851788452190 56.693162482371484
-8.000732876000875 -11.479897109347379
14.014768108118494 20.417505853355568
-7.124830962353251 -18.053158880278229
4.545306290694604 -33.547020045691326
-7.491741355302575 2.344508796953452
-29.124661848134927 -21.010519521697059
-45.805622592797498 -14.115752660444175
-47.485337796560536 -15.133380680122732
-19.288593807677163 -24.490130190896483
19.050791802089822 21.018057449103150
-35.088248552048313 0.220879778048525
-44.516962543156083 -29.433256889328099
28.877667410229794 37.097555033026651
0.650046372074188 35.318325621984307
11.051856802716891 -12.885436745025967
12.473456205063265 -2.359304620207757
-43.316370541349592 -44.398561074816904
15.148527061693873 -25.853299119592172
-8.036552746376920 -64.888913556886720
-83.036528052658483 -11.377172751822675
11.690178245702539 8.373620275282672
5.228448463089791 37.176489317760129
-16.190677862056408 -17.370020485407792
8.076952484551075 -50.634827929051497
-8.697488396392700 48.804039016755688
-18.258557276662746 30.065976950122963
13.489768622201538 -11.033562225130217
2.696609330667394 36.695506799740841
-5.305625671157086 13.679757707368376
-5.851816105354443 -7.390809783389725
4.600039111304103 34.350018566749881
29.907379659220648 42.240190884611920
-32.908435932370253 -51.347573710617219
12.579223395398929 -14.277952896687259
9.371342880563594 15.902472598816850
-3.137074941014562 -34.954150968854613
-2.600090139175887 7.849898830864763
11.072651148828422 -41.683572077403497
-30.118863006654500 30.002953723953532
-12.466012434681689 -5.821444504647389
-42.555694078580110 -58.996881585247557
-44.817487442686812 -39.889943448634931
14.985814370282096 -4.825318034249021
-27.176910657956213 25.882958066077322
-5.248207381459309 8.538955056509796
-3.871668063745689 40.846992115548680
49.672062086198281 -24.458549104656793
-0.732848661957044 18.659434818320911
-22.818875316034358 -51.903964368956423
23.169092817500815 -9.976892086041978
6.530424102238796 21.572062344579304
2.562953019685482 32.753917078546706
23.398156730043688 -6.498878245320860
-8.813129843811410 11.655006352722927
-22.702648997847430 -0.001054051815271
-7.089539257657119 31.109466210370627
-27.854677481589032 -34.737119812639584
11.927424093556288 23.349255924756150
-18.129157685233370 -45.445397992656176
19.442195616726707 17.985857363003745
3.844350381021613 45.323802243019756
-13.099915733496790 18.574641021999529
-15.379107752551217 26.576934177950317
-5.629935630755145 -49.469628672669565
22.811679791610295 -3.216860566110669
11.602346395642394 3.158132692522151
-1.059672723149546 53.331731923916351
22.857887836827402 28.114389615484779
12.409818845744306 23.723352549165853
-15.071354530345053 -10.602038123284901
-26.269602486056570 -15.549277952362068
71.881848931692147 -5.666607251816869
-24.002828805966004 -33.142677854704260
46.152709925155484 26.791171201086392
4.423931868296637 24.270817930796852
28.228507445182725 10.917662380467261
31.410216277027750 46.497198598422656
36.190803938555035 -17.049376030752928
-52.806744639360396 -18.079722852278543
-0.305518293088180 -56.679079370397716
-59.255211153831922 33.268561916374587
16.904361728654788 10.142766441795338
-31.830866744563213 -14.198266802880429
20.409519963295452 3.558764455473743
-7.203754402099626 -31.845295728784226
19.612725647446634 -8.643690555495798
10.138470915456066 17.828328468230815
-24.604302373613226 -46.703618577636682
-39.665179581423267 -6.880667433179140
-13.046210358460772 -24.171133163738300
-3.703970331927073 -27.032301421521925
6.170832458966227 5.394435039101424
-5.609808604076766 -50.199254760671089
-11.563320331072278 -1.372826577736032
14.538451902407044 -1.525651135775447
29.773986311664949 7.061355711685760
14.106668022722713 32.425796156399294
-50.646162033885787 -0.370366338517638
-54.456037201856603 -8.190743984268254
23.575677992652039 13.846000911574524
11.845904074062288 -33.035307813778005
2.046659242484664 -13.763463113698908
-0.712860404649163 45.217605002704140
21.155018467165387 -4.938443454188717
12.965320803729970 -18.727009244830750
19.938787139234936 21.727865573580928
16.522087505065592 7.712634526563670
28.282856812139091 23.868556000042155
12.562698636653140 8.458888751670637
24.104903076601264 -32.006400453381708
1.039714879995289 -12.619426397397582
5.840211901067859 11.684789740798900
34.230573789519866 2.749744484275543
3.402870047698800 -53.244030689303649
18.975233604809997 -6.050889281057104
-38.814013497167515 20.821721918726933
-29.733226267646174 3.382473578528286
3.838099798797176 1.847885447077751
-40.542487669573248 48.912538238714752
13.116636133220116 28.772882799877891
35.840442678553138 -16.554845919452450
5.989889014352049 24.210046484313576
23.024658955323311 -8.041883280398732
11.056950633386322 -10.044220689619449
-37.462275983803288 -23.366393595621286
39.556553397095733 -41.792089964273295
-29.611355245635345 24.720936408762846
-11.388613422221759 -44.511754824480008
-4.802911438092893 3.075215960606346
-7.523305538295032 27.408241506137902
65.700120080953255 19.912049554579767
-9.558106819238478 31.149561516400436
32.285659465894462 18.682500315720933
-13.882029381817473 -11.644070600661420
-20.663273911073876 25.728002142712050
-45.644062518612216 -2.749339206646221
-31.345414099159928 -6.256655791719274
10.594365295588529 -12.450262485193040
40.232187184340759 25.630346682637430
-39.592673204692112 -9.180870761823213
-25.874442835688448 -20.949854039494646
-12.101162425646836 5.877535673271557
36.909754676797625 -1.764988511165312
11.672477414785130 -11.757862526529753
7.206602551546808 -55.552881383327382
-24.512733348354793 10.425712888323659
-52.654502744419212 -26.400867655760997
37.447560628427752 5.523236530329378
14.972196044284864 42.763193703938590
-5.906722111468833 8.178712070349540
13.105144351958895 -29.294249364848557
8.312707813164218 -14.452100893644893
6.777546593438038 -16.638633625688641
-76.245576983086977 6.582496328014165
-37.431559835307574 -41.658254456972116
20.727511404480151 6.779534561929121
-38.303103260750817 26.626479922407160
-17.582276100387219 24.310386634651056
55.280654386513483 -33.479251784215876
-39.037279697937819 23.655494389833141
-2.825700760572079 16.406111772082035
14.689974242724084 51.331061936124584
18.212461337191669 -31.284547779619224
13.649923986848812 38.348548626223014
-9.390479679571596 -13.686951274806736
26.518430573880675 -33.709699266602492
-16.072316065625806 50.186815313984042
-26.371090947279384 1.947097974685695
-0.810164566769472 46.771143782683424
-7.609307185689009 23.148476988054824
11.019553826020891 -0.434462609112286
27.061835478273029 32.974638056665029
-12.465137043177490 -30.672680277605124
-20.020480848278293 39.350313145994527
2.625776912055571 93.492938586559518
2.095409797167241 -6.293513211657805
-11.042792171835236 20.056211926731173
28.374620069566241 -15.779297102693535
35.635128243513506 -46.686304529322385
-33.428796443596298 -63.636775626542942
16.379968727802847 29.800110182159106
31.103840722842126 -47.093415361380735
-18.634370622070438 44.402399760879405
18.799092164550721 19.537680236353829
5.823059927002315 -20.434734455628213
-10.332606721817609 9.955653902982871
-13.385025629424291 25.567173356966972
-18.342771708366687 -28.944466594789009
-5.133587208062215 19.314237296224555
-38.523781736255366 -19.977634112338556
36.269503381999435 33.070222972378758
21.150063930235767 -26.251366536366419
8.790576005000018 -9.771737362164979
-2.109698452365129 4.451639328605350
-26.724183491127839 1.002722051166887
-5.755029308917714 21.551936564794580
-18.721201603201944 2.339711440307621
-15.894965919420276 -8.408617748894283
21.334229416770015 -20.900139664054500
40.410405205269242 -21.454902311154861
1.851325828484851 20.979636230133909
29.641479770935177 -12.413522994393976
-4.160611287009046 19.140399844991929
-3.394320311025909 -26.500480719799711
-30.066286451527141 -14.376735006076828
-26.746638404963118 -13.484473717329951
-7.263135106412652 -17.418823182588120
33.966076689241142 -46.096650661712175
-23.741484328144651 50.748278101766502
2.577871828137030 -22.295235550770130
27.172118536301458 -10.488838258187146
11.128473565695446 -2.300568130830607
-9.556455863259352 16.549374302500308
37.525836879320728 -2.995279345105859
-19.373208182671267 51.740609870525908
-11.189327605095984 -12.866178195153323
58.274524114275607 -3.699243491506183
-7.527972172170182 -5.773437674925340
15.765732160321830 4.697097480753908
26.021810245715489 -1.557102455913498
-25.269666985310732 15.984086463437768
-52.257136953799524 -0.405661268742875
-27.997548126446063 -2.532688908351369
-7.832323179858873 27.946360061982599
-43.739884445123373 -13.301624563447692
8.931452356746364 -11.891273239537217
-2.200154274770696 -29.065562007903743
18.640392932516519 16.013407562062142
4.405455115579973 -1.863574085798602
-17.945272189396707 2.022567076119691
-17.672576618774443 30.507659879030850
-9.232161279627100 9.176809457109574
8.967812447564427 12.597836220720497
1.769823178746394 14.468889575871486
18.852802871907873 -13.015354181733228
0.542385963413480 23.058323141547131
23.855782962558880 -15.034400204295086
2.609690550401974 -0.534075256853337
16.242428486699090 -29.783958495549790
-8.535120881069997 -31.135418334852663
-0.954300227475786 2.686537808094362
-3.530167411232842 1.419385765176689
-15.245949396782258 -24.393137204174799
12.015438620806378 23.856529258735293
2.469089842243978 -13.848587420348391
10.106491440886112 -61.531787650883267
-25.685684645992982 -10.121194587213987
-8.438064293363260 21.762982438911671
11.546327117013627 -12.701129165416878
-27.342172471244108 0.134612776689083
16.640362375309515 13.286492461785420
-2.597131620743452 30.026429199605808
-3.443077404373323 -14.615195423551526
-15.600997276032876 33.134471081472832
-12.966628792084849 -1.476603358856676
-54.982527134629038 -2.267530434262267
-13.118510048779603 29.701467217686826
-56.322663905693979 10.338259259501715
16.080005395220251 -0.366196177849627
-37.919116836170559 -18.494257703713387
13.694547899931532 -32.202710353378073
-12.810007773547349 -15.134236764582402
-5.337148236345749 -1.213685462090768
-68.793007981075746 36.030514633799442
-14.759507401123850 -14.738819226086427
9.251419999652526 40.032274303374130
13.333042784499870 17.964039835886826
28.188177745268749 -65.495039143835044
32.798848647987398 -14.973614063323486
-24.962119816198140 -3.048112993702960
-26.386289499267107 -22.521830589996014
-63.461774871169752 -27.491020736384751
24.329809807861562 -3.656438335304187
-51.286336977252432 -28.743056652159446
