0.000000000000000 0.000000000000000
0.000000000000000 0.000000000000000
38.484663701790431 0.000000000000000
56.788473352403507 0.000000000000000
41.373816205683596 0.000000000000000
32.611927152027938 0.000000000000000
6.136008296671572 0.000000000000000
9.489556905041269 0.000000000000000
-20.001115338888368 0.000000000000000
21.481949170956057 0.000000000000000
-94.814297880374966 0.000000000000000
30.351097458102188 0.000000000000000
29.421220155930374 0.000000000000000
15.053616380804080 0.000000000000000
54.300449008938486 0.000000000000000
-21.675399777119623 0.000000000000000
-48.818241504935081 0.000000000000000
-33.730778937616542 0.000000000000000
19.349043420095096 0.000000000000000
-22.862218605656651 0.000000000000000
70.625444225088359 0.000000000000000
-57.772416244045445 0.000000000000000
-27.047114261221417 0.000000000000000
51.913667545001886 0.000000000000000
10.999363242189860 0.000000000000000
20.774556052790658 0.000000000000000
-24.279494040075100 0.000000000000000
-34.197351031652843 0.000000000000000
36.691292204737508 0.000000000000000
-29.947274864599294 0.000000000000000
20.604192042214237 0.000000000000000
-14.638144986050060 0.000000000000000
15.022694162716359 0.000000000000000
2.108361908204363 0.000000000000000
43.803721477615341 0.000000000000000
7.196074633468047 0.000000000000000
20.498820572295781 0.000000000000000
46.841400112580537 0.000000000000000
38.954489746274611 0.000000000000000
-11.507033975313837 0.000000000000000
-69.807833208596364 0.000000000000000
-27.639222276811388 0.000000000000000
-58.942918133456956 0.000000000000000
-36.535374547437065 0.000000000000000
3.113234642126225 0.000000000000000
-14.859792438197404 0.000000000000000
-7.682837279766304 0.000000000000000
44.347609862179155 0.000000000000000
-21.443063348824474 0.000000000000000
31.348760036717927 0.000000000000000
-25.587529575134582 0.000000000000000
0.000000000000000 0.000000000000000
-26.780354197627975 52.083223906496173
21.340147675509577 6.304446224338676
5.066972125360577 -11.736406619711543
-40.605370571561366 12.090535686922181
-3.411335519452707 -16.525854004433395
3.858948537810480 -1.574616926713215
0.696147175965873 14.960865258095346
40.518612460419412 6.324292453713491
20.318307909558012 -31.555337514990789
-28.676352003154236 -12.287754920823788
-24.617213344643361 29.156320186570333
-41.041474565080172 -2.790699107976328
10.112821063907235 23.802290334177076
33.951632494498256 15.827233085626972
-5.968209976572028 -2.379457711490572
33.400774484041122 0.978390537933988
33.348684034397486 -17.314703697663479
21.824191274815341 -4.277584397188258
-4.046479554202041 18.018182072249285
-40.406499453116368 -0.098286436679686
-11.355174580617271 39.773642265166210
31.642497750401876 1.631372652103893
-5.322078153235153 -37.921385084080868
-26.924876276900861 -6.327949970284117
-12.525981175813170 -16.533577216819033
-7.801458309648793 -1.749309952076859
20.725138313963658 -22.159863065863018
24.997623590011020 17.685534882345802
19.773967286539307 -8.178564399303783
30.760800039758134 -18.402473189771907
-31.389189198471058 -20.051661860891418
-22.193184806562158 17.003144143816794
33.178028495206910 -24.564877066685145
-28.745033221967560 -21.308366201501666
5.474345981288942 15.287957024487991
27.563000057026155 -10.722881374238332
-28.088978602787687 35.843908489634750
35.656726614542514 12.824192005410605
5.670143389663646 -6.021454907894613
-31.401059944953396 -8.445084252397136
-22.412922333916619 -18.025390943174393
-30.502874234481304 32.375096719447448
18.910864113246074 29.951999742155717
-61.077543136138694 53.308920236150485
-16.742789637923330 31.789704446293005
-18.808024073178167 -13.452242382714783
-45.368287638172312 -35.838649997430643
-38.381790971106156 54.957387956975609
-41.039361118511195 -16.844472674829685
2.112137319235106 -0.232409093184033
19.746856204730239 -10.557954228810502
-10.803643520048661 -6.429252913289843
10.103999078178257 -6.262441184762354
40.510855490100177 -31.851894428223034
31.346069110854561 21.132809361223718
34.978655888423354 14.040834829296051
-27.454518151314613 0.200119583428664
29.406266011293212 -28.927353351910099
15.712183726400776 3.691298673348510
0.580918869428778 9.314948796294500
-13.692626353573695 10.851800237619821
30.058045296442671 -3.132904744155895
38.260777782789091 -11.008447592206478
-7.935804880802002 11.142097398479571
-9.211103998507355 -19.806049991129647
0.158291068376176 13.346512331855907
10.591721959700255 4.388233118981250
-18.211595875219910 32.241174378500830
-27.659782125975422 -42.775328211666661
0.381991348285650 -16.996038622335735
-7.560063857094752 -10.673975345256320
0.459935291343570 -39.142154698010884
-23.283450147570502 16.441646941062427
16.245028912986797 15.816992251456911
7.479939136139200 -0.921225932546991
10.440742074543262 -13.015281638709013
39.484747338489640 7.939410480733201
-37.372584965632761 30.104965961542231
-0.931982633104208 -26.469777471225456
-4.829147456781646 33.991613523164432
6.045445962004694 5.939810939612699
7.992622688231022 -46.005728149783017
32.058644337439588 20.735301372231874
30.689182698911065 -0.933753566876732
-1.828042617945551 -4.011254352760935
3.381526968136520 33.194092412919083
8.799432785724466 -5.381192580859150
-11.133236795848244 -14.005122020184276
10.649597650159862 -0.204959444094929
8.366961475826601 -4.896516656464977
10.275455741626258 -26.290582626412153
2.287657565140570 33.838624070966191
9.324047904931950 -10.671529531359553
1.061391866141802 6.966539259397905
23.223913607617572 -24.857108246493645
-25.473776604957663 -7.751825211864468
25.430059399614631 -9.458154190371427
-49.489796522476666 19.997324270983331
31.114506434331076 11.694421517908680
-34.081098811556906 -14.028638178566554
-4.814512819662420 -13.565645322551328
3.178811009262542 -25.858831173647893
12.047593044192336 -6.980556873247481
2.149196010919101 -2.220636868847249
0.581968257233388 3.263827915247793
16.709988755372262 -10.504757841138252
6.519093161429841 -15.034892552132153
-28.432673796353971 14.292354242272507
1.680205243073738 -6.323120370724121
16.859747834673740 15.239283857611435
-9.680751090606638 -11.809342475643934
-14.241022966844664 12.447551769893719
15.292378493390725 10.302949130260281
25.327966316289583 23.794711893516993
19.601066618109407 -5.169594760344506
-3.211313823582434 4.101272941608436
9.147999858795494 -43.144758241924578
37.003046416337071 -5.346131630015266
8.106041853012144 -1.631853128017678
-1.949520025640088 6.520734597181179
-8.729346259929773 -9.677753731979969
23.693907430766977 25.215951305009344
-44.212359883816994 -4.740507488833765
-6.501874687621100 -11.051683015429390
-22.476838802326007 44.465422967511799
8.041508807122275 -10.903257236942341
11.075101122865060 -55.202353956728651
-16.317758442361797 -8.100794098744693
8.278507723273920 -4.470719787697122
57.078278061315913 20.211986563797360
-5.216580249335727 -5.329848943778043
48.877912096163534 -32.070898894441640
-27.774391776896369 -8.149151040138145
14.829896087712518 17.819477542149510
-47.421313287450438 -5.319955287154051
21.190495063898599 2.463079728286251
24.874331083576671 46.173093898913294
-15.905184558992360 26.694197712012354
-14.756639295960040 -13.482452992033416
51.656839394300988 -37.123469619064466
-17.314296875135849 -11.207636365038429
14.461036220397782 20.648726775938275
32.008258766825676 -28.828197151193098
39.397661778416015 -26.335814122367978
27.014603496973844 -8.517882863370543
-30.293779362244326 -12.060187350498852
12.983541441469761 -9.270043624251834
23.683583702137604 16.332863496948658
3.101005805897108 -8.542646700938969
33.843488808188759 -8.720987034518553
20.960776256417706 -5.958967967017851
12.813157811460618 12.714398207528101
-21.414305513350325 -3.237680005294572
-17.821932659701293 15.161818884297816
-22.592244247307260 22.261085391375158
-17.530319638846954 1.205780600888587
-0.811547496266684 19.525792772748527
-7.185967495886869 -32.422853388960533
-28.448962778896469 4.389847453420023
-17.721038903248072 -11.353358748868439
12.303941793003940 46.083559204769848
-23.441910781010314 -8.657570836135836
-25.924223412037833 -28.782114811268247
-32.375605792442364 27.957390812885667
-18.245326922760697 40.856385197335278
8.760214205981152 -8.689379978493251
10.060754282288171 -22.282014389500624
-9.870039403276595 48.924181548368715
-28.101845579834599 19.632544292855677
-9.860409652531356 14.338980149459077
0.204903682187447 -40.317823130720427
-8.807475027065582 -0.043457806241827
18.490015238791898 -44.308716290227345
5.627013028627431 6.516197145836712
15.729670213091090 -10.391772679065800
10.588625804867235 9.228805008803322
-1.578887484464647 9.220751838683135
-9.792556239950862 12.820610817543781
0.864263010088107 -84.428410659847984
-26.440543571501376 22.751256913818256
-0.409506008891257 -42.360776195773909
-5.826798772569257 38.495803735202671
1.637187733788296 -2.747406655938276
28.762112271437850 -24.638197213422846
26.976094230518996 11.402429963814702
1.143765777342043 -72.561208699983240
-2.424233088090610 -0.897610053642707
-50.480260270034307 40.577182243057877
13.098093488702453 8.026317683606193
-24.834611225789388 -45.648844307788352
-63.759969563692557 7.654443317727557
-22.986054901007350 -31.708336120740992
45.407636727739799 -20.957550338559287
7.166157378746207 -31.958188266266710
8.603136595306204 -6.580712668054426
27.926075185941627 11.160354932659283
18.490740490975320 3.031005637004959
-23.700840769470609 -37.647646978175771
15.066572377571237 2.152001647354000
1.887779995752695 1.282657878669605
20.577535174591915 -11.947588838527967
20.548142176935784 -4.870514699251303
-25.922235492947781 -8.614997863568927
11.484285212887512 -19.044971540451566
-12.481183585983958 5.859946291234293
-21.015955457624546 -2.883084753560824
2.539494580228370 -4.644242519682305
-0.530008420292748 -12.273720242766663
-18.154698640133532 -42.071274519680095
-5.605015291850037 33.906956318011346
4.093046122912789 19.073634711265608
-27.430357723336474 11.129740281626507
19.645708833708870 -9.894704898138331
5.529342477582247 -13.290861573508719
-3.202840262765841 -28.582371571269530
27.204295313412807 -16.003506868210888
-8.309173406094946 19.952289691117574
-0.155829295962543 4.432908285474555
-68.498562697506600 25.661763546732896
-14.481295833417606 30.567670183654162
11.746884841543560 13.668378920228806
42.190776715979851 28.526764403112843
8.594372271948709 10.623203394850888
-4.857465474065527 -3.278173872302472
-8.748345803570830 24.269746287566850
22.959040069791513 16.849359931986314
12.897959478266209 11.424509504365314
25.493087871840693 -10.539912263687681
-19.398512537597934 -11.752734980281394
-47.107756737211865 -21.707798759850903
1.389793131500223 16.815783048880345
12.985788544424111 -1.156588430795220
-20.810692837432210 9.898604978802979
22.615353590163849 -0.484491666197378
15.670113221571020 0.573947065288106
3.620327288630302 16.480956620470067
-36.542056915945949 -8.098170416633470
-6.933587793339686 15.944340041687578
-8.881526531738213 42.654658139706811
2.204316516395707 4.707684354604554
-14.390695396882140 16.832630809434100
-16.184377318212327 -13.652285887960112
-1.569720661925459 -13.837629319608467
38.178080426897431 -7.858905786871610
4.464086976102328 -11.279571442961860
2.110748485223054 -37.318702662283904
24.175445707407558 5.438295710099982
48.392202925970039 -13.661217696887562
-0.315989932811505 18.393351369791869
-1.286060128486063 -0.351945184767050
24.298740849708704 5.466608070546614
1.182901717118876 -6.859580329858463
21.749323960740998 -10.460973871714474
12.060220523516586 -1.043578535786557
-9.155370819431342 38.016889074544622
13.904079300309524 2.267411402283022
1.898421875682227 -15.572453054362608
-14.971344434313707 -5.624880063627064
42.379112715043064 42.062681192349942
24.289124136514001 -3.609713937518413
1.291947503780834 -3.391119470404762
-11.793137602199490 -27.093969995428793
-27.345765344423114 -0.116331027276085
-18.353629694801942 -17.759605535017226
33.668506633831903 -18.612134695441320
-3.505903056080245 -22.088584559375199
-18.676706256051169 13.802375856227563
-68.497661267913188 -14.985754197947188
41.683171484190595 44.760923225229710
-75.024370168059065 -25.811503356007602
-32.739263016038265 7.190805650298279
38.671482164457217 21.125628725890888
-12.443173225549685 -19.335731745869904
21.781082183759366 -33.461052476963481
-5.254241288339440 -64.004040520090115
-10.052647576635662 -33.591604064194804
10.009080275786619 14.155104038225458
-17.129941081616099 39.050659988549675
7.757711843989860 25.092714513286360
-8.847541518841521 8.030686920380253
51.794531127735056 16.374331865285477
16.072938552822233 37.498504994377321
-14.999492593427254 14.009967542184643
31.689181116434732 -24.188753844561020
28.510254310464738 14.685573011086751
-31.918362039983339 -5.867206742697724
-14.791932774943396 32.183602682908983
-26.886048748284473 -12.501012138834287
10.520683669640150 10.980648450514169
-52.983677127785000 28.036084603078088
26.226535844704514 21.750191444215098
-25.963593001763684 -1.461901016078658
-25.204401199315882 13.468871042468018
11.664224970345687 20.188027795398181
26.576787312441745 3.248425915318854
-0.904310884712841 -10.312977047766228
-35.809202838635038 -3.255968171182897
-13.170161829791494 7.423970908293313
18.443534973616803 16.071997235073994
15.640734584282598 29.923356095029639
-9.312321803166741 22.373843295312810
-24.404865305670565 -15.597585692241921
6.641221319610261 44.006812207161474
17.432568212434980 3.699353401980668
28.173909307617791 -25.236827120067016
-16.497056809333007 -50.405941755744337
10.780301193419350 -23.935673932552319
26.915492739562051 -45.195902298686825
-14.741795875333562 -1.090181514291999
-55.625010290477348 -14.996295104763448
-20.022744681378061 -13.775717772971149
-18.324238541967748 2.269712405485668
29.792654617372033 41.965312939633179
1.295924177082489 1.348049742794296
13.108297525327222 43.146273169073083
-2.787835642208129 -24.143951578293930
-28.508850317369870 -14.876485305439660
2.190962390222223 45.921924310385918
-24.487021473459290 -50.544226233360078
-15.133928193880289 16.395003788175881
-31.569120400978438 -6.491919653107212
-37.023063784908871 -7.829351217053649
20.129176412658246 6.381926178782452
-28.371895305381447 -16.363374596936367
30.032488382086584 -40.698401548414829
-38.779038284309550 17.432837935048113
-31.012096097873101 15.639349946104220
-17.634897517258839 -1.159837118277268
-3.073440796287199 2.491017816749945
-5.395546272405370 2.123056641841184
18.183466760848894 17.756460600011383
-9.901518321459886 -29.682481462868097
29.332909814366722 8.015981233214731
-0.731022548532092 -14.427234871008865
-27.649424886076808 2.017750630705960
-23.054393798420207 -11.394865486278121
-27.536265797309412 -20.483194385467215
-9.803063474817804 9.978473592607921
-19.444352052905870 -26.484735039683098
-10.811882241330197 -11.480706916885483
3.883654848870288 -3.435483098453840
-18.161816090537318 34.109303261335207
-10.360324014929576 -14.278058251226525
-8.619679931497732 -2.188459242625741
-8.660018992700779 -22.483337872252918
63.098830162960944 -4.969277307130479
-7.271070581389241 -28.851458505754870
4.448708902127585 -24.150430575172706
25.863960043557615 -2.560492639055224
-26.444680780746253 12.636791481510349
-6.522775139557870 -26.314651612805289
1.743919473187786 9.265085378622445
17.122291357460249 -39.618440344922377
32.226484222356888 -10.352270593604825
-2.512540367948254 -1.316524633961262
-9.771677317415918 13.465820256121230
-2.580710492819242 -6.832426558324672
6.131722181565467 2.131813361105751
-3.377955144822238 0.647501705833037
-3.516770643750553 -42.489474944142295
43.926917257036408 -9.187468700846724
-7.928730039947530 -43.893614090880519
-26.825509687255071 -22.748975928017668
10.703300887346018 -67.639088347685174
27.749043342958469 29.603791077747630
-10.839501741937948 -31.457255682468116
-13.245184804607359 -19.036791525033731
-37.022338298851551 -47.796541310467511
22.190450694566714 -0.311214767016364
8.784894278787405 -4.423082061268476
-10.562768434447783 16.609397482354954
18.883270381345699 -14.521463012612953
4.914850390048825 21.561122229366298
27.043503201889862 -16.300958479850880
38.916938811099726 -46.237247194630299
-13.729425885555868 40.533561049985792
-24.129271811585003 -3.111569106672625
18.994256521240246 0.794995504592017
-31.932274159436023 -25.270030905567221
5.091519911375578 -23.899914119572841
-5.263149074018401 30.901309048300028
-24.359123900706660 36.589807826256887
40.771201161576442 -10.717506509496467
-12.464688483166315 32.862016312557266
-12.964917116169257 3.357119329435943
-28.697312760547650 -6.751088330967535
-1.944109491724146 21.285185030087753
19.086400192063973 22.698486189177814
-58.002300587864511 17.135945651262912
-23.889015470628998 18.236861139763569
-12.103559480547863 -49.510984580536920
44.984002654838228 44.447420372078447
26.780482745986902 8.666347789823835
7.422089232915777 -5.575642423819912
18.088214347519404 0.527289777713343
40.134639015149794 -7.434630592234317
-2.886862486909846 -7.098673860336402
7.559193758646391 2.077330625225893
2.124955106815922 -2.197953872128516
23.222341674399562 35.598912243539353
14.843850663602959 -15.295457365071275
-18.832775550600505 -25.505051132400684
-43.001805401776274 45.276402750295610
2.836812661564074 -4.533117654737322
-16.108363406132963 5.788917163800942
-5.900179332796728 40.061655129494348
-22.285952649385475 40.698047881710998
-17.138979956151651 -10.416395884632944
23.842947726524113 12.864650910416653
9.978897919405622 0.500911070180635
28.685612685139471 13.027815003976992
-16.772508546787471 -9.156579918600077
-18.800016937164632 18.313880030320902
-16.870170485699983 -18.700631526427724
22.103687525742096 -23.305274648611597
-2.399701805288307 -1.095716616925587
21.846276984927034 11.169710524182051
-6.625770960189010 16.696592817989771
-16.325504255401093 1.035893394389028
-15.707616820098695 -23.783029600905518
-19.795223925722063 12.439446461767243
19.187686989561442 -13.511964206458300
-14.877398209294086 -12.046012710664597
25.477414518126814 -49.095461037182545
32.689564258815089 30.984167194080403
-25.558820165137615 -6.706794724459855
-33.656974591664280 -24.838812435717195
-4.586568517225003 -47.720042025388615
-21.653989350572171 1.720091715461575
18.315780212697184 -33.868864367821402
26.729032829636953 -26.166213203654706
37.808555462435315 2.886702906073849
-5.537623004700399 1.759198877117617
-6.491892960188426 -27.063331449051066
-6.484349365071485 20.824652166892349
-13.491859377652947 0.808405523548648
23.032992359333736 11.758486665085691
-21.456591919257299 16.118099432087586
6.370307440089564 -25.272337120511619
31.374173435502449 -12.439166217026800
21.726562174312825 14.058357675360543
-0.946288379005023 11.538270507700844
16.043123765407739 -37.793921767213490
25.822054879856690 12.137075567264672
-47.715652574573220 33.572561989757737
44.265219566409520 48.666165914963095
37.888737845175044 31.912431146985753
-19.738289788792386 -27.794224063177246
4.896655552523444 47.570284898138198
32.087507989495869 32.284747005709072
-2.140920327519325 18.902400099077955
11.415125299464547 -64.777959832199855
15.126801978384051 -40.788517195249327
-2.571436176718926 -36.679012904979317
-25.467673940061005 36.800278202611842
-8.753876319520138 -22.980484632280600
15.763573381411014 2.492065448731773
-1.323379746273942 19.062325428262547
1.850124987833121 -19.220406603237176
15.071011779938374 -21.820779055744680
-30.453073726261394 -1.630128408852308
26.317759209597355 -54.251745756933985
38.240280689848888 -6.721061471121948
-8.189590326269796 18.029237514359952
16.414440690057667 -3.008116623641791
-32.867287936336538 -7.466936017244848
8.051457349181497 21.551082694232029
-2.681999634384430 4.431021341198499
-4.745041939293744 4.622010889745408
-16.819924810607255 10.669775895777438
-9.164641529123390 -47.651116314760500
-38.526672321188634 -10.842116220262866
-5.171715815533884 8.776439773507652
-14.241491393099411 -7.489854711110996
-3.104028820264614 -8.208450468093213
-38.834892178906181 -4.024958055557878
5.946148459061620 17.662018795957621
-0.735779196125760 11.657589676141809
-10.565812519846283 23.893606466758929
17.271945347901308 1.425799868813297
-27.716290993223605 -26.949879118967655
25.129363848684726 16.126637052462012
-18.046574970141791 -27.722796827695738
6.438309118781936 10.317579946550618
-14.512543840496299 -24.988882115892942
13.575526430503922 -13.638050983640627
-8.120296268120944 -10.012777216701776
20.370375516956557 -16.205195574560321
-40.714685753115155 2.937254508008498
31.228872526262293 71.104757256309469
-14.335122211585507 51.473141040210024
-31.253285949728280 -56.692855173133104
10.108140324384911 -5.820357178276264
-13.121300861473749 10.662041751032241
-6.534249075248297 -25.524161133361282
-12.887509532320761 42.421873541278970
23.219822706911181 22.061933777408608
-21.584699482936792 -9.623742374583085
25.598313860616233 27.946559187269155
-38.125509520212937 28.661693824340322
27.928524923911883 -24.390377864274573
-4.510827086160032 -12.513804419696822
15.354892017685893 8.664972834112607
1.787149929986421 -15.952667026747973
-1.566655359139458 6.789728334538993
33.424650857808928 16.241971692359005
1.139916079251576 15.107460475196842
11.164233173905290 26.430845831432322
-9.371452572763438 21.383699928865258
-15.987366214864926 -36.771411679475982
-25.627028268187466 36.658104507405746
13.961616098269047 -28.536560767298823
0.671449720597706 -5.400135443445105
3.297689917334008 -8.235489627701371
34.936749782364821 -16.454302438040415
-21.152413281103534 37.920819805267243
0.374160802385866 -39.562644701308130
21.658154018937768 19.954301721333625
6.974801122621511 -8.107357984060178
-20.953444609410791 -24.865065352450117
-17.100087680959362 13.676463657842804
1.216376121334767 9.858424003787480
-32.909844540034740 -11.096775115378493
-31.773629031552083 -26.644231009263983
-29.332439378185416 -14.768685398182058
-30.900011795501563 18.049420955949806
-7.577216753949087 -25.608816979416190
-42.592787098940285 -35.927052296596109
7.472121688496530 -20.893788747282361
-22.996567627333285 12.285577246231979
-2.509613969574100 -20.516753837607816
4.831384523427163 8.469135472307704
6.016042470477882 -14.134717041388070
0.674788412996520 4.929141782150617
-4.329763291281123 0.203870735392349
-23.057456075390352 -4.528654040931519
12.859060088823179 -17.389079580610815
-6.375104496397201 -16.674460358555557
-4.426613455891518 -20.326079931223177
8.136809833079223 -20.986184925733525
12.281152618504581 16.331930009896414
-23.543009861316644 33.610388818083649
19.549529819230372 -19.558401910297604
-13.622075039394305 16.803514729926469
22.535149575390637 35.209941887462818
-32.938799672251875 2.547251155989906
36.452476924607801 1.899864172999058
-15.313167382133262 3.557465832946015
-20.491017798349255 -19.221111291515953
8.913826240578846 10.198893739665213
27.050009410065226 -1.917585812823113
-12.505040135719076 -17.163144417215417
-22.511625861948623 -43.810442272505590
13.813979418045252 47.631074343064100
6.546008200826362 4.758344512975793
-48.442271376844282 -2.739665278940821
21.278252590687575 19.853816161991176
15.443243768291039 -36.351974950213751
-9.426152759266321 -25.963491489488455
-7.644349215932872 26.974747026528895
-38.054968829802412 27.639904356898352
-37.897839139322549 23.735509419854377
21.212638573813830 15.719896793292778
28.758226485726144 53.408411253506486
-6.126443347489706 23.361978565417843
-25.752751206273359 -8.641058134722822
25.678870599661707 -24.771639233328916
-4.441815691365445 -15.269133830505154
-25.191021693749185 -53.381525990144127
18.409408803099048 -15.048930065948237
-45.074649083520328 6.097193437100400
-9.782920451384413 -17.561015063238145
13.209824044261222 27.775934924940945
-2.793885685139034 27.662231166330113
49.644419137626876 -34.637212050510087
62.695905610638761 4.459766131838257
-13.145867557781232 -27.152086659335367
35.214869035928224 2.640645204802490
-4.628722430967106 -19.761166712294816
3.837349732287382 -11.356932799956523
6.680486674931550 -8.947843892063092
0.237888856751474 16.091361593443693
-7.274117154053104 -17.550513654154749
35.265990609376928 40.227498442059172
-26.402680883886873 3.065398107704733
22.610742797194526 13.346927860912622
16.460885857824241 -26.144473545501118
22.503536715918191 -23.205906418585794
5.102663664906046 -79.894158961573680
-8.731992589807149 -14.817460740582804
-0.040051373622766 13.112510917996152
25.290133510418997 -12.296641280611077
40.574129233752949 -27.850703354041968
-5.715514488487552 10.587417686738361
8.097511851700803 11.085886225710592
28.625718993791100 1.416655071911480
18.217266079993106 -19.007763781448688
-29.594952538624518 -21.088653819100877
32.462498321996378 45.005378893561918
-2.281497071993095 0.173977907638889
-15.334109608294932 -67.502910286876457
-47.590879378138631 4.919715869406892
-19.324793587690429 -21.650885433724362
35.008283397993530 21.237859972586435
-14.650314684275358 22.761850057404963
-44.979558157854989 10.635806656851440
28.683600181493738 13.933261858531681
25.225174853239846 -33.935825524299915
20.820572474992325 33.727050107408992
-16.063797198828880 19.281829866303564
-12.415201376717011 19.771492613329556
-19.850090137812682 -3.907883595481517
-4.827789914925815 -4.860329862169513
-42.938913504104029 6.524017982033024
38.617632828829414 15.962960713136370
57.333728678412037 -9.012502196131754
-8.133557202589476 -48.566748868021335
20.550720993197995 21.933626806075090
18.978881365749370 -6.508053680204607
-6.224848102487098 4.392143090722603
-22.490850805588707 3.249214907199425
-32.255699511412963 -5.671630148354851
11.731474197427172 -6.525918269094870
-6.629079719532330 13.777415803263473
2.904258038183685 -53.475122972241294
42.725677438349713 34.842283036246748
6.648043444644272 -2.943856927627572
-10.597156661150617 -2.392332692806556
-32.374745016338558 5.302551980675805
-4.692481443541396 19.997035319867134
31.278953436707514 21.928180980593851
32.273511254875181 2.176993767201759
-50.666306238910323 3.915324425162569
20.313439244594317 2.120215825113371
36.860607228077569 10.457607029754433
4.311886075176021 -19.313090306703867
-21.105812822690204 0.378878756565083
25.627754750645121 30.024173000440690
-3.689283539909570 27.340235533316580
6.599341691632786 -3.483471036518993
1.971652943939819 -19.163164828760326
22.421467807901845 -2.761830349832811
-13.062840230954087 11.634433500127939
-15.579481249817821 -5.296284896308274
-24.929794040719194 23.272051527085438
7.626463576522204 -2.392235712858860
16.595535567729851 1.547696593552794
1.940473792115111 19.041238402285835
-20.120906948557028 -3.500821392988249
-50.083624058869972 19.794470508437740
19.899346370640245 25.986633615379883
-13.952055649716813 -20.842294529558792
-39.314663018829343 12.918552687505352
34.858577734053817 -15.979464846435736
11.963800079617123 9.267546589998858
12.997389490186015 -7.232020450180109
-25.288385685581204 -5.996234115777780
-27.355182214860360 7.970926077053720
0.438432147181839 -4.354001725138085
-22.652665869394660 -14.036704534950893
9.702572093056148 9.213217514349248
4.929587298497643 -10.944334088878971
43.213975880575077 -17.967767341484201
32.731069724334262 17.837659558098530
-11.468841570869980 -3.962958937227948
19.234980463801062 -45.859097877345398
-0.775114718964895 10.878707789781721
-13.746535764573091 18.786482418830229
5.505290281009398 -26.918978104743292
1.148462727042525 35.059291551012421
-0.883463966182371 11.759644206883930
-28.969454936533715 -11.337326412086007
-17.852992922857780 26.190803023704763
-5.052877747969133 26.498662253208398
-15.453743378185525 8.372731601647279
-21.899427567778726 2.897441562192587
-35.263875112062742 -6.734948570290234
-9.093205059933229 20.001078157129722
14.733559952742434 8.245045709839292
-9.090154995307575 -40.966982112291007
-36.906521658708684 -5.204719990547699
16.125866796990138 -12.684913673873446
10.667437711237421 -25.743235545507176
11.966174426712074 1.404183991903345
10.925012820344243 21.518626869235511
-21.545444249312403 -5.634995336060485
-2.139465542072597 -41.792528819186828
-26.503934376525621 3.428908199428585
-42.140898225039784 -22.095708065082029
1.064001941676229 -2.590084584669521
-4.120588432351881 -11.778016049533445
-26.044710986654554 4.263196218181946
0.920594517191499 -11.401480571665315
-12.515725437391781 -15.069158055934318
2.998231581008107 8.738716755655094
-0.293893606720870 -0.055225776709323
13.253375301812389 14.296750798827544
4.188616949805041 8.107506881679628
31.836743844212805 -0.483662200732361
-23.706448901843718 -13.125663868481599
36.279470730271868 18.835098716359582
-6.134779018296586 -2.237931704135144
42.317870315426717 3.665745445879297
8.638541281111859 -33.591807530679887
36.046735699646497 12.850607644245692
40.682713443890336 24.155528970212266
-30.430012040177051 20.002955580211573
51.058079335387887 -97.141736913250881
-36.933575078790277 4.975781684709096
-2.625585921422481 25.580251402600652
13.655375878299619 26.286323701977594
28.562732791892362 -7.739579700510260
-5.619547676507366 30.897929944663517
10.930804798848643 -1.285134877012438
-9.866242109911949 24.802432172282074
14.883943031908501 8.069023731114092
16.138420271030739 -25.789171977673504
3.721642920643797 -11.519147807550686
-14.559658254574328 43.269907783426561
23.332910128665350 -1.645538769642928
-24.579181032839738 22.364899754400120
17.994829671885260 10.460282311234593
1.055011327758854 4.238458761967456
-43.620056421107087 23.919135010693282
-31.488243304015793 9.736067682564617
-27.964403075211759 -30.416948777812436
28.950831983223328 1.530584347188570
37.960796641354463 -36.753915531014648
-28.368594436337396 -11.951710045074531
-25.898522482097469 25.955087185832912
28.371948889864111 13.368492397451156
56.509591238552972 -15.844988038273385
-8.346998879304133 20.963289828961269
24.615176007479175 -6.915066751996438
31.427658758268542 -5.130806043228116
21.020825533574541 42.796452000075632
-17.024460053582910 38.663579791138851
4.774708409899961 3.882632771452268
65.263794874020448 -41.790600614429273
17.063067046745395 -9.678228389690888
24.676555771715034 -38.035931093483683
-10.052665092470857 -3.053082410733753
13.008180311926445 -17.797230631487821
11.979939526428888 -56.464284513943483
-20.721195652995949 -43.436051015415337
-19.505545625614403 -23.227819177642914
-2.910630252584713 -10.829624764984620
31.017565577301895 -24.324058249653934
8.932752561071368 6.124304369725961
18.806508121480128 11.560772552510576
35.625619002118214 16.086370940511173
25.378076409711873 -33.140658821908112
5.253331978232325 -17.089201311136176
0.969969946165342 49.599472268146862
19.546421029467673 -23.985224334328468
-27.937894865978187 -15.116066131270333
30.794071027444357 -5.601785882840367
11.495145301348584 -41.444109551402470
14.862623779350042 16.678574232959825
-44.206574790074711 0.782525336161788
1.578575126918734 -11.295454446322973
1.008931461545902 -0.786597037609600
-48.478849511966366 -26.469505922307579
13.587324011140542 8.235665277572428
29.438109389767288 -33.865694663752542
-2.332439817576887 29.198718303082845
-6.777624750998934 -69.805692159711910
26.708936364682575 -14.773485896476693
2.441342174809114 47.244200656919674
-3.376541655501701 2.058145383798863
-17.189132980542656 -36.821175815497391
3.298239294992048 4.124144559591038
-21.978431718583060 14.414389118144069
54.561043714852381 -3.192642751308964
35.323454463668362 -16.179397285306862
-17.258258956999875 -28.503405715126995
-16.049807833188694 -55.787958565741434
14.415626141516245 7.024580416955600
-27.711029112994428 -19.418982994691305
18.842674173950719 -11.926428364917975
-16.137380204652278 -12.940551726358290
-26.372156886887240 -1.696472181262032
-28.138015304029281 -21.834095582578477
-22.274413116011797 -11.497188832836594
10.730955913733089 -19.295604656873323
7.933550959866022 -0.543961819343625
9.755947511935720 -49.442578722675044
52.261687358798291 -0.199713512697303
-29.886104327697350 -39.903395461856697
32.372297403044712 15.432956326733313
8.791187984506667 -19.184562627535808
19.093050312950563 3.185314805241634
-33.862013776017463 -26.573602047193546
-10.791298057091714 11.114481390223759
-23.431208788972953 -42.271274536219110
0.143676196894627 -25.771692620394369
-6.492432571512470 -21.271265988388052
-9.990221214068990 36.466525025321928
9.206648143377254 28.423677201520924
11.468057582779439 6.505380496713299
6.638251889890421 -21.000047072227819
-0.072446509803348 -49.254594458538705
-27.410618606995889 -14.171536704573763
-37.133361926353992 -27.985456169307028
-27.634069420041477 -2.130492879636525
11.862757598112463 -1.920460133872574
14.496327892112415 1.862594938230079
-44.395058326027964 40.768691537871895
-0.796207392271662 18.315274416263190
-11.915544839116841 -20.859692386342982
17.165493580396685 -6.450131633962653
8.547423075855813 13.217843389624401
21.474474640067708 59.168302351187357
27.691619887041277 8.092992396376458
4.162823489766292 -5.040075982472821
-49.421548356472080 -1.068934197841604
2.504291491659825 -7.765018640727299
10.064930314348972 6.812164019327550
24.549603827413513 -19.162723692938719
-8.375163582322747 21.839008139949151
20.398758919543063 -30.242830165114263
-7.791228134024585 -10.113963051085802
14.759539814696808 15.567269017181804
-14.048493416876378 -1.965427287019414
23.380105571155923 48.665401254176125
-8.052298469731619 -22.184637886839770
13.357696374352880 -5.223630367690483
29.877883926734579 -7.890534200690077
-29.645197094983871 20.151503351804674
18.412050962250081 -19.994633020481032
-8.856891834205969 -6.439295496514879
-28.820819513152077 -13.777878662477304
-23.547013000612569 -11.868985071670819
50.635323253890377 -14.689273939276758
24.970659376186173 -36.305310993712098
-4.704847335017347 28.445747082674089
-31.912293752842650 -35.278601489547590
40.175824567727538 2.881090931921239
43.203855735920335 21.106770103457936
8.700442990003188 8.262182262924272
3.855449076450698 1.711757140343507
3.955712675161585 -31.910064258986292
-6.962013148588689 13.319886859445479
-6.972598174557840 27.852320396903817
23.259496095332313 28.457266407114293
-1.606566895282353 0.618780918212855
8.552764334989977 16.542519249315870
15.804582853319136 33.542468752576852
14.286003116414912 19.612118472812675
-13.391268168478199 -13.983465267041357
12.978833284313799 28.401232248313846
27.123592134455436 -10.331499457039531
13.541441796466177 1.622873882423379
-25.947680368456865 12.026976990550668
54.789431925360276 18.517047403821230
-22.969336830810292 0.194954194888590
4.805651752823791 -22.067431014419792
34.735447478876011 47.660376649718792
-15.075848440729031 7.563570194608238
-46.325128206719427 -43.218720152445947
-13.781711149727704 14.599665297114850
53.301305494858902 15.947762062924006
3.136849251462031 -6.790314716136029
-37.902231937048981 17.354633521637105
-18.582865661518220 -29.829418684056947
35.036043026494781 3.767571228015453
-16.459600307582981 13.454757024367257
11.414052654242663 -3.429006142885660
17.715782241082515 26.918541555367430
29.852691858626937 -13.977822531930839
-7.559782079324760 10.503548823347391
8.288469980788804 -62.645121410881501
-21.567253816553340 -7.847810248635844
-55.315217424162142 -23.417184441280757
38.747067548582223 -17.670618206413138
39.823580606048814 -45.738393503022259
-13.076871669385524 -2.874861112050232
-30.881956855912811 25.564827955220167
32.256662852692607 36.385476022103568
50.652854993596470 27.006298076502532
15.385424746974197 -5.108278292970970
-12.289385139333852 14.841592508651724
10.808760756778907 8.923588486047107
9.239878354737169 -1.739465267594609
-4.433264475697661 34.927875360428409
18.578620353148029 37.891299748150793
-6.172481190442470 19.282455998122281
-22.267216343780664 -12.570138164375761
6.500845394424117 -19.742228562259136
-12.350316403280919 8.375474213825207
2.627979021059386 16.505493459463281
59.446682343485499 -49.454137900841637
-13.855506298621984 14.335404848704510
3.568519006788434 38.671849174063830
-70.542626688842901 -76.111826231007058
32.673846097557821 -3.237109664655041
26.618930711288975 -0.340415119929984
22.772677065677158 19.403530092868110
19.379433381067010 -24.983875164118007
-2.577234365273068 -0.157380184261337
-14.038649452873614 9.642905723810332
32.671318778888029 9.070977373162410
33.987237977887084 -22.136373689352940
-30.382072892308390 -31.105334707751549
-27.687601551948795 -43.454024970299280
13.677661042028216 1.141079375785260
-22.982858993853995 -33.803214159277104
-35.597388523753629 41.356390897146227
12.247116368015567 35.367942946766014
-8.946855724186683 -14.788741500668037
-13.917298323414107 -16.140112241798157
18.105367546617309 -31.926395449381641
-37.735821394035284 3.344739088404186
16.408142439700757 -5.891789220983781
23.952381989099596 39.536653415676568
10.461062567243836 35.813134747341465
25.124391982416750 37.707009071823109
26.050213591800176 4.848130601939262
-4.934919177907230 20.094787812431715
32.282042676972480 -9.873576735212653
-33.750089400821828 58.221123330509435
8.253477174540091 3.864129672173507
3.619014261799430 -45.983543390301783
-45.165003339555668 -25.967718995664587
8.257115473179022 -9.960894401342745
-18.784763343058597 -4.379570406827892
-14.921643641746513 5.623130682186305
14.656621816942653 -6.725721549795508
2.373882604745257 -7.154843452682734
-10.703496742325303 4.703608636422709
-20.684382605800739 8.049701369053155
16.546865401415381 -16.381825942703998
23.671911440012565 -61.656823130610654
-30.993419863293870 -27.066996583833848
-16.936877365279958 36.043936862180800
-8.584880402866672 4.007333104166008
38.085155295583021 -33.278666362957473
-15.797137999429186 28.655610323541282
28.437079036664297 33.934968716440629
9.003000043581475 -6.642932096714570
2.105925900081052 -11.346577485736580
7.841031049714320 -8.071289537001373
13.459876722987739 -7.151886593674608
5.763152500570626 -16.349039884317254
-24.082537200418276 -45.245224997782920
-6.338495159368652 -10.439162943295623
5.799038789811658 -21.284945899485095
-15.609685913112390 -0.200461806903752
45.304357232717564 20.511563210791639
-31.645988161356879 17.385290886757609
-11.123831310244997 -28.105389720119618
9.916495819843854 33.778544045890499
3.114354644385498 -20.122302131509013
-11.701618462393657 -23.661113049497462
16.755790295755723 7.111588527952033
-20.462250468445450 60.719436745062239
54.324060704031048 32.376590444652003
17.037653666197471 -19.862996742297472
8.004119545599522 -18.601721641844609
-3.863817902016153 59.819053082973042
-18.020243648061129 -35.673345183286635
1.242413279593655 -10.001284542689509
28.013229773964600 17.231021742543003
-11.101910733791799 -34.428722926411261
5.725055502599050 -4.898928621173436
9.584361234362403 -5.568242599075376
-28.547897313750116 -32.106050732360956
56.639290685438596 -19.456895432772367
-14.593963155347334 65.047566124062726
28.461781715895768 0.749448110492385
-3.498007771055030 -34.463135179217765
-31.231159032693292 11.894737551868813
22.591787804985501 3.601146318727909
-0.594598802881210 -23.849879700174920
5.974339741162502 -2.070656031312732
-16.699909427477252 -22.669195441090942
11.720374067375673 -13.040335429753201
-4.465788591473741 -27.840003494084439
-43.158457305714123 -43.883155867421529
38.464174287627941 3.388246126350886
-26.871982877378212 -3.334645475801220
11.192076440090418 3.370062482121793
0.601222572925385 -49.027660254015267
11.048215849735758 -44.322027640116580
3.461340417881704 2.323959941818654
26.423343324030398 14.674397515358260
-32.399381090223407 -21.484189960348665
15.614622007636235 -26.478561706739463
-29.663554267253080 0.626352292600985
47.243943284588070 0.287764025102527
-5.585127919112659 4.022121728564599
17.470393232842490 -12.218799277238178
19.802252332215105 9.217967488777644
-17.955372647969710 12.957365943769290
7.995941725852457 -16.051590738950960
4.547870473074654 -2.227756357444330
26.254407691313357 -5.760013258022729
5.289252267549242 -38.714353488304639
5.267719180666573 -6.307967117150232
-2.780061820549500 29.811897055840031
3.390932670285312 17.687687990271325
20.040478074408810 -7.659591479957851
-11.951384441612834 19.607830791266739
-34.887249688407508 -57.400623589441643
11.021866527028070 22.698875286453156
-56.871493001404623 -32.682588117525697
18.215524068164992 -25.709117338489328
1.347719946566025 -14.645234287543898
8.747632076430239 -43.839675146305410
-34.245337010264585 -16.331275764614578
10.279730816908554 -10.943389984559319
-34.449346334131292 29.123271158733722
-35.893519763518896 9.662611569769410
-18.097372120604533 38.822835334085681
19.391859155969545 39.393824102847482
-3.268649483699056 -11.404943542779829
-57.331814915372888 -11.307388214572912
29.057661191534656 29.640766192229311
-45.251946624744562 0.028780782583874
4.149313850984010 -0.901974982452784
-29.279653409638566 -22.083027742478205
7.205724783687906 13.844161888781567
1.041920669053204 29.380860353237725
6.292095209191469 -2.519100809476927
-23.078734490301006 -26.526821167895065
-0.389725304445327 26.974912667901510
-7.752499893937986 -26.539994144140149
29.429386695310388 15.668248368905054
-2.834281272639317 -20.691187793118132
58.740183009805889 -0.159702831635153
-20.424180125554130 18.765966623839951
-26.897830468488110 -13.356797912506979
-16.751136334334465 -17.984854181681666
33.543317365499142 26.436539781890431
10.407745402487981 -27.189883057804138
-19.831378162793435 -41.338070735288682
-23.979211318367692 -20.226785329603022
22.940426234926342 8.694279574469487
4.944420679386593 -50.174946123341265
-31.484485095698950 -2.140979191563375
-20.287437938471285 15.198065487043268
20.525880352789198 13.681840875019725
49.324726910698956 -13.024084881519903
-35.081829344569528 11.274026553588442
64.598275484769772 23.911934510207850
13.881997957258800 -29.744803021374313
9.736331399220386 -10.341216267212582
21.716770397063204 9.547065441250689
6.015197611737153 21.091439602626298
-18.493528570786545 0.675522825877251
2.087691685888756 21.546586630312156
40.294909457803911 -29.765864015817396
-27.471305782964876 -24.911720684540668
-23.316919435546346 24.893700025034931
-22.959756917431964 18.156513228204350
40.098648182212649 30.228047820782873
39.963692918875417 12.801373415073222
16.127569801274849 -5.320948059224711
12.264524236954884 8.071007208663938
-16.471107680638738 20.459262016077954
20.705587766048442 -46.722048733771452
-3.338986638513955 15.517832897478275
-4.245335327129179 7.409975216629944
-27.823068555277125 -61.450063932737912
32.356922167145846 -1.573400588576655
16.685377004284202 -0.902043603150033
-14.582005734701911 -5.305581488885408
20.315600161527410 -4.206504871610598
60.877030194621298 36.649154042336896
15.163995386146194 -1.830798898220038
-24.694502655242037 5.000700693941910
-19.762686249920275 -8.151586690548056
15.961040126933161 -32.356899816655606
24.111557884245428 -8.635883164471005
-14.845037483165457 14.903768563072152
19.837824623327780 18.655162553693732
-0.970550415398771 2.964074983496059
-15.169500303737355 -26.888782138525890
-20.959759575325474 15.927535818396764
29.981639320926412 -46.712166019366357
17.395086277347062 3.194656598879385
34.087218855549061 28.605814701564888
52.078963025651319 21.832303455543325
7.811516840960951 -13.127038613064734
-31.282759928351282 41.418633288911323
-3.226580738256310 -21.001241140278776
-21.127136071187916 26.396779885580099
-13.049242338273062 -4.196136674455169
-56.379901408283274 30.331861237188750
49.112294541146021 -0.441373309239173
5.825442738534065 36.937250751947708
-22.125420870837328 31.303923324160177
36.083277435237036 8.944279195064510
12.949290707658211 80.213441079341933
15.659027665972056 23.415430805802362
2.934748351980991 -0.633354364647392
37.856551177499064 4.099725229596719
-14.347761798044402 -40.789572545270353
3.440377005675400 -15.182244337680281
16.188962013871219 -26.564119115092481
-5.051188894549543 -23.582563383638963
12.071307653986661 37.862309536459136
-12.170919753416031 0.466131235687678
-13.285773097482179 -31.875430994052923
-6.703973946747429 -4.269424791876456
-66.132387489822719 36.574354058968396
-15.097386765133463 1.005069480675421
-23.928967869356207 -9.658188835291275
-35.897974628886239 -32.963712939151414
41.782186331979801 35.630234696079604
38.390390633010838 -3.433086857415506
20.727422912692557 48.286145412486874
-28.241338827715072 8.544390170865414
3.574572031595789 -37.293527225372777
30.171729182428283 10.280662296640232
-21.285696269221123 -32.213119508846162
-2.122910525723830 34.354842149512173
-56.949638255652253 -51.286406383132707
-4.977478266436701 -12.422036049468511
7.609051649538159 36.269687598071840
-30.615441749612419 27.056645673182757
11.805559326284666 18.053143747047539
30.639000786428110 -3.002416561518801
-9.376615790443473 -27.782147251737545
13.574171912454242 15.326180421238359
12.175865707486091 19.103095317033528
-15.095985156326011 10.598347204214207
0.205062151977315 -15.083014608955017
5.406975011745923 -49.290686758100293
7.600000517436214 -9.972487082697132
37.509411208174782 -35.101721477165817
12.164061163793665 -2.190668657136030
17.034679596776627 37.976680690505326
32.243133737574837 1.732928704367870
-23.107277192367032 35.513588945285882
-4.856167187964287 -14.230923210660285
7.120312394945389 66.470980364675597
2.752779106623334 -1.611498381033817
-35.542004328297388 55.424150648338312
16.677058894046823 -18.162546744135831
-3.453197725555521 17.672337157967920
13.263367969994407 -20.470702361593048
11.956429477582766 1.869863755979443
-12.645733943070377 -18.698450669290761
1.126880026277646 -4.172060959890104
21.347656606267130 20.011065694399925
3.439708418375847 -36.360150851242793
29.049487628025130 26.471364436938277
9.053022844894564 8.049374949511179
22.558292391570010 -3.513245236755248
-10.938119320367887 -17.310713295075548
48.158508517110093 -18.469147877940745
50.031474658192572 -53.121632612815056
-13.373962846239575 -8.544207228437248
-11.035164378760372 -0.144823929974923
-7.864855565800915 41.126208994775538
34.243539761471261 18.337951488861222
-44.977918918283940 6.321043948831592
-11.406293393693094 44.900213740805590
-5.282792381661351 22.506941078520192
30.484798524766635 17.904861282663436
10.649390661531312 9.063995077746528
13.933510691428783 -3.913008494381425
-17.078527682423225 12.314148597663449
44.462700149662091 -30.587226467793901
24.142052225739072 43.982681375312261
11.512568847636803 -26.591741744484477
30.551050114403520 -88.234680787795028
20.687325719876689 -20.410523059255183
-15.635877651056612 14.728380150575045
19.087174980104074 24.231528950614425
58.625092024131646 -19.319117902612891
-0.182246315171188 -18.542857406440650
41.724905567011994 5.396983197600910
-1.825645888783822 -24.560610345493266
7.557718545334877 24.501445384739654
-13.041034403848816 -28.322591576495554
33.656267781929834 -0.282978423586484
-23.827105356767795 -10.471702164509647
-1.956962121269933 13.315576561023782
10.517856405560178 24.777247785456517
-61.389425783321663 31.115040743082695
-14.348399653734921 2.164742266452619
-21.173759027693862 1.935317485081678
19.480751559100487 -17.757537634319238
-12.162725750559559 -34.198810796953815
-25.504395391294963 2.942578710990215
10.058414723712184 -38.316454023765999
-32.660270807682892 0.187857212557053
53.869363096595869 28.801988159973444
-36.497514897854607 -20.930529500155586
-34.408705534374953 18.783002762985831
-25.200342680162866 -5.202075358009973
1.323736877464476 -39.770230816107059
-12.182555480610430 7.099321466903748
-5.228112116779358 21.625621402026287
-0.288518247104684 38.275187438229878
2.633622020879614 -35.829989650053690
52.262999566404766 16.562381027678384
32.134775880301319 0.763250635336360
-10.642723569027575 4.700907468384560
3.003503759573263 25.757448891585099
-20.428937394854277 -27.871162388543105
-10.703723620499368 10.281790498886405
-18.170906638709702 -2.651979215947838
6.649621695125423 -27.089633509742594
-32.127927594094551 -13.164424828670912
-13.995326451311037 -26.920316402695367
-13.104089497763530 14.539437562360101
1.160440256689496 8.712072125287001
-6.993337108280157 -27.312421445333097
25.351569276804756 1.714023834644414
-6.031210166312305 -7.129340222485269
-18.678275132160501 -1.793784753558629
22.190406068409789 35.183668230587266
20.656016825131541 -56.605006720375222
-12.730651094740519 7.374006596858419
12.541828225516975 46.653873970940218
-24.061374304723874 10.779621638771422
-12.587285013565127 20.774887840027468
-5.235280632722651 -38.876294771430814
31.489473492859407 -8.074748517475586
-31.833066006689620 -25.071002293833608
-12.652648647283860 9.871721099440538
3.507490268680169 17.677876533689993
8.124888393534263 -12.044939786693787
-24.856317083152899 -5.685076402503710
-37.203148211115874 -11.041069085190218
19.082105654000383 -14.579199946324332
6.847058306276549 -40.583215174775425
-5.507047525193103 14.184162957647526
-3.011076503956851 -14.512790618089452
-18.451729862720324 -4.548227969045576
9.780711153528017 -0.398923430856235
9.548579192877659 -27.608059471911513
-19.217793647518675 -26.669469902929084
-0.832321659067453 35.560249439598948
3.620012653857707 1.356059481869413
52.897237671887957 14.201967446398911
25.796682279323555 22.696799463064789
-12.383161337146657 14.621343377264344
36.083096201279417 -17.623219315769493
-3.051740150505923 13.719540627765673
-6.190170290856209 -14.360297938258187
-15.392462998009840 29.640928615372907
-15.153006177347862 -6.179931244048206
6.111346131538903 -22.296190241177190
28.038066207004828 8.367422469110531
2.618299562938932 13.723469958395352
21.347619623967521 -20.762212969158025
42.654460212186542 -11.260596263682842
5.539001362511242 -29.204083265818575
-33.100702762736319 47.223114055573390
-32.659705383818007 5.769623271442058
47.591727645770938 -19.960528755615812
-36.193418907863546 5.919792465161945
10.460702103083838 -8.825620858594105
-13.324402464241391 28.935085848644142
-41.191081427967248 37.183634492741049
-9.470027523981582 8.296839314997671
35.859241136087086 -15.068443304950721
28.214898395880979 -11.388979231883635
19.449610157921740 23.152543474780405
16.726010298017446 -41.533564373963422
-10.955440076704114 57.078189023986653
27.191229290758230 7.488614414876878
-0.034854444815235 -3.790899223720241
-7.609819980623843 -8.107452265628062
-15.694851562063178 2.159805302298837
32.321600423183135 -4.854075194390243
-1.239671534970357 -31.956639277968520
5.197069647972844 41.316560773554080
10.226667285088693 43.548904017329924
-23.550306448123965 -18.587855170591830
