0.000000000000000 0.000000000000000
0.000000000000000 0.000000000000000
-40.588976420674072 0.000000000000000
-66.657044884698877 0.000000000000000
-32.018795251539572 0.000000000000000
-63.850641381233629 0.000000000000000
8.733039993876575 0.000000000000000
27.388816871619934 0.000000000000000
6.048457910554127 0.000000000000000
27.102541331115383 0.000000000000000
18.575990325757036 0.000000000000000
-18.559097001325661 0.000000000000000
-23.412301265636419 0.000000000000000
-2.777189237036951 0.000000000000000
8.590542832356297 0.000000000000000
-15.022174413345434 0.000000000000000
-35.802032639394866 0.000000000000000
16.044096261470994 0.000000000000000
40.089753678459132 0.000000000000000
23.429409486978692 0.000000000000000
-15.127716503321649 0.000000000000000
-2.330715918001982 0.000000000000000
5.867630584470060 0.000000000000000
17.537368067389355 0.000000000000000
35.225261104882215 0.000000000000000
14.050424246725992 0.000000000000000
35.320776012893496 0.000000000000000
54.363979589835161 0.000000000000000
13.111165318537815 0.000000000000000
-18.321735654069851 0.000000000000000
-18.696155879306101 0.000000000000000
-11.687649130724207 0.000000000000000
12.617687690042965 0.000000000000000
-20.410911795439198 0.000000000000000
-9.768786302326626 0.000000000000000
72.369413914592968 0.000000000000000
-17.173902252146387 0.000000000000000
-16.274559921069820 0.000000000000000
27.481640076414617 0.000000000000000
14.307673091790990 0.000000000000000
-8.633475540538146 0.000000000000000
-46.488533768065132 0.000000000000000
-32.704328582030030 0.000000000000000
-1.743575213126084 0.000000000000000
-30.218138780663161 0.000000000000000
33.504965235188450 0.000000000000000
0.584384648354232 0.000000000000000
29.368932532548531 0.000000000000000
39.449327204715104 0.000000000000000
-15.353091250858149 0.000000000000000
17.094846622198055 0.000000000000000
0.000000000000000 0.000000000000000
-11.359662352684090 -31.740914705952338
5.503331667093895 -3.117760354757574
30.283202575953233 26.918043081743111
-8.355286657717736 -34.766178633619120
-14.356001007520106 -1.955645233217768
-18.816418008422833 -3.370751173917735
22.540986281925989 22.107486603777492
7.141849096380327 45.157926657426437
42.631083242818974 -3.474443330239082
-7.296772731937735 19.310569503340250
-37.148966546360207 -9.121528441898914
-20.418570872056314 -22.440225692294334
-44.484988029506539 35.634435940447908
6.143001407835154 -5.889152014770830
3.403496237400162 -0.019221626178548
-28.536442867498312 -66.259138643632923
32.227277504417330 -5.597695554830476
-21.590681428988823 -6.131409192565719
23.346064020732026 4.917326900503320
37.067625103162449 11.251906215613726
-25.458949959016348 7.123796653647489
9.716288825332629 -2.035435848618800
18.176602157051441 8.072041110918530
-6.102605245581421 31.967428690245203
22.650521141350776 -32.976225203918986
-5.492324751690648 5.231088976618961
31.468516895894805 -33.559289652166669
-12.195031073907590 -7.302763016546375
-17.477430709019565 -14.010861789391493
48.426731486611992 30.118194140032696
-14.579513556817329 -8.363718452003308
-5.293457465136160 -15.759841213045140
14.874196005771092 37.646144774833822
-13.662999033398116 -0.591617882899597
-7.239111630377961 17.727287702427816
-26.918587264261038 7.127477164466196
-23.546833398004900 -17.757622457020599
-15.755205560790047 7.528910631242941
-1.016648445367372 29.762400008122633
11.671229944610092 37.782669608699088
-25.595771270623015 26.723676318012583
29.308349228303999 -30.930876866933229
-10.622880505692684 22.371137764555318
-15.168546283987364 17.507380730545353
-23.713930970774410 13.491984822471251
-11.576543080735116 2.503502165901547
29.540288994960306 43.411546717729088
4.807890464655188 -22.564770348230276
-4.221020976745901 -18.792218217479249
15.269893944849153 30.705479392068010
10.981997927478361 28.152547347161072
-20.734333225740698 -0.708139985840345
23.240607749673103 -24.483799251229076
10.958848996002756 5.322989541877985
-8.166148392331067 26.250780827960082
-17.173133876326929 10.048740354875257
-36.667994757639192 6.450187915046215
-15.437555497385610 -42.726497791575021
-1.261377804370599 29.284177335348986
17.906994702656153 -9.472402858974776
-35.733669066571039 -34.817114785132631
-20.317923654052279 11.806268437278474
5.127610115808045 10.536341876149613
40.932404419952803 -21.649764215193805
-5.428751648181021 38.506116976982284
-10.296703447035405 39.953949271080596
-0.118787781076888 -39.267671901718344
-14.518288874548368 -21.820819790826775
51.505627504725560 49.212710844779295
16.948105874582691 -8.381978801144497
5.620715834648740 70.205532869344765
19.068772387910425 -45.979214281634306
-36.987727578612422 -17.117524880476306
-40.686062262718977 28.849784487612261
37.703250125415963 -5.233531107591108
-18.046868127042234 29.590286756799458
-22.120739374777216 -32.679770473047604
-10.444447883415883 -38.935474467724774
42.477567530207310 -26.278662194033831
-26.118155684994623 -17.612056038263233
38.439546219280182 -26.576576885553127
-6.295797784404156 -1.954035833139353
29.248414919416387 -33.242058227075809
-7.812375343898640 7.066971069612083
-11.056588132728574 -41.542419068709748
-8.490651910697929 12.065387607162263
-5.432296141675234 -25.161118759787549
4.367551765181614 -14.091128178749598
37.376566637660680 18.548333530527589
61.839840572593019 -28.909070891716620
-69.113232878633340 15.088457202138757
-8.398687114646975 -6.831663508964589
32.283984902697000 15.516056533825509
-13.004585061299844 12.227861809469925
45.929740620347424 -31.982922556289616
-46.706695289217123 11.646901876146998
-61.335560449902481 33.009161553929985
-59.922645989714269 0.021663968495951
10.828543644764830 18.493892438391100
-6.694717295127890 -8.385812158442423
4.142358884819321 -16.144532205017548
20.844841653675939 7.323088301817485
9.507771748384025 -11.097367804210263
-6.947398336583319 -20.465158587279980
3.569791679714018 -23.649476677350691
14.834161796106510 6.709299809277669
27.366212711217226 10.488595267955830
-17.173883072555473 -16.186471610984530
17.578298017369175 2.286533430036437
-11.167008418149818 -9.640544656462872
6.750617506067050 -5.838565701003487
18.706811399762433 -11.999062065230673
62.716761541528918 13.148372468222288
-58.540302697374059 20.045042206851331
2.021223585131834 2.536228636758826
-28.456747164509000 35.052563173117434
-33.292499171813951 4.753215065301027
-74.332653881823674 37.637011369900428
-0.567819437003328 -7.141773545341841
-37.544748676209601 24.609206240898580
-7.278790288098105 2.847843918520635
-55.777267071185292 2.470238265142573
-11.297763022113738 -8.295513595051995
4.148014301567719 -3.799621682263526
7.387320801891595 12.678327495088300
-28.344389537226444 4.461406034966055
-7.744810128165472 16.401007841743251
28.686645147010275 -20.088174582806730
-4.413906331586477 -2.145649695775377
13.752382471853897 11.177810144600684
39.925746446377183 -10.595944511906467
31.089854860777578 -4.003476568248557
25.066090552315291 8.339944210334696
-20.584198071722106 39.195051597856065
22.805838445228748 6.484818130885159
26.168965631910172 -3.145418975071969
-2.415402885920029 -6.713202255871207
-20.118155505641866 -30.931604807333283
-60.364234653274302 17.733061952009205
31.388396567443412 -57.433681616566169
-38.272413675309451 -5.951746326151823
-34.722844839829776 -35.512202428676723
22.977658523573421 -55.054781345512524
-19.041243361807116 -19.053397681021803
-4.777817203897965 64.987872148951482
1.169868140093622 -13.262381237182659
43.783617489774976 -5.136490661212793
0.061736826027226 1.040171651460144
11.994066612774045 4.784076235223005
-22.344056553776834 7.148796638707075
-14.609154304417837 -34.851332222461942
-7.259398305053385 14.384181072718542
-1.146181416176627 -33.572495072789373
-7.220737411793269 1.514806589143185
2.940116006176428 -1.244105789981593
-9.048795956321863 10.061845537441055
36.142791787128431 13.360631101741291
10.933120514907838 8.528070635688991
-13.064553423821513 -12.797391936775472
-6.196427114602513 -4.421883520867224
12.478155001856621 -15.363562380244403
-4.005174883055837 25.144241180928010
21.235299381705911 -37.370584526175328
25.396927346182999 5.732787855072267
27.842885263543675 -3.011195341123547
18.530188102479549 -4.916663963605723
-8.013646023541613 26.488657921285895
12.987416247360722 9.409394617766397
-49.054212769753221 -41.958401411928520
12.391823022617405 -16.001009201393458
19.874231001689925 11.392731026302719
-9.013185245486504 11.486161127641791
2.091365067044364 14.193582705277421
-11.784049355667387 0.733097215374338
-24.663769180286323 33.951525610657654
14.743330540203432 18.347401804794764
-29.670654318071673 -0.551753057217253
-0.361952844213745 -7.461002424914678
-17.245885077964395 -6.728331160083728
2.951791817719431 4.420751776440815
43.549191625610561 -29.955708083178038
-37.752168711030322 40.664285018314814
15.996239445925395 -33.303860079151214
-0.554591445979381 -19.465431169718570
-17.845118358527127 -35.999714472977026
2.504105833120429 -7.872945350068006
23.718993307923018 41.047864988131913
44.379598995944441 25.026296966277137
2.857723943048655 31.381152006816979
-86.341198330753969 -18.579236381492436
14.013887362858879 -33.848903994979054
-23.187626709121872 55.313805307319285
-1.091710429746069 -16.979228877052286
-22.807309996411735 -26.487700471416900
24.369412276945333 32.914171533317798
-2.923941728032238 17.148580502626317
-4.229999695255085 -26.880812220107245
11.695800602895496 8.925082066541007
51.594453847901200 46.512793110411742
-42.146664385715532 16.834193743770015
14.851469100844152 10.707325684530167
5.820763522182654 -10.572332255562369
4.644613137753763 -12.221138612635885
-26.695375148724469 15.446357397767544
-17.585049802883592 2.062783083981479
12.384393687333317 38.223749347504736
0.133917430641528 -3.299265039157116
-13.706537862629411 -5.225685890275453
31.068041263766396 29.865064351664770
-15.162483773049969 16.406756773352814
2.019035929875449 -2.390976856374202
-2.410173989298531 -27.210969529999169
38.651891554302367 9.357879736634679
-6.264464516261110 14.467617899027534
18.155507353105389 5.143318863152992
-34.678826630017163 20.407338840328823
13.373227272234761 10.185352715603615
-8.203367537434502 9.679265771100638
-7.782975247572551 -37.884580299245819
-8.966269339702261 0.324592472534048
20.874315183313989 -11.880468479932974
51.522869027285346 21.598189560381829
-7.525838256450510 -9.271601415691547
24.311403306889424 3.445564053152737
10.320920091926288 -14.862913874280505
22.933421385932771 -15.853054467799268
5.551604320522359 -19.933512719822122
-27.481767778209203 -38.589922284242839
-39.582251668577250 -16.379414586138495
-0.609068170621572 -18.659661653445060
-12.987391719981076 34.515388942550295
18.935627148917856 -4.452898678371138
-8.189495155903163 -46.995591966400433
3.555623980876073 14.346726606033965
4.073529869281075 55.732610825210017
29.922480266544390 -14.540719692495312
-31.493487194534072 42.293895069240158
7.932728126310191 5.478348902422213
34.985272439838127 -11.823509764607945
-13.465615839594735 -2.934564373002245
1.603367036166317 11.068467118647041
-31.015373024160919 -1.501067152846620
-14.358402451415962 35.380272139390307
34.668925633039088 -8.735002065003432
-27.621581234824426 10.996454348784718
-17.167401075640214 -26.877686492894782
9.922002866677042 -2.771995674164146
-18.707103659062216 -22.478223570708533
-33.287644396741477 37.791201473367153
-32.387853498777964 21.712544904898106
-14.711249442717518 -16.912707123540187
-15.069276553288972 6.801064180775582
18.657040292405640 3.171823153929618
-14.461932718368299 10.175318338694149
11.344866096617055 -1.281224374157974
-8.625582774352837 -18.068234164965865
-21.222511439104764 14.991503873929949
-14.526037461720870 33.559990522685084
10.432082431265057 -6.271674394455774
20.248011957567741 -23.962588808976136
11.179792671015145 -38.702228716674632
-0.641835475412258 48.006898578098181
-35.496062518098277 -6.219631400661019
5.158193374593974 -18.486506824152251
8.878996362443292 41.233068174585902
39.710236319927823 13.373670010558675
-20.179399857151395 11.928476233573814
36.041924597084133 7.609737994280759
-1.268188343217124 -16.064229245569269
-36.571173919195097 -29.676599678755288
58.007411415192379 8.133998299787716
37.323149550450488 -8.615290845679143
-1.140751400467990 -19.093947401993187
15.763706313225246 13.083259851996367
-23.466833203101054 18.368445479822462
-18.373877427017014 -6.960478882924841
43.747514438590166 25.708055016658534
10.234000761350789 32.154150451848828
25.631254974475578 -46.450974799167383
-5.236949542654732 10.368790088223568
51.420633569537848 -40.316459642897030
16.526649463730628 -18.471661087366236
0.029724423578360 39.041881526906380
46.071201253191859 -30.656714754215905
-2.547894678454214 -18.805355137079101
21.569226054587642 4.069206007779677
35.606373067058470 -1.514175772571552
12.063845833393744 41.317205145123381
-48.014970468610798 15.862480783655416
-22.706989387263683 -21.961856169051508
11.948994936470989 -14.722488084586900
-28.228395123742636 4.241179877611452
-36.584911319401051 17.527204490512485
3.132228116769665 47.594808605655032
-22.504334251698058 4.465289359346436
-12.671167787415284 -26.642557861951705
0.255526910772673 -47.995789027695487
-45.051081962622995 30.210346864205388
33.042548978591284 54.342889982943070
27.231151267925554 24.199788166553496
25.976733401529458 12.159689658359961
10.598388113164974 -19.509609285249471
21.470278419431214 -38.529896133449995
6.562543649040851 -0.666646445936779
-34.830913014980048 -19.715976917156013
5.667503602767587 -10.637702258379136
-23.770796115666752 -0.207717157041114
-3.595706286045955 0.672900476997955
-9.736163134083663 19.667246535018506
22.883162110818741 -0.092851208919058
28.009690817641435 -3.211706865633730
-25.461854357199250 45.094313542684191
-19.648749618310280 -64.890279274661850
-6.718276512452663 42.093029633360025
-40.763622875605193 -12.703479965673413
-13.796514511762361 -10.759784864737659
-30.105137446566172 27.234755852872912
17.863814849746721 31.963736444708093
-26.336818960908456 -11.889761979728009
9.737895675410861 -62.879102741992696
5.182180526500450 -38.677449341752066
51.434434725125051 -12.857144333295043
33.635337460196915 -42.702411265345162
-39.634511865468014 7.047550842193634
15.033052318685135 17.407356255259028
-27.634538743944681 -70.763200478292958
4.896335837468555 -10.348352738145529
11.852580334809613 8.844657961644796
4.962723879385201 -18.515248769879296
16.470973076135785 6.144752801390907
-45.269684814302870 -4.292934170090288
17.866506378171035 -32.275596398580547
-15.995014642422289 -8.456553376187403
3.531277451673519 -4.581645024418373
-10.270761067063278 9.652502644089559
6.075519843562260 6.954837308359305
-23.835581914446628 12.261593815233779
-10.060159485414127 2.725171634848267
-19.227570508876571 -14.650453200434681
66.550793758622078 -12.365621969890565
-12.256629670100795 -36.676140936213088
14.271456747411177 -0.431240675956237
-8.841217977994853 6.696299564805550
-2.418810887534216 13.432652511820971
23.100239339217751 -30.640231019015740
-9.358467117744308 11.973390534907580
-23.129980749035685 33.148660638946893
-6.587414683073950 -1.413338469180623
-9.786160620746310 -34.808813749844461
29.331935057222267 44.672119638390370
-3.318937860153837 18.506357190161872
0.119244409757626 -9.501054587902948
1.687089444047085 15.037884397532993
-3.898974965857922 15.497480423028334
9.846068876271108 64.541203780597755
5.584904652473370 24.899851467288268
37.587758853267040 -5.502398581164647
27.785005193274490 0.833876735141296
14.539574566350156 8.685048571544771
41.655316706364104 3.756076226838082
-0.680929905125408 11.657343531801981
-31.217872919954665 -23.481587419382443
13.147639835661940 44.371241431416003
13.647052777149533 56.451092503781389
0.088937096449151 -35.328088569815272
56.609595056567919 6.462830991846585
20.590442050737355 54.349773137979831
-3.021894307417011 -26.457323385069856
-29.946208725838513 60.235233137918328
-12.066534304714231 19.610757197927700
1.323276952908781 -6.822440341176452
-3.875887301596723 0.181026152445005
1.788652630471809 -7.513250715639219
-15.851341841532113 26.037148862870492
-28.291184045738593 19.875800037702646
5.673343047979842 -13.134501387952023
-14.850123137742404 26.134858742774973
-0.369958945097880 14.819649944230118
-28.679126121505238 -4.247061774819024
20.266742696006638 -24.518398455429470
-29.018691165139966 -3.107831787947580
16.317896346967622 -30.962160817703122
2.618676117589805 11.918044363626338
-17.437061699582177 11.179246289793142
-14.714543182511534 -1.214492042664479
31.447550960308401 7.137542947263799
-26.321566013026814 -21.033966681242848
3.204384245351517 -29.113906931282177
5.485848418421228 -20.719062583431771
-15.289688427550447 9.825852658542150
22.244693138118787 16.597784075415294
33.521067703323169 62.340524134000454
9.318428409850389 44.514477125025451
2.513620979949503 23.526593353364600
-12.279403197404502 30.694375965029465
-13.535240718965559 -31.170483650414997
3.079504892733057 -40.117857424732726
38.680579727133690 16.438023988291185
60.434614792907126 -1.315925310798584
-12.944591365681211 19.938895162986487
-17.046714080410368 -11.403721220815385
-14.527836928283241 2.417781430533619
-25.832229466241806 28.975976639637320
18.790039295405776 -25.095056163995189
-13.297552073332303 9.666889543213633
28.447703707097869 27.738348036226061
-15.041463021537188 7.068308912474366
-0.274808845054127 14.894697072446313
12.469955808782544 20.481502231911101
7.786695869525059 27.350662511315580
-29.867037568511879 16.469377850603667
39.005115059454134 -15.502296359684721
-60.240180294732923 -6.497274993767038
13.340369920949323 26.800144183329632
33.827436595819776 7.485292842353881
-29.488074260520872 8.075859203381935
-28.975079083856780 -19.794989504195740
5.205728111354828 -27.170361370678712
29.702178414826982 -23.469870813632557
-8.199185326107465 4.013219363999884
-3.146769953702659 -10.940747025011071
-28.148405766158305 -35.318042444911349
-11.072495011691160 -37.462203213591465
-5.809527030025583 52.689260782012667
-12.297989303130606 9.732564223969691
-21.361178011978087 -14.777497901634163
-22.754096501580953 -9.074333606395699
13.445916567953034 -13.618133914808968
25.192794957706305 -28.792920470826438
-10.915061714919139 -4.784253049063465
-21.428158503735741 -25.673948217031345
4.680629715350295 7.610692983690858
-2.265157224654515 -54.873671563482709
15.896394742663102 -48.518496675211580
2.603581980278332 -43.200997031002430
-20.151474293846320 -11.260694849247592
49.545513169713423 -20.096320359695451
-15.906903890097071 6.200277323899254
0.053956970853917 16.216701777617804
19.064310425820221 10.321493105076346
-55.802428148575807 23.110328134638625
16.232710852809763 10.032665514290962
-15.343112366942941 4.074629871472693
-13.124990081077303 -4.763395390471262
-1.670374719113527 9.602580504362249
6.037155351404610 33.828392295801727
4.323176731869052 23.502410865408351
21.353450639316932 18.921192953395863
-18.840486022028099 15.184234143381474
26.916591634546830 7.043786275675788
-23.670079772117578 -0.236894644306082
-39.727295391075785 -33.268462317903200
32.993298319203952 -36.512995489578508
-5.032731110641768 -43.424428039785177
-11.296703585073349 -2.051096105500930
19.570430404603286 -3.490250898909578
-11.501642834640963 -28.361723084465254
4.562511154719442 -17.960593017150096
16.901504358394380 61.402272767066968
28.629731867676849 -34.396501167673414
10.066736672968185 -26.218313356246306
-7.351316906030890 8.155161962161717
6.091142371783329 -10.265195207265597
13.113592165094458 28.969213149830065
13.756353164446091 -41.709155620183935
-36.237316787185925 0.978540880609064
-7.570246248552006 -13.408497040326788
-6.519963395312800 -31.618991785795874
16.854364497400454 59.373315735229269
47.463878111206455 -9.429648918479730
29.670950381758214 31.708813120783386
7.411866752414913 -7.157118537339219
10.042340243236302 15.838323075512090
-23.181081223691432 19.627735881629349
16.520370637321896 -25.799368875053130
-39.818860732084566 -38.017131212793018
-28.203687341949017 33.077673031604078
-14.456204781190586 -23.800004074137998
12.925673672831833 28.463380532600731
-31.554701791694427 60.700041453329781
-35.440957409550897 23.727744794600575
-2.042628005806285 -1.924048632127876
-17.326903257583606 6.899956312790355
6.171671990397615 -1.229070032109605
-35.469181451713368 43.641882143819274
22.800765014030585 -32.539732968720003
2.428044510420664 -24.769816695065746
41.149767134733040 -6.081696897716822
4.451731568193106 24.858684264674057
9.298642329363787 -15.566071599206051
0.438156713308444 -2.770218552938660
-5.496549032023110 -37.801560450629310
12.681443065581126 -20.881005435849648
-39.533082717606668 -16.630647093521588
9.304126532407709 -5.079429113776025
18.085290298074845 2.410669273417010
3.273434445625011 17.614748025543182
37.564527444779813 -31.565070940540551
-9.033899242602105 1.807984072495509
25.997560617912310 -13.252893777701022
1.116979685467008 -38.933217104788710
13.300252583214409 -41.311168954982513
-44.823764070517115 9.144702080141343
-14.182782914098038 1.086187511162918
34.884809364935649 -13.990287068962987
14.879514915826752 -2.617008512601867
-11.897878739747789 -54.278699541592410
18.658589864384382 -34.173514261514896
21.022985336116399 -32.498353537253152
-9.387090881989637 30.218508158399320
-13.996502042697545 8.950867715259729
-26.393912145870051 -17.440839156271078
-34.702721304517816 -36.642951611550565
8.127624558758020 53.559555976343326
44.975122504283597 11.366445932346526
9.245718629534471 9.238612898464554
44.169268223293621 -20.977893857021645
14.093815923988005 -6.205968598008791
14.785648400975223 -11.055995549279288
34.095832975898510 -32.354033958092856
-57.628273801642337 -38.024839298998046
-9.443848643232455 -9.571310639015206
48.809861973711648 1.635864675948139
15.791168091234830 -62.736084594748007
34.971782345235887 -24.035511451228597
32.550764595038828 -19.162681816020068
-46.989231534575637 20.422638048463288
-6.593156755372154 -0.434210970343888
10.932120091274440 -10.626432842611063
23.424012498369262 0.112611367767207
20.709248125404713 25.479087525284271
-0.195306247950397 27.460267383009860
-18.678288741842618 -56.629840107715431
11.198661887936323 -5.080849205749812
-1.298372462404573 -42.417430559016530
-1.114609860514081 19.595785896910890
11.508754528577706 -45.068193244289112
-39.177308152241196 3.272244860968944
22.531367147191204 -25.371483551703168
-42.330156972843220 -16.194052642293176
-8.830565940665005 26.819421463214528
4.838180726450055 7.927183751376078
-0.117017916785222 16.334420187180847
-19.636246763373101 -3.449545683507278
39.366457543775553 36.566451272536732
43.372157457857327 -33.988699935126078
5.426543244879577 -27.830742710642436
-31.145452570812040 5.458019728063192
-56.504621241841427 26.404474819974059
17.777913048016860 15.412851139132142
-50.398414727834144 33.804229440271214
29.687132339268807 7.500234542377607
-3.118854639870342 5.133811077575044
37.508689947701512 0.039057322290039
-6.086128358005414 -38.180953196686218
-8.078472001697367 -17.310195992890243
31.688454546774089 9.041501967042624
-31.467559440215780 -0.748766345223307
20.453609559279826 7.966065481602943
-10.361893503947217 26.912426470091212
59.517249027002578 23.571788262282428
21.548773723641734 -42.024761118146834
-44.961434946782511 30.034171784906807
62.073129703827142 -3.999988842301545
-17.718480088120025 0.943224823179268
-34.997827708844376 -1.188587686784039
-8.137338681087343 -2.072078471896789
-18.791630291642051 -27.818767138616003
45.641221772397870 15.965684725264541
8.129402441495703 -48.613627708876045
22.566154065899170 37.474049316562116
-4.825936501748858 9.250153201080334
11.316765191599051 9.730829305557100
-27.106271379150414 -25.542206887171684
2.590937565807492 -42.773753807420597
15.180127979211543 -8.573428896042202
13.797739223889122 -22.690357945234947
0.819433851216036 -0.876015903230455
16.276151441231331 19.662509198273614
30.549617087544185 -28.697784745110582
41.711848775083226 26.970408803601213
5.056346691068160 -19.280393053246947
-41.221521364406399 21.715262601296477
25.363264285988461 -32.108126770381354
13.840407051296612 -14.919108341073665
-18.750182202963803 -8.383854943293739
-12.765872623985118 7.084452344629820
-9.070583126373744 -22.255241742996109
-21.034218608373447 -9.323885220433276
24.567627226226346 -14.872431671355720
25.449264826571309 -6.036674321499397
63.470694095204422 9.852711505783637
-10.826630356506314 -32.699306827970183
-1.429234199169748 19.333842826586512
-29.966109479922128 -17.180975405920933
16.166201456522348 1.567491953489098
-7.807493080170265 27.126811619788597
54.563330805500343 24.937309118524006
22.870649626988744 26.710880945617809
27.708373375548408 -13.098611446639527
7.531163508029546 15.106180480136015
-13.909799780958430 19.872049368533158
-26.274718852139834 -53.342604580911569
-0.292717152017970 22.080834840943748
14.094925564740191 24.932586090703502
8.929987415250894 -25.296065537095458
-10.682187685464520 10.445313336795239
-69.126199527854581 -19.486170710404227
-18.385544465413975 -20.041377135691615
20.455424177695420 2.623425446006991
4.034210494251331 25.569678165103628
-30.391929101608746 -1.534599952129446
-18.293491120433281 18.277208281223075
-16.490982887532905 -0.214822092580204
-23.566134190575081 17.140526301567618
4.407578144463393 9.054964933693771
14.642934789633106 0.583475197122226
4.557268011532415 10.938748699359790
-11.388689565725560 16.963968696976689
-3.052915545816749 -20.484917552093631
9.573073106050284 -14.437092236130688
11.097403257217724 27.400039138895721
-4.617105104117209 31.180054784354763
2.557656322248346 14.212980098130211
-14.377451346603721 -28.425888042553797
-21.504247774595335 9.500910585250640
9.359583077037554 -59.169891177624336
-26.533111297687032 5.062046879074095
-0.670688081231648 6.920243145720193
-35.787725572173606 -22.381578468716736
27.168045565581163 29.798857642722798
13.393397140192274 -3.415671717215397
49.857560495775481 -43.013083247203369
-9.994034396303718 -36.482019552172666
-4.121698176751344 4.399461229445073
30.226681217258317 3.257262505647220
0.339416995442366 -24.176049022112547
39.476171333414001 -47.119307066965554
45.956582749400361 -9.156312337869986
2.669781723938785 13.115726771841087
17.454310396361933 34.594109699434625
-30.685807520658877 -32.809525968256651
-1.840049234598102 14.303919577538670
-3.515648646613199 8.058791501228761
30.688882719277366 15.116296547290334
4.286419782059489 -16.831223918234883
-31.009783938485338 22.207923617923750
-11.079736979316761 19.100208114105921
-40.341695153037584 -21.130050380614779
-26.628497555234183 -15.325823627651991
-0.842408432726495 34.669647632334808
-19.759422298838604 4.711685122744464
3.959821000268686 -1.811891862768119
7.069427707508128 -12.343914743105696
-3.549518939998202 -30.793686025504762
-23.151567815484579 -11.941110305445291
25.609188250604575 33.586411143825629
-20.998852252701340 43.220971370333046
-15.913757743867842 -33.830588061066678
-18.273693653984555 14.386949395494854
-14.809912368948984 32.035454882976076
14.947271132752727 22.445264307410547
23.722577932999236 12.207284498567972
-27.439444578556440 -53.343049873270679
-34.737009177009384 -13.498264738950875
18.167151610929974 -25.566396301008950
-5.760608718004352 28.512941466976649
-21.456651141406191 10.471706114503778
21.667240434726025 -35.116207880949183
-4.360943952171108 -19.576823154116699
8.642713422488798 10.756207299003366
43.789341596670155 -34.783206618155845
25.748773522532844 -22.064243528456576
3.154059322337195 -9.996145146841902
60.480392490589615 39.904285922471828
39.965916847169993 2.885346575923855
-4.231843410074514 -34.533122776551501
27.631034123226964 16.645375419280288
-51.562085564308873 -1.313480193284743
-29.732051124998122 13.900546246744851
8.810175097925280 14.103282302549463
8.926023885105096 13.115559842956365
-25.039963197143273 -49.546838251127234
-59.327163331988942 22.299253961368933
-22.575269706443812 -6.943460072839827
26.340421218611709 -26.707309633494038
-18.660304315991528 34.727412096148427
40.159756100758045 11.662565236500468
-24.447506655636793 -53.385602572374687
-25.624450779401460 26.124986161977468
-22.439231758670644 -25.904586376994114
24.489674106421361 -22.694082997206102
-6.828161141272655 -24.696687750889751
-0.534463972604481 5.965911212141586
-4.138667542182085 47.733397095834377
16.225129447573241 39.289997932594495
-32.635001165724518 -14.487563345644194
-6.555397811544360 12.681595381887934
24.010369968882753 -29.041112261243221
56.538113584352416 -31.714647620726605
-32.425716509601806 4.454861583811533
28.488131021760388 -22.796651763405176
6.344326017233730 32.278447884669987
27.661026815263945 -9.428697831034782
-8.881609991022712 3.389312387785691
-26.207758466075447 -26.344058953872924
37.393107431243116 -5.268850018161328
39.227541583753130 -2.989281545195601
13.124387855893719 9.276696914875542
17.774725823482186 53.127788158669020
46.432165588372925 -32.560518680846606
-27.005375250004171 -11.863592119604222
3.793861163791594 47.110679916748957
36.308360220190828 15.395577919941717
-14.898304751723549 -4.632551319326343
-26.667049848061197 -19.154890531667046
-38.441431240536538 -18.637544993077722
11.395223858407315 -22.174396918159982
3.480169983007644 28.037887118694911
22.298280336142412 -2.181261009973361
10.099247822638040 25.885419364447866
-50.124260944186595 -24.897819576179177
-17.957216046912233 13.310015987270070
-19.715345854890071 8.113079586378435
-23.088419549509272 12.268242557981393
16.555648511497985 7.164285354453053
-19.265572504858827 -1.595357839816214
46.493411914169137 21.642827098619993
-55.513834151373423 16.380667093268773
-27.704792212008293 -7.400327191500506
-0.960752511378337 3.498709029555918
-19.474839859996550 -6.561717431117696
36.530832176227257 9.705608227564824
-32.651326711649460 -18.283696105923969
5.361591958151520 21.829105259498849
37.540196279976698 -26.820129704141088
-29.602042746900146 11.535781625124462
35.901127153571956 -3.497839249078333
-58.207676346981579 -23.102418000808562
9.502990538388662 44.750033979706288
-33.768928412013693 -63.160090153386157
16.318163459999241 -29.185183171311646
15.880511104995511 -5.602155640761057
-19.607764944672407 -2.156522912172729
-12.381166177352092 -17.950645910585060
0.978279419512084 -2.081765772966977
-21.496351410791114 -4.491828688671815
-40.022397910459475 -27.713838319802392
6.151048527800108 16.759540157140805
-21.946161487749826 48.868977577033426
-24.039834049139380 -12.651301291095644
11.403778569908894 6.522597963369001
-13.054720140571712 -8.309269925181201
-15.570132151636198 -16.885666161872653
27.003771215515126 9.841357874057506
31.157261088246155 -3.526281095010313
7.529170405050716 55.954102368812080
-19.341840597213270 15.713635354523895
16.143355216741273 -58.400178382664571
17.672566984198987 -11.619877463877215
12.988447528212147 -0.580097877054576
-0.661975986429772 -3.291839572696402
-17.490368071628517 6.152128035633743
11.191874729617878 23.032922882870256
-34.389186162659882 -38.593435732320877
-25.010767152895763 2.935082223093213
24.103779398448456 -5.893605746247392
-53.681599454870742 40.329536697005672
24.152436820667852 -39.676910362912430
11.753166036365862 46.474022662215937
27.032059498638407 -3.442400462918728
67.483053063602938 5.338123907069748
-3.722380683544939 14.381327732036299
7.721143484406533 5.305699558049116
-12.807952416795104 46.288607300635540
36.479147344753386 -21.175239397753494
5.029784383720408 13.822387326575384
-9.180768023125806 0.954144901446697
-40.947998908004593 3.766387478887837
-29.622191911017236 -17.942797253234822
12.489378794385503 7.707146019435683
-2.924661934838098 -42.915714865888717
-44.996412162220686 -3.928225972417233
-4.651854665473682 -14.543460315265049
-32.898453736452325 -6.991097362696164
-25.705637351856208 -38.256157572286050
-6.011300813223080 -7.830527818493963
-1.038903511023954 55.331284100408098
-3.895031201958762 2.050195715354747
11.211765825933121 -11.681138598259084
17.507003417296424 69.765143235446260
-12.773463148460610 39.666175950515886
22.238616524038168 5.130101653374653
-19.849574715180253 24.852469876275293
-3.814327661817036 51.035258823940410
-30.753416414335934 -0.861564644921892
-31.914035454199563 -22.238744844246227
29.804162161086591 31.851910989995972
16.311313801912839 -51.152290360339450
31.779813271718130 -34.128411767143355
19.912728665420882 -17.830166284788763
-30.882121073262294 -37.533163846222372
-37.222313610572542 -15.245105037466814
1.391359713314304 13.222237287048458
-28.894316398635837 -5.170076743506980
-16.235288439309659 72.450346834951489
14.802875375971240 -11.978850667835404
11.292162905240552 -25.915305807755530
9.350188079298491 -4.688458390938805
-24.212305578956553 -25.744622639901451
6.450200716969142 1.210980152205630
8.771086239950002 -1.636126839651535
42.657377215641375 -9.653280510895261
-10.899708444928750 -8.541218743652568
-13.339317738503498 -22.512327854953362
10.756703646391902 29.966471319246740
7.239060439034096 2.849064527821871
5.310479666868332 2.259304314200447
39.941496942172620 -38.881643485405228
-6.624390593186919 -19.192989306373285
16.083066506842243 35.636811776118854
53.515348714088631 -29.474457470771945
-13.874819414556596 6.031990323932755
-0.170414611457918 -9.788193188626561
36.277246495290733 14.763013201984318
-23.805837371479715 -7.372559950432491
-41.108393152905322 -11.054339773280121
0.639756323768148 -29.738078742340335
7.630179817004704 -13.915370409954802
12.001498056610874 -14.595082737200542
2.416503477076133 -1.734600994727168
-8.118366661312525 -0.985540102867806
24.954056094168337 -66.253214702001117
-0.623207812626987 -20.670148766386145
-34.930058205877145 -42.968149964378533
8.772453843505046 29.331603476393557
21.655509776520947 47.376320498636431
21.854149995784894 28.266790809052456
0.615348146895084 15.382070045076574
14.868132776720454 8.864321397891574
-45.825136271959011 8.855010068226960
31.591922349386397 17.151097312481856
-25.327849970208874 7.158606043858431
6.386665837038636 8.513026751291974
56.273850617927160 -5.879933304402519
30.022629718635766 -2.097152926034832
22.526841037866053 7.645172459484984
0.974783016795589 -29.366425036904271
20.346469084704506 -35.101613411584260
-0.185144522710273 -20.129712403933532
12.547807329905419 -7.653985394834485
31.065000187323776 17.107236359267350
-31.440652497482546 -23.417146714055974
-15.564994839730414 7.698637345146051
29.172872884250229 19.642584865381970
-2.692828303952103 -4.939427158580157
-11.195548212687076 6.460136255551373
-21.312915119509828 -4.207389981393133
26.289854908161313 0.787315322581108
-4.177140655647143 0.566676996683652
12.084887682522737 -53.864911564872955
6.109355618160160 21.409924506312926
31.865999582239759 4.091306048554737
-40.402082530196722 -0.652631313920166
-10.747640516008074 37.341352698757639
-16.773224889952157 -28.689404517454786
-14.807620935987536 -0.280181778116648
28.025590517072047 -15.027014918006369
-3.852796673520978 -5.529278688796072
-36.579814385035988 6.777955103951948
2.858730952971648 -12.239867395987561
-30.983620094024232 10.356232875477456
20.999486644836825 -13.671665122866344
14.392235674624571 20.430752973317116
24.688956048766105 8.411343616091928
2.247379950518036 -32.723920322039561
-11.420380800374200 -4.834075623243234
-14.019999460069755 19.017130064954738
16.939341012430589 -3.222766871540248
21.422057486670607 -39.091824008301082
7.755946722509283 -4.297705192303751
-16.201769763516239 -45.094151046742375
-25.083065472114445 24.265868822827166
-3.207234911534217 51.962444385339090
73.624548678998693 -36.778802930303314
-23.839037145726085 -30.381887103195943
0.744644570315782 -47.463629897603639
13.350679302300154 -14.527996943171656
-33.737593934038223 -20.543905320329014
6.180512566151382 7.168994399726870
13.570243942868833 46.305639174552866
8.982925557498433 -10.541665613210473
21.204856277801664 26.268165407026988
30.628216224528938 -0.242129623104141
-25.307999624547069 17.799460696872647
-5.368093388754090 34.306626515828953
34.274160036092333 11.221574971547135
-23.888095035525112 24.967067289191675
59.600221410861757 2.171376853707605
-8.449760332827353 23.020256522598480
6.477671778737674 -15.840030710854876
-7.094153773777242 -5.832459694884130
7.627422643490658 2.977336896051259
26.394399836912815 10.102046197838968
-49.802395605797543 32.147293514005312
62.842223245354525 -31.400469407671078
-47.904540441312243 18.985705499000456
-13.900886375990829 8.559165250544238
-3.647604874853346 6.765937952613950
-21.126769229972307 28.153504594839106
-61.297500381413450 24.724924098648998
65.240383509866234 -20.891122241733829
20.318515578825892 6.215480648001522
-8.731905393446061 45.050812055053932
4.274639044505304 13.004846638771088
11.789053146860791 -7.246458894208616
17.531206371879083 -40.500652464872267
-15.355281690407548 -6.201519163141021
29.517890143643310 -27.820225874129793
45.093377289463724 8.431182150749695
-20.381497822306805 -7.763560321268734
7.390160761672085 -9.380251796654818
-11.741357253202008 9.925514555879600
-23.990398400676515 -3.770763097762871
-28.775127548303367 -28.219270197699863
-16.150730361030199 40.432038766727423
33.902570950472501 -0.998426720495542
-21.593545944239406 22.451138306965483
-12.454804302308089 13.848343195005627
-30.761382102786946 10.840193353373824
-17.308039898128651 -13.093000823415959
-53.112290129963895 -12.154862754135493
-23.186641489118667 34.471261872862016
-29.377164028844163 6.791428137363487
12.472430560457603 -11.785708224020798
6.465154839808958 -7.421101543590892
-78.384969193713303 -6.278204320054244
35.724858557184803 -51.441675272596576
-16.035875354801640 30.167313290735901
-25.443470898061946 7.053414828009187
28.946055417584532 -37.326297725947107
-5.561893968879189 -43.592438334956363
8.536819209536825 17.068086919016437
-18.721804098316834 17.640044895457297
5.995775485179771 25.472166374463644
25.251025056421273 53.746095809788237
-17.272632533185973 -17.945729174072145
12.477605522916686 -30.307757718568929
34.428736960605129 23.158238347156551
-8.864341252715263 -28.000368592422689
-5.518024298460921 1.945302650352638
-4.883155231675906 16.243476554629883
12.156905237834739 -25.201379530858681
60.582778641025158 8.737066750806665
30.103656358773577 -21.642197637096448
12.121341128123788 -8.862588904791025
19.976048941096579 -11.806857677706102
-4.330109024509568 40.544200686547264
-27.008421851739286 6.736017722370106
-13.086054535904269 -32.998319867284103
9.153150410040034 -26.712632739004952
-55.015844805261509 -53.018265134911061
-12.533382819142611 -31.056630723127228
42.923892263885811 -36.989451214664285
-17.294698124589381 15.169806137933268
15.588191502194940 14.779014439470162
-21.617911302492566 14.132628019487388
23.646699764264323 51.293365923654470
-11.216853758682705 -37.266591038076413
7.159238271693472 -34.976160741667890
-21.336088953335256 -5.918362459026189
-33.208988490739088 -17.699134504987818
8.638682543295998 11.687289689347439
3.854147112567364 -25.638650773840915
29.426555953099086 -40.153804843803563
30.704302608409698 -28.971735509883366
-13.851925238019543 12.895679718161192
8.660204649473556 -0.191129400541288
11.792455019653836 14.577740244950135
-7.742839356301846 19.776573392494392
7.478488815504293 -3.957929639865261
38.140204733547257 -48.298000225009858
-43.887506970959684 -14.146657407506311
10.599919656013371 -32.089707307149922
8.502275690097820 -27.470393998084027
-4.873402862827678 34.269934042605350
-38.832333032610556 27.549948340419654
4.288678104409253 3.747428849728608
25.115701506513080 -9.143085081073323
-10.640163426795533 9.721685471951259
-41.598670476884323 10.625761759933427
41.233393765493588 -10.761497113873757
15.681091797410570 34.602151774795502
14.066215372964562 12.658912615344233
29.664803612253166 30.526535330503144
-15.407044458579286 68.136864476463046
-29.506096381438095 22.531368033540030
14.507627996455712 12.808586476098265
16.061716572837209 1.697717325978110
-16.327068851998668 -27.317295448290356
15.974835419345533 1.838058006344175
3.841696745007794 -4.900794216731474
-26.727673859415987 -5.691231557632913
27.822297788543459 13.736938005935402
-14.104255449414964 -29.327247965608024
1.237767873556435 -6.504602374567380
20.887791014954612 29.487643849440186
33.999359404440654 16.454743706638169
-25.244341630780923 -0.083132941157558
59.401211689857710 -30.132588069317745
-17.514111327543056 44.634087855154100
-3.172401160240417 8.883878135506428
-11.779540555693597 -41.821749253495121
-40.884061664143879 -11.399118094536705
-2.378989832502212 -23.380836582078661
30.043705255167900 12.166863546135602
9.784723789808980 -5.956497480704271
-4.335163200752776 12.182325000818972
16.384350979429350 16.490763155732147
-3.909768229431742 0.734902321596463
-59.797061084167240 -18.477259186285334
33.125998767646323 2.998163563271544
43.877260374195941 -9.915934275241147
10.158041465833941 -11.285109839043219
-14.664103010718547 -1.014621684151606
-2.905753254239526 -9.145843455112436
11.154244321005404 31.164662715619993
-26.743984394909681 -31.261573600644663
-5.079958212924407 1.826448370867387
-60.471685764199961 17.412041314083080
-0.371867124188957 -3.434115257938060
8.878081188250942 4.992960623144750
22.935806129409073 -22.445864374290714
39.144289401925874 -2.348886697921392
-27.688590507829197 6.099293870593249
51.935627764360248 -18.199308885642303
12.308580080860787 4.620454942122224
5.612571254527969 10.253044597943671
-5.968890565299165 -8.616685928264392
-3.974789815944737 -60.786455248671267
-37.850814774298478 -0.007584106325741
-24.101899606759861 -43.668371211009635
-8.368452520682807 20.144140624615950
-7.657543043742750 5.667617730293613
-14.184816133028049 6.267811682368986
29.461758937035370 -10.574717572320985
23.924419512274195 -8.062474557594253
47.783601495608572 38.227353898277428
15.393617817732256 20.394222271820599
-21.519974577450437 10.469499111994431
12.554893582374740 -27.973130799961755
14.838888208530545 -19.731976200346931
-65.372256830293537 -23.008952911978042
-25.358914380792264 -8.423567129833776
38.963292784682309 -3.978049509533213
-3.912271900403367 -14.724937838691016
-17.572247206524516 4.148831356428783
19.679503297756387 -16.345890312771726
-0.610512815470099 28.190267313362760
6.039916352249757 -5.326199397799126
-26.194810863191702 -4.667891817396604
-0.368274539377936 5.911559519051973
-11.499401635798636 26.200654872703044
36.275521258854589 7.101226990706337
-28.478657097413226 -36.191656198168744
-1.312409599871000 -8.080295101698605
-33.072723440384848 -37.265420705657725
10.916669030365133 29.173935104667294
22.349545958524608 13.277785672123295
28.933277915682311 -14.791839709509864
18.207652918735679 -1.013442511043334
19.205500469437499 -6.675733880806369
-47.389140620535336 -13.584430534050725
-36.818946490284510 -22.621919827894061
18.904763291557167 47.045775391842511
-14.731019782802159 -13.819138015440307
34.478371300821273 12.191412836328043
-17.620012121807477 -56.897746381763483
-23.171506487179137 38.255497579984862
-9.929105329127880 38.345639223560944
21.824102517558682 20.789295352829463
18.893470860823761 5.708638870155396
-24.527098379455580 71.620769686892885
-39.663384748219720 19.257907491231958
-35.651293602825973 7.645093546370405
10.457266099378993 27.757482633899976
10.501856869035715 -25.547594499932529
-56.914284497638370 -10.145906421285520
-1.764208844276806 -19.520375131928329
19.177979901611522 -3.980096625268337
-1.389708078648853 -29.858808358149279
34.569103196597752 -30.546185715819465
8.205191538879109 -8.028068829871515
-15.749938627593595 -14.151280852221729
-31.781255494915037 9.820135472530838
-30.498948411289909 -9.438148470688569
36.581934651660696 30.554926729078655
-36.285221594952041 -21.970740939087076
10.602948499735255 15.848091048979342
-11.173255883524895 3.968434365150089
-5.640006230107214 16.200259899348264
13.765648359888855 -6.596113791971111
22.702983359498266 -20.772630158322933
28.411672906294481 4.044093376104327
46.040667802726169 -8.675396132701229
27.113823794426079 3.729805436719447
6.584558711688057 -15.800790065661310
1.998810492033930 28.907854881590755
18.958511792583845 22.901641292588724
7.191454694414166 -30.865069669422141
22.102307293049410 -15.728579924802837
-0.105669581968642 -11.996057929633036
3.241438624639383 -17.471273756800887
-35.656764689166330 15.403070349019542
11.145145380099731 19.143404318598812
7.219467676802264 17.762586008066780
-46.166016953642632 26.751132580020400
28.512631327466707 30.187770495497215
11.473811476710653 52.572629069523714
81.599796189498321 14.592864571896033
8.301102271855248 16.704378366291476
-10.894102361485377 30.306498631267395
-56.523132950260958 3.188851004450501
17.962452264620715 7.001097684882831
-13.461947451652739 1.934931376381410
-35.312859692443496 -31.159230281108929
-8.278279768801895 -7.260517285000526
17.807336463128763 10.433422296218300
-20.272872166418512 16.259940434904873
46.676854115898152 40.403775815803215
-0.366750522349900 -8.875823288681424
15.338405842955884 21.001143180755765
47.118231106021732 -16.557659911602027
-75.903236112399171 -32.252835964600344
8.810981212755838 14.924827287747389
54.345973679405013 8.680630895785605
16.909246595617439 -36.444236052915876
-34.477960502039402 -11.181392044030050
-9.103935737142026 0.453093159453950
-4.987428089160059 20.400285449590683
-40.850731532435184 -6.172180169195245
10.735801611054743 28.847068316553425
-33.542919421783893 -25.913218897813973
2.700064437076395 20.762352743085152
27.545089193012970 -51.591930295113954
-2.765563004838993 39.801286707502150
-27.498367309165896 -19.144000370879407
16.986519226273536 90.447065008399207
-4.268671887479199 46.942171150156710
-26.070763330299116 61.990128965309971
11.984114922564393 -26.319574738882046
-69.937802001203423 -19.555941573950420
-31.225810661176958 -38.567501776251945
23.432559697439313 -14.426055923268418
4.094975514853489 -8.525252095822546
-15.073143129463965 2.358403931545912
11.684007208020720 -11.436842745752335
-13.439975055209272 -14.172789342097056
-0.454787145049697 20.305253432001077
20.967063224715130 -2.550905817779648
-39.278672406672968 -2.052799690917207
12.274798044987575 4.406503443195413
19.639185815681337 -29.950592988015181
3.924393154134180 -17.691563291304114
-46.143615709431614 0.496011866328347
8.530831501926835 -44.831123700296530
-9.777792639098486 -22.156514128198062
43.099381273533830 -22.010619007491922
-46.910106203686752 6.999194782619584
26.797357749819152 27.174739847390011
-44.335407413955139 3.092229138152372
-47.418448072381977 30.524185634974554
13.686873353064708 -22.907833793969409
-46.861845604475313 -7.780384541660403
3.084577085725376 -1.010297982275145
-14.294273662994451 -3.384944102922183
28.610690022067406 4.096888495252503
3.254728076749185 32.218547394588825
33.819769562269705 26.708380667250690
-18.111938774236389 -21.017895999958437
-20.747818001577556 1.557553170034068
6.310856690309623 36.334489056026740
0.023410766756490 35.545518962194137
32.110818609631764 -1.296039261918699
-23.348251614619855 -36.646704210078504
8.204194350918362 -21.428546062192236
11.257850413740242 24.562033332365548
50.238550064254895 16.272630020146661
-26.639503045948185 -6.567167578743614
11.027893564022703 22.345801760430440
-28.974961534150708 -34.031846986445963
-1.588705598565592 7.128376644818346
-4.939305789232703 6.495130899420299
-2.054063807014947 -28.460255695830579
11.305041935015531 17.880282588204807
-2.178704562092762 31.868799858446206
-24.299145807804749 -27.983219407820670
29.915896770383021 -41.523142402808148
2.604561433185566 12.134789287349045
33.350552456624797 22.630627926356485
7.341772245047503 16.936497900316375
-22.913331972588832 7.865205563154801
18.840058007311601 11.323459509931723
2.841054847670225 2.930932792549568
-0.954262307177161 27.027141614059900
7.764403832554804 -6.483579398510500
42.366800451491812 29.019931447187989
-13.235327152390514 -6.120740377768775
12.455062837084824 4.703826477336278
31.772184581242929 -21.042463946564411
-4.502649761095293 59.786199864498855
-15.576581437869230 25.064066939922249
-0.940878405542538 -28.504278851625664
-10.389414692797819 37.615921687034700
52.459203676567277 12.883909145267221
-8.156505601479827 -31.664844080673149
-35.968479479522351 4.790336459252117
27.040812850693921 34.839643074407334
20.436729678955025 -43.001762275486492
33.291102334203508 38.016754289546597
17.494482609692444 24.675337376675447
35.289784309706164 8.560999181018408
-33.483898077491858 -22.773682372220090
0.072663686170044 35.048163307695148
-36.458954950898566 9.189585051608006
-4.495980496486133 6.135489570550802
-46.819922303184967 -11.300308893074838
17.123135969684146 20.381545547365842
-9.202280691195863 8.632676925335842
-33.689130838249021 15.423156936311589
2.390519161014732 20.686160795837655
19.060391300614960 -20.865086439210177
1.267764615972219 23.112472341426166
-40.911467589408041 21.352761117598526
-24.037353607006029 -28.755455716708958
3.804818858231854 54.648859418656805
-0.132429004274959 -6.436275308287061
-13.076931466112821 27.581079514081882
-6.243739945111883 10.840373057590764
-22.355860182645067 20.187595250999891
11.273817135428537 36.236791373497539
19.525376321729127 -8.706278005062030
-6.889314219214007 42.245193151210934
29.228432979864230 52.162161177416067
-23.539470285162842 -20.997011450956947
-10.429619202173150 23.287251129838641
20.829493894442653 10.042485231466559
25.968468738327097 4.634436166950040
19.866371120360178 -19.878273225588789
21.110820807934417 -5.912425147182263
-22.853062869890767 -41.700535516162475
-26.605485395005072 29.617364132672257
-14.642725159915623 15.779560360149443
-58.883010759632427 8.738921097321812
-7.868549157244032 -70.059081197200996
-12.694919703927750 -24.408612744764749
16.493067305396590 -1.109941712472138
0.553611633247815 -6.228108124861774
0.889186843136796 56.423926060277161
-4.361546398602985 -12.910552580092110
-10.401943093158765 -3.997326644518923
22.049614214390672 30.253567927046721
21.292609910993104 36.447400008976516
-6.936300519542635 -39.953225220723446
19.467402912706163 7.163250157242226
39.635066082255392 6.258503116076884
18.185332028287096 58.385702684484436
14.923792998570686 13.230088744206265
-37.314255999497313 35.479232296467920
-3.692225058847069 31.094301892980877
-8.724731260248177 -26.002566828410639
70.937386330515821 -29.659463550903720
-14.785927337742359 -11.256768208831645
9.936120858107552 -32.588650781860814
