0.000000000000000 0.000000000000000
0.000000000000000 0.000000000000000
42.606660832537834 0.000000000000000
-7.521612049415537 0.000000000000000
-49.595998861644645 0.000000000000000
-7.079781931309072 0.000000000000000
-8.218975310680301 0.000000000000000
-13.612925243307869 0.000000000000000
-16.820734025324608 0.000000000000000
14.043668284153563 0.000000000000000
-0.090795986106895 0.000000000000000
0.228483014622886 0.000000000000000
-30.315672313703740 0.000000000000000
20.477475364935604 0.000000000000000
-47.242985804731909 0.000000000000000
-6.812515925070312 0.000000000000000
-6.973035844456478 0.000000000000000
-33.081902796601376 0.000000000000000
-50.845676995295335 0.000000000000000
14.060046939253263 0.000000000000000
4.301996599974615 0.000000000000000
10.169607670575997 0.000000000000000
-54.035562217614377 0.000000000000000
-22.930909574254617 0.000000000000000
-47.842923339136384 0.000000000000000
43.422320469213460 0.000000000000000
17.739085797756456 0.000000000000000
37.252673598582774 0.000000000000000
-33.333568333325601 0.000000000000000
-21.285313615391654 0.000000000000000
36.800302746135834 0.000000000000000
-21.621550856856203 0.000000000000000
-86.445778650978241 0.000000000000000
-39.982737615238115 0.000000000000000
43.899725668692248 0.000000000000000
15.321523518928332 0.000000000000000
-55.899473500947188 0.000000000000000
-27.120602552042868 0.000000000000000
-63.643723035826305 0.000000000000000
-64.327035079594324 0.000000000000000
18.211273701578506 0.000000000000000
41.077162639738418 0.000000000000000
-88.162350300668123 0.000000000000000
-18.102016169193377 0.000000000000000
63.351698790611017 0.000000000000000
43.656949714924380 0.000000000000000
58.080068054114406 0.000000000000000
-73.703353793413541 0.000000000000000
-2.668191618485163 0.000000000000000
15.258539877325934 0.000000000000000
-62.803372431311594 0.000000000000000
0.000000000000000 0.000000000000000
8.552855263105087 -11.600643012950608
18.936070871972458 21.766767320630162
-2.282059676607735 -25.945464081988462
10.180757388631969 -6.706826145631125
-20.747172684971272 -5.529922564386751
12.609862572847110 -8.410838535509445
-31.212857385417390 6.996038647886039
-12.771091103963707 -7.291867370789650
-21.439197863663374 1.789155728389927
25.566755520118193 8.942780432751105
-4.424873551618627 23.932766997260355
-20.690147379770753 21.069796276552506
-11.138029161512399 -4.765074698351320
-13.748696352311958 20.502482722031292
-18.693980510562959 -3.561428303176982
24.720342955529798 4.518343954885901
2.348280577845405 -4.351658670852094
-3.031903466513269 4.854682503975423
-1.993076134090973 -14.626821491470762
-3.642575399809782 43.319036022790421
64.311538592147144 -41.269363039647814
-15.114782695343299 15.333901902012162
5.115141127030897 -14.155069859989602
14.167120516821944 45.080162479842450
-27.794853125959296 13.759442600812612
-15.790402588555631 29.691176215557299
-25.502096417402559 7.944713816490815
41.671059110629464 30.104840819315420
20.934360912028037 29.418620259112991
5.962446999982157 -1.949441474660042
19.580429931687423 9.194083439602350
-33.324310604677109 -41.550165168552759
-43.834361838516386 26.447721024154632
-6.082029076386694 -16.129252827606223
7.744993804769230 16.534351320538363
-9.385758847271566 -31.697993058284009
-14.793210018993657 4.415650901376049
51.272159980167949 -13.306840943602271
3.180427585705454 -1.278155304428133
-19.477037270736059 2.229866354912966
-18.182089336870174 -2.657422826444484
-1.095320114694383 -24.307233446784885
-11.249896705416434 19.524830654771900
34.715461931144951 -0.752576450608241
-13.960374598241735 40.154036548772481
7.881887883844249 67.931633207090101
20.535815111982370 -23.551052805220337
38.230868877361942 20.054722666470528
-18.567247034698791 -4.788644311593469
17.944912612976147 -15.250179697674662
-11.230552873377658 15.854071760946139
9.972811670653710 13.716450638479786
-23.970090945772967 -25.495061561207528
15.112902274196163 33.375731246680594
1.985928518554510 -35.808507090151856
-14.462256402422989 23.157490836162179
-20.452918101212958 -5.728303676269543
13.578309660555192 -25.712833413634311
26.405691677129688 -16.081804086396062
-26.271646503847290 -37.825759746081346
61.598554055355720 -35.703583989350719
41.136424482805900 -4.772375416955035
-8.045758976984494 -31.385914765857148
20.901177847444472 26.793507799775529
-5.917996429863703 -23.912027720825268
10.043829228635103 -13.705455389562363
-19.221894663361336 0.058526816412910
4.492414446459337 35.383110645917611
-2.810367503333975 -5.458948534364906
20.891277377720893 18.960525060433895
4.334489325962716 12.223524593483599
-28.285642713226608 -38.019472259732566
-7.438702750745726 15.212618582278383
10.490741990716714 -20.583007289393827
-6.287938104099037 -4.355058065106244
11.917409267759526 -6.411581366765958
11.970414770810258 8.573386714579659
-10.835179120083360 -16.841914252113959
21.716169603651153 8.417911860989550
22.585220501559441 9.423908091146094
24.943545667655936 25.675082626130440
18.410125386641997 -2.924093764655775
-9.919363567170482 -23.607097892367563
1.000917679623387 -16.393821076170607
-5.226760154153782 12.835755628990075
26.234752647897267 13.650089036252560
-13.958697874538871 -8.606862248900125
32.132369440866242 15.626743980799793
2.854463573927825 -32.688170897941440
-61.395360591493819 -34.898254870445058
23.003447151705004 -25.583815404932977
-18.537239076546904 0.323463519515549
52.120213788634352 -20.044801911736840
-14.308408255737280 0.403580754080180
17.470628982996011 -19.627145837656730
38.180058155942994 4.328655710957037
-16.344386427121311 12.221815757730257
7.219305374075997 -4.279387237095969
38.938529692128554 4.350878580553242
27.542603023950239 -29.073366678852803
-25.418610673530544 -10.796635223398319
-4.287825644259878 -30.338190785289679
18.107321393384755 -0.906668144661992
-29.866001947688694 21.916069724350809
-12.009249221249052 -6.492065849649280
-14.297497762410337 4.513723856455634
11.327354911610700 -25.338038275146253
16.612113774899200 -26.662266027885725
-3.873147620149846 -9.182932804546621
7.108418190890879 -44.963826141456337
-26.927544962658605 -1.803583744737676
10.300712128812169 6.472154536704358
39.426853603859065 17.567511368663254
-16.625361104329645 11.430420103606023
-5.601754973880771 -7.251455301865964
-18.464359557907176 -17.217968981582377
5.900473395795133 -8.247921104366133
-17.178306986611808 -23.731899564617873
-13.203566481477235 -18.250025777839774
-67.805352657381178 54.608493430943163
-3.648884718135085 7.392077574317062
19.649404633300215 -30.291163411618829
22.537113553301658 1.536757026824137
29.626247640327097 -11.668564731095616
-14.218298431201426 42.911255640964015
-18.742794708133946 -8.515914183670430
-27.305790708149271 24.634344693181983
26.845958524831705 -0.555128671558229
21.812730170091331 24.618921210181231
50.499877988654546 -64.904228923873688
-15.800151871673672 -23.828903760346353
40.272980749564958 7.997416529541404
12.060271062699474 2.202520066748386
10.854310377446627 14.435258208931030
10.783040591321964 17.806031740384775
-21.369345765386345 16.323171613145504
34.318881862990715 -32.241188594997588
-10.424908951859729 20.744447731275599
22.457764400550992 12.763915118912946
15.217349856087200 -24.961820577148089
14.631023300797382 0.180506445255522
37.695197916281266 16.580059827901866
68.858460025147224 -0.309343733316795
-15.005986422363421 20.616700417414346
-19.239500306992419 -32.935721842909722
32.917534076295532 16.181718656669489
-17.400061678419871 49.189321438237897
13.220654917237416 24.230874920717611
-30.127476424199649 40.129613580607135
-0.516402527723056 -33.438948160543838
-10.665294549016197 -19.521782947719650
23.998305455216784 7.345379642053104
-1.772736708625883 -7.173923861528091
8.429498186302366 -7.321842134417137
18.196906181256132 -19.720028710725234
-32.707035631246157 -3.686303900053163
-36.113068008439008 46.554673217633457
-13.943093783381329 -20.175499880780905
-8.419706521424816 28.141495549807384
-24.770801727116972 -13.239855414350503
-16.741318376133730 -27.820992014388242
-3.462208793308368 7.205376851975725
5.771992166288744 9.728277161450780
4.154159792984753 -28.388787771816762
26.376716752741565 35.382583292151708
9.367062849477930 38.028394823078557
22.303102691011642 19.276726362920382
-10.518328812524949 -20.318428524264789
0.888563561227204 34.527061184891899
-25.235185105251762 -49.094711786850908
38.740485690495532 -0.858451451342597
13.639428593157634 7.687379361565173
40.620543746537500 20.155369863689188
-32.092728928507348 0.846669714671182
4.074485054540625 34.501781914646287
-46.526074456266869 11.601564385536996
31.742043355803037 -27.171198689060084
-18.534405892643790 -0.564085554232681
8.775529656848212 -4.763304222510899
-25.274768580919883 18.494010875513588
-9.554669230574980 32.493241435251633
-43.969875305197604 3.232075076776755
-0.527483143922541 1.565234265152996
-56.123107285809617 -40.848904167921127
29.326197341717751 8.714309442945002
0.230092711347974 26.590220084665223
-14.526494331928234 -24.165424206098031
60.529313565260701 20.274169044975192
0.031918739650380 -9.765042855348797
-38.361012970772322 38.265904844555251
23.934501870346910 -35.023100617351005
-42.524553483288912 15.293653067295333
25.755043082416716 -30.688160498461905
18.924588789897538 10.596545469529071
-41.242876741970967 -3.382375413606160
17.041652007956454 19.041440178839842
-7.366952193154673 24.055315102459488
0.065082390013977 -11.191820925892710
4.287607789624366 5.633629302807604
7.788779788082246 -17.848324332188348
-38.237705057139536 19.136109455222108
-4.721727840025993 -37.640818783832103
-2.216033146530314 -8.705859944683356
14.562471132148763 13.171042915651269
27.417661408205223 16.228857587305331
-18.209149357374482 13.875223816093294
-7.180790671067158 -10.468824762041528
15.001381647548115 24.130316780667037
-41.771025303530976 -26.145108188496394
-40.104147515997930 -7.301398869993140
1.483617454641781 -39.677756995280177
-14.690520106083824 17.086647778826134
-15.589195628241381 -6.348906188090957
-32.666926046492108 -7.898800557759665
-21.391014143121971 -10.811954205768375
-0.954423436186573 16.443940435922226
42.518208382795073 19.080829535217088
23.462444435819563 -10.193637206731085
-25.418697330960828 -9.233499687417316
-24.366934133310789 -33.959090770066098
-29.884107820522338 -23.783322852136187
25.366023323171827 -20.864732101486879
-18.522617605831556 -2.738463224047368
-7.447099452144418 -19.640372418283885
4.155146985943454 21.318465119956024
-38.654483836584696 9.432841105694012
6.097514329617714 -27.874938936276038
2.797545492112563 21.673246232279940
-36.498071158250362 -15.290843066934206
54.897867773529505 -28.199328449396791
6.693135672292031 46.835501201461362
-10.317934982106792 -1.253370104587548
7.000956654182040 25.111237820635534
5.611049640204987 5.523228028417642
-5.773821297490546 -27.348711829771513
15.775951626347446 -13.514047706027423
3.253220398579887 -30.297064760743467
33.867657017297773 25.502696184515305
31.733780192621179 5.759025884352933
-15.092484563415900 7.510900550677671
-28.436189493815583 3.587374664808638
11.752849246682839 31.348333658541641
5.429812885631560 19.043691772384179
-13.977218253656368 -2.098553773621046
30.362999307201424 -20.606722476872875
6.067764202931483 -7.866833659626956
-7.123446673062915 9.092523234807869
5.175991985980292 27.917831270805976
52.959950418905649 -10.624270313017925
-7.799964022482349 17.845705461311312
-16.432518031864038 1.550441053692892
-3.604222867137409 -4.880231093403419
1.636332629772542 35.212682326483481
6.541136358416006 -23.259043388114172
40.618028046137283 26.064450791997530
-40.016891934330062 -33.814807629059366
16.267116530260612 8.487901843513502
-19.491626904626482 -13.928943781112061
-28.863446833116658 20.290087914444161
8.600073496213097 -3.752233132440641
-19.690179310815605 10.581179979362666
11.689382186503394 -6.411539292535065
-25.626993849722496 29.548764763866103
-16.485872936748571 -39.480810895253668
-6.375814843036982 -16.872412728136251
-77.904655622377831 23.242276354773203
-14.929139742578029 1.282640874066344
-6.289478403118951 -21.141268231260607
-13.724883065941162 5.450331163276502
-35.395900411305632 5.383584427649590
-19.803695689298994 33.484203439403501
58.556497519183502 57.480926541258782
-12.500125351469242 -9.432642477004006
13.648069152790683 4.206931805578590
-12.017425308817078 29.974549812657614
-2.028209663394617 8.646783370902110
5.436755973554510 -4.525344764364837
8.776883000756856 -6.388213918282079
16.864313682011396 27.997258745516913
-32.894628073720803 -2.620946836861241
38.659538907649875 -45.021969791296293
-30.871178736134574 -24.702282801896462
9.768292244833388 13.196662324391497
-27.594202029829198 -18.194014397804576
-4.831555014490054 -2.147146418938432
26.597810328127508 -5.076205820114650
-21.018910731483899 7.664316178152539
-30.544138999013409 13.448770935630922
-1.131694100475143 -12.185994188367511
5.057609430951256 4.165725046332456
-0.489485707353761 21.398875910829830
-36.665927496769200 -32.938065645588694
-35.912367984329038 36.130596062705607
24.907229861406343 12.198006393849475
2.291498620414813 3.070469222200252
-10.740825793602449 -7.235781182591869
33.466611564488765 8.299628628936746
-32.473150851249507 27.852795035357044
-27.287298201361519 22.542185530796459
-11.614977427696306 -5.106877999599899
-0.830406833022110 -27.934016797503538
7.076630347062002 13.356849176816326
-41.121862779736297 -7.977330155463653
-9.649483841407951 49.391203817866760
-19.268925286048763 37.024565648757502
-10.662870895907295 64.583722641533953
18.894854457356939 24.632605258823851
-40.083451296250253 2.693936787708876
18.129424007817686 12.773966304940840
33.840202731429571 -30.464866885895866
-19.913305492447865 41.102417386189011
-26.270158901679537 -16.605166934551093
30.938377101371913 31.679542886820837
17.834499931053500 10.594269089947218
16.736487683155701 26.566959028032038
-14.599366917280344 1.113595760728155
55.780804616788160 5.571130790496715
-11.555245769849043 -35.236037742822781
-32.914690124974562 6.954379174012413
-30.267340524925743 38.655808399098220
22.469698303584114 49.314062029023709
30.715997958146616 -36.262519251969444
42.142829767248713 -11.859408301884441
-52.036600149156591 24.296224168338110
-38.121229125456011 16.366380998409877
-1.686093339691797 4.366035339270740
52.453430733119845 54.889401366033439
-60.867018524745539 2.296289078470550
-36.887574589562917 -7.972796370517260
0.121173021713614 -12.003934395361881
-16.104513182000499 -20.328993587848036
-21.331638446889087 13.783400939943094
-21.768957096779619 -19.456007782191147
-2.298203497509602 3.110754732831639
-11.504184949829018 -2.669625613891890
-7.614097238996700 15.024743487287026
33.883217266012089 5.330770368240679
-31.726357044968932 13.194818695917641
-5.295663312446743 47.342000924719962
7.412220869341994 18.659230463750276
6.334077963241806 17.616082261678041
-40.877586312475287 17.436992122306350
-7.571398534857420 -68.807763624893255
26.458359622984606 17.026364174761980
13.492404309420662 6.460613710688314
14.344718128856121 3.234079594857049
22.439403601437711 -12.977856309409042
-35.204721370224149 -15.693831291852794
-5.854165195768788 1.846510728230100
-23.904187200674773 10.497404885878355
-10.080057595538699 -11.519943151488354
18.390799245459657 -40.856970599759457
11.876752017098408 -13.698770083507281
22.823543289700218 -2.206425804226704
-5.727653692182882 28.432073763924269
-15.908998668635707 34.097079725279016
1.725423270464015 -27.181216221814612
5.780010768285196 20.362227973754614
1.975883720925462 -4.267063534590238
-10.317763028021107 29.335210684458264
19.967070297030148 12.406823580761685
-17.404125565481394 -2.811665688949266
-0.036832885247005 33.566404798609270
46.481041284830724 10.024324847792018
9.670393380466040 45.179958148778304
-30.303302975125341 -10.802931088219877
35.945733114716631 3.256373383190172
-18.092724432109019 21.270998717565831
41.596801501420231 7.241486155673900
8.183095467434599 -12.723193842672361
-7.533163923305272 21.230970571432877
23.406528130298135 -9.724128358331775
-11.592762852322311 11.709974385898112
9.734149329378372 -15.813192627262126
32.063511835693284 -3.552448590352765
-13.777600893932958 6.109377475136522
-29.530029320949090 11.739592272382763
-20.303570047181289 31.242195582736546
8.628970032493628 33.464291956098812
-21.640406413987069 -15.336731788936049
20.052944040736612 -27.737423251367755
9.556425706425578 52.382505697959154
3.890650773566523 35.466959450636644
-22.592352544663708 -53.012416530926771
-39.705381908683684 -25.263167245718535
-12.241103736458866 7.187164968439580
20.812586357520686 10.757247999464298
1.802403023539795 42.344707180652087
-18.789227444966283 14.597650210987318
-31.000722527259331 -10.443301133219506
45.467375487068594 -15.871074314469803
-13.505989938537779 -11.441394689230602
6.968248694245311 -18.157099550439188
-22.712141543789709 -9.764738212258729
-3.117558456723743 -12.908134571782604
11.959287783621678 -33.685190260253108
-45.728499525378680 -7.461955583583259
-0.175828990298472 -42.390250326131948
31.869938544030951 -9.507213496513467
-5.840576764324256 -26.451292573807169
50.233995083397801 38.941699129554273
11.097478309185593 -2.608786962662785
1.607180323520581 6.184414276351412
43.751526351171655 3.134848893612635
5.913778990785201 -30.689229492590549
15.604775955309650 31.581237600113955
-11.648201893670590 -30.940913019432195
-1.130997312735038 1.840545162978571
40.350318776297634 51.919826262336898
-7.428329526219939 -11.418409928245090
13.428295417051729 30.297305088526105
-38.397771507246070 -16.427400158500980
-31.471132315677597 31.470878951455216
40.758014516716919 10.318925517604601
14.874962069980633 19.943568528248306
-0.543811726973313 -1.991559460050044
-2.783999667979568 -25.212764062868946
33.043093235405678 -20.775595131927062
4.718883502202178 30.413491775255991
16.715314995220229 -8.876086731265699
9.932285829256552 -4.780790097354520
-5.971931820431656 10.062500688551067
-6.689557048118528 12.747929183048653
31.247142825472302 6.205818998291188
-10.181220570576127 5.785239603834226
2.585858361301889 21.992539672364945
28.099790416168243 22.574782978630022
-27.714676598889930 -27.365585835215203
2.480461724344868 -35.703707352616007
-10.135076822353829 21.721723182056234
-1.036162931240344 10.914479219728964
10.377841604458984 1.561518958915647
-50.289260011422208 24.824046274779008
21.614187667868446 -28.546991993068449
5.651341451591919 41.253631573909487
30.874003044507781 2.643684176707310
29.808894363614414 -30.046564320479895
27.961698808667869 46.979472582077854
-48.866413506242644 -6.045426458122376
-24.729301385999840 -18.418202659430406
13.653809361446035 -20.818811045511676
3.847015583488822 -46.916086625470285
-26.332978579159949 26.397152867044145
-19.778384728742203 -6.694189061721511
6.819956919187831 21.605916290822158
25.130403519810677 43.892449293631230
19.638627210796152 16.067859208673593
-21.210827024018883 20.161771079766957
40.157241517511167 58.997182391789096
-21.540693785021013 44.095449902081938
-32.957013713524802 12.391756123301770
-0.419022926298361 -14.197458476596866
6.231300116702418 18.636685168952674
-33.480262145596065 -47.492409416376759
10.590870128461026 24.710633099869028
-22.718105372311690 -21.761036764423945
-25.496275672714034 1.269116508789716
3.699456843653769 5.700370429399574
-5.763957042450592 -13.578112183281707
22.347528276685704 -8.644296173979367
6.428794985266910 6.844732495932396
0.096952014911930 10.088883312734550
-40.850969476547434 32.572658817391599
58.832799260938714 -3.775186347164654
24.999024400666549 -10.375923517884900
7.550020825050766 50.512347155298663
14.657052194593103 -32.078883900714210
30.157968244981376 17.001583283830538
28.631686491228070 -7.128607685074645
-14.599751987584611 -13.710804765096528
-25.886499668606373 16.417915149737631
-0.997521907366729 8.838607860960224
3.332552477027061 -36.225898761105618
38.949618293325727 -52.096830184697566
-1.312394863791621 21.294327494034700
0.702832204687557 29.694376027838413
18.998296808019266 7.498643154426953
10.372294001843544 -32.856825997883760
1.464687562689164 -7.334178787623918
10.704198323011836 29.650796477039581
-19.974724555820991 25.392561526827805
-2.854108348525319 39.521059681298148
-16.851059744130765 38.720853994937229
50.391633446273104 1.182338334583337
23.335711496631458 21.871731862150192
0.682862178697426 21.262605486144707
49.274457627094669 -36.746818921831206
-22.513053069874271 25.812350064768253
-14.854343810507331 -0.870797622758923
-17.103646354835480 1.041650064881394
32.791970304952791 -13.913976316011778
-4.513667977471415 7.667668952219497
26.768650239388183 13.374385765816289
7.737221909651422 -5.802285951091831
-44.113179651858019 -48.118410697741652
10.263019235793580 -8.895998317838611
-9.011525554842923 -8.623891121452711
-9.620722979830575 26.668510623098051
1.617846138249925 22.952264424627696
-17.810131651599441 20.284632261780661
-1.249419997093995 -19.652853267858404
11.833363210210983 -12.090201481830086
-12.770369390887229 -18.674393674407899
31.051211099092509 -7.610051369878404
9.721273665811609 28.371241237975831
14.076765003736716 -4.267631760407670
-1.001204851880756 45.316475007721728
-20.235333452662815 0.516495676931733
-32.783132572129304 28.759805121040724
-1.868320766034137 -16.088351499730965
4.841167188157154 -39.612911296212296
13.318673492119549 -25.537309693828714
-10.145302252934085 -25.324747400180062
27.984955726294423 42.225282378982023
-10.694789336184048 -18.247099986311795
63.668016183011247 -0.397799262316516
10.894188179647378 -22.055906990361326
21.091360914921296 24.047431975810930
-2.462413426853552 -0.600905787209700
11.147126841073730 -38.892196812403505
-45.816686669781483 11.870251542998705
9.758357340449269 5.866228882279006
36.298678567870830 14.480243690863929
30.617311878821099 23.331493328225228
-5.010562509851918 -30.546784921715943
-32.095800845682440 -40.907848517214191
-26.488894519749113 31.908119858303927
-12.646545277764512 -23.803546470254947
-23.545634154807630 -3.894760750454374
-8.910222163366198 1.446931881595607
15.156195685577856 29.856193513861619
-17.142724704074233 -30.899842992468209
31.291611341643421 37.366481753775808
7.443797234215199 11.688028068903618
-6.154756419960985 20.069771528249564
5.194505055874732 -23.814459665550540
5.973116772887242 31.497735486863466
-12.179093947414898 24.127910325219617
-12.061439940746688 10.762918407054926
16.009605179634871 41.834036304241167
-13.318747827867142 8.905676149498628
-15.186685986546481 35.897428711391157
-6.580188214249675 29.999171576694469
13.586468532386819 1.968962446964801
47.191819405966861 -38.567729448059424
-38.371521610913533 8.077432252185693
25.432748650555844 -4.641547857748048
41.180450207684032 22.363712914835542
-1.395591909634617 10.149912435087106
-17.244313778760485 44.449466779461801
-9.800714876101480 6.374024202726193
5.198254114295629 24.153024265009542
4.692848793690151 -0.799636952275100
13.861532890761456 -1.790895260473496
43.066799590877920 0.464663820470977
-18.646535475206271 5.270531870923761
-14.268044264501668 18.820011790321434
-9.375662629492524 6.460057698169852
8.553398391643459 6.031446687397553
-0.254866060693741 -2.990604655166067
46.544506546044488 13.014850441197833
40.180909469617113 -1.029218060433297
8.908319566022518 -32.191201999597958
1.381545787770483 -35.477296649243897
11.654380881935589 28.343691694363223
-8.787657048383425 11.373243692379942
10.417440117233207 7.660820606023448
-10.827723692314628 -68.472899762918047
3.367339543584955 32.489293260627861
0.114073990510932 26.687725265173007
-18.442314289558162 -11.457840473841927
-41.471471770751471 5.665137438491286
-2.957899137236291 0.305494089658350
-5.249081806875434 -15.456914825218734
5.977570997701996 -5.597739076209139
-17.208110498998970 7.298945761852706
23.456052116712719 9.269840222570762
29.321690022295012 -15.136451601454993
30.987166888500905 39.796086211700057
25.985955420150351 4.068680710581257
21.870571881143491 3.889985864490149
17.177761116868549 -9.471141943084437
-13.416574077435820 21.378063444218267
16.252182389210130 -16.751156651567538
-55.553160147828386 3.387177621656327
23.340189903497286 -1.491142081453944
15.589951181421100 -24.192032927376502
20.526421737910404 -23.394729546198949
-33.965508081096829 -0.457018571369710
17.360175743631640 4.273803413649200
-14.102586018922876 -0.967476082240206
29.773580353315911 -18.805051867303423
-20.126873399563632 -31.612500194679050
44.147674040449594 -41.912687451177831
18.380328931772560 20.893440193832983
16.903181355257335 -12.969959069116518
-5.525042969373130 18.267054514393752
-16.824188421481132 -10.847323100390849
17.009872822738160 30.107605556663092
-38.904435961224038 -14.533325451113766
-28.084041866356813 2.935033877902198
1.515160828109195 -38.036108967895956
19.832731457349833 -30.192155076219041
-76.005926557378032 18.306449581285726
1.530175067006155 2.146703500874596
-16.085049959675413 -46.433707984124190
-9.069586608556573 -43.060401264559516
-2.520609084024657 -17.703684532643361
-20.598847152759802 -18.139083996956664
12.749319172788553 28.174267056665624
0.920984557201895 7.127511873320048
-0.450288116305176 -37.606344749398517
-33.121324035225093 3.976888153760724
1.249985340921891 -13.967179531615681
-11.048004572063178 -6.443512688656051
14.719419946944372 19.621640693640348
-10.210258027963222 -49.652545633751053
-8.001834393648075 -44.996703847906360
-8.463318664834814 -3.475607314680903
-10.210281471363984 -4.002987252652753
-1.815517671536139 -21.948312340032718
6.048544444592391 -1.655055242873481
33.901849679415832 11.413620147022391
-8.955760603305736 1.847536919577281
-36.347586396372378 -17.748034650056713
14.254626700603440 -7.474441925580080
36.943556535111476 14.658092286309165
31.744743086386929 16.871694249692926
-8.199564258630687 0.353856054743802
-2.209189683032611 -7.571774969552502
7.063642122886366 51.305630553279968
24.693497783521039 -13.352275638937838
20.790063159105539 -41.762040644049350
31.987944637051847 1.317509289882922
-5.024820725121536 -27.651688431573934
-26.643590410531207 -26.796708721977677
-20.811380969064000 -30.938440038160696
-32.333547938333503 32.280365538466690
-22.283085898090722 -13.566724064769817
40.316204979418856 2.562460169726111
3.151124331465814 -54.535190057695374
-29.305131989541550 -18.409748660590168
4.362955546865100 38.885919313553131
54.837851179658124 30.413431384652348
-19.623130570022067 -4.471100501464177
-16.458831209405211 44.727875905095082
24.091627007070766 34.111559880890091
-6.577745626967971 24.280906439490249
37.211037902285369 -8.088428700959909
7.057509079562529 2.127063268265187
-2.067790372792461 2.685579771564292
19.007633272089635 2.531190265546829
16.456438765462146 7.702169875601898
14.357817719233262 -6.510384423740353
-8.260962381832154 -30.153810711868783
-0.855783110724279 4.871563391084545
-3.552605045014958 9.900580793860405
9.066111980268447 2.070269964441663
-10.871397669479849 18.157019490470521
-7.120718943913491 -19.496843389012451
30.546625381376849 15.391834828468260
-58.916076131099210 -37.840541366527681
-18.060198760624026 -27.335197281359406
-1.933583942920171 5.188846996138224
-6.339618797511123 3.018589841109180
-4.910179035081039 -12.422991588768825
-37.761630764465345 -16.054669360618046
-44.447402623604980 -32.934068059546433
1.151480774701876 -78.376319783666958
16.603052280813817 -21.279630261964332
-4.271612247476220 14.871102261924069
-1.058903668465537 16.751518622158486
16.109216481664021 -21.405186029210299
9.351993709660334 4.793227964190413
-23.722330417284351 -0.731516169431786
-22.870710351203428 -23.510935403594143
14.242079244939097 57.069895977754634
0.415403744152381 2.773899479053632
-15.308662204276395 -20.994411317923213
40.384914158023754 14.699772821676476
-26.058912688912280 6.741268798084998
15.512580024789170 -30.347207749764703
39.515433532030222 -7.088749543649095
-26.770705874401575 0.703495655355686
13.197582789169742 22.108796665424222
-7.271284096668806 -29.144722226825603
-51.482692276962581 5.070645248377526
61.131382537611820 6.110486957233279
-47.556259514572140 -2.757454494734954
-3.888243474372944 -21.309735763519857
16.365181248417805 37.793644831112950
46.328465245159833 38.597558076302761
32.047847091557259 -13.825533284864461
0.870995788347692 0.962275836530850
17.466281439271192 7.615579822999806
12.223988120266370 -21.019350450822987
22.411402629887313 -52.564897631736585
32.168314387091584 54.964421760907257
50.080738687400917 8.889046293733891
-4.408554270665841 -1.927920515448039
-10.472425832174149 -2.106702234373624
-13.694584666482813 -30.357291534409416
12.303244269869005 52.340852903707336
1.881405876634735 3.476675994624826
17.340571921497588 -12.579832405117378
-7.303591936231510 -29.826167975657402
26.245273651219595 -20.977526384146536
-60.265241887860256 46.941284908422880
-10.088047266842038 19.136763045833288
-24.082895852767237 -40.846456868996022
-27.134628010013639 6.918129760107856
4.390509829648389 -0.568681625860932
8.022621423824596 35.235964752403838
-6.445316460177362 -24.426683943234345
18.072569544385072 -4.554697483530862
29.919030870731294 15.521186218538841
19.264940525779288 -54.014884976632935
61.985417775755010 10.853002214901464
-13.509821333848317 -2.473047759892887
-35.775904320474339 11.603457384517114
-7.786713523715536 0.136602482349060
1.686723863393800 -29.193250956940222
-30.819864873776606 34.269257730238969
-58.093994522881438 23.428015887614205
43.494917830387010 30.102533451846067
47.229843639169374 -42.050532384862613
13.915993048172515 17.013812712495120
4.624881564332911 -17.894362737396502
17.541644937291043 -2.626269359068846
30.652827549718420 12.741575136779037
-2.064780897934773 -33.574804772380546
1.259077746294640 17.945678886538161
1.849267027771026 -4.941696259019868
-29.251524963490080 15.476651466106958
6.149255507629499 -4.591739127311596
3.114663925078134 18.014379803506205
-24.411843336801294 -5.869238616968641
-30.388758236509346 29.440916111755772
-15.650710598188887 28.358479703499036
9.779771912728071 17.405141539035043
51.641217186189579 15.649606727596243
11.139671673901365 11.327760938929309
-61.615764783624591 28.523287920253857
18.990083647161605 19.486952943001988
11.058479406934442 36.248899135905788
-21.442071386544157 25.418985615651120
-1.558643182795242 8.793663466190448
-40.038678854518295 40.859032131252420
-8.213715901888865 -2.093308504757855
-16.089620475630220 20.496045849587020
-27.859503392595865 -23.387109725330532
23.147813060802704 15.106977683463171
2.088756166277137 -0.267308810881467
29.662439970763582 11.521210890327909
21.675578551837571 -10.688449145980956
5.017359053004187 21.765279793051079
-30.145435140477339 -2.172758206569950
-55.363289900444506 -77.394686580320027
-25.966587088933654 14.635135932100619
2.755952904348630 -14.690207583290583
-16.072492518749417 -11.399854048008500
18.739669476326934 -20.719742095660266
-10.937059447858537 3.436045196663879
-16.338990001713903 -33.717830395603698
-6.510405057726747 4.673756093181588
1.060950761997274 -10.522561666759893
-13.168842505995187 5.488086774128652
5.963240182442508 -1.220737029326867
-1.078268092620411 -2.036206970795255
43.207977570976091 -0.171992651084704
-31.412461117134242 14.657515694480525
-21.653521754975312 8.752367359989746
7.190791118810358 12.847200904665559
6.971043258826893 -3.432228847498617
-20.861933450409317 6.400848354059391
22.203536946751946 -73.105587381590325
-64.217744447685433 -13.947828393358146
15.127205056327263 25.587280762632552
37.713601237543166 -2.232506480261847
20.685744704458692 -8.535849571199481
-25.452812450675506 18.567343807596387
-9.680602045382894 -24.676199035835442
-36.078367826694723 18.917516972482233
-11.515500385383168 4.552332017299379
-12.607441074337045 16.940661443405151
14.993874464107565 -19.384378376930929
28.194475627511558 8.285111508781577
-35.498729714640852 -16.448959049092181
40.477665592770045 -25.895975056638044
-36.538487900002565 7.255418338725583
14.923158393935340 -4.597305821597845
-8.986222562153868 3.085855975120722
-14.810150764062380 16.215478528000521
22.495763019066572 11.556973131320865
9.384600243678207 -9.446830934089030
17.708827383339596 -48.641211304124774
26.169788864991265 15.868896744000928
-13.913967031927728 2.425013568436929
20.820216306520770 19.162853571275559
31.231983891505966 16.262414055337107
10.873106999051094 -10.071569772813799
-5.111139979123274 15.855898376420599
-8.878217323805856 -39.764595659867858
44.630160937771564 26.136657626894213
1.551104290855057 -5.462818056751093
-37.199117242037119 -19.727090089237269
-1.907162297942407 7.865197105788227
28.637861859184888 -20.760490088486009
-37.063021552936071 -14.437685761254297
-23.231347566826198 -15.772126048653588
10.884214214932234 25.536064450428523
-21.824038931007887 9.258392996857703
-0.292031536373313 1.242199207487228
5.743578271765399 -22.074174307390848
16.946306770959804 -27.917100799328583
35.725928211222694 28.202871598940323
-9.756029650189559 -12.528479416899259
27.608841455244800 1.176750975381478
14.074430673001974 17.969827163777463
17.961761102480217 -13.071304461653060
-35.455818124408680 63.205693618953724
53.511693852004584 28.075540376071412
-6.945538416985082 40.317174273370036
-30.752272518772866 -50.411499562806782
-23.004509711810574 24.820972926651212
-19.774831401479176 24.602452714957835
-27.171070464232145 -6.308615934824068
35.580442563255723 -21.603613413479291
35.167524758480695 23.727685413522007
5.064427675813735 -36.599663931806653
-15.608299370050341 0.104348495558486
-7.964637548215157 -6.550805493918137
-19.742850403874534 -1.349571642135997
-8.141220091019468 50.745742281646201
-9.112801529418530 -16.336932729309652
47.354093379339652 -20.121310032437062
9.322889346200107 -14.643604879165776
25.967335122944878 1.731503447260375
18.765092748788490 15.639838367319626
11.544212290470169 15.034229651171797
-2.839216027792209 16.287201854070069
2.114784593016681 -29.121868592638311
-32.411303191163050 19.379097467013054
-16.121335586873208 1.316084344138460
11.195126813068846 41.174672972931340
-29.822550517903032 16.536279763262673
3.652905823299470 -7.642011479748842
17.766022343542339 15.504838246423208
15.142169654169450 -24.043821525161462
-47.093074276838017 21.774400422846966
-7.254177913716548 -2.854433202638611
-31.949669278467351 18.417867450617219
-2.917492821944827 0.422929274445295
21.617155720334257 76.903141171922044
40.978747904579492 11.782373564283048
3.073230275904441 -15.509295100300552
23.853210215017150 -1.683440454290038
26.928109213176828 5.105322684539620
-27.420292932333414 -15.430312549830466
-15.500027728026476 6.170197650976146
-5.600819337988285 1.377703509231405
12.526593010511041 -16.425443133909059
-20.828415911856212 -8.297469535510892
-31.733200003784685 -17.786234462602351
-4.379102688074788 -28.929211637870090
-58.033046698594845 -32.127678344378459
-8.272757118077248 29.062986330783467
19.145634710172477 20.221554747920109
-38.049110364963425 -20.361625714449982
-1.474590188480458 17.679031325118729
-16.591297347751190 -53.257736332339313
-29.221177512668302 11.147467444247647
-13.238941827326325 1.693119153356916
-55.987478270099075 -21.027639718827487
7.214249060928817 -29.173941588270548
-30.194434275390517 -9.523068798184910
-17.669864963791674 26.746881927424170
19.922268108117223 -33.925136301906278
19.291161914251418 35.276470808422808
1.520740264021315 -22.858112695696992
2.830369849325580 -21.852084225897357
-20.588932506299372 -35.768273191139095
12.551877893871170 -16.060408088224918
-78.450633719384996 -28.044121792729598
-38.029277180124971 6.136721043562132
20.810939966022190 -14.504085410485322
32.818624338595541 -5.539379634282898
-2.089035817134152 24.542392355643656
-27.066487291082989 21.456221788280676
2.782248186692275 -39.225221393663581
15.290994581140968 36.035155622028618
-10.592694744352885 -19.797850132075936
23.765476581302071 -4.395244044888181
12.751354047153095 -20.797649018282591
10.226658334183016 -18.332845034455801
-7.653321904583620 8.944700968671642
21.370961791543447 0.520520426796704
-34.085401324231526 28.605364348126045
-11.949417369250645 10.217609671496801
3.763885708618627 -4.374161378734642
5.406325977031983 -36.791722354367607
7.503347517303090 -6.354845974073198
-5.244008754827668 -9.084166494456213
55.547591150718546 -30.103793612509264
3.974678022816687 34.109101274312380
-14.839517749103448 -16.256807667902965
21.459325491697712 22.883858829450158
12.150416235091312 -18.074132676606887
-11.826436780383300 -10.644595239191970
28.310623373799000 25.971620942719717
1.023813913196404 -57.797706514764279
29.121857238051344 43.684929318223531
-44.914331561858006 -4.010502629884744
-9.073204591568324 -18.635519698682288
22.059261971478939 -19.352711060735892
8.501805288336188 -7.968801081350859
11.020827735232031 5.676959188044065
-2.413929527333622 -38.730798590718173
-13.750660880981368 39.006281599139648
-11.092713798053371 43.955413607769970
-27.503240532600525 -33.286937832087851
18.170468133759165 40.493926274549715
-6.318960895993103 -5.171855113673647
24.464129674628683 -40.476153706655786
-23.554791192902996 5.388478702444397
-34.582726927688419 -13.099310769182219
-59.816988003989941 18.856852532430711
11.499837422751622 7.658885716592302
7.768603371030654 -8.363163748978236
10.475724368251178 30.182631456008668
4.177095969002447 -20.751510342836635
-28.137154611600888 8.539195174240374
16.086731597821405 -34.668772013285178
11.935640445675553 -12.462214467905877
43.836732267135403 18.292760248491380
23.721100327903802 -21.845142438198241
8.646958780911733 26.660436487074264
20.341058708464047 1.157552984799604
29.059276426773042 -15.133596225368592
6.055629863217820 -3.450840067213331
-4.787835037030346 51.228617663986121
-38.611641554709294 -2.357718748929550
-12.431253523857677 32.601112681313978
-3.499971649513808 16.127492056078882
-21.553692821753817 -41.743818849809330
46.525821304456095 -10.752807726962896
-43.884768395335456 -93.062935486472924
7.330663748694777 -3.653080718945775
-6.932270071717788 7.785417805353656
-32.172455563449823 10.034265910501421
-30.937058158584158 -31.697678420125435
-0.329889589233785 -6.568952015220945
5.210376111584589 -3.431160841064773
0.600206592868480 -37.573518515798874
-17.807374005528640 -23.992221350290542
10.651552140084847 -15.383511584276949
-16.459810562628519 0.826376335546988
-19.392854135627033 17.731106272408695
29.021564997621343 -47.333321390665795
42.533991287690156 -2.685658246100263
18.065776816606071 6.602240849409487
-45.950425030119803 4.453531702753558
50.387290723165592 -12.607967984627896
-26.335436324989061 47.993398386250021
-11.059553802387551 3.744688340975021
-53.444750048404629 30.433298628553327
26.566367228813366 19.361566916575939
-39.704670685798533 5.374418684283291
38.216403648873687 34.071789958127425
28.422952545950707 -27.941119239949131
-6.869783235374610 51.234134706274091
-7.931107771144878 36.810816421817655
-9.156860931398711 -6.781484838899525
32.511025028951387 -26.280315677883678
-3.587986546359527 -18.331275972939277
-4.738156749945582 10.794178367783379
-18.783123817794529 -0.052488695984772
25.418445851386153 -23.349854613769200
-61.345219249003165 -2.487821148414527
24.573784133140990 -15.497202677705602
-37.443049813561863 19.081501128179479
60.786026211380999 0.867396871162148
19.444211302463074 5.326083949460325
-19.430376832448381 8.504497965334908
35.566677778191291 36.065137192548256
-1.847104795869713 21.338984518363613
-26.663146513386074 -33.614423988497592
-7.481424169353428 57.050690611704830
-4.128466512289571 22.516758437821910
-11.188130795272379 11.653367134401345
46.874064253871559 -4.172890564191968
58.202525893060788 1.125692580979233
22.194112658217481 -1.207431810460774
-41.915420305119838 -0.494488207888542
25.655845598371076 -22.878187457785149
-31.456465519061325 19.196051396544895
-44.384350457985164 47.259528254778068
-23.340126534086000 -26.512188859897964
34.847855025549478 15.749320961403361
13.463865048432179 -31.063139524070415
-26.004074173616374 8.516024554636372
-18.302948253857362 -13.574527911898299
29.334732542693398 31.581562718146834
5.911881852192735 -10.017411866508562
37.151439336545394 5.352217709932913
-17.914542338432057 54.597212772668456
0.195165660283330 21.733527974815292
-8.772621744444082 3.806584252007055
-13.376012337718382 -18.249636446262972
-22.993742030535781 9.584977739590126
-43.648311788383204 7.273170509616954
23.516121133046774 -12.541208717230266
11.602098305259496 -8.958803231502241
-13.137827339303753 18.392799415649161
-5.368411106331203 -8.635396610007319
-25.517994986959661 -59.734023372755715
-12.289204941769343 0.865903818218501
-5.558848158907754 -48.185684346062985
-58.590243511796302 -15.977697655117183
46.165597261141038 -31.056316078338451
4.340458174695420 -0.428073855759224
3.501891226251356 -21.975224499763208
-9.040911839186244 -10.782058170071755
-30.149926340187289 25.094766158209563
-37.201485301899133 -13.430906503048602
13.320561511476592 29.981432975421225
-7.177094481734396 30.170295705233432
-51.499737954238867 -32.291931126040964
-39.598106789857496 1.849318168832287
29.090377813803173 -45.560269856974273
-3.657688155967043 -16.533069707525076
35.149525790219499 -15.764054623745331
4.771595253025297 -21.974567593345274
-26.776261911688202 31.903621622306691
-3.003777415638130 -16.710963613227182
-38.187032020186756 11.181027339231893
-18.167016076084007 39.888895367237893
-0.472937439697707 -8.938984867271955
-40.980888922106246 32.768739577458028
14.706640120903788 15.886997804803743
3.260599684273169 50.091501359208777
27.693743938513776 -12.442636365956590
-4.007283016757563 -1.568012534133144
-2.649390114572812 -1.361413264166462
2.170130686456713 -10.327742690074444
-26.116466995004558 19.616549683557569
-27.484345706181099 23.284880236912823
-25.694177544425902 6.854167757939079
-9.861871652032967 8.179848734497506
23.909036201735084 -23.072529037083690
-37.478427072145458 -5.688274409499985
-31.953106595097122 27.667985816414568
16.447837228028249 3.634264891718205
-23.410614598492337 0.474270152946674
-50.556164645561417 35.101686076380993
-35.867591336715932 -2.202378114683760
26.259797369618948 11.647938529197431
29.624650278277539 -8.972330273802218
-10.677417630246506 -39.273235212909462
45.694580930013274 7.992880999845248
-21.379454834863328 18.678714972666619
-27.358081010660996 30.137063232058193
10.493921919011639 10.060350309226145
48.847107779444563 22.894620436991666
-4.940062295962641 -7.665744707449505
4.538455211710504 33.348798534776456
-18.192101925777319 9.232989871819388
5.671984803089300 32.604882292235402
10.416857390089614 -14.628530012219652
7.353107743766947 -1.799223715452059
21.443781393228917 -25.724241564583529
-26.375918350416956 -26.040983919839835
5.890745801201953 -31.583949069937027
7.008212148766092 -5.096226322489803
-8.481729321054466 5.581816691123731
-17.565566978204419 13.877068002508656
34.208400195955150 8.878060862364633
-42.740650235768030 16.742844698791409
23.257076398235039 46.161480846588958
-37.749568943999179 -19.252321393491744
14.348385459222117 55.610375144687815
-41.217249997341419 -14.564332191114929
26.369756649124234 41.433943838840733
51.843762767089039 -4.503207273800366
5.670266220865121 1.646038871296440
46.662736202309652 -5.862168913882306
-30.042617504415940 -3.459592042596082
47.599175814921523 24.109153454234573
10.917319551052326 -8.905295754733515
29.363462908639402 8.310924512999335
-19.816908548835201 8.367568803700562
7.471966969863097 2.008329019785192
-51.990037558451874 -23.352559046617586
-2.769593150465441 26.222863874737484
36.699366960461873 -8.444322865122182
-11.595742128320301 -0.180283920304295
-14.326542084350839 10.225764643930507
-5.383856332427786 13.665242567363130
26.932395718653758 13.742569917096777
-5.872595372343251 -6.192968736343613
33.567328186039319 37.657091709449212
-0.650156865780163 -30.784475337130395
4.818021816080920 -5.460974024459043
2.482868332356688 1.360691488725416
-33.810829922849649 -33.778715440206504
-31.892892608971152 5.992189231192975
23.803415214410752 31.154070632567525
39.569705563612601 4.373698073059352
-18.310836882618531 41.947082160592196
1.295301457540138 35.279504495630427
-51.741375859049683 -22.431066275502587
6.492136100338417 33.046743501528624
10.402497363151280 -5.946224408450087
-42.221141038485435 -12.601469984812271
-31.481284792272241 -28.586827588985319
21.706639155626220 -74.667440446798025
28.785298137752314 47.785939862979284
-31.170935189398296 26.744481192678357
3.028554328273132 22.429205713870196
29.409900311541143 -12.603103173709700
-17.596985679325478 -7.482441589102934
-42.426402432914202 -10.753277469376609
0.360864046299127 -40.164464077128443
14.673156772246054 26.711820360905737
-10.564153947699459 19.154960822475246
64.743629180728817 27.692163092887128
-2.442733768714450 5.716685311726756
12.646504219192421 -23.618357486171753
-23.871425282619796 7.642245642627468
9.621147261291524 26.712500362735053
16.901970346587262 6.618412719317248
18.533217366620978 13.223431232742600
-6.721514743389655 -0.920453968173384
-12.014887498706575 8.123827257411653
-2.446650356604647 -7.565950252193037
-4.741277579256296 -54.764992637921367
52.988462863671160 11.426441252876138
-57.993072382835095 5.610259548495396
-11.019454907390569 16.095298669608674
7.566492323416909 -23.479572872351355
-29.203893608625954 28.795902983213328
8.120372024165698 -31.095033263884066
22.374218079729140 -24.761190042369446
-5.412165391661070 -17.836014817864079
7.608718803725234 30.117606865336402
-6.193982264611519 -15.186625489904237
2.273580427604671 21.147401045802013
-22.928436744688021 80.496496393762314
15.041044319265659 -20.705923869605044
-6.832410983312793 32.993153805573712
-41.229136244813354 37.057380978178784
-29.033354026160634 11.914346214083926
-34.237953450735517 12.293051396002241
7.998449592414258 -14.657914631868017
-0.692866661188704 -16.267371042897715
-27.975616095161950 5.572721010467151
8.134133326667630 22.244610463136215
24.880785045285165 -21.181962904273554
4.976376323494978 11.262938616342383
16.685151425669925 2.054317806284212
-20.110078943990338 26.852937834845218
-53.361510616671247 18.592208472909629
2.316575645552422 13.229392393316012
16.342770712986358 12.103348930190810
-55.228325934246001 -42.477281705365208
4.012786785362396 18.944558169833236
7.836087576947992 -51.456684647570555
45.578808586347677 42.751474944393131
11.254123165745265 11.097630238290622
-15.099379478494154 -22.995785441790044
35.616201349957080 7.016101708326715
18.979709634946058 2.212106649797577
31.429051876935279 37.378318331566689
24.900338444063134 -6.987060232643980
10.927868391550001 -7.224690963411543
-11.573423158872281 41.634809759195399
-7.111141508012492 67.475885958079502
-28.061563598306133 -6.375611648620932
-14.648256207326728 -19.142489661038802
5.410798745223291 -18.891165567134600
71.872843472535749 -28.869665483120244
-0.745237553945405 30.907687585741520
-40.461570890478605 52.131834530806998
-20.291550865104316 9.769334946660161
-15.780160224122236 -42.579785296308366
24.517455691514591 -1.499836603540817
-9.711982109706641 -18.694627172477922
2.194977431536375 6.861429794942834
32.562257451312561 20.611640019574175
3.461561313129988 -11.264514960833484
-12.234678684187088 66.612946154863906
30.297879526765485 17.230633003717802
-55.832555732648856 -24.391310956200780
-14.811352756161231 20.005160937967016
28.168855453973080 25.419045660871380
-36.982229863266461 -9.236171842261349
13.064597767853918 -13.792994194494005
-11.449890440501951 0.191551526747533
14.286407811629223 -34.030783671928482
18.807675835884528 22.807365266554939
-8.629366077790522 40.801242613159715
1.281157709521537 39.112326712261215
-22.259606623170477 -53.370183341844566
14.278260820996223 -8.603210902812618
16.275588280854326 0.926980543999007
4.693848735142823 57.276665423593727
45.208252915784655 5.856052743923708
17.000285760611405 -8.278203164113377
21.743351195419045 5.016909808607565
1.428095106288424 4.123790873678144
-19.101134069624244 38.465175717560328
-19.400990150984615 -5.161225589306527
-38.938677956838120 -8.356986647639838
21.337891820657894 -27.647430054446886
34.764313420266760 -15.643469186944184
-12.321024626980254 -12.663320442413371
6.349413208713842 -31.747416802702332
37.170734851340029 -1.818333746681274
24.807304401080088 22.774449854670500
-43.655396583956090 -10.483945388894249
-27.398022319247733 -0.768871451673628
1.615393953908376 15.618512070731683
50.374722827153491 -34.705406766516006
-8.490664526643666 -16.123028314014370
4.576498630585368 19.768185715181243
4.207059766325252 47.455857154478430
0.047373602402126 -9.878793629677729
-23.378932341063315 25.109862791828562
-24.847292814042582 15.641154516912136
18.220477050481559 -31.905948789712678
-14.588960229726199 38.961445343627652
-0.074674408479071 -23.833611624165794
-6.331378610907842 -24.699019648797890
15.573861287673887 59.427505922409608
2.761712588403259 36.940078350593218
-10.479527057091730 23.598612711159703
-25.675102597848390 45.751142264056199
13.172307230133475 0.950579563591032
19.714532154432774 2.947340894777279
-3.357153577316363 -15.789821730975371
41.646482632600915 19.959641005870754
-2.400604958028831 -12.858949746024511
-17.392170781473528 4.554904582296947
-1.095826206981921 -3.671521217646498
40.288961468160728 -8.440252946740323
-17.689002809676392 10.887688990082111
-3.109798323924152 13.743105674755579
10.953388784399776 39.081533313040900
-23.714466361752127 17.662721132797227
-14.980548894087512 35.501671346559569
3.696071936078037 5.480030739114686
-36.937851718089775 -4.636153815724225
57.196438086151723 -28.106083979196576
22.505565120113964 7.315825725711658
-65.221087183448603 33.450571764363524
1.950012310860043 23.216694198185294
-43.288033021322157 -31.643661403133414
4.095533336985126 3.583859436321093
-24.301764024356270 4.685248990642527
14.640549342089081 -9.506192087328364
-17.890702807122871 -6.141861795207972
5.774656286359795 36.512019086189149
22.245070861524205 -30.418547440503225
19.070532677234969 -35.858775193481151
-8.878183352668913 -5.342664101722812
2.610575850417542 -19.705048283671999
-56.873274720038459 -3.636129358932375
-28.743059785563901 -28.199469842484401
39.691676238361325 11.560557403701310
-31.234859921313170 -21.014633533525274
-11.044611181810577 7.975120440552015
-14.855342643966907 -13.463243353274766
-16.380400894347137 -31.947402636788581
-2.981061573534631 11.939841691163203
