0.000000000000000 0.000000000000000
0.000000000000000 0.000000000000000
-26.919742143902436 0.000000000000000
8.053365826877403 0.000000000000000
27.136107205683629 0.000000000000000
11.128965347484364 0.000000000000000
-17.965780383636371 0.000000000000000
30.466224121171784 0.000000000000000
11.858357090534252 0.000000000000000
15.015033889330526 0.000000000000000
-22.294697327486958 0.000000000000000
-45.405112801982774 0.000000000000000
54.074303549147423 0.000000000000000
-46.614823305364638 0.000000000000000
53.289400658417897 0.000000000000000
-50.000046887166242 0.000000000000000
-21.669826108954876 0.000000000000000
12.661906735416618 0.000000000000000
-44.588166684624333 0.000000000000000
-12.301011026720611 0.000000000000000
-28.393103245708339 0.000000000000000
-34.165570052874784 0.000000000000000
32.349803804750124 0.000000000000000
25.299320021205258 0.000000000000000
-2.541029391441732 0.000000000000000
38.154171389895517 0.000000000000000
50.423533554238091 0.000000000000000
-15.742829692940413 0.000000000000000
23.221650433589485 0.000000000000000
29.844066686389539 0.000000000000000
16.526489322533266 0.000000000000000
-30.350581268703898 0.000000000000000
28.246776329475274 0.000000000000000
17.319443353569117 0.000000000000000
12.441856278956623 0.000000000000000
-30.081184837153380 0.000000000000000
-40.951790462527164 0.000000000000000
59.863037754419715 0.000000000000000
-11.374417822657641 0.000000000000000
40.763797206340726 0.000000000000000
43.879319432493318 0.000000000000000
10.144464968042625 0.000000000000000
32.082764034173188 0.000000000000000
52.464733077922361 0.000000000000000
-5.894222142163028 0.000000000000000
6.738029743907486 0.000000000000000
14.968564192696808 0.000000000000000
-28.791954554273545 0.000000000000000
-61.866735787113456 0.000000000000000
2.112904814605351 0.000000000000000
43.571608559586494 0.000000000000000
0.000000000000000 0.000000000000000
22.982146393700681 6.379002302557258
-10.586395111450136 26.550688781674317
26.657814089275508 -33.148177651552125
-5.802714434913083 -9.543894271163502
12.059067240174219 -27.785528072913824
-2.032068031666426 2.842432968488759
4.123744246960365 -6.297756720049136
23.525554668133562 -21.337418511524930
-10.306024440116493 29.338511211644434
13.603111998664911 -8.518243782255027
11.579045215695748 -11.964545248796464
-22.230299280657281 7.163426921507082
-15.124669574601407 6.381322176652301
17.439590587775452 -28.950598879786007
-51.454471734062473 40.208170706645951
-11.374369620110825 23.817246887695671
0.953466248047575 -1.474651102021701
15.104946745349427 -43.731087708055874
15.022579435240997 -33.382283400536004
3.832449177799484 -20.621614720321229
4.205905283217119 -4.902766686186523
35.730375399488914 15.655829401872348
-5.930418489106700 2.865156612225878
19.294680864883258 -30.437650469387936
-17.451051191850308 37.886102833963953
0.850570537446779 15.532160013502425
48.206423456538552 -55.894230306931973
4.726699281818478 6.817889559113282
16.104306957107305 -36.314315702705812
22.758990898483777 43.944918971983910
-42.164012686688622 63.365493073297941
9.572206744520832 -6.128465378241897
30.969728824489945 30.137961670208810
-15.846552888520232 -13.583264213531011
40.154255816556592 -21.187628829098241
-15.322338153926088 -25.180538363905303
-8.574950496502360 -9.861779084141297
-12.670370376301985 -20.399975999270740
-33.679119835449733 28.982743933590644
4.140913117495104 -9.666369076756858
39.940921430592809 -16.649428852904808
-7.657967374341894 12.032108947806647
17.309125639806219 10.745005975395040
24.044342251915790 -15.677463390692061
42.933090988155861 17.330519261130846
-10.241741416011564 -35.227198447300616
-44.141724760735734 -38.479405733016058
9.174414448553625 -0.441451575736770
-5.387149017907478 -13.146595447181065
-15.105625141686536 22.858509845350124
-16.600154079997175 17.721153066989014
30.220153497151092 5.179915899966463
-9.957371564228970 -15.857078862215275
17.136032718545934 -37.439931119398800
45.411929219487739 16.853804958116900
24.940596280128482 37.332548680754755
19.059245167712248 18.950161756161666
-21.449453284460141 21.838976138089404
-25.484638551513683 -4.838619169675659
25.667797065643501 -20.217114612838326
-22.332927817609804 -7.158892020897460
-18.480198754069121 27.629558501027297
35.465905847970433 -15.380882760515343
-10.871195682157492 -21.880767775843601
-43.659712163012927 -3.705875175548768
-19.914755407658188 16.539759304254378
1.530900197772473 -28.718491904444114
5.847277753367023 21.428472282534955
30.920815155977010 10.838334328726809
-11.787630316462636 42.755698507582785
-22.733763574381651 -27.501477586894008
-20.267380501710971 -18.868252153695252
51.927800989330258 -1.074963795002347
1.481992214625591 33.320735435517307
7.432666304272203 21.218610344196520
-9.100961182474547 -0.339714865506562
18.273629379641363 23.322562119621306
4.103635738243777 -44.609960175662330
20.973703205653891 -32.244340687748483
11.951338402226931 21.816490114744674
15.469564043935348 4.040356552195195
-20.723054462833097 -4.745614256797261
35.960763780481642 2.441279317492653
4.784039774137280 4.796539667587142
-4.269668846708315 -8.623798368545129
-7.168644463321238 5.814472436652496
0.202620130358678 -15.546912534878308
9.751181713650622 14.098044994514773
-19.450569456005688 -21.719874176860227
-46.042287015689887 3.632135394655836
-20.867044531623566 28.525039130470425
-5.985585968926030 -93.926400247695369
-4.227034197101990 -22.403299247611510
-16.472183512804119 12.083237615927269
-8.147659573826704 0.409383318632784
-1.214948656653875 19.431637148368985
39.942053934261338 2.595265846860377
-7.178546686395579 16.045323477840768
-30.445684804034165 0.280292068748715
-17.131944811068934 -1.623698766947545
-29.924320798160053 8.493945402866167
22.244430227269692 -17.875081385785130
17.060019625195508 -22.939049376405531
7.882418738915876 -15.267737881183283
-26.668727489585716 1.431615226526125
20.821679946403332 33.140596937058170
4.607644786080968 3.576082635207704
-16.239906449626293 13.171473144997984
-12.304818463780157 28.172644569136835
39.320646903488118 -42.960869848342782
48.754024234731354 26.060520459145916
-21.697128374509646 -7.507835315496294
17.839985689506243 -6.034202068382323
4.898072309445224 -20.941959766440483
6.286388627708671 4.179904463271852
16.344185480690665 15.524009214166826
-0.325290738461580 -31.732054412924146
-12.767091205541602 3.518020710367191
-17.026304402755756 27.179042603495017
-24.061618825727017 8.344462885822523
25.044008585675947 12.640176583188829
33.540504656676141 -10.323086167943439
-0.329899636729345 -30.225075322264026
-25.682781398330238 6.948280889117232
-35.317378845551218 10.386068059218587
8.900976005977178 1.541907114764864
-46.422418273827105 13.101120573723174
-35.656455296583744 -37.107259267380343
8.405542895315579 -20.779087105878581
38.209700296355145 34.295935853696626
2.202272147258833 -6.090331732145424
39.380970829710897 21.486743599828820
12.758674910400584 -29.057379231590222
19.131253096856430 3.213535181608726
-32.754217338347381 -6.693392223604342
-18.282952425139353 38.233957549867839
-72.114523594894195 28.360185785630822
4.487642311248508 18.499682777138425
-5.697474170084483 9.621917059972663
-0.514452949838576 -22.118646758508365
0.193930547683796 -8.245818064292981
10.426741674899580 -22.556988729951822
-20.026172700271825 -45.120833369698907
-1.244776353785663 12.794704916458247
-7.321345830395683 -21.000459446652794
-31.023242708934504 24.832195606143763
28.968898197223066 40.517626866257089
-26.145878853075804 -8.996678002256800
-15.651456768319814 -7.658898398510982
-11.574305755117729 -29.479548993904828
-24.356854750254019 18.200733063583868
-6.859046917924091 15.679471571869954
9.725201367961144 -4.245941427273665
4.508860206336380 -8.743391942910822
-22.967564120024612 36.397191067929896
-24.059867809127155 7.652035035661114
8.459409155654555 -18.669207704754367
11.359402216040484 9.882500618214291
17.151464581447453 44.287734828994914
13.991589919018038 23.598957389233060
20.852794767641281 -28.795556504105498
0.720773132415139 -0.583101879819434
20.809915947794096 10.268678873108492
-10.927134258565898 0.548119890294392
-21.077533854076005 -2.904438409025663
9.290636108189062 27.486505006418536
14.348909044295093 -8.427233111072521
21.027478843275503 -2.671056047951714
11.479341418249104 -24.702156741385508
16.991917750203591 -21.005869722651457
-31.308031302558245 7.248276073948815
-30.240757822296164 7.686890485613730
-20.069942729108035 -20.161272407184640
3.996636657552928 9.853604914972577
-15.769017801038418 11.876466387273572
20.942592099379077 12.468030231315574
-1.035972961638242 -30.264237293741772
21.048452018829185 -40.159448576481786
-7.991084943141125 0.986418060336360
-37.115921438759138 12.966967456322879
-29.845067046834313 22.253381668308414
31.951164178330917 5.712307312998522
-8.434459728733177 19.557519683255475
29.452150892196133 -2.787412543809118
29.156783512542699 7.248578119166176
-9.390907170577462 -46.275902827872976
15.073785533529433 -29.330483675699188
-11.525931295404906 -14.938015123438584
-3.165731233760368 1.496029881158361
29.308129444397402 -32.661529497797069
34.881585412285638 58.510866846154052
24.283638546483893 1.739836968894366
16.764914041193425 -25.404145385368611
-25.444655637636277 56.785688133116778
9.586798751230338 4.469324863738334
-65.477905164114702 2.344188967622836
12.508563617733403 1.751076890166306
48.563602734276778 -1.172803672684070
18.187443977780397 9.563626714673251
4.306022806881600 -20.322182425888403
3.757372981318137 -36.019058912165193
15.782207596700854 -1.528872363346191
28.184316106597247 5.528240042887938
9.631339488346066 -25.835061436880018
-49.225970259748770 31.762916267023570
18.313569908374639 34.335921391078763
1.861663361438071 -11.985599346923234
-11.842675876540145 12.391089682355773
8.437078154833831 -35.685746647647562
24.359590917057567 5.925700972404918
18.907152093869360 2.643172529423987
18.207849783182880 21.797038764583515
0.928294043101360 -2.901614778642946
-58.123912379503217 -54.317176735059128
28.892647946517165 -21.521310506353466
0.465830184668899 -49.344930203923354
-19.370065497008301 15.761009933540246
11.157176645923975 -10.914403971289614
-29.059348607308262 -2.985872618701385
33.529416215173576 0.501205655086338
-7.987681759923957 -40.531625103114941
3.251927496807155 -21.611915568484871
-5.437051816473406 -45.221927669491201
-17.369115154186680 5.279847939090490
2.302484985058171 15.722889872934864
8.276256694128696 20.535966619686121
9.515811392604476 11.355827975521043
-11.186591137370973 8.392369081202659
37.611603609192009 -18.358920737997575
16.810091866008900 -4.232307921659427
-45.802658245534737 -33.302237345718375
51.688850667424113 10.991336751519365
-37.181379067955255 -20.599812673123605
22.979521717566662 19.955971815684059
31.314025619074350 31.912938242715921
3.013737259924383 25.866211664760865
-27.907891248755455 34.387371649895620
-47.848345411575622 35.786783699422301
35.417394528646689 42.266051755858868
-28.083592851079736 -12.425433257329697
-8.301299076211544 -3.646780183678840
-7.963170281448453 1.016870093792614
-5.146640637666551 5.626026365859691
-17.244995384018960 -5.892232237777368
-22.441941575424615 11.367767612601504
-6.435584723507905 -10.918150688959422
-2.913923360146397 -0.336426712612035
27.948914046988452 33.726193422428089
30.825042032444362 6.080550155234852
39.842930596754989 -44.460978779688830
51.560814603061480 -7.881775895646964
-55.187211851146095 -48.302220482550659
-1.131857693576120 -7.537932378770785
34.540801069088438 33.102590433459262
-23.131662664624919 2.169379289680817
36.329637864725136 -21.242610986178583
-26.695897434115004 -43.194315805144910
-5.657825022391346 -13.857439585044895
33.697500304558325 -33.765484071731485
-15.594734024322120 15.736501227671909
-26.296723178515634 -32.567223016824471
-35.052990940553585 -53.326418151863997
1.090962433919574 6.014849052856851
18.073538543152559 -22.561419372281112
6.499851588972725 -4.487271283095519
-12.241239440219536 19.323551312553732
-22.302178245222425 9.273732709079807
23.489419105197985 -29.131431428668058
8.685563869050291 19.797004598576468
-0.854096359245354 8.939458742576715
8.982455668844530 22.965294117867728
-9.540151282616579 -35.604375155689276
18.763497313683924 -8.072655034571428
42.016286237092785 17.747250425349971
23.184148536765093 -1.893859671371900
26.325940162421428 -22.388288842444233
-17.001928645296648 -14.799939417734203
16.182035681038364 25.313561523266042
-32.333454116354481 -26.114116093561158
7.210223369555795 -22.171206570629057
-2.507662796815984 32.863497839028170
2.134722306568182 -17.423392617983232
4.487323506883188 -49.062119853972497
17.873576556869509 -10.814887998011736
19.979541828979798 -39.674840010631691
5.707778779791172 -16.130871534335409
-1.516933221188931 24.112688973171842
32.729646745229566 -22.434460474727000
-5.944488024964059 -6.571232487856943
-7.679601226388410 37.462018008274512
-40.882826749813475 16.997989518935359
-6.626366654326194 13.954327069664131
-1.501208160660396 17.167069977440121
-0.984451108779139 37.884572125498764
-5.382465776629637 6.640118159779838
-15.118843550231770 -0.199761925620811
12.864598136226228 7.754130893427828
9.873943226921527 -23.841337675128926
-25.732330302968496 -0.377523376477213
4.554761893459435 20.701813148179145
2.301875453561610 42.301447171258062
3.082288840507269 17.486718977439587
-6.552289985398439 -17.124841088596543
56.003153192365744 33.258267044606363
-3.613071309815234 24.946957227248344
-21.523689845304506 23.900842057395973
-25.040282498125311 -41.789853024443183
24.447490278226503 -0.957200360032067
25.478050793255484 6.251425344295941
-16.177585773403020 -15.089910242931175
-26.715711543072644 -3.983295239684831
-14.813318301026539 -7.184784031817915
3.987535915269841 34.717164951880150
-11.095414811529452 14.222334918293829
14.330130913421904 13.639700252698246
-2.016835299227750 -33.555468517944320
-43.973795491476714 43.328528009008728
4.091862467521971 39.168430522801046
-10.462640741271484 -44.048542637923418
27.497385661300541 -8.498852353792682
27.939416314588545 25.349185969731938
-18.146581349291178 1.644372902146110
-36.463266733174677 -6.935353171338886
27.983512790802930 -18.912319705564109
36.007815287209510 7.241440309936467
33.762981741399834 -55.192744302330041
-11.520699616073035 23.777053185287610
33.999120849910248 30.064817253874239
-4.324957175270322 33.623203276703414
-7.845480161643487 -19.234150940322369
12.365512226132100 -24.263201480494754
-2.345791756694402 -29.106930726207256
-18.760294205701971 46.075863682945382
-0.131389276365227 4.461459991050188
-20.707227036487033 -15.796556147307397
-32.293107868455671 7.083196731936959
-15.930893328593955 22.571109426622066
14.712478983496684 -44.687165376834891
1.447326485682750 -9.869483551549047
9.622726126179867 -41.199606662297214
-25.275393456819700 -12.233811694205173
-15.706337617204005 -15.508939468457370
1.448283040703717 -8.098262351647598
25.766517999983467 -20.836272635613916
-7.807601574949646 1.137307707622879
-36.783318878999047 -8.066707123034881
39.388924952459035 -20.457269316162677
21.306542983260265 -49.525736270143767
-36.272094220334786 -16.249392018129729
9.838559374159649 -13.618619076842499
-23.585880102442722 12.228277798870959
-33.318423234764609 -55.979169629925316
-10.478319593179096 12.966003987757158
12.552378501641666 16.092478932314304
22.504423095338474 51.845271746687338
-1.549838667311908 4.827448119009837
-28.307987011868754 4.612620114919785
-14.928819525753962 -27.693156682516886
22.462003997118376 5.472947508213408
-58.050828667541133 -9.230237086220789
35.776133518171740 -5.512543946237443
-16.224399755321528 -8.754678434898567
-42.643433799837318 -17.967459639409135
60.153334176751621 -51.403125610533664
27.038837672483982 42.983255209430553
46.964631783499485 -27.552584442274540
11.627074426686098 3.972725605065260
1.003586027104172 -2.030861589955359
10.787029471130799 -9.052145435386619
11.990559195795328 26.297591311043327
16.718937279312641 11.375806757694567
31.397596165018843 25.384123573280139
4.106596166055134 -53.218389699630379
-40.625063652643547 10.929239609923473
-9.164507490038162 16.360389231078202
-42.974008751379195 24.744700904439895
-1.110723285098595 10.580071078253967
2.263473870499578 -13.001843843905347
4.029462221699770 4.124632017726825
-13.667836558548881 12.017914588072085
-13.951616202161617 -18.468966817197575
2.725059454985357 16.873903189947452
-4.248929692614225 24.462657560299995
23.893072386945239 -6.110026490584501
-16.150444634337301 31.357447594578851
-4.498494611341849 -10.680916702484431
19.780264213821532 16.770409193953757
20.108071686539894 44.053372707616120
11.787517033209735 12.330424254686982
-35.570868242843844 8.505641448701587
26.551641579609967 -32.758574642706904
-18.769720949842643 0.144231361041284
40.595317304519959 24.763399407853488
34.927353737029698 29.549763758479738
22.914958323908611 -11.349853347872861
-7.845707525906700 -6.596189888870170
3.267919016376635 30.123136105497576
-45.213762324206854 14.894435694362105
18.005290734277402 -24.492260179666086
12.824779291457228 -5.685670801014702
-2.890723475814276 -12.050397956305781
-30.479730405660593 -54.672515228655648
28.955420247124124 -7.465963888228742
31.875368326756220 18.133385484481320
14.814884960496409 -9.565343277277798
22.182821428954913 -30.630246469494047
-61.106717417077704 2.837046601513833
-5.732950135078828 -44.147410298948763
28.843242584455414 24.874656321076479
9.974280024983392 -11.701686064127193
-11.912884747139866 -42.618670357889222
8.240225286575898 -25.889031006679069
32.265782252512565 56.771470386721958
-22.426143441816635 -15.092112779795434
0.054433734759693 18.466055533508289
11.956977881180372 -60.375651502955840
20.932620067168980 20.784309614525135
-19.120828800438861 -25.714662148156616
-27.462197526597990 1.191695293703682
-10.169952763288885 15.651694483313713
29.834367884423742 1.004431412281227
-25.692256123074802 52.920716937475646
-19.335632884147245 3.774432869061680
15.965695467634621 -4.549594153699225
-11.741411510113934 20.433744935638419
-29.979374034452114 -28.434817159374010
4.898531620033562 55.806644210147077
-4.658272650491351 -12.715842156105682
-4.973991766457223 42.087276863777753
9.612554346691239 -7.501960310020607
-6.876908914228350 14.500496091026470
-14.428273852123098 -17.903665716989970
0.072397670833968 -20.677537317458572
-14.913594909887246 -15.829784334440191
-0.860069944173967 54.423634315691409
-35.265388672393406 -14.294400343410693
-4.708871325032844 -1.310967923311050
28.760971415417917 -22.192978702134596
-20.009028728811071 -0.367628160128303
23.076408287901391 -13.630376682534314
-7.781810851155735 -17.180590901566635
24.865852586280194 -15.643019797086325
-2.079348024880941 -25.773718223124174
-0.533547715710586 31.608111573952346
14.387243849713730 -15.679511982955811
-17.687125856408890 12.182824816079465
11.151890575869162 -38.199029393239698
-7.513041895612750 -23.060352366974826
-41.378847259664774 -37.796800158266308
51.051622678084151 -4.415196333538969
9.952974187751119 13.320897691146603
-45.169820756960263 -46.879704909043298
7.468450509440643 0.412932496598115
7.013178630294061 5.181783454656513
-9.770048454630373 -30.708943401421241
41.930959785065696 -17.424314650694562
17.339722076098312 7.459787245309648
-21.310949652681845 1.432429396231465
17.101542085324969 -55.413839027177687
51.932823590547677 -14.697161978860057
22.026044847548764 -14.923989760733505
6.839412076461623 -24.797595176891022
-39.202712523960855 41.181674765876238
24.262974077545177 -0.810029319591478
2.785033015897348 -24.627491207263073
-37.417678791072873 15.996080742471712
13.187797476792451 -13.958420224928714
2.204212729375489 -47.783599046915249
-27.850377268826875 -8.045942821831035
19.550923453840500 13.394342902678256
43.914471991291691 -29.731315656672347
-8.212765491081102 -20.170228415905147
5.173817959493115 12.192045547574923
-65.116630047357617 14.922211755485121
1.114043803033428 -27.794982074058140
14.881306304870920 -24.420239550724745
59.374366197789762 9.606001300294391
-0.317240595146674 -13.442800184259553
0.501326581624666 3.907850044648280
22.103744749151044 -19.166442781498123
34.011357193800166 28.374223615959785
42.125824012045015 -11.773343896041345
-16.534860778376764 58.201592568988488
2.813246536931773 7.879451352567381
-12.510435909332164 2.289178616422542
13.587879720180258 -5.253418642348226
24.256772552380209 17.420975132461475
11.018784515932197 -10.269170554699096
18.855108996722386 -19.968798763740025
-5.099173449725337 14.187839167036342
7.138866323479271 -7.565863246659732
32.715015863864650 68.171937326010067
17.843664988891284 -14.519104045976022
-3.250151242947859 8.883397105833359
-7.088741960795669 -4.183834814615205
-7.958997916616833 2.899365023596186
12.534114289341220 -9.512160025181648
44.471915279401628 5.577205119494883
1.511954260894008 33.671533238412479
-3.586522181396292 -6.766098409734159
-12.602284350962741 -38.472092526079848
52.030930789477061 -19.234939711687339
-17.921618863314574 -14.459116420016381
47.481309492222692 20.671577860518667
10.624074938704970 -19.241759212570720
15.048725641656029 -3.926688519991665
16.099267611044745 -47.035799450343291
-10.032471745278491 6.445564900498547
1.897848773304568 1.693716540198611
-35.738511591320197 60.601232474694605
49.701163694714559 34.137759553466346
-4.176690773181606 -10.524782477952028
-29.084423587967258 -31.977255425878241
-13.724744475376554 -36.686590692898953
-30.320081902859080 16.031317171315994
18.142717065340850 20.602758670753211
22.890782059332899 -7.724410867820353
-9.184591205624368 9.433058010545388
-31.298878129035998 -3.354167245937036
-19.648518429833672 12.868528213907046
23.397335471180210 37.766646289539743
44.740400919823486 -35.837275261486269
12.891803120092645 13.440435068996470
-19.821034593854424 -50.876461151713251
-44.135597788631600 11.234180851730564
6.503587432350043 -8.821434588778633
-23.598895337783052 -34.149947413316987
-25.870593610955030 -14.024945612799375
-13.119059277895298 -43.600004438668904
-7.540391853114421 -21.197109603250297
-23.975409784189715 2.721799900317759
19.569165946355298 6.104851204169799
-16.671817923281719 -64.789337325679099
4.113701629868959 15.800030001583854
36.469534077840635 9.192445636076803
-17.114580818872472 -19.854154866299993
27.027921265181174 -14.694857005005261
22.862470219079963 -29.903094796410901
14.284759631306844 27.097751899197586
-29.365309208563929 -30.818568680180285
21.506255530244957 30.231691038718349
-4.938132265335746 13.613695164077763
0.973318421489432 -19.422038184708299
29.411319900483541 36.177453546205022
16.081028540484091 32.620052448314148
2.143678488190327 6.497040143478395
8.315617371015957 11.370780971480194
56.134703542852421 5.473818444134739
11.649352909775896 33.256276218642739
5.702106886291594 -45.037251556967988
-11.477117314772594 -19.527894087579014
-7.940256633588026 -0.419769909084307
47.722416079119583 14.296200881915871
48.187081670745698 0.599887979564220
13.012006730877715 -9.507428917348443
24.303747719002825 -30.811690609377159
-6.301716688945562 -12.816410973700865
-18.448626774168499 -8.739213602631873
-1.177975630899383 16.899200375432365
8.784671397278190 1.395934023671242
23.813590497346173 -25.328856743704780
-42.090836194549894 17.768434151887867
-21.483167362120863 27.396100531928202
31.422337005217955 34.292549627887517
-33.169622538426829 20.755708082269486
-41.926999018503466 43.645090767165854
33.770822574415384 28.908912258039781
10.904279232885019 19.019800487878236
21.345580922669885 -9.907954972293046
-25.494629643203741 -34.734040529947983
-25.681169739406975 18.293747170609429
-18.717994081455728 42.488398095309101
13.246531948577665 35.234951461104764
-5.723221745374965 -10.335280552759469
-28.337715429309313 0.189321539276267
-49.204165270115311 -38.440661652249865
-4.029351283231756 -3.829464785888720
-3.330787349830856 -4.901404112817580
12.283445057768201 13.701184634772098
38.000507867542147 -23.494954812853525
21.520889531750495 6.922916168915587
-2.230354679186626 -3.476597013010407
77.437020600003308 4.719985406921302
-21.288703251394843 -39.638315856370248
14.522395497540614 -2.043707280216244
-24.061600523022960 -5.441038884499381
1.230416855104801 34.753767991159144
20.273808678278211 -21.741762375920345
30.958350517625597 23.476759713026304
-45.305344301493982 -3.909789473207936
5.484609359502130 -17.984824064407899
7.693913479222481 2.364079037002250
21.481020130622479 -22.771904627231486
33.406770308625319 8.806679394664382
-27.081280186953062 -4.143719322505668
-19.413369700319539 -15.695703930547959
10.860548256721286 -0.669140220254680
27.409216926674677 39.287973609261705
43.301027090427674 18.994375233285609
-30.059144355563451 15.651981234578953
17.154530332490385 49.621112444909024
-7.064980302076047 -0.730596056706475
-2.058861626618345 -3.799590279674650
-10.952707937938261 34.416172254019585
3.646796243085224 -7.442013230592435
-34.762143806737562 39.348445565781390
12.561373873278102 -25.312749058244318
-14.163142143140123 -51.042321544296229
-31.510319573470717 -29.865271076023557
-21.520658557757315 -1.062189396008629
24.687277031236757 0.049750959252053
38.879850871334078 -7.842231016958684
25.644458015849402 -32.689276670929281
28.591452701108143 -9.411205393866680
-12.091159376256892 -21.709263959189059
0.346785220661883 -13.340671876274403
6.875651049132424 -15.889911086400792
6.050812274861981 15.212473189238009
-19.485782322759786 -12.110496998777389
16.063685641472162 -2.975226857362725
-8.764546066665337 24.064466988319708
34.832538627946633 -17.489767681110649
24.273956614276639 -5.618275885516481
23.167734466262022 -22.320538204776792
11.961203681862713 -29.223002973928292
9.522857885048420 -19.669193279400233
2.733675276288460 -6.794822775645715
-23.183563537219261 29.721601066475873
-25.912156401805696 -6.757324048113111
-17.170530153594250 -15.846532066069619
-19.058194798773158 -22.216702450354308
-18.967973852038980 3.032495250587083
-42.239251599576548 22.179209973249467
33.901205764193378 38.347398478829263
-41.670583032889958 -5.014095162296838
88.213775959690551 -2.791720472271285
-6.469809655250157 -11.550250628065372
13.092834015763918 -2.782775415734561
37.429234202033044 -13.377585004261590
-21.417755581168436 -25.257353393914268
2.952708998041753 -10.947930600414667
-51.351889885188669 16.877119316352019
-17.545129463151579 48.308543732256531
20.015014169125227 35.747217809695343
-18.112821608667822 13.549350635058225
-11.242913960566099 -23.271865474690102
4.882810098230999 -0.179302235167908
13.952012589015133 -8.407540680726553
6.305267540442960 12.433583313405494
-21.626843704000414 34.372138864394465
2.264111772130676 37.261411637051779
-0.498910090112329 -3.713499368625447
7.304429659212168 0.971992584439603
-1.190354562363041 11.043859989066208
37.310192574375236 -1.852323651220362
-16.902337106999386 -7.897895095800934
-2.508697959839764 4.735063369304282
-30.322212223828064 -31.474988100234849
9.352744985287414 12.522447254907348
-29.999907814038647 20.689906343939821
11.149865005909513 -33.085696367273428
16.843942862177638 1.173703343538673
-24.523150857802452 -10.733248625221870
18.298136130181810 -39.970119019851431
3.858839828433553 -19.434751335105588
-10.385852479186013 -48.418731905285803
-3.156670246996189 -47.217348502519080
-13.291790685794350 -7.446797490193951
-5.686851605798315 16.703566406959443
-17.053884729824606 30.596945461070252
27.682864313715296 23.264062695164913
18.300050812611932 -6.130211593975432
5.532200791666114 -34.405767592772776
21.920145442321232 32.098453355110529
12.028171653455715 -12.769811778536553
-13.681786276705902 -2.563503612144599
36.502066599802909 22.892038477834195
-27.868169407055053 -23.702581655938221
14.586598018703560 27.393176200553306
26.883209784479018 32.308193887367914
-34.765609405181635 3.497976412691418
-6.951900744643713 -22.247757291719918
12.531879743205284 40.611183511726630
24.274792828785380 29.619789673011233
-3.079688234201259 -9.143378716461861
17.205972985005385 -26.203361964472066
-46.747689645071645 -26.619282772072090
-23.385168891120919 -20.898548433813009
-10.261240471170119 3.796743935652456
-40.305195195342570 0.098017557356646
10.340481488357456 15.264069942590444
-9.646141937547023 -25.516513108244748
-3.412237072943886 4.125282425419713
-18.447804454875168 29.312224513413437
25.659547015426913 8.979980369307384
46.793621545850769 7.602848131112016
15.120296428491480 18.080686496061926
-21.826386622702717 -43.641948465005463
-8.232642820849394 -9.100735850183135
-28.968745352783994 -35.916416178002827
-15.329192387079745 16.086672185065865
-1.741594902462498 -50.341982910900555
-24.870009367344959 -0.846790411284722
-7.140991421301914 31.718445735963648
36.575775864815107 17.090321050026315
-37.441698894333094 8.215276837022113
-31.597290762961155 21.442562763138863
-25.384750933672688 6.415943200711605
-4.690057631191823 -16.183481798586321
-5.708421431770723 -77.627834747566624
-2.984852700370989 72.327373283730836
-35.519898584545629 -5.124703039848642
0.801803298303788 35.087800065066041
-0.331473156766748 40.971885549359286
46.020851763665490 -21.926429512244400
-17.338498911412461 14.174180158813112
-14.828215444972026 15.586776319085994
-1.432862238097630 9.669180741767065
-34.070214394466007 52.657257148536161
-4.247641515856708 36.447013129997714
21.748910524250711 -13.076452031441782
-31.554299391289788 45.342706863425676
30.596256046502603 -9.355707734690554
-35.013224068411503 23.721990677764488
-29.575153548013684 -38.515353276299003
36.356807809728757 37.476493434542988
-34.613395644973764 13.556789402965082
-56.748615013240325 -17.338350279815096
-28.045269499766007 -26.192142212458425
20.903379077659956 -66.206586718322214
2.558180449747715 -6.362175517024564
-12.519822783038384 -16.904415967610674
-49.389579992440844 -8.663386118741764
11.576365293582986 -13.409682770310070
35.732315007283454 -29.994109779929673
3.689801761986728 39.572399556081251
-31.943183164516348 -5.348183582223509
8.292914374580088 40.630665381352649
-1.238352599443021 -3.232327504458530
-16.504537014199851 10.364360382508091
-39.843133557711745 30.670775931086833
-22.652657885925002 -27.661473275442162
-59.851957726102235 -24.206976447081374
-12.356275953574285 -8.119679822154332
10.760960607912432 -39.434420464994176
-11.382416745948429 1.848714250366271
-3.530040558422523 -17.728281088622435
-11.291623597304199 -35.747284746291442
-35.685379476765782 23.694254515223435
20.034397517444070 36.638922923185255
20.464721643463594 -1.151691530642579
-24.162912642016718 -43.104773977941363
-20.891142330952704 -3.424088686042979
6.663325035740259 39.255025524327550
17.846977905512286 -9.341873543094943
-19.455456935730290 -10.059909699751689
9.931920479097009 18.173975359208935
20.051353872914145 9.910727257946391
13.016769159352600 -22.639905135917267
-2.495296806282906 -36.098136178340845
8.544854912881085 -6.647492120008706
0.120720132790800 -1.875527672925405
-30.325702781830593 25.508562003028235
25.961565271321955 4.268959758201282
8.311210710087440 1.719598830350428
44.589023164668411 -39.291736173067314
2.391036502108298 -4.053201219189970
-39.955540744593613 -8.187694654398712
2.838811094917483 39.772346193110018
-2.680831968606617 34.753772311573115
2.202503429558979 -7.379235089952198
-17.362209905907541 -41.373767985004569
35.732765988746905 46.332973435359342
32.316174117104651 33.842280682476918
40.448398764356220 18.839674967921326
55.461235357418758 3.496747143459028
-20.552783231531244 27.001202816832194
37.255494822248792 -13.141658102041001
-8.995611977135745 -39.305582410105096
-44.525457751878513 6.389612160546670
13.495395412281320 -9.068889165403384
0.850630280654153 -13.308183915095521
-59.971972443029536 -12.269611920321928
-51.025641915959312 12.757042901726784
-24.278073378919093 -37.412916683964923
-12.743258998152021 24.635300545382414
-25.656308051475079 -35.190129665961180
-2.407954093786358 -27.618206805852036
24.626111679860394 -20.369854089621008
6.310063990204118 43.374829165194818
5.860819412033659 34.586533663433634
-17.392246539418785 14.699989663052847
-6.816268760457008 -8.577063540073299
36.720242132717296 -4.153449935449776
31.780881015341407 -17.776252994446541
-7.241946766462943 -10.100189331168989
-23.779992316934102 22.094305627473986
41.831393995825103 38.287328504663229
4.597914204338831 -7.158677909689053
9.824345550544184 -9.104230986711890
-22.798347526102141 -37.205473072890861
-46.129455517798156 7.581034763712381
35.304469749489883 -15.405397582045493
-19.930581578558957 6.009826108255011
-56.407451247522268 40.761022682269022
11.815533787567448 2.195015165789682
34.881671212305008 35.668553938327825
42.141271293631632 44.489439265196829
45.167821902050648 3.573473826452891
-14.035029903893314 -13.234245020736047
7.318983011601055 12.665085712821329
-25.870011212430541 -21.051880132379672
-18.815758207831500 -24.188760277926388
6.078857789594993 -34.098069448655068
-23.606600051817114 42.100245344833034
0.653638996691142 7.540720114789323
26.303104033501548 36.873246311000742
-29.497208082594440 -35.499945412788257
-37.605891645691194 3.803120905493752
-36.669871056502991 -25.045377809694042
-4.672087806703435 -7.775671738648492
-41.801913601019081 47.708215896674069
-4.888713375318714 -41.089501749155104
20.484581543712213 41.845978167040975
9.425196805512195 6.713854059830712
69.984518000726794 -19.620624730412722
32.865273271977770 19.809445285696906
5.955778872514107 -22.040757938396084
-11.013576869110016 24.473180727062026
-3.199363614721521 -20.177047712918661
0.124726389096246 -4.624581999825757
-15.882734779304508 2.786903951665444
-12.986954729478823 -22.142851889412036
-44.220242756806734 20.314984690697059
21.568707092256233 15.662871267790347
-37.632977118773297 -56.724528227731120
36.697839050184555 -18.013747879715716
31.507094153820681 -9.316624201207803
7.212168469702284 -49.500917084499640
1.564221073270822 0.412127442251102
0.280933921227273 -2.133870348018359
42.049274697908466 3.890531957246084
24.738379458890194 15.811721605988922
56.751985516872381 -60.306070500111552
-22.020776896921163 16.782737278664644
-18.766928809942748 -11.333399736794261
31.987558557358852 -6.355583909413337
-1.723945074562146 -7.135328670774195
55.609186296456365 -35.033559577847839
-31.804864187822997 31.103627989294434
-2.437643028881545 38.296851720471885
-35.645454545260023 -30.396539970891329
17.338469782013451 -15.140882485675382
-22.681744547840438 -8.883102979308804
-59.369452869703217 19.475372861222294
-38.965489528178139 -23.089591736396848
14.389577941126433 -10.272822613381091
-30.634000358478602 25.943391809515838
-11.104592348026268 -3.612154877972987
13.405814475682030 9.868689446155626
52.554460591755408 -25.394907202819823
-15.072014492085517 -9.724111097339614
-46.606884038161724 -11.956763099894502
-9.549958622583667 34.579248927159057
-2.147171721703892 3.858771984188665
-9.462382026006138 -7.931063473690529
5.118767289047362 -17.055949885099974
-42.056304723894783 18.105988966632076
-18.236875309096188 -19.815147803427092
-6.409130039214590 2.465615230845187
22.012386096664986 6.120878919876300
-6.629854143109489 -1.654682960762051
65.756322938163237 -51.278116999509940
33.835673220711222 8.758216035613724
-6.226625585609228 -10.695273583966811
26.112135168890092 -2.151896136668036
9.767089267133334 13.414833950462070
-20.719509782371716 0.767758611690604
29.963600751173992 -8.386375513027392
-21.755628244742276 -18.722007331240523
-20.808285877113725 13.405469478748058
-11.405952577601148 2.731839607409694
3.145044658161989 -10.139779528029575
27.138801355509141 -6.639029763715975
7.324183775533835 -12.395378042397704
-35.860557157336245 29.248221119654094
-15.360022220416054 -15.835315128708078
13.069319500323425 8.709203404991314
1.647243475467732 -38.118853997749682
-36.380074010903087 -0.422563642554286
-1.724919913021872 -74.588300978658069
-15.145887174836739 -56.533183647134926
-37.069199663341003 25.542577426558065
-18.721560155857212 28.824646589221334
36.365039391060783 25.227243208993404
17.561170357391941 -16.393061634764752
4.922844195921338 -28.502671989253379
56.179418598010336 -5.665042707900787
8.713792332933116 7.296772628792223
-15.117508207218849 2.093546433156332
-46.406723910914629 16.379448797499979
1.375015255541622 -38.219231451374732
-19.691339345042628 -9.454247225233676
1.845507426837705 29.787548196158372
-19.139073454213886 -17.152259898109840
0.974530082003989 43.198846792289665
-25.114625539401349 48.954356714325179
-52.540246954569085 17.567866828553719
-8.209980786565930 9.544143502974782
-18.526225814394284 1.079552535712945
10.374679722904471 4.151069297321659
-40.008416366008774 -10.765229688067583
-0.608605151912199 -10.209109634587636
0.375044592727718 41.527839898046956
-11.482238777481708 -57.384466781071986
-56.715432762459891 -33.196864539579721
-17.363417602862594 69.709682194638148
22.666708115630893 1.247084818371474
-20.669733587635342 -13.807326901483133
-44.559880304400757 18.576464936904049
52.872301667332962 14.795901683587026
-7.373635092272385 -31.399577944797493
13.578146290342035 -26.045875769726358
4.060179433309600 11.361764180881231
31.968718347903103 -24.653954698185760
-4.241925272802449 42.003670967852550
11.871335298879155 1.878387033097022
2.024458287376903 23.964683726019299
-6.102382487209338 -28.176834507205712
2.776572810133910 -6.891121195523062
-46.419507216242458 5.257613603809464
4.065459693991200 41.143197006688354
4.369160840660643 29.310475225074175
-45.481730738449059 -25.217655648888748
14.234171200274453 2.004828129244889
39.492986335973420 -14.315461692193535
-1.888418367578088 -33.928240294063535
-15.427748309036950 -8.435140033130262
21.584646493238967 -24.279366354169614
-37.395604012829807 10.835949855646151
22.454918000724135 1.419050733187479
15.510781935385475 8.402449283629915
18.228363107151839 -1.984780208519015
-38.232823654547722 -13.526797298209942
-39.774406856109586 -18.185717334536005
-18.790786652122240 -36.803797787232945
53.528089680194192 15.245889642831761
-12.799509094282968 -58.368840074614084
-17.512977375592385 44.590652095902968
-33.803841025128854 -21.141800845429184
-63.416365175425248 -11.716533929109151
19.953459632430306 -42.749029789795522
-41.274572951530011 -28.733027599496864
9.973947194805577 -11.662073910690385
15.994617071107394 -4.328917608905296
-44.560141223417631 -9.519538804278401
29.678413187486512 22.808507008993402
5.760834181473450 18.268140306179063
-26.462925378908835 -7.078044184022441
2.296361447186558 49.481672250738200
-10.427603492456004 6.940107614188124
-4.200917618189184 7.414333493073889
11.237345440997801 -36.846271786194322
38.743689863784212 -1.792751406539742
28.622185213941137 -6.951735471441906
35.621191912599059 -17.827942544914862
-6.689125665497346 -4.198158308570049
-34.817745847012588 -39.520903421406118
-29.242369831175164 20.430541174972447
-6.312349468651770 -23.630310134841363
11.759398868632637 -8.738330256191974
6.062030209245071 -12.005902108506618
-28.212236690744213 -16.660460401291765
2.142401743211340 -0.914178346761026
-11.430530092510955 -15.118180330890997
0.129057823348720 -27.578468642558388
-9.574269674331443 23.293326107036126
52.921608176863494 32.356798835738751
40.934798815110483 -22.366693416132179
-41.019933996482727 19.551284370260973
40.051367917847564 21.648577601315665
8.073207406300927 15.426359781666019
-19.985082810106693 2.678999854628145
-42.685089370692680 -11.457780616708291
-1.667248663240326 13.536874018251764
-24.699922465270447 -8.373339790862831
4.233382466945301 -43.640536008570933
-20.451837443320485 -32.371318607453368
9.148571822133768 -21.824762035669874
25.075678333292810 -22.252086982350534
11.392513994982650 69.991382941001618
3.569473267352663 -34.996459483243463
-30.533952903468592 26.056765625796977
-6.938804246051960 -35.483700553993458
5.602206809340396 -23.864919715793931
-26.856429387031987 -4.493413775485820
0.898943440512959 44.227928034856930
10.640686414950359 -26.231223986300087
-11.169963387233604 -49.747915551143187
-32.758445378304444 5.234958920306736
-15.951058062114672 4.623958362823185
-27.735078009850177 23.924875514463221
-24.519108125749579 -32.352102053113072
0.313162650849793 41.127631889999087
-34.359223316659758 10.760957415282776
20.350134916752182 6.093697549922503
-3.614676003221922 -16.905240667686538
-2.127638310814956 -5.043130342352895
-14.302576221640930 10.428562922303097
-4.639941247972343 56.491884003116894
18.648148743299629 4.179450117544119
12.892907063339567 27.058470776301636
27.842749787964742 9.243339118843540
-14.584653563814443 -6.489290400478078
5.987946751786719 14.221683977601113
3.873737458570146 6.978422608497135
0.035582657400088 68.116681760650096
-27.911525484316215 46.304652200205602
-24.193674768685558 3.026329172706439
32.271169875329221 48.849125277792794
-23.344942469870197 26.707573191288866
-8.162883782712447 29.169354889649700
-21.307334594976673 12.017026528529225
33.187753803262510 -7.917473251729863
-49.079143690137506 -11.829769174115450
-22.282398375783981 -35.299740736653696
16.883209698882123 -14.501032942744038
-16.113805947299507 -2.560701485832000
-23.405191607927165 22.050884652863065
-25.081539297189046 22.483162046322832
-8.683252045521854 -68.752046416784083
-23.414699514766408 23.855463541954052
-33.653631280334963 -5.596023886038726
-28.135617708966912 -1.626685559481476
-8.902072381994138 42.646739821358373
32.560793712594339 15.710777131228417
-18.626083426472213 2.779451253329043
-9.605188087180101 12.775937333907006
-39.785784078286738 9.444096156328985
0.567168989304982 10.976135031827095
-59.023294510233882 40.286104919315520
-7.813770702792377 4.821840498808545
-41.204904198278854 1.875262365668720
-9.918754219748891 13.353674835033669
-49.745794541092884 -14.474200854304316
-8.734828753543660 2.808016935293469
-38.158248674091986 46.316064550057220
19.823816266482417 -9.980192018086566
-14.301101040056995 -4.708802399342740
-21.506852466760577 5.378462399451945
-11.693958887406696 0.875014083996257
19.904577200029593 -39.432040670431448
1.198300112937955 4.629232820172316
-24.600714791473077 4.221640399323193
-5.238695177082835 -34.914603874178610
12.391818011999126 16.055868023908857
-69.511316765219107 -29.264850401282850
0.125144860332989 1.467673441574111
-12.401080796127463 -15.184483435765019
-11.856691283614840 -25.624031071889863
11.385045954625024 -13.846364698101995
27.571806491687283 -34.445318281341642
-32.897395497221915 23.472664854686926
1.421311764328130 -7.715734420476064
1.992471063170689 -9.767262329679269
-35.953988001252853 -3.761240803864637
-13.716667406246804 7.729379093955150
29.655909490004145 6.893941141288528
16.651433872505073 31.940921306153754
-2.878534101802528 -0.356088770748474
25.714606976654537 41.580376232323886
7.672037621599339 -22.288132594514245
10.387959938884295 8.414098255463230
-9.915532134932722 -6.865223311033577
0.933518368926570 -18.150027067956248
-21.274067095624442 -21.239871224697506
-3.091945053208567 -61.073434716898603
-20.141040117255866 -39.573197619058561
-3.961622228150561 -62.627236422608490
60.900473419922143 -35.787977446228844
3.125649122792912 -31.064237011844728
-28.589368342607596 -0.724852982992172
-20.239688989472441 38.249606205036457
-3.832167075967196 -25.738517825207598
4.554213648533723 -18.281215074167427
-1.837178258284383 43.380675924715021
-22.111564010086326 63.085963875710618
-25.440728946239787 37.193629244773639
-1.892205395161808 -9.602489754153281
24.987397948792918 30.394944007431544
-18.562321169593201 17.948288280003379
27.382693439713083 -3.333035939340065
15.547169982009189 -4.726742305206987
-23.989283195848596 -19.262933524624128
38.717199708638873 13.320095398546986
-19.994723600121198 53.577436677788704
-28.621826283455270 3.073547406129935
-32.673200500181643 37.330636735077064
36.237574215398780 24.124762805263192
48.559884644335639 -17.317562106241102
-42.186740181488553 2.955719810105122
52.528780580583764 37.786665982538764
1.358399861299199 49.780449598484857
6.425754978518483 4.920761038187566
31.061780611925979 -59.888646351783294
-18.705646431359057 25.414770091858308
31.967542499213636 -13.513363612880365
-15.482116065372715 -3.334199214435150
-7.996915095684808 -31.067435945616950
2.091006490195798 28.037497293719181
48.323810481126628 -38.460552574425790
1.074601953674616 11.894745796483475
23.733260515564208 21.383372796807929
23.080466940563113 38.279926663571466
92.253420221838269 25.142023999954212
1.385080925653594 -0.709498387344263
21.582023164193686 -24.220928340478984
0.780269645442124 0.618695427382431
-20.101777374471212 -6.532849403008275
13.205095802690934 -7.319318007105930
45.301917585967715 -32.334074871951728
-12.990082044418786 5.575522839020739
1.339983087310166 -52.447892321396502
-32.786471477483516 -1.726116010197890
52.019833407795709 -7.184438766911389
-25.045545296260389 -8.466781955777023
-3.875582415694123 10.995673582457288
23.205334481056848 24.085476177228347
-12.704884540693735 -2.374763779885051
32.901809495065450 -37.390604203385159
-8.999299663820903 23.843993905033216
7.467289411755332 -26.964701350929072
-8.414237552572246 -25.973437423585292
-19.704823531097706 44.316219664012273
-18.515356690659562 -16.755488595195416
-26.981163773833501 13.902539039408421
11.438712984981311 -52.078752016312087
9.534005868241993 -2.495096497821165
31.421645976653817 -11.610596689559872
-5.262687134695090 -17.980296592011715
33.260036935697471 14.875125737827149
45.570727229581486 36.747536260818286
1.680098961145266 -46.324513762122493
69.624039144939090 10.392966079233489
-2.755661258195236 9.501787794341084
-9.828127462462250 2.002281192296493
17.731966816069367 31.286835765491531
-29.873694371053361 37.926812252618362
16.944510820952406 -6.070112260490417
9.453133975987233 16.439775637139196
-4.185988351289518 27.459651353626821
-14.223456944522251 -16.690646210536126
8.038639707749216 -0.708348644635068
23.033237079315764 -7.274593065129608
10.881442682148370 -17.374955623580544
16.803838233682583 -10.890106458912831
-26.731763127098482 -28.461052097566338
8.218431244647288 34.393742918321998
28.256428097897100 -16.927706800412807
-22.836612196662916 -6.579110920609640
23.147362344820863 16.742252173823776
17.758967809651878 -38.316491701195055
-8.704476572496288 -7.812816094370541
50.044583224841844 -27.754903639356165
-45.933806792842773 -26.380742985958953
4.538283547157321 -30.589998440684390
-16.398118917112992 -19.872848120637368
-23.531361011526421 25.696552221681017
59.226073744072188 -9.911579925887757
-12.254299105262492 6.224354077103316
-36.793478858166843 -3.836677002857367
11.624882839248464 37.726921527687409
12.654376066206526 -18.520376326155166
-17.116250041682918 -4.710694379578748
6.386778730902149 -10.560941981750219
1.094110623430301 -3.897602302254506
15.520398513230889 -4.607381951345983
0.461502290108714 -56.150383586626468
22.013849055283753 5.943678397200991
-12.631056060297567 -33.438598711537686
-9.626418329705245 8.269581540296365
46.037037836838991 23.938227822294490
17.009614113595070 1.972773498305297
-37.059660982438459 -46.986150007085811
-2.891363980278642 -19.871022906425218
-19.865049164832811 -7.843948157723771
-27.163615921493076 -2.441879154712979
-4.753876215399771 -6.288864111373161
-11.745632620130369 12.754082618923594
22.217285548353111 8.806827481452736
40.700561475817857 17.930925828440717
-54.381596065716401 -43.955061312814749
8.351457895041014 21.318538797689286
-20.496806294962415 -9.893942133411358
13.502330042960482 -13.385686500900473
-16.373219849861787 12.309423564827169
-16.352454357195597 31.907717412865601
18.682612034961881 -6.682354039327718
-4.580237157769938 1.108436762473322
17.563657207028648 -3.036265636841415
-59.138228901308970 -14.119337306689633
25.584585835288962 -41.596488394456706
73.580399411226168 -18.347525240495738
-21.415849902381382 11.438063951965807
43.757516554885491 -4.870369889223568
26.158669477632710 -11.538231279248537
-59.893582895449484 -3.706629287537934
-37.970328416795994 30.121603635568206
33.119781296972000 10.579154929458205
-2.752796575349448 29.358038061620586
15.895412347220603 -31.860792733878768
3.860111191156881 41.794942863514606
-41.405637986847005 -13.883313566283565
1.815536424165191 54.692838015760032
-14.604952854824500 -20.525790515482846
-13.767094215136803 -38.955941815389494
-24.807361090230270 -32.205055954652657
-9.169332641260128 36.913792633027974
-20.282795595472283 22.191305123851965
-15.947493067488608 8.120219619091042
48.072839591218603 -5.585570192935143
0.415416092641923 -34.217550086498328
1.122313119112582 -1.430751634617817
4.555576658870635 13.805575349240730
-25.456966109425654 90.302345597620331
1.058616710548779 -1.387564036951938
-15.133760371688979 12.233459263623148
34.065179117196806 1.539659902856524
-11.272299689973307 -18.801266432413918
-36.145001967181635 20.543889688502016
15.146805162144092 -0.173872014957223
-28.152675314743629 47.133338502511123
18.190110972677701 -24.903575912794278
-3.468752837552016 15.446985223563129
-8.397366274712407 28.482508294752400
1.949922465353184 -4.676480233785935
-22.173221420434821 -1.965396177117232
-7.943007278770242 24.539010324133891
-7.163523182120461 -19.582043154804690
-5.413919495140241 -18.881855329309996
4.848956879603520 23.135749452044877
13.468121351594073 0.852455478625467
-22.397744748932897 10.236765784579045
-18.489462432838828 -57.714933965539288
20.065951663903714 4.286899731732139
-37.372718002086813 11.810480313940483
-0.602084386735478 5.296139327271124
32.697307933745599 11.135897155270598
-59.755163093893820 9.998395908532345
-1.052114929237495 8.805268944986556
8.546082594492821 17.608509210373654
-20.379034882597256 25.694752466428945
16.484383680273467 7.466493743636157
-46.559778090660025 -4.457971013195584
-5.107614812831613 -19.232224024252194
-1.086315982106955 4.963638249072265
-26.507726374956185 26.832814667505705
1.427599136034794 11.952606282402634
-14.697395196012931 -16.836124515480808
-12.570507409151011 22.470761581114925
-21.694512528973842 9.568336253167530
-31.602546611328819 31.527495877484533
23.533645881706516 6.796366752926136
30.305096441894378 -6.646630144645963
-16.136739515034428 -14.398234650337008
-5.189141337217569 32.399063615748318
25.360130455389207 13.845723365832175
-14.989710706894604 -30.678664759868312
6.289355977091115 -25.546194841306026
-44.151790202142301 -15.209652189369312
35.275882862588396 17.173418331159077
-14.271004091631248 3.084435231316277
-21.484478416763441 -28.362101289441913
26.240263486673818 23.664920608890064
