0.000000000000000 0.000000000000000
0.000000000000000 0.000000000000000
-69.481721837848326 0.000000000000000
19.640409473020437 0.000000000000000
55.043170852451468 0.000000000000000
-0.340633268110208 0.000000000000000
7.223982295373866 0.000000000000000
-44.635267429866040 0.000000000000000
-41.204304742370866 0.000000000000000
-76.475439137571840 0.000000000000000
28.982420755952312 0.000000000000000
-27.713856280497996 0.000000000000000
48.759829739275197 0.000000000000000
30.503829949202569 0.000000000000000
8.591529588752545 0.000000000000000
-23.428032714523948 0.000000000000000
75.641988267406219 0.000000000000000
-15.883628651441128 0.000000000000000
-39.440808943573067 0.000000000000000
32.306363253542372 0.000000000000000
-5.608503400357933 0.000000000000000
-4.838272647169840 0.000000000000000
-5.518299240635455 0.000000000000000
-17.691523070167257 0.000000000000000
-39.722227654278221 0.000000000000000
-16.879091575482466 0.000000000000000
-4.915263980725010 0.000000000000000
-38.871170865937920 0.000000000000000
-31.763994400872392 0.000000000000000
-2.280598157897040 0.000000000000000
-8.041505999892319 0.000000000000000
-56.948607261930952 0.000000000000000
8.929594397816121 0.000000000000000
1.787340144217346 0.000000000000000
-13.710896084208018 0.000000000000000
-2.898625807618077 0.000000000000000
-51.177976343851697 0.000000000000000
18.295555901739295 0.000000000000000
1.238691229036646 0.000000000000000
38.114940557556245 0.000000000000000
-52.857652544500120 0.000000000000000
-40.622140092413218 0.000000000000000
3.704101393309176 0.000000000000000
20.086247453434353 0.000000000000000
61.298622276121776 0.000000000000000
-11.050139811183156 0.000000000000000
-8.152613193424125 0.000000000000000
20.470444850153147 0.000000000000000
104.270270080243691 0.000000000000000
32.032237602360247 0.000000000000000
-23.137268475310275 0.000000000000000
0.000000000000000 0.000000000000000
-22.258632040338675 19.832653097016681
10.884097949011085 -50.156651416019798
12.402713858422205 -24.085520269610260
20.164348453425880 -5.968923777236092
9.074457761206874 -4.851081987419751
-27.632943619665770 15.465187581016711
1.724624792145112 7.289546820403759
5.236417616595625 -8.520424531370777
-39.318979069115564 -31.474903119067754
19.272874667302517 -0.346882895917170
-11.194690856831848 -32.278511234145959
38.549654287406739 -19.597993628490496
-0.829986710531688 16.222684109328736
6.030889574654772 40.581652816235483
-39.272879321392310 -10.125708317494407
34.825129644578809 23.164544778009017
-2.139206876631876 50.956276460033443
-30.499187306862126 -8.542673653177486
21.520794778618249 15.131411592592972
-13.910383133803151 16.571198422919906
10.949318655429304 -22.374234052056387
49.742402552821616 -19.119993846799574
-32.292187143982716 -31.679325316299145
28.052012866060220 5.310630775190477
-1.709680481134185 14.509347735233462
12.754486657988251 13.490964424805140
9.904674017911434 -15.943164586984619
36.616730774332162 22.862294236776243
-8.149406912825850 -40.155249937141086
-7.463410213908370 25.433374327515970
10.430322964973641 28.540350237994595
-4.874097554441189 22.380592977494192
28.117725667549106 -11.376927673062529
38.261599022765289 -17.279641245401717
-18.494998591154502 36.467399961037948
2.470142632347504 -19.248135138380910
-22.401993524095403 12.341408845861544
-2.521924948827061 -3.859820431922176
38.461915257554352 -25.378658208261609
51.588324200504225 17.661184076876292
12.496692938762035 32.181493477900624
-43.970007577499366 -1.488636056020257
0.372055965593277 38.414164803194915
-30.880111112531186 -7.839160683753489
-3.251901171674789 33.517499667633253
10.912458879494714 17.035491596155673
-11.104195644852195 -19.504653602307577
-44.921186921950699 1.060496109485884
-10.419202411458359 -21.720443624529441
-3.116815194252085 -64.007891371636148
-1.802281620096414 -21.614177222955423
-32.030181563226641 -36.276939836258421
13.366051990396553 -1.270461263740017
-15.198045041714686 21.179972233304412
-9.177317335543982 -13.071810867088271
5.424393262470550 23.483405693183119
-38.102582432822842 -23.958267357689333
-16.108454841218954 29.122384088888815
-5.144841524084939 -2.221515754267492
2.558601082087366 15.554688587053937
-19.024007077686822 1.574069355012611
-13.904090392765227 -17.217717936659493
25.606384635194523 -6.753589547698176
50.471617586993361 -22.315885958173428
11.937707708702392 7.257636951724895
-39.305675154025764 -0.944237158483961
59.865046028760148 24.266728920438808
41.132639396530919 -25.870967326892170
15.811942502151894 51.052900654033969
-17.176747698742986 -13.982744767517275
-2.881480102671591 -12.348954411331627
-47.760816423673639 62.361988381716330
-40.634768143095066 31.129482169595889
-12.811150356515160 -24.254484475282659
-10.688473026917714 34.890237163622530
-24.466758191069271 -45.853754753439148
-11.585862779867236 -23.143512792076486
-21.701932069018387 25.570800290791549
39.353791300755262 11.248086217192967
-39.169382762415637 15.286543516009639
-19.926503878075803 15.770345953762662
-43.414676592144957 35.887673086581700
9.775852432471419 -55.001944490375728
-33.634220026502604 11.282035419805949
19.589402755977620 42.793832425236801
-23.185476493826123 -0.828262605302046
6.670853836739052 24.192476925073162
-26.051193416118974 14.311600124686962
-28.764946240852193 -30.739935715279898
-33.395403439202461 3.692796087533138
-2.429893761840771 9.015306868153317
59.868505750651984 14.069466083457696
-4.285833939893318 1.980163808091735
-21.038090774839304 -67.893718019167764
-1.855740443945545 -20.342474127103369
-46.788773818836951 -23.957230854876212
-32.096735157758218 -9.727533067286842
-27.573581359849939 -62.411566301405522
-2.703015111732705 26.302812013204512
-18.288444095334143 -12.993885998183469
-16.232768126118902 13.514088554674462
44.176845450879760 36.732207198604570
11.306844138123310 -1.995248300590117
-10.667673530786942 -13.351368058842528
26.964261122641140 -8.342827791888448
30.642213881823871 -11.788013330681704
9.114768744143802 -8.454992728856819
33.450808770884990 31.947030441882813
3.378755767624441 0.395210465914093
25.029329726880992 4.432979198364050
-14.766171775146942 16.623050882599856
39.321558027336543 -29.083571924890801
14.845139574900134 -7.857333903042161
5.500256133191024 5.992563528486026
-29.244193079467284 -10.420879624160657
16.577032348741124 0.163064341378391
4.260870085939405 -6.622851775645970
-6.555185066377389 -4.002126583195853
-27.873881182391742 -17.409272076059391
-10.056569198013866 -6.868024414387840
13.439122021038015 43.975707246624438
-9.904186584894575 -19.672856268440814
-2.085898029904945 21.917042958924881
-9.286913209637342 -16.620081628935029
9.296782448828436 11.847772522496490
37.592072507541637 29.795901306856170
-2.623888114275794 21.453171810500212
16.578203866004952 20.363798902006835
-27.089372321525513 2.608986085489436
-10.858091074016492 -4.690051445170448
-0.238410957684694 -75.959283373294383
-25.498638072446600 -19.459056704727818
-11.856487544165972 -18.641326196732940
-45.426726764847132 -33.976688098959841
30.476255435742804 9.905729850618723
22.022125435029093 -3.061037703246607
-32.515041711482120 -15.306712128210467
-9.135956562786578 -26.038119646707059
-31.342749902238207 7.992339684906449
8.285301094831196 -40.953695284495787
-5.785228760840229 15.550530162709867
8.175690589509093 30.456343922984491
-53.469311424138581 -22.877051725980927
2.397146473693074 1.028259526724695
44.597170113108071 -37.443995186027301
5.030279726857766 -12.981079658486495
6.966349211555979 -2.558131189202890
-9.246807210704947 39.948947761116145
17.988007696609078 26.037269146253813
12.091529417102620 -14.483099811682436
2.564566338677361 -10.518728037501541
3.315341325600039 24.010032703470650
-17.854146182439415 2.372180231076307
8.168492306540545 8.568416659938473
8.494384269304188 -0.955649170876696
-1.029715334386651 -3.084654942444084
11.903571050011264 -11.256620741157898
-35.044834159091259 -9.690760509797165
5.628883389808557 25.474675803352220
-9.266948138273447 33.682150427605897
33.645433309107652 -4.916919063472752
43.731286790195234 3.522199886451651
12.314542630082007 -1.665146213691096
13.979784457249799 26.237886043356408
-25.909722272269256 -5.464508785183856
40.205777117980865 -9.915465874853462
1.833614470893776 3.105720472575797
12.426509137701853 -7.123054086160403
12.022834648723768 32.995794801839011
18.635745897126203 24.655772874404846
26.614205894660856 -18.984479181503644
3.529141342244738 -27.692446523935747
-9.813464748750247 32.612694300600054
17.681905722741437 -7.641599477058011
-33.575751954486087 22.342010758090904
19.372342091315989 40.964317454927148
0.165035223122068 -26.319751649308820
5.200057754128761 -24.147395256227679
11.742963912082049 15.212308553690352
29.252584046040109 27.880219432617551
-35.335789920754088 -6.902420209488418
-12.411768317839455 -1.894961611773365
-35.037326920063435 23.352826699424316
4.062794883900153 31.042682116940696
-17.255295916330130 60.678345562262258
37.618571817684931 15.815785548792412
-17.452466344507755 21.504696255447957
8.315628273118071 0.590799863227550
31.897565927303365 51.717319224138620
-34.662288560841660 5.707687107902999
-26.212752599285771 6.833111769859887
-11.788918434124302 -59.917244672937521
73.313153753401451 -17.374747998165407
-17.783533663938815 -8.878219426089215
5.796685446525766 -4.967666174840671
-12.996625073140303 -5.218633067582982
-2.389835342981155 29.690794921540164
-18.355361011054239 12.898793646800879
-16.882098785280046 -23.068668867893280
-6.026349458613590 1.824385997004101
21.359089957203484 -12.393064825293060
-35.684635432609667 9.416268458930238
33.074477558957298 30.162240128860869
-6.685595463780075 10.077385719846708
-4.991625501965165 0.690248779233744
-24.250392998464267 5.114776026301431
27.388793342328903 32.347863508070539
-30.471270699544114 -0.873768008834701
39.730062389937522 57.969932289443932
31.475781310597952 19.107953919085482
-0.517367633866617 8.479783872103420
-14.951124734657681 32.785750519332254
1.919104617164731 8.936742006796518
-0.299743377180267 1.578769941945726
-30.741554181939261 -6.581679132530745
-4.660597823289156 35.235244844689198
-18.004721550477608 31.915635693078059
29.667247209105135 68.881396784212811
30.426286566812713 -17.522264208293954
33.284192507818354 24.195246379699562
41.054607804316070 10.001123270792469
-8.280920637538777 20.046543452469557
25.032584097164900 -54.997491292718884
-25.837501685740627 3.556475303523191
8.483971631739042 10.222942925090576
5.438390447960271 38.475791660076091
9.773610393709234 40.451273286989796
3.572111118345244 22.265343284648633
24.424937626432413 19.102286084367591
3.087808380121591 18.552580159349507
-45.051512584636484 1.842159764613759
-12.371686901507307 -10.489459510552601
-3.677218619178279 -29.707192951624279
-15.174892305019982 -0.832670742716378
-20.829372378859425 -14.444997071672546
7.709600419945765 -13.735480354690120
-7.792193078116330 -14.337934701328191
18.409101551210501 -46.801855330673177
3.499557541723374 36.283233574193694
13.801019059647436 -1.981904366039344
14.609703550103191 -2.470810505795774
-19.852445273829037 -10.922869002563932
23.223865664267294 -3.444180145160982
16.531979768740023 -32.660187088501928
-30.786114480440773 -14.505175756969988
13.165886555068070 20.092936739964916
48.630311756486606 -14.175230561839161
-5.061048003495953 15.306409534245653
2.257529036955514 5.628170796395480
-44.645674882285292 -27.097844711428426
-28.538345110647377 -6.480893812789567
5.507246349699658 8.460378481695670
-13.688706317483678 -22.037194903884732
-14.109716540456432 -20.127139591876450
-12.091318599082342 24.842929256037795
9.349945995261653 -2.200438851893477
-1.369507816734306 -7.096964240167873
4.834031568317420 -11.655185692666487
-0.840738466909822 -31.989631971343623
42.027592176071813 3.552889746716516
3.816355167420095 -1.920811071798079
16.183553757979272 -13.934775079048690
-42.400948488672348 25.484543315175010
-27.025637480280825 33.606849680336701
-12.875067136228578 15.819741635196229
-5.148566870901613 -12.164110496679861
0.521547109185694 27.369342768269171
-7.895949397553163 -36.099072032968053
10.664411062718024 -54.897249793315908
-11.749383629929026 -36.773258299605310
-26.081653456278168 -2.313487725346516
-7.343363246160552 -22.899989410456595
-24.162708963149615 36.046151917681954
19.283029707594508 -4.392975337542603
-37.799065294613399 8.033155144531966
-11.710836435844193 16.509029475295847
-7.866166114677245 -47.968765625414143
23.463673933325630 12.265436016293808
-20.779478714263394 -0.610626795036025
-26.707732944893458 28.531370179741423
-19.620995255318761 -3.641968791519920
-19.334867488148273 2.818829773498718
26.605510080171229 -46.521213977539375
-10.394605502581333 -2.533412994950670
-24.957542477009497 -20.614716490022342
-35.051509208839235 5.763296229040179
4.841466546508325 76.935563722100696
-11.886094962726437 -26.064383083220228
9.549870423114728 -11.658521740989382
-5.198538562900612 -8.682868451216773
-4.658619588868227 -15.560664246445405
23.772016304994803 -10.392543500113639
3.865333053052425 8.033174265388466
-1.163656378693429 13.843027938886713
19.490689374129538 48.509796354577922
15.191150438707016 -30.300676256402856
-10.680548640555802 -5.224608662938143
4.851513191966268 -11.765252074287408
-41.264995198928943 3.358264789552312
4.442940188648488 3.288682368332720
-36.706740003763016 -10.669562497563993
-12.024226280729684 8.631987487616756
3.062273834793663 -32.077691424542905
-14.107661837725754 -8.342999263632356
9.674130780604296 2.306839515485827
-20.490705628418208 -5.343290042041704
7.754434884689638 -21.007181926649800
-15.800719047603307 4.170731371933299
-17.092004152933789 -2.719538787152286
-14.180503269846163 1.474959464049110
-7.492139227556941 3.511786809853493
57.635369728911371 -5.721947152719610
0.134147076235572 -29.325743761603871
-3.785787279931625 11.727419489464411
-11.328905879018178 -12.425289330085139
-23.455371962446591 7.436738752277233
-36.103472806753366 25.650947209103574
-9.850343574242123 -71.020810166764250
-26.144206472897526 43.370131253574918
-8.590418149368455 -25.971079956741910
12.183850756985365 -6.222682153474722
-12.400687224824473 -0.058835427302073
-2.099741965888861 27.331021830020358
-10.312448557322798 0.043239905008721
-2.374757222397581 -11.455969649814600
-70.464367179925063 -19.371215842867844
-14.789323597494313 -21.109808202208860
43.203221872708127 8.882323320004760
-41.896222109502808 -7.015667154095403
25.568655004518320 -24.326125320449922
-10.746406358181080 -11.049034323623191
-49.328295481103765 -3.737968495963925
24.917250160741254 46.571705367068169
-14.715992272196164 -4.854419909891015
-12.517764460788491 33.400249877800796
4.838698418847429 30.262812049179438
32.843489280896655 2.198075805127511
-34.729012560412642 -4.487293994753012
11.253473994391108 26.126284112689220
1.824724466543864 -9.004257275761329
11.882053297301281 -20.479599970333005
-39.245622866608656 -4.102771708106563
58.514398735727703 12.119943952693445
13.351314962960807 21.381055362742071
-1.937236981771107 36.433803037968651
23.274804267487696 -22.268210544523196
-10.795206421338730 32.504334830077319
20.173499425697369 -24.050109494627961
-16.335256214360459 25.185325296214035
-1.917516892480249 -3.403117834172506
-9.307688785300854 11.166331653124882
14.806440387821564 17.736614027262327
10.898222027339505 3.042494686290752
28.958062199335480 27.604434246742802
-13.703312687889698 9.518762872503935
4.972438017383327 -30.105092164989266
0.779117999934997 21.711473569972647
34.387829045469061 4.663129156162932
-26.322676760081436 8.962759383302647
8.976317638508212 -49.413518794354971
43.576871946744305 14.439194456012922
4.210670795747298 6.594200406603725
-27.112114966454634 33.080718737196229
45.732103169621766 30.109281326299310
14.748914080393936 -3.493191557903200
21.916959682592292 -24.051577943398243
33.697028802049985 -24.061351004604266
-0.584392001632357 -7.119536204310910
13.369182560630035 -24.447954502968997
8.940977299050305 21.948600171282983
-21.570333099915107 15.006086250474965
-20.289873238261368 -30.590966447784549
12.509184462038927 -29.423781870222680
23.081165324524068 29.389342176140463
-11.915196646551285 7.503247511188122
-30.676786838680332 -24.803786101031552
1.908466442764952 -8.228447675427278
-81.859156151709811 22.863451826768003
17.736988076092256 -12.416491706002642
24.859725751291034 -1.800619615786152
-6.253998493748886 5.524378320707559
10.358738056553296 -26.013658178900307
25.494923371619219 22.872416351879878
20.560693834792804 -17.890042999879999
16.566489199379106 -39.032565418718505
-32.436234409230750 20.348880854795603
-7.761537030173019 2.942733437936230
-0.724216526642666 -13.719916688335061
16.880238011914162 -19.018443021648878
9.903470493259595 37.775246784699860
13.167862853752846 -20.587849256568006
-0.821089480548647 -13.829765389861313
13.412012783687342 -38.444585692219967
32.099302888510650 -51.452666060658700
-14.553306204207280 -0.638256318109975
-24.730823437641821 15.336890429033236
25.097759801590147 58.959752056773716
3.762328929883807 -44.804256732232766
-5.461677932169906 -3.105426162628646
-55.445927539939071 -1.006195507015464
29.241245419122063 11.018649850603929
-7.604945650180212 -9.887634721583828
10.862044475718175 26.742545860420115
6.568815033566908 -19.997138490059946
-27.758098522157734 8.891597797543790
8.747988517641238 15.296948183216919
-26.503083976744556 12.446552203040110
2.949764650466659 -31.052683084515724
34.253703811621413 25.753672365835484
-15.378421123973082 -8.227204150469277
-18.153942916803473 28.187567444993810
40.627439448297501 16.710967661256003
7.997103227178956 -18.769707720538353
37.456932416282847 -76.822733125019496
-31.085611035423792 -13.720896150764034
-0.458047529747418 1.365005020030500
48.011284233624764 -46.689216112841201
-15.491687318926354 1.930658861587034
19.850416960134911 18.855803252942639
-38.215676457578013 32.886762452003694
5.734053906383178 -34.977874085194806
-7.087193257483029 -17.937098361143249
18.760700684418239 16.237280875506421
15.228402861317456 -31.256092326700681
-2.087711553716448 7.706264948546592
39.176790455662413 9.465411487260855
6.157753890057323 -20.577398592210635
-17.257368113673255 -42.264746361256194
10.140103416172902 11.621630996516695
-12.093507221922666 2.634344844480038
-13.973624353738975 26.329371660576864
6.553901155209021 -22.895459993717626
-6.323960648153508 47.410588881137855
-2.638356438006901 -23.068351677799427
-43.528973766182538 21.128753523122761
9.873024512771655 21.557549098989153
15.719587600240207 4.569973340828841
27.975935503689037 -21.803323829975231
-55.299053175184973 -8.492371697159173
8.299980134564645 -4.377294626514155
-23.665317302687537 -3.811784063623859
-4.570194613344607 -36.516045208977729
-5.077728364536862 -48.691545622344350
-9.725061563487738 17.398444445695553
29.458810478507729 -7.388990211996344
-32.622142774450126 -35.458318425932724
19.447671290576103 -30.632316883647334
36.463832298186105 -5.620564323054505
-27.899381281471090 -11.848661832720619
30.184858922362995 -2.598370928586287
-35.034808729936842 -24.492963040344360
-8.709315202789154 13.046387405936843
35.402787162375120 -11.106652050976464
2.387750938850732 -34.273203697099341
-3.711684723988534 14.856979737789855
8.938538528702173 -17.372314937232506
-13.252966935020623 33.262602532231689
7.750264613636722 -10.495060648552682
2.651552398242567 -18.091514313736617
18.140236559015843 19.521273902581608
-36.078419960575189 -11.560390507160671
16.651759415869350 25.795951860732703
-2.681808467520701 -7.021406312761209
33.448428846822225 6.815432956549745
16.523414758728723 31.869603894500109
15.222881441979363 -26.273482223079281
2.349734765542723 -21.696900634962695
5.380192671421075 36.437516804840882
10.118650198928286 32.335920179420974
-2.642193468002239 -2.550920940797159
0.336754464286039 -29.667839885423053
20.258293265799416 24.297335134715134
40.365824766131816 -21.235971887256813
-6.305736564315865 20.503848539621796
-20.763899164784753 31.906941843163114
6.303953758871562 -5.513580692190838
-15.871036341168228 74.746332382489612
3.970039865523125 -12.749731654315868
50.693864017215454 -16.364821030666683
-2.479993918340572 -30.515101329314142
-41.860471856180325 -49.405435303953261
-7.858168282527674 22.115832295509044
30.967316412271959 35.348419139170289
21.488133596717780 29.369109132204077
10.217540798263885 -6.557609361783997
-25.381113467722301 16.735379927989698
25.656951727414018 -14.195343003266055
56.689789994845412 2.686701229126242
-7.874013100002506 14.422753820846154
-65.348223922972323 -32.531898616005947
1.645789405848787 -14.258921411527185
-29.503127521083719 3.316793732610633
25.312367850350093 1.146456849996821
2.637281651605296 -9.263367658842318
7.310287566220425 3.017892114660997
27.771390156542672 11.936848669056138
-0.910962017859379 -54.358602873249076
-47.362819323543526 8.519429635750496
9.957008435376167 3.165127147983244
1.196099526253267 32.468771490409296
15.977949924914038 8.713922813332948
-17.520541033057981 31.909322154685238
-10.485277440972752 1.739991049946207
-12.323536889148137 -0.180347519195914
57.920946327586641 15.697482605191349
-28.267199043228359 -8.738092866309643
-33.550532495648689 7.250674837127746
2.460728596954991 43.292876863261178
-29.477982190747475 -1.408685388445011
27.506226577470922 26.943940453312951
23.966228741598613 -17.663167156684871
0.752148492065058 12.167996276391394
-7.055714325083263 -1.294462547743572
-51.059981694375949 10.359615653117684
45.217676998538643 21.029090247022879
-3.191224888874813 -19.750752652132938
36.859769682641577 -20.108737963313111
16.056942814309636 -8.754727313808070
13.212861198698102 6.170008136414621
11.143659254327645 -23.323122973003173
49.545986584397831 -17.377734681504130
8.300671743878437 18.716056694186033
27.086360907132388 31.115523979461535
2.352721427444150 -44.128647302868970
15.471139016798023 29.706376085463589
30.710519004944768 4.955447351160433
-31.192676135584339 5.514517285966652
-43.568828028243416 -16.041260541143831
-6.204095629801565 9.720298415611909
-84.041094492908726 26.257628576462896
-6.522907316308312 -16.804695771499361
7.273976729202047 -35.937086083491685
-31.448168010126587 -6.371217920337005
-19.498852410636005 24.208507524886031
-3.639603882907792 -21.621852744567899
31.760904346148564 11.385322210156554
-0.858233054008018 0.590707596849762
-23.680370155615162 20.197283329127902
27.255421325911946 -27.669383526411014
42.827205121307173 2.720818666461540
10.896051532836072 -0.307981310712631
20.636459825452299 -9.174688376491916
-22.433062320772731 -10.290776335615549
-9.013536215036423 -24.182431347389169
-32.270639871029935 24.196930715719979
4.551203058854141 -42.768999143191124
11.109634978278619 14.144034206154608
13.448454563074417 -14.572648257457562
26.661889067085166 34.907734788981152
-7.740669910254223 6.832656064766107
-19.394115416759274 17.107056587193355
-39.968297583926393 -37.013818916052124
19.901713936925166 9.496181226021283
25.927000135730413 -13.835680783731892
33.121125084441715 19.115415193661971
1.121332646084565 4.851243867057316
-22.500444280767748 18.803097514993869
5.832760659623588 -20.605199535891717
25.312467278856364 25.134541199626380
-38.460198373711002 26.598296844234390
-20.294804595952595 0.786301188774655
40.515354757793112 -0.917886631100813
8.100382452493962 4.462913597441895
-1.343129830264168 18.678408769177867
24.252918609421425 36.377502719691442
-20.591106865461114 50.305757668229475
35.215851250040025 20.178601376103192
-19.009630268172991 16.318533657540719
-18.029055295311604 4.269246405379845
12.193075420600241 12.951452216234756
14.448049686734523 -13.973310113740087
-4.932410220876229 -14.358982389295482
-15.432747769468872 -39.165919289160307
-4.126280936152385 30.671997526655776
-7.077028711149420 5.827683660040258
10.415807593758844 -38.063257284588644
-34.076608046930033 -28.214415427317743
-12.655231734247293 11.991676668623034
-13.125035149662464 -9.255141992788992
-30.712810037081955 15.721590254992412
12.494581207485830 0.799444673917514
-41.044449662880957 7.641120256019550
26.206222224346785 40.442553465969667
-14.177795032242170 3.397225767517274
5.101016068098265 -4.948352781929315
-11.734845651542237 -12.243429324713508
-25.466861088586427 0.343690633426430
-16.127186893854287 -3.954056028904032
-10.472494783625233 -25.587547250667466
-3.810277357856528 1.459786500244603
-1.553288209842992 -5.441442200453943
25.773239555868194 -11.471843200270248
36.955457183323290 -9.093031294486154
3.299877886252482 36.609660321199364
-59.348798193945548 16.183805708156410
-26.291467348643728 0.544060017384501
-21.268905960312818 -37.190566760864634
-77.371849450979880 -25.098863437652518
-1.551601648174802 33.180474264943378
24.468228691857384 9.649672931036632
2.295428536165341 12.471528725907623
32.575269698999399 8.220692198622562
17.393010884728184 -21.087889840822474
1.690837142935569 -12.898136050405935
-8.533964049978929 -13.047745491863246
5.304496777751549 20.488573415238623
50.580612591713724 -19.171071199678927
17.445508581468239 -19.261891394164099
5.703337794803662 -9.997619496069563
-12.815626127966656 1.399143670571728
13.680922114505288 6.098618974109164
-5.190449582958649 -11.678354567869523
-61.355549869519074 10.586925448861940
11.240672021037934 17.570284805713491
-29.031751148207466 2.885628741971276
14.770640450162674 -4.391007837406198
31.028835146571549 -9.558646542825285
-25.501381566144698 -35.440398216803409
25.699731879643743 -18.016638173723297
11.191115181306778 65.755530590436706
-2.374797793444085 -41.222880184759148
-12.979786786439847 17.633760488895447
54.857496847143189 -20.369115358938082
-0.563852797969608 22.560325004617894
28.686444342434584 -35.662387352291312
5.844293970562362 -21.306258295747359
17.094718883040674 11.728625378427408
39.647179347325824 34.475323557674848
32.111837422037709 32.413316153396970
-34.814216401416715 -20.669231238116648
9.710327663809824 -8.686524270119261
5.698420400663530 12.322937793356537
-56.027073978807316 -3.315983657013574
-13.229171808763075 -7.632768974858002
15.888890198421912 -11.621409113421480
31.261492805631836 7.442841731885315
-7.866141336328649 -22.706039488695385
-48.610117663894307 -10.618238067840139
0.650034482962178 -17.233265755134649
17.795549960492849 54.985258548973000
8.208747394710821 16.698547222246930
43.616229419910781 -12.211887408429412
-18.777945038746804 -34.995828246048170
-27.764990452523520 -11.746508668559173
-0.599361884851863 10.551738293792313
-13.583407294792115 25.806418690413892
-26.258643852792261 -37.693853429221733
-19.781095530840862 -40.052904038235525
19.932956405658423 28.091861223050760
10.675903200004527 -11.340595575737082
-10.871598490825088 -14.924510309344406
22.189184922904406 -27.531122412854586
-12.563637257476579 -24.211736255019975
5.040606103294537 -1.666424518300159
-23.122710375156633 45.625591335304158
2.412346732443306 34.919526928051710
26.551062730384341 23.055408029101024
-2.837035611322957 2.596995419280237
40.887621192121173 4.563907036466311
2.163263914474995 41.196828613888407
-31.355299102268901 10.920498487769327
54.253798368931299 -16.740217618714073
-18.354591127899290 -10.892387783306884
-47.628779024591687 -18.036891887670354
23.156995091264324 19.307662344506696
-9.348216502525945 -2.585648697463857
8.441100406096524 24.004617814361065
-5.355285263636427 10.513088326646770
12.250923952936684 14.240337371344324
35.453345431261070 -7.826590174214052
5.373075622910058 2.875505250709795
20.074731795114015 -2.183928714215350
0.622148128050481 5.626802397463603
-15.458946508022811 11.149574111664883
17.663552572437947 30.639936855461130
22.776937170565660 5.033739745442032
28.918945874548932 77.474979852146490
28.706330807024553 -14.412085653919540
-7.870187595788267 46.296758911311443
11.488432591542876 -18.052234256107145
-19.284423630794752 60.913813348940664
-0.623875022165376 3.245295917479414
23.962711080508551 -46.102102616359126
4.161700631699666 -5.674683321230297
-8.669680384980863 -10.569128907828643
0.011920499921227 38.544042718674312
-4.736711078957744 25.010874333385885
-9.145389471466837 -25.103291470820473
26.139126906037415 12.758654330903328
6.656194617221859 16.207516133099706
-10.345681067600209 -6.554345037042333
-29.153596041297138 9.927007062455660
38.615568431529084 0.221986352006859
-7.312036364799973 -35.774259217585588
16.486258408939683 65.670176935383594
-18.463375474330270 26.349491651408460
18.910004376863643 -29.269315084809083
-11.659139579429237 9.456137799291762
39.976256169840042 40.339949040733487
26.530438096816919 17.937514726589445
-20.148154579503988 -0.028258323812661
-8.676699703144076 -19.395277609361212
-16.950046602713126 -49.542840348316581
56.895477171622261 -30.512689267948161
2.239655831367248 24.455136779126740
13.468694806574719 -0.746957658259196
16.564261500534091 -82.626308032862795
4.759301664557209 29.725293270987788
20.166425000915481 6.197630843493687
2.715423848576508 14.093693129628457
16.919727864396069 1.624130294475155
-0.999334111708145 -3.252243080476016
-37.718905430889194 -11.721410127192755
-24.009457544448225 18.856117927587100
2.674551006880655 -19.437461720827191
13.520517170112548 12.909709560685229
13.207933189837144 7.094537885258994
-6.103658576796918 -16.950943929782532
-46.677702029596610 -27.134158090815607
-17.510445601403198 14.644876774373602
-17.631062504829448 50.148764718060271
-12.704455735886489 -9.493132301602541
-27.074047878225283 -24.013661083377603
-37.174575546229498 -38.931092565531124
29.562755588957259 -9.004030828436244
-30.780425969753281 -13.393257683845802
5.943075290596058 -0.579209557308343
15.510453585898205 11.413752475458294
-20.757192619182355 -24.641515707830358
-12.439225858401644 8.906485741748396
0.014705493582176 16.811772327694580
-21.853299019517046 -15.038287754650160
-19.589473363340936 40.760132252138987
-20.685961234985172 13.123393819319791
-16.865380074354746 -4.882940447924304
29.616497314660482 20.916735098832291
-8.086550155556276 22.610842351351106
37.388176596675613 36.547552537290088
66.808235385661831 28.344843218852752
-34.764325235390260 8.555338791683599
-25.280545486151315 17.611084073450126
4.183861618408832 -33.203505578137374
-3.367023360507450 1.212163632784567
-12.853186070225908 4.585462082339497
9.044109936068526 23.210379227350487
-12.601236552243869 60.046888979768632
-37.150194427153927 -1.742884051935132
-17.324854451287386 16.652531715576778
28.854122726832674 -1.206718886828492
-0.044287254574635 -0.918068838057946
-18.659375406752648 8.644519633453202
18.485034286675781 -4.589866353397289
4.382925149222557 6.111901153091750
-1.884491437404992 14.829474679304450
15.366017890763285 -44.398733591983827
-15.680739685656492 -9.776869597226085
33.716631815432478 -4.015323918084271
22.600263407642000 22.384561618936537
5.033374162036295 33.891462255473563
-34.031956245058758 -32.748182748227194
24.066142742151207 -15.459440366810709
7.849946482483240 34.395656179637989
25.945853896585234 -33.567331732514923
-1.666821095477655 22.555659565248877
-19.285173702302838 -35.582331657820973
-39.088191676453270 48.647126830145666
-8.218766482275450 3.768766742803277
4.156780646549228 -3.713918463496141
-6.904684134356919 52.856503652697228
3.914201330581366 7.831430454624563
-15.975277703102956 -29.507923648886266
15.675450070170722 -1.852522247115157
19.725524947327383 14.930804455537393
-6.287714637862912 -14.287173762421356
-16.231644027599948 23.796036536212714
-21.355569234330854 2.450060652846334
13.326388619068407 6.348824699137565
15.298227547841996 29.747916496369079
-6.116238103456635 10.730078248529342
27.093401226755038 -26.835351829417217
11.292967614376042 -0.640914690522687
-8.440948756088460 -6.693323628753226
18.717989007590379 -29.512321728293738
0.767080582351381 3.307164907498974
9.673911853392140 -7.774418195043387
0.718997965761074 -15.796495937282765
16.145716646118565 27.389677660078807
-4.696355817077980 -9.570493684093409
-24.399539599554195 60.741570945285282
-8.604455339892779 53.055990398852686
16.906741242061461 55.679322753278853
-18.161759332208490 8.726710181447945
-16.848427397591713 5.143969436657323
-24.438992375065659 25.478291519172245
-20.761969396803003 2.815143893573014
-7.294460625972858 1.183695219084690
-5.371720994205257 -62.353469969041186
-38.639362547669251 -50.723859299632544
9.949485569118208 18.567666130954247
-18.824716258498281 -12.653945728088393
-8.870023949322139 -19.535080616637654
35.223897313170468 -37.822974509303741
52.255746906661720 3.750520627686599
0.920344234847937 25.261617108387100
-55.068336541931401 49.044849236747780
26.313035904297248 -3.778339765816100
-35.420210708371314 -1.491787521138446
-2.028371891972069 11.439091861569985
-2.326738533177737 -21.281548745880592
-13.421040990224871 -26.905129602769108
-16.522858889214891 3.513083883957949
-21.561916375710751 13.804943952145960
-29.930636321709315 21.753365481308077
0.898308437506989 -18.625632629737311
1.983204618456601 -6.226719172967637
-35.436785029150819 7.363178793023940
24.473334663078809 -45.289526384613779
-3.892284016166073 10.801652316122931
-6.244787216132269 -1.592883718289731
22.571368865966893 -48.102995061154644
-20.637433873482212 33.427358631315506
-18.632273021124117 -4.969590800918557
26.086584487354141 -52.809805859503285
-7.651049882848905 -39.838363508085024
1.997971781697559 2.165027838306072
-41.118461611080249 6.954993605283858
8.924431001511289 -17.288182965478462
-8.371751942246123 70.097803144550809
-4.574611755501309 23.240723050357900
-46.115325368566438 35.029421595525008
-56.455719562410273 -45.338011594421076
19.298463063731266 -8.125205900245703
-20.465482965902087 52.412606670406120
19.938268763582855 -10.516968133758207
-43.839129299153527 21.620707304450104
49.306001109238430 -1.508216011171000
-9.904904453407113 -69.760142260067255
14.778513868245312 -7.767177904951552
-31.879372211160103 4.110418527353803
6.559228055130368 -11.471937182215793
23.114072669498270 -3.769444546600570
10.926513227808673 -15.878391988109412
3.615560162365097 -10.505754454440716
-12.117538490739319 12.393885598832100
28.221705593574374 3.047565156724713
53.738621609162749 -20.300598356403931
-20.339074140816550 -11.318467470474767
-57.035467083170779 -28.434206548784797
0.265857873954662 47.440343585839983
10.083391584919283 18.872419302778354
18.046133233994656 24.956345932261375
-21.125817842732815 -5.984352616690906
32.746643400028802 5.573144425723369
16.299247096485775 -51.507861940856536
24.121335873641573 -12.508182846644775
-36.694534964195810 9.720422362178146
-44.905588744922468 27.104072690898402
29.618727829389581 -12.290432440004912
34.022440295208021 15.250576739597907
-31.636935214522683 -0.266884519346826
34.522053207956120 -20.716164819453599
21.680283317060553 -2.850215769800487
37.326390264168026 -17.586196360667081
72.297978012769136 5.079664987515194
-18.388580560616230 41.488317063249717
28.051885002809065 -11.896858567862985
49.391679001783764 -22.656806751530876
24.774087598541691 22.460617495454930
-43.016205551137844 25.398532297017539
3.518315404026785 -9.642429948735316
29.982056271053210 12.897612839264609
16.308827547766732 -5.009406513890205
11.757164538328038 33.698717377475219
-40.196091787778762 -19.432450361991297
-18.183291902219135 13.845766835850648
-28.523122892012100 -8.183806313603590
11.894927280793084 0.197579414356499
32.584950740287702 21.627068213906494
-10.776273178008958 24.046914959651730
9.691754091601851 23.457766415220757
-26.456339019173459 12.332149324840625
-6.051800337851171 -27.711374881602289
-13.966207690445628 8.998343419957195
-34.726362718910103 16.634860146762581
14.816787585070372 0.986615031921072
1.495351344993733 10.472747451327569
35.111349062567086 -12.160397594634427
3.070042446633472 18.177866915186677
41.137792479548516 -75.769761295047445
-28.511812569326612 -16.997858942916203
-6.200311627538538 -23.190459270613431
-35.054563971583917 -44.517867088820871
-16.733181124672239 25.638157440978613
-9.983058491683359 23.177995924998573
30.475064823560189 -43.910835623280747
-56.437399869261135 -17.929997386612740
-9.947922292583565 -10.428528298434253
19.292063982000215 9.114159086408870
-32.228124483190967 -25.572878264398003
16.807639170718634 28.835694592257486
-2.048717515203132 42.729709820734129
-41.886054183076595 -21.829920658377389
2.612739307967749 -12.066158580490772
79.357981094052477 -9.072171762593879
-20.393633202765276 -0.691749126042250
25.697289419235126 -22.816729243091107
12.268507528800447 -1.456816140232162
40.991642748386013 9.693216611714195
-4.251172831890305 -10.030003630654827
15.209267283485049 -13.851166341060230
3.773400514724924 -28.932984136095129
12.474725211210355 1.863629590522171
49.485442888675188 -1.011141925527076
-29.168952539188190 21.354507527840337
-6.409428596402671 -5.574559609226645
3.557408349285285 9.935023996398987
4.643262071897129 9.970708845581839
-9.008930041596296 -14.160576591515307
-16.020795635652441 -21.802488147176657
16.794381162139558 0.801883334435169
48.059713200313546 16.152097618815485
6.575921339657567 27.500843249208209
43.063441932473680 14.885926089247947
16.227917804412449 -3.829194986199061
-26.346412238784474 8.194910735449135
-64.760386900714650 8.359063299035954
-0.721332606573925 35.759877721389586
28.564072684172878 1.919389271391185
-4.089037018427252 -6.635825103046231
-6.221574148985753 -6.024471830456295
-12.267241466248707 28.670863569733616
45.162071935214861 23.234746799896435
14.500306117025584 -15.901217675442338
-17.264930601112855 18.006811266367425
8.119586180539912 -2.404618322487690
49.537898651419638 12.340605572189423
23.206137633841859 50.342434377536698
39.114390684981345 23.861707972690674
35.922290975841882 -39.318479859016101
59.664585737973724 -20.467400880672969
-22.733536707438393 8.946128714341468
-25.360518566737770 30.588199203770696
0.566380675902012 -20.580969732384432
-44.724505927467760 -21.814405017055076
-2.794475931523641 22.298320079292338
-29.181239152327162 -15.008278616911836
9.691576680764999 -8.624291626704892
14.839928032524538 20.032196788840945
5.596774834363498 18.800089777215899
-26.149777900453358 8.576817037634374
10.407481739051105 11.883252324051357
-4.622698047512992 -26.535162972732174
-27.028399649454261 -24.297353699645409
1.542294853564476 -1.963033066857459
39.645703119974165 -26.478644265719062
-12.638295424972997 37.272706611278700
9.592548373751011 15.946675614735614
-10.112700782289812 -27.211312929290283
4.703758096383733 15.536287230195216
-10.735167701324718 -27.612596358421651
-14.633284437899260 0.225082525704664
-22.129897306480640 13.210189464783685
-13.053974680793310 6.706698746270064
26.984414977602810 18.362790204414537
30.793916303291013 -10.810618531413578
-22.851383623054595 8.886791799938418
11.020102113857609 3.325003811610217
-22.075400280474408 8.240791106494779
44.645534841561457 19.795966365488624
43.808182247481611 -23.764893958876534
0.047963565227959 24.723593711928327
-10.984882158247451 9.527900699328777
-33.763341378682370 -10.731627059649039
23.004768055243904 9.250005491752891
19.776362136212555 19.958036380272741
5.613947648051226 -12.132852464786856
-9.696578682487408 65.147786243719978
6.573007560929894 5.238533481509521
5.745541015663641 -4.094869178573956
-24.140398924955882 30.840109023339867
1.686714661542381 -12.564475335727474
26.332758176630712 45.488782356063609
-6.489244410023829 0.649301820093125
56.087926079120997 9.360900657155407
-6.538266007491904 56.163061231301953
34.232746141473584 0.309280906519649
25.358554639887320 15.885761149113598
-7.949624377627944 -45.973393674146863
32.845985682040094 58.339587791827583
24.294424812646771 -53.218217072232243
-13.613630179414764 32.572538859239948
-5.839590396447758 -29.914310325980075
-0.798686926579941 -10.165272494678371
47.917748667553568 -8.447871061240182
-2.966309701134740 29.196139966260382
-46.858692649505002 -36.251623155341072
40.923735574015886 -22.254261685714777
12.059790979303225 0.295103026169885
10.805058006119086 -21.612732342397248
43.234184538574745 -0.367285695537054
-0.309941878556019 8.895826170049977
38.896139116768794 5.193321992660442
-38.775987580670055 -2.629975127516317
2.064642874842197 -5.437747569360303
-18.440440575352817 53.741141857116006
0.147782443315417 -20.056970855137287
44.173777573812885 48.671931576974039
34.768278356732850 -11.873444493670593
-10.854299776171835 -0.536695706830018
-11.917958810734307 -4.234316008801491
47.737776616829592 23.283607860095998
-0.572019164911165 17.289790537702153
17.409110236637307 -27.143280780307368
38.683458237512284 -30.376968776146875
-5.397389458222697 -5.928663418275661
6.367208276006096 39.226339868111779
4.251798991765837 2.356713211296258
1.063682897867623 28.213982229110595
25.969989292122811 -13.494825276438275
32.320986118652542 3.337594807731818
-30.048787332364693 10.758457030197844
16.186305141125640 -21.541894359857050
-21.912664661424095 -8.839425674719337
-22.652525367798521 -9.350990893899018
43.481140664523679 43.813563113629684
-40.586893187900721 30.984936267219556
-11.103563647034450 4.369601627782993
0.541087447299243 -35.971486058804949
8.954301658376695 -32.513432546206722
26.042632292676085 2.827255143117542
35.247594784928410 -42.125934887721783
0.493716694657108 4.275077766787989
86.437765904837221 -22.708175722266017
-5.571695107547733 13.477908996393600
-30.536435268410354 40.658273076873073
-12.538451601683464 31.123411149056903
-21.919994961040310 -26.195372504111273
8.761155750153533 11.758682538125081
-11.910756575915734 36.169425384480554
-17.349099692057457 -17.088054227838182
10.980099616661617 -4.339665806078659
23.034900319032111 -4.137094312172277
-12.201137549045690 -9.288952692004521
-6.026933826427750 9.610129946122809
-25.663866705265189 -37.752597953200123
16.478149949383983 40.682994491553231
6.031056077391826 -26.719628847101045
-3.411379423068112 4.145261968727273
-19.300752613179387 43.151953950521076
-0.612730054170825 21.951977557917502
6.071205297504697 12.287812817097924
-11.091795176279089 -19.320948964499852
10.084359138814275 -12.840873765757562
-5.393627714885785 -17.427086331874033
-19.797493088836259 24.533326865275345
-16.922373882360645 -24.888336982890625
11.026636206964184 -4.752124445083942
0.256879609740630 30.036522046611108
32.651476068407504 -60.187373361647218
19.565387234444344 1.117355539346077
-9.292747440221547 27.024310901195893
-3.695770913858759 10.646029634513665
-4.991164804387467 -4.393439427888938
-13.271340022529550 -15.447187675561741
-23.498499300656370 11.206071986855946
-47.109118780850878 -2.794928144252882
22.792977277738625 15.371510264664350
-11.094295422276423 -7.876040459220301
22.449809114311382 2.858724189607392
6.209357666045249 -2.151998262701084
35.808523493514556 10.413091055797665
-37.565802787862665 22.682472592360302
12.344304970166652 -10.335868811913903
-16.672605725095089 -44.696953392319564
-7.923026983672742 12.153629199254070
9.730247357908985 22.357179631653999
24.100321071781167 20.509621239870619
-12.353738022439252 -25.403085636155598
-0.390730679818566 34.810883194396055
-12.088374776138972 3.022679605870368
9.545545320791824 -8.080881607818103
-6.222048039907127 -22.138678167943532
-26.488524870227533 -75.648680394238340
43.775956536591501 3.140878077954024
2.619047294717018 31.960683293250238
-1.648850461740088 -33.554852277203615
-2.994797133850216 27.977417458753848
-43.515057575102574 27.722285199498852
27.665414913827814 8.202411959953514
13.125730281831084 -9.073099798295601
-6.497339486775763 3.711253828543025
-6.264907982363189 -8.670178433841714
-8.174577277381525 -40.606889958803080
16.843548841951328 -13.631897167789683
22.400686968695460 13.142682375680275
-46.423073921161738 37.122386170503432
43.575290215368796 14.180034401759759
23.917498784295969 -22.044514405296944
-5.454622853459973 -19.985085054504179
-21.283091004760173 -3.830048953404247
-12.908291717173144 10.934378869371645
-28.771022665161961 31.261378319678975
46.682804964519192 -45.984978324322007
0.503415327907679 24.964034301133477
1.025237544379812 -4.274039325608666
38.805123895207643 -8.715538225200705
-26.118802809466342 -19.443525375209994
10.753526047999921 -15.557997627712023
3.394935166149827 53.670058039060123
-30.125827368124575 10.967191834280575
-14.862322379388925 -7.613717393908750
-7.455863524116681 26.003787337036076
18.503810416390348 65.150489047233165
7.752740054362429 3.455305964779443
-0.785634994928665 -18.566057089638552
7.792015207922837 0.425090045964382
-9.945038251485244 -6.367573196021875
-24.125805871963497 14.988395480946060
-0.167642458850056 -79.649429789842756
4.060980875036635 26.707490438122246
33.563341545571710 -14.994998507422753
-3.022055080635507 -12.964913524473717
-42.997836657714970 3.208303731145100
15.588389530095252 47.173519687428985
7.294950871229706 1.979451914935085
-37.619970527830539 47.171895728423259
-16.968882110978587 28.411074559911960
1.384236315013922 -50.737093532131510
-20.613273514145554 12.692598062936151
26.210785050426548 26.115543333135307
-3.997078779684715 6.431823623354262
4.648221131337148 49.880867601931513
-1.971758854976100 1.179048014713790
-22.541202804797496 -12.419336213444907
-2.714509839068182 33.674552075078353
-49.330071488553315 -9.069969400524730
-25.518047002452349 -20.490477071341662
-28.732650310258080 10.493834866770253
-23.686218582183553 7.479880054940678
20.344571903581567 -1.564455349715608
24.790323876804742 -26.563040976709956
13.607276964130751 -14.198330546619662
-45.573857078008523 12.610685436531920
-8.214992062076300 35.853745900952305
-9.922412954356766 17.835602667187914
59.432901353724255 21.954157287606257
-1.575239395217774 -8.705893279985380
21.790933350162671 -10.294376398940859
-40.321005734416175 -14.811048181676084
26.541499393756624 30.949820887497577
30.976126697529352 42.446099762242405
32.821952106451242 -13.763489747714434
-1.424352257721997 40.585983967355602
-4.088434303913584 14.850117796111489
9.134033503146146 -22.492919084556501
-5.962697122854562 -23.376340985059283
24.125810083237926 0.566291617734150
-0.754626431607599 -4.482254533589685
15.852771679766899 -24.268317055816922
0.976049011301219 39.189176633348310
46.248648562977735 15.281884794484462
3.888488000617765 30.825454038772001
-22.831237737480194 -10.478722966096349
14.270869203777407 37.286973718921168
-7.659921998356288 10.719075525390270
-37.345142480919044 16.415291080699554
-12.807956176229355 1.470260715995923
-25.326454070848524 14.494477697073934
-25.248801764199200 -14.388645169525264
-24.379899631592437 13.011007387342797
-33.189628228904787 -17.473811236401936
14.870474727577053 -15.114466815729521
-15.996869333926378 11.632954193656461
41.411797434006779 -7.109957042550198
7.404644186812000 14.395546714743178
-5.532423686935904 -45.708947247718200
54.686934939294872 29.569307503378042
31.826708060565803 6.419549158772531
32.248554060748233 -8.374710779126584
17.405356958321882 28.884271627970847
37.040443641866034 7.207520081018926
71.543556026626518 2.081356332591453
-29.774089429476035 30.914363722551023
-12.958248626155589 -21.910296899064498
-6.110295061287399 -28.626584101812547
10.718753977874130 45.389489614684685
41.251620971582575 -9.933086065681053
-19.951825555650963 6.356149954922931
12.250327974030622 -21.007984047337246
-15.867101694713380 50.141237538197679
-16.884919679460335 -14.965357711814670
-6.947145960793376 -39.924029155279776
-15.222982037596712 -31.389514576430340
11.215823345315538 48.007493740780959
10.139011679368485 2.796666801607255
1.916785489616137 9.428115964032434
-34.871899307025323 34.643539571389177
-20.171504077616479 -36.033025319327784
-8.114771693149686 19.163517148907463
21.305570807181979 -2.624457867716516
-24.713712940039002 -24.641247505190140
64.415373074219616 -12.105564291793740
-36.587005862103567 -25.533375651630365
34.884892314499140 18.492463390578596
29.090480987664407 -56.015213558406067
-4.441430407610055 -21.560821858048708
2.682853969481067 38.044025611402560
-13.815899814381748 8.169098022882698
12.915758766321442 -12.274266344357546
-36.050979966673765 1.605327030397335
-5.160678277829884 8.217084664349516
33.359538066196784 17.642982668553941
-6.499723029726249 -8.258747738997098
-42.554451398962748 -18.371599200728365
-9.181503518170862 -15.092583279490848
-5.929232409011010 16.655846904777235
-33.632904300246814 -57.002011489616073
-40.202422527896140 56.498720363184006
-67.635627928235564 -8.744499546969182
33.864169018471230 41.399024492206202
-12.293408432176665 -36.318061765258186
46.122199678705954 14.511066462934455
0.561505798741123 -22.535143608470168
15.908304982331329 -22.276508288288692
45.597715306415026 15.661045359325943
41.891527626166813 -30.383099903175129
-60.760294431285821 32.947023183189202
-20.484479720504950 16.249499026354304
-0.291736003699125 0.541263318889463
-9.973244530624154 -6.900599556049375
6.839839925464284 -26.083644406172400
1.649643035059740 -8.677899795149127
-10.927054292450892 -16.680541750494914
21.201348006624219 46.800540237510802
-11.886012040632421 19.945731142084153
51.565665930321714 -3.452170619245801
-33.877800589249091 31.163916126253177
6.210728641973953 2.785481552720761
34.752810282229959 -1.847900088821801
-8.781126733113725 -17.111079829531310
2.643259881570664 -9.978403577581147
-41.662323103476652 24.756687601289503
29.250295527622445 39.001791469706568
61.802413149902591 7.904607239931506
-0.078695953989510 -1.468951830605276
-35.516299108327225 -19.914585778158475
44.322744248095972 35.826732439641411
14.639546207472527 19.375793276070944
42.178412044859797 16.987324253190586
14.000367938928470 -3.074626900932399
11.183530737223110 -25.405577067753772
29.286839178726350 -1.993676396340568
-17.196671685586995 10.504743235182399
6.015985474844773 -10.516126972612618
45.475170920009141 -40.325471398111937
17.979868948036383 36.674754222700109
-3.699662184684606 9.593782120910165
0.273565114645068 14.111662563447959
-14.908894757379850 -12.862133702519918
82.946426384414323 -19.006163706555849
26.007440241261790 3.098865761606993
-23.333955116744896 10.602093833174155
17.377031526413255 14.013301518125655
8.816118193288565 23.716517895977081
-25.491631670121350 10.269292273976218
34.088935838379093 -7.074209302509618
4.176114156462336 -18.787027390689634
-16.921923279088059 14.542913331035162
24.553330782975031 -13.005755291712987
-16.009391485076605 -12.663552216682389
-2.641697213566347 6.178909157851227
27.613714568311700 -54.788061860549305
-12.512564775323549 -31.111797258575681
-24.525594075700500 -3.922255797649963
