0.000000000000000 0.000000000000000
0.000000000000000 0.000000000000000
15.254762442966689 0.000000000000000
15.391925498206691 0.000000000000000
-1.688244640176553 0.000000000000000
-61.219834503458529 0.000000000000000
57.957488790310542 0.000000000000000
21.872560580090099 0.000000000000000
-60.157516482244311 0.000000000000000
-19.168569139821095 0.000000000000000
28.117871840205144 0.000000000000000
-12.050802776321746 0.000000000000000
-41.536202261282483 0.000000000000000
28.393087594838263 0.000000000000000
22.395960998612537 0.000000000000000
-67.677397856221447 0.000000000000000
-88.458169498017057 0.000000000000000
19.206827345472409 0.000000000000000
-45.812160530007858 0.000000000000000
-28.612850689258057 0.000000000000000
-29.016812028591922 0.000000000000000
44.880899031755050 0.000000000000000
46.473475341419693 0.000000000000000
34.439547461476629 0.000000000000000
-46.823426699790978 0.000000000000000
-5.943683286912010 0.000000000000000
30.518008873607013 0.000000000000000
3.848795368240482 0.000000000000000
-19.648658850586180 0.000000000000000
30.869048560986954 0.000000000000000
-1.569630527794929 0.000000000000000
-28.882613196950540 0.000000000000000
-9.302981388561701 0.000000000000000
45.366193164202826 0.000000000000000
-5.621063905863069 0.000000000000000
-30.958298881986632 0.000000000000000
19.744164648469486 0.000000000000000
-100.973095935916291 0.000000000000000
-40.571055456000373 0.000000000000000
-13.017331102121453 0.000000000000000
32.105300612408314 0.000000000000000
55.105942124585098 0.000000000000000
3.770824381016018 0.000000000000000
-12.289103745322295 0.000000000000000
61.889868039802245 0.000000000000000
17.682330653211221 0.000000000000000
14.634242863477979 0.000000000000000
-19.853529207853907 0.000000000000000
-40.577783038622847 0.000000000000000
73.134980580454709 0.000000000000000
6.199215991946199 0.000000000000000
0.000000000000000 0.000000000000000
39.643797574546333 -26.416472331773672
-5.127473350744095 -19.197844998837503
20.814165989284810 12.229753318472648
-22.030659856294228 -25.404219277959317
-3.649448577177228 21.643393586670957
-28.215965840788051 -31.214201762037977
5.252343317105605 54.952316817804622
-3.442957071943991 4.385209660930252
-8.007663447189486 -20.867295537465704
-1.366158156864858 -14.028442342432950
-5.037337258642451 -3.256097456036000
14.625382925402670 -7.645165761055373
13.284020782074025 -54.923566674960192
-5.453130446802823 -34.755181267600449
-22.009287666642539 11.306912019220716
-30.002034264511540 25.880702353416499
-12.129852680679726 -0.697099377468037
14.749632982300502 30.104962740204801
0.916459098549855 10.489588799264883
-1.207737780247930 22.296548474602737
-5.402592657478414 -0.163725251473533
-34.775678556931105 4.682211787188979
35.167956004086399 6.971023435610505
6.634052839448259 -2.354337103379606
11.977022323354950 29.583772041620289
-24.874467944226957 16.001314838959654
-23.716131463741593 27.859834860828951
10.852254819663692 -21.051729544732545
-14.455592478768217 29.003305984965341
-61.244264831996112 -30.461021499785421
9.777815347548508 -46.136869713643918
23.418721825311930 49.012486313407933
-7.283518735679850 -10.567303698178586
-44.300697472379127 0.737818500199374
-29.667440822624062 -16.624652757512816
2.702064168581189 5.642324114028021
16.993997611880314 -16.914401026326111
-27.361220961891210 17.881780368501214
13.462492251624663 -13.918776562778390
20.340680502332013 -32.722936995041017
3.826849024184833 -8.518361676255440
-14.456876376926633 1.995632450948490
19.986400903602984 11.003337163280378
5.423128231536491 -49.729718746105362
-14.272915022578180 10.397069236382158
43.936196783883936 54.372210890395657
33.322144421994935 2.479406949942659
33.154178664595342 10.179813246961896
-0.471485220004663 -36.233646121203513
-15.812902168803733 24.391451628101105
-16.591692058388890 -5.488020973207099
11.355281323228674 41.765118768091355
-6.447094430120314 7.517656442313291
-46.750743804247790 -13.996444587867400
-15.340809365346184 -11.527455442180642
-6.501761127486617 3.457696297025746
25.182019161975003 -23.938213450103813
21.928150283619281 16.323588237430965
9.287110073978615 42.737615891412759
2.316317853034730 17.056469708261428
11.213449998673276 42.399691294671825
16.753723793467270 -11.318544804153095
17.460763297647453 -31.664988269182359
-1.995084063372886 -8.137961608912867
23.300185637437359 41.364258321362414
-15.480965649532287 36.176175091189258
-2.198732338689271 -3.744912760650999
-11.673667926666887 -25.722575889679867
10.030155366242926 15.066552115973389
41.510242686558556 -20.424155932127523
-19.324997307625029 18.439827798667199
5.040551757680950 -5.861418856702779
27.321390732993201 3.490747855697874
41.624007598741251 29.770066684708066
-25.437387624571262 -5.337468496055070
48.375159040471466 -39.781982885838978
12.311900152145737 0.366552847055806
44.150270929401962 -12.716104596039179
-2.766139752040333 -51.382230389989985
-12.143874015546865 26.368907251314404
0.140488069574705 10.459567614626543
-51.961734366851502 -5.691972178542516
6.473330281505473 12.229235916555210
28.835396295641406 61.286905953631589
-29.431948363506343 1.687009011943748
31.096235706836971 -16.319310423633016
14.016873276355136 -20.128525654286079
20.239043081163064 -34.825917392898077
16.222463577936498 -8.879292934883145
-9.248836932972075 -31.763050527062301
3.180416510731204 37.267184826198672
5.305524890907171 22.748980014706902
10.248863374217201 -36.979003921376460
8.507706797343415 46.112005551537223
10.279878693960363 57.874936326629317
18.186519859869250 -18.463516630283763
12.795291361635966 39.530690692931984
3.278992105776747 11.070677918095408
-18.669949935826619 -4.254717210635552
4.728274370725486 27.815968262616916
4.121511048748858 -28.711705167434882
-4.642057654381245 2.501912202877967
-15.368648884257201 -24.245919923117334
-7.840766200862253 -42.489761202399869
-36.226677257951266 42.960021450614590
15.090785984598789 6.140157923626194
-9.057448148918546 -49.450081522522368
-59.978299806720429 15.256400438879686
-7.302617369141461 24.542620298454640
33.193823037313180 -16.450122580984839
-6.405107273469225 27.968204136518249
-22.727084472288468 17.982440928372032
-18.962792622536654 38.367743833601459
-8.321805797005632 32.717733468315210
-21.391498058168796 18.769302735619036
47.985375047298177 37.829719240378637
-23.455909803005778 25.532599284011013
21.481454556266126 36.952021212184043
4.773572573027602 -8.768818388981938
-17.064706865199994 -9.278589906064049
34.276485472138546 7.028415212550488
-16.865493650043561 7.636083002292033
1.671256114983920 -22.588977773195236
34.627140548139124 -4.429392522087079
-2.544067653936978 -16.987565433764214
-4.473724486554433 17.250496817871824
-39.907633125937870 -11.972060607229768
36.169337577605894 -11.560821427631840
-31.341943484962677 -0.516748039530877
10.166417769452400 -42.559872085851687
-13.441197940326745 13.068633518977126
-2.201922555788439 -41.196055408070620
21.876930501550081 23.615213267048468
-26.941797214600722 -45.691948780740859
8.100999720515825 -24.759774137184106
-25.879963426436522 -57.167483609587343
5.904112195746485 56.579073467157443
-8.823209459989306 5.234621659843913
-20.941840206556030 -10.128045653162632
21.679578095552550 -1.788480134443856
3.902380168879623 27.959159006746617
-2.890242436873623 31.786754477997523
14.615280735897498 -21.310352236835293
-58.039658596157452 -22.177967992605737
36.492232826479778 -3.079251651240357
36.782450015054515 5.019383222258575
5.954923026281437 29.417744627611011
-6.011158608601248 1.922579411758785
5.319809502383840 16.124883788287963
-3.448310240384230 34.744605651715702
11.378355276167515 -18.745506153665797
-0.485360511976909 -9.303437909163788
14.634417579623770 -14.988764778785889
1.511579438931854 -2.356789231752108
-1.365425643643751 9.913417151863298
17.847629808579683 -35.752082213207864
6.990486541398402 -22.451732512760600
5.584468566459172 -17.620278400096868
-13.811957117138769 14.372237711669234
-2.041830142534343 -22.669212593421669
-0.867063492745634 13.058713967291910
7.473386468190172 9.332605226951481
-4.902783022763075 2.493126375965568
19.060818807061832 29.520666417536049
17.234603827913961 10.197873634271051
-16.355012720277898 11.174397579306957
-0.005031837340742 -14.603871190008617
1.928177179894492 48.942779062932203
1.860493882152010 9.030955385912318
61.901554656983713 28.203831897923394
-22.761474939487684 -8.529632547983923
-26.181228201280920 16.390201905481497
-8.248581814139014 32.472213607270746
-7.528454372344011 13.907050444942117
-9.147963238935223 -8.776186251925846
7.270641347186472 -2.270947634794200
9.594759336670501 5.834292284069924
38.645824408204369 -18.160657140151869
45.469075900873001 4.839148263349809
-32.012933690582145 17.359583006174233
11.731387945765258 36.565948997940524
44.449571506777296 -12.162215901242218
-38.943101817198396 -19.559047982350446
-11.808339550401465 1.161706428027415
-48.909697257828448 -25.315343180935582
-18.879594345170329 34.600815471525785
11.417348211361565 27.453707020052470
7.710860298243236 2.305184062190843
8.340506226569191 33.490651439631314
9.441225977667498 5.128582671170332
4.643312248723200 -30.790699833820010
15.693307612782407 -33.122662379396992
-47.754588393409236 13.016385233584829
-7.232494869328532 -9.744423059099629
6.804053640510102 -11.316034617642886
10.671728602348184 26.437930827427543
12.441572280326382 -0.961264219627057
-21.295101378611019 5.644556166647050
-9.092444109796283 22.913359759462310
-12.029946916585686 1.222973382162439
-18.603306073645221 -21.338756497756084
15.527604143362646 -0.083580184854144
-5.057416255825997 -7.580207859334773
31.060166452706710 13.402101724263385
0.256373992447806 38.248322044731346
18.278975676275916 -10.226361191176126
-7.107268478516401 -24.915778782729063
8.144287932832066 -18.289283946425794
16.969058129628252 43.285297548923850
-2.589653537138560 36.281701502590479
3.975675651479320 -19.170347770274230
2.434973657792274 2.542788731921828
-17.258907476019033 5.309694535033116
16.493650190072465 23.899799807345087
-24.870205959339625 -22.563153865848289
15.730293543505173 19.855102481996244
26.710382103512291 -3.696711530436034
-15.603128403768393 -13.717947475408137
-13.450366082198608 -2.148263676187149
17.118979967736273 51.934809622696584
40.683859978115699 -5.597213754074869
14.367257397593342 -13.830853917329794
-2.907593354349929 -29.630644326636446
-6.895883583393245 -2.013318867693317
2.087606044699772 21.051703443791030
39.634647659005559 11.003619124313428
25.877683614865674 42.170012730802952
-20.329192226584855 -37.756744834114485
-28.406951610802437 49.359455186373438
22.649356121818599 -37.596870634963544
-49.548668792794679 -11.056458543162513
-8.245548463245880 21.200597063689926
13.559655598506735 32.921060831844969
2.842949076936591 -36.200637940152866
10.312313377339962 22.764692926805843
43.329120151550235 -3.132797762211266
4.310665005898056 -9.303152129341278
-4.346581052116747 43.173232296681093
-16.049097388709189 -11.275719375220827
-14.266076426550875 -6.662951613610684
-15.500057271072082 -19.161419548921479
-44.734425091948680 -32.650032492936276
-2.302223999914532 -10.044227211725188
-8.382560293191183 7.247188567465313
-15.468520826813675 19.102953786461761
-52.254288305263501 38.525464982659294
38.604091939856403 26.496195409756091
33.727917080968780 44.134982882597839
4.434526345305719 61.162577584808318
-28.290528528260577 -22.450226212410069
-13.167386851288105 28.353454772405090
6.409232495258865 7.797068418388735
-17.705566678089170 18.906450019357276
0.748496790369427 11.238383640557071
-11.363431038322600 22.759462575019278
30.177535496558402 29.998314102830147
32.152151719246149 -27.979168299707357
-24.013695268990883 -28.517237079129266
9.742163336414380 -33.999858079810686
27.236071913124555 -46.248851601634840
-26.318459131380457 5.441483615859878
-8.731944204449837 -16.491540538168312
-4.721095640208688 -9.548626167152527
19.407380417510801 -3.210473131600073
17.854550046421398 -7.194187870418680
8.920396299656831 -31.694491275194348
37.481446914101994 5.373693710103274
-8.287463334464158 -26.391309025461439
-8.861584008116822 13.692038933428480
-5.024964342102060 -48.904828435055833
-2.628965928216054 21.252765644301164
-15.222609225409158 45.452070971055520
-11.248881747433879 0.808912834123319
-4.054069319489374 8.513459582629906
28.907888519160657 4.804303867530334
5.488640138984062 -3.230092520504832
-3.959610519580796 -18.984123380211518
26.776700815176536 14.355286588885807
-13.466272057937930 3.640454110721346
43.123009317500902 -27.137937172215690
-57.830551255842273 -0.176647121710238
18.742746651744426 26.225412972576752
-36.959724010305365 -28.033582377644215
22.927983400848639 36.645243011777048
-30.592563876041226 15.936363608921939
-25.361808875441362 -32.002691900322553
-24.863774052399474 -36.515783676639501
1.493905727945582 -19.857467339938413
-6.269188103371393 1.610611965752064
-0.073818773881417 13.088523024911789
16.006703754982809 38.064481920632190
48.043905765369544 -16.436702092894727
8.837961078753052 6.087353244386710
29.456915087404443 -16.610217188146954
7.318846836261828 17.402724926127707
-16.092941783323376 18.848962612533168
20.926067203101926 -10.941352202861058
5.268874522105540 -28.844987711928326
-14.022263728400745 39.181487995171807
-13.859219244030578 7.096431005656655
-18.622585868696824 23.694346694658140
11.556926342697990 29.471079257315317
9.674765724742073 -15.813957800034091
-14.280839758028515 -8.442147675893192
-3.793443418404703 -15.423339289989647
-7.905022130896169 20.893898028918674
-16.198822456353128 -12.293724117711767
0.454710069270233 37.375670605506116
18.730961052776710 9.715670629155674
-23.494536714583241 3.574034286589841
21.690743752615383 -9.132140988403100
18.973160750799465 50.341453286056876
72.092072785993594 3.474130606352412
39.361955823156869 -29.726731514254379
22.007054681616530 21.538584978924138
-32.444424485605005 14.161935409428787
9.532842943771616 4.630313085311764
0.928393486577218 31.156092772708252
22.847379287213933 -4.464588089311181
24.563533304345743 21.551137003159322
15.643763212765528 13.557398882727293
10.955253213135860 34.777199804739141
-17.878305994510583 -9.062468242915223
-1.280005263713965 38.831774735560131
-12.668373388083724 -18.084660279667091
35.056967746849509 46.130764398216606
2.400542480884897 -12.180231274472494
-44.039800407938337 -11.268934580226530
-33.934966212295649 -19.938662507258446
4.343228667387724 -11.315853104440251
-41.163947821712874 -18.286671047033010
17.021998561784379 -1.433015285770882
15.282169084598188 -8.786616589532953
4.160453907100511 -11.819224081945853
0.846859183769798 -16.000527486756699
2.999271784533539 -1.109140712472794
-8.955874325907370 -40.019948870564733
1.582175642294176 -23.438513194205250
2.477741264139186 -10.164682754113693
-3.266871735717584 43.621718529992435
-40.071686450945663 6.069243244422331
18.671975552562870 57.369575021484160
43.791217178380663 20.306822378500183
8.052496768371082 1.193117368759420
20.562661479322283 18.824299956483451
-17.806490585117345 -20.028058997865738
31.762144254881274 -34.313941832128705
23.067468996132696 -34.724268815073835
-13.971883713215764 46.993587098474805
-32.977002416606830 -33.939875721557328
0.881875848960277 18.715705645507075
12.959884679758735 15.076731492365525
-7.935460588389440 7.530720408375888
31.098663791825789 -23.090133640653242
-39.268306200977321 1.414894042910674
9.312127368987145 12.622455392364765
0.964457880732680 -21.726670057817973
46.604081682572676 44.571971915568511
44.652416767777218 10.896290440857182
-15.064133903845052 5.935518715539806
-8.050039712317547 -14.671014243955646
18.590971371008578 -4.081143400910411
-16.758089153300524 -25.914639446279537
19.656994303845831 45.266167164065536
11.034940824907398 -17.969045969987377
22.799217673061101 -22.741429872887679
-51.835679497934969 26.163883345056878
19.067464883569269 20.743115386105504
4.825693342718032 46.773288207752998
-16.037471082416058 -7.343341665595421
1.726312944548076 21.052677631673138
5.885200929105529 41.499869588948165
-5.236228276933730 50.841871136281313
15.083822864486564 7.152582253244822
10.037198385764706 -21.577870272009232
-14.153013009675993 -14.522463164267684
-22.215092061398650 -35.500687935076030
-15.919673974989468 21.605482563971194
11.601294585697380 4.256135144244512
8.078588965464556 -14.674525622704369
12.593865806218826 9.655786227711426
-30.834181048474139 -6.173020948654889
11.330014096626147 11.104778873016595
-14.178981321000908 42.715848046942973
-36.206627569174842 13.225649473980564
-0.484881172140687 12.577464965231588
-10.905638288596888 -41.059649974901895
-11.995135889659784 68.446111521426360
21.286861009480170 -13.685317371227219
-41.389497833297867 22.660517249167363
9.147267484126901 14.351903160011554
-7.055986128883613 3.228270491073371
20.635705349207370 35.325865936862783
21.761391234923110 -31.387317006526175
-16.005577810265560 -3.249298343066812
-29.404576824202923 3.393127111234843
32.569248869614064 34.184341720207804
-25.988862693944490 45.945287943576204
45.659594345232911 49.204598565718122
-25.610036775392349 26.093934903745733
9.921724356587555 36.567089965691949
5.802897321696709 8.156087031766281
5.763715281422776 17.129445938955431
35.467178794358922 4.125271562430559
52.337300370097772 -1.251805124229591
36.000638105269260 -21.651117244664636
-13.702167754338406 7.953447429371861
25.179922546936162 -21.755414578121503
-37.726403123134141 -14.455173260726633
-17.775612422875799 -3.651697514335167
-4.262339664262791 26.394457912473232
20.660426051789251 25.075960892892411
28.073833607868785 -55.251311601727053
-40.049697410332350 3.081431259801887
15.780982793482497 0.498873456349864
-19.064873847568027 -29.503657578480112
21.231964128227212 -18.638254652098759
-41.114192237267261 19.281128037218199
-18.829598993121579 -4.771980021448230
-36.963766668583091 6.526449439547267
-35.280203810388961 -20.555459388761800
-13.269404513400296 56.619384833894529
3.202705819927651 -16.948226885440576
3.230863684400736 -2.338947451898680
1.988625191687615 10.121486843795427
-4.949837435834229 -12.495511606263266
-13.128934768823337 -2.078894564364264
14.597081817193780 -20.096960253416619
-4.969016295488091 -30.383136188261911
-37.499120760261050 12.662722415278052
-20.930567283796680 -14.429788671186712
1.824333229322464 -11.457299134422284
-19.109086758176485 -0.939600703811086
24.086811987198956 9.321327825122447
1.195024014259529 -0.383252131910836
30.773659035554569 -22.143213021232004
18.482036729896709 -8.530531366486056
-8.293733658251359 -13.053053448002414
-49.009104624349916 3.099203993001368
5.217015661788830 9.150004062176295
-32.128904163713393 -20.442222760622975
-41.943389876717269 -27.768914311288697
33.017133031499419 40.959012057409261
0.590470610039419 5.623284925498917
32.349984988424282 -10.243580570858626
-6.095205386595624 -29.183146674091521
-15.888524831226166 17.515427272448875
-65.961576356960151 -29.207198665868500
-34.474745302868030 57.525648792733882
-21.011763679116360 -53.202876743745662
-8.847085594274050 50.038383197979030
75.279781010430185 -28.366112841484881
-1.871060885255787 7.434463084204848
-37.749621104327552 -9.014383541185591
-11.422715219330538 7.839354974517837
9.686714877491173 -12.531040035905933
43.685945884886785 20.597399560517591
15.577083343235682 2.078534976792319
-2.866738346012280 22.339742739784960
14.186707512291688 -29.295487348326052
-7.974207004633977 -33.493133465408526
44.573432565194302 -19.738205620822377
-16.888030046529934 -28.307383926281521
-0.253444896844996 -30.665038657952639
-13.963199808322775 21.557067860706503
-1.055478380242696 35.680424059289734
-36.157124731579273 -8.481711951656182
-5.609189690139663 27.556481797080917
-21.467233830710175 31.333838507098289
-23.983878324157299 -22.629527288821254
2.744311568345539 -3.677126505800485
-6.206801095609709 -11.375707140086369
22.651743048439801 -17.110982559618463
-28.093192860945095 -5.162625438870616
-19.383638131260156 10.278554162397571
39.752199473278125 -15.678895337998243
-42.162010414955908 11.242554522603575
30.723682626804916 12.188717545999573
-16.339490636650346 -4.139996907507578
33.608749910040309 34.380964701347338
-5.849295979045060 24.650076786489180
22.890595770962715 -35.555087319457236
5.485257082795330 2.955392479494080
9.550138269842376 24.167955443238796
25.676983084788745 23.398685816694375
-1.741383114800867 -2.255650901671563
-20.659828030539853 -50.849343681787268
5.391066806065938 25.089905995396581
36.891299608836121 16.288154394460271
-9.105640820964673 -5.804142044350169
0.634915563441589 24.275889607371891
10.776509107160349 -1.224670826235524
39.640532542461870 41.395509187492060
43.720477953475964 -37.183943592157760
-8.250986888262776 -0.084952102670462
4.339327084004318 1.706098961055998
26.604356080434965 8.320233320793397
26.306760518415068 -24.992467303358435
16.820060251925511 28.036054823426547
15.087010146476276 8.957708974199289
7.895215670827617 21.217726008764537
3.369609818606068 9.449507573562659
8.185765375034656 -53.125498963677174
-39.551658729442927 -10.781997836711129
0.655659840285805 -16.619222445879725
12.819257564069598 2.004729906478443
-5.830061140904384 21.383807853973778
-2.251555087508844 -16.823502822081739
6.371247697558395 38.852240115238246
30.718242498197736 -36.037801233680014
22.263182032810263 41.682659181519973
19.339904431522903 -36.307241520035241
-2.995221848059006 15.353415151005514
-49.363543881412497 -38.532383748830746
-38.784900499441633 27.984798480606724
15.016189544916033 -19.991393403012207
10.938872740982982 -29.192731704468617
-3.333403384693065 -14.142788649552720
-27.258475122178073 -22.317205633514700
34.024834764058888 35.347343097935443
15.529315552314534 -0.005539947325962
-9.163750376729698 17.730654547031794
-6.652558467016727 -3.212679105991801
6.436328812710475 25.562312902751952
9.838858795968831 7.665976276160893
-5.372875278191032 43.824805086307734
11.451048298543308 14.814346072930627
14.531062429651133 20.104195585732167
-26.810729408293501 34.399796868782310
-28.292286884094136 12.356186813598612
21.765121342290897 -4.362123249172210
-26.757103007769516 19.415664176459316
76.358410212814661 -10.332439450224127
16.651553974256061 12.307988225844943
17.389243567696148 51.603584326396650
-2.568572190235721 24.271963750718978
-19.326135096127352 -24.281065832557154
-32.377692499701389 -13.984889950113566
5.264383298017303 -10.370123007377764
-4.439444362247034 -5.052110960067433
-17.166522800066328 -4.142553481638592
43.102551471196101 11.434500905721519
-10.984764053105694 28.680567081637069
13.764970389967862 -61.860575967768078
8.470561729832250 12.513285097025218
-8.612230297862093 0.940897649970342
20.457035584916905 5.642097207992913
26.316397133735070 -32.336075721928907
22.737995214928873 18.635726517700164
-32.544338228918264 -9.010365296195433
16.174244555572411 -15.281166283298388
50.573248868739711 -18.911216335930551
-2.677977221667559 5.513849375028283
-20.750343198459220 -51.660690978390726
24.088528489024107 -22.169135295584713
-8.300479894808404 -2.935702010552942
-8.061699369148348 -4.697863742921172
-10.859639238738675 -0.276487496248305
18.299701327918186 -5.824977568553874
-4.510655848069292 14.324018259305525
8.060640509391439 -22.282171629590390
-3.104729414149014 1.869721594464225
-31.484913950785554 36.587434397053173
-6.019751595439867 63.992522461097295
3.972069832381452 15.022412298468339
13.668732803642040 33.051059463192971
-23.411036514498093 4.199851716371098
14.923874347506985 -23.854795065205582
28.206768193549117 -38.740678069883117
29.765320561678354 2.525868203839433
28.782914303813840 25.290297329661925
-37.159500851493618 61.355261666771753
20.561625859692743 20.365991919117040
35.678170207552633 -23.939441306838102
24.994618021746049 20.464184885052536
-65.096841733805988 6.925440359341802
24.497732202237355 39.901209974861210
-14.795961806048862 -31.652417739012179
-8.939895471701972 -8.956614397484467
18.771363622126614 1.006460729385688
18.496795923896869 7.037348162656895
-3.249334890608031 -8.643509824325651
-6.266572570297367 29.606370979684630
35.092042848920215 3.754392237691493
-13.843351701816255 -14.088951193291559
-3.954393931160089 5.712165839598198
3.896874201539432 -6.462964185380558
-57.721449515783355 0.812060147247771
20.817717547734571 -11.455710955618356
-15.660701314205285 -32.753647674047663
34.673102554468535 4.330712996063618
51.281228216441008 -17.373181544780806
12.379500807998431 -25.074675437688974
16.130068571816771 -6.344518254806751
-45.812705187431497 -26.267780079345755
32.789528142362123 27.558416743478141
-13.511473956631331 -22.721810091643324
32.588953230525810 -51.743766364372810
17.090064964776552 20.309030262435275
6.781504174045670 -22.648795525391041
12.205240034978535 21.398748099946392
-21.062828966493228 29.501821416785567
38.597818992047650 55.456237909351316
11.503589247720328 -6.887440576149385
-11.465071086654543 18.482375276127591
-18.770731629129937 6.670017465154598
3.021344141947988 0.970999934620752
-28.102846514676937 -21.580710459068122
-29.723051751715971 25.153044233142303
8.491993064398999 -19.544738267639406
-52.248894113052891 -3.726001027585729
1.075545286560341 18.318835928367989
-2.127150965571337 -14.995619643662922
1.415981108088120 -27.052728166423314
-6.682865224425256 12.807839583506542
-22.986097493047488 -4.243940034080652
-10.842065609829733 -2.560339178623479
-38.356850910163189 -19.116390959097529
-13.798923545135832 -0.473772241761423
-8.211385288159269 -21.820153363829746
-10.264915260780040 -36.095755360780771
-38.159052859259916 -14.497713530492261
-7.235620941629858 -28.157324859309394
-18.575008596127365 51.783584616537169
3.447047868618261 47.061921250966876
7.272644453659653 -12.839518106533031
52.206008613242361 0.606557961100509
-20.210469357395841 4.100896388135043
-32.033717703113140 -17.884508583585031
-23.037465392834513 -9.356600022935515
29.613349289498974 -34.621435546605035
4.979348678522557 -26.834531825852704
11.532746045986372 -18.938684357218982
42.505784902142459 -18.352921891147819
-18.153469423950320 41.370157519888771
5.264884383781085 75.979182939495274
17.566599977328007 -23.166756556739088
20.403724430000374 43.920739408919999
-3.113772940728810 -21.345127072060368
7.580520580277817 4.614013512404676
27.349679713849088 -42.239323360830468
36.872325785832324 -0.948451198855208
7.140706792771802 -3.873096066815610
-37.830552836833185 41.425449802435125
7.033778084785411 15.202127392269126
-11.419924280419604 -7.349874768853733
-6.537748600104483 -17.620609239395488
5.641395401777215 -12.320265619890604
16.972096595436255 3.156844879468107
32.006431591535261 22.567104591067981
43.383280359601052 15.323062869754098
33.194826761284659 44.776871595416537
3.486860958119278 13.259848166672930
-10.503368630875867 -25.923379624814899
34.178913074033730 -13.023056240625213
7.925502227650666 -3.797818289624866
36.361970842286496 40.376316957602015
-8.353390588808660 25.154886179938085
-21.097525004253985 -6.521365542606503
-4.165488736098047 -12.805610573002244
-11.551240676599839 22.197888415356829
1.332975221590600 -1.741897859956579
19.503057813152481 -35.726535053672904
-5.564830490436641 -43.012088630034228
13.380480814975162 0.529748009995056
15.964323342024366 8.333716554085392
-26.827863533545798 -16.392571408659464
-17.716996249199759 15.194498290326493
21.991692056795728 4.509526110702154
8.176268914258200 28.151718882656542
46.758624679181992 -17.537852047310125
59.701250553614997 -1.333703631838582
8.632811795032275 -26.366991769265653
-2.809017836811068 -24.090978727960696
-19.088180471667648 44.636879465686668
31.404366735284864 -8.027105088581147
-31.412747780974208 2.354085562291951
18.167871964527869 -6.657396956086979
13.718156346319335 -32.645885775767404
-0.544225692785533 -17.413747032830965
-1.145145048061928 -9.906758641867956
-38.140107538281569 3.629815858658386
-14.322795158609139 -16.266399942890764
7.898148762023697 17.812333658632873
-14.230298198187452 8.364989744862315
10.826952665222811 21.980233071350042
12.806131729938071 -18.144009058485899
15.171209589624898 -0.386854184565030
-24.678996689360023 -28.570229181049502
-8.806198813932028 27.126674602646208
-7.111953363454744 8.207547295920756
-39.500988926244382 -4.053730083426600
-8.406049888768566 -16.017410085482727
-17.280509568470034 7.564908056682234
6.746266899290483 -43.369782375416207
7.517648632356522 52.657234325171686
-13.306208905460524 -2.158903551124454
-16.453957610462780 -39.218860771694153
-23.942911325261534 16.763498085069447
4.709057555633684 -19.886976887352567
0.664549118383734 14.560489598423111
-22.300026762233301 3.363103410590410
33.443250487017110 -23.592493837727996
-2.573456384757767 -6.400174965261391
6.117817976536929 -25.280518186273504
5.705116315955267 -38.731848986482866
-52.113999013587268 4.147314151011220
-3.667902857298188 -32.393859231314025
-22.239567660494778 33.887947831499908
22.140881342073250 -6.849658152078010
26.798270179742733 15.376119952860000
6.599602002434791 3.715524650245965
-43.556264789813660 -11.728117903118326
-14.985791512017652 15.509363900629609
21.273158975220937 -33.684786189534144
27.001913181301116 -27.351089149699192
1.099733077354833 25.887200072089311
5.393554667322768 -48.575726031350797
-21.005421996242870 -22.805268546120981
-10.958812054341049 12.909779220873331
10.540344414001796 -2.653861240245139
-39.305383405113623 6.819401361689272
27.382257497081589 -10.772405136183130
-18.457686210357743 -6.754385655680122
-33.890424513033814 11.461181109916479
9.568197018226211 -3.514941049562057
26.607420714664755 0.059078510462033
17.604370066486489 26.192490477979259
-18.446888648182828 -15.371682859600071
11.310165270573055 -15.557871265379578
-55.894145855727189 -6.100000934406212
-40.035810954195213 16.764090681207961
-11.475318772104814 -8.384003267071529
12.745652683553361 -14.735927189967963
-25.661870084373536 4.169848277017643
28.116543000344791 -38.368804921948644
-53.353739021381394 -54.707954730978294
15.651686335375404 4.491108930107519
-5.759588812807451 -54.483526318085211
41.801620365695037 16.416947957790160
16.276973586376659 16.177791095035108
-7.088528965914514 9.552844298170747
-55.486683032658490 -47.672469720461741
-34.080973142919817 -35.507145323712791
1.310830429156682 -6.875973198833739
-1.994151891975812 -7.146833893968108
-0.610199937623655 45.999776857347733
-33.660063443597281 -32.984142226313473
10.358422464436570 17.249141317290004
-3.591791429054755 15.743052037776323
9.994183285793257 8.480377810081018
19.823969042544377 -4.951364976972888
-22.657446412120112 -3.637018013817984
-25.713193866859772 -8.264303182814347
-29.791078243002787 -8.800231862826566
-1.434367527850194 9.517715708035940
32.626968937010567 7.993348934527808
-12.377268961501779 12.172983740248219
17.588051889324760 -29.923595153996576
3.799562161813206 -5.153047398474982
-47.349377912890894 -37.348049661357358
11.901396124941849 -21.088880551168447
38.833862320661105 -13.423406203255560
-7.853261474783446 -12.904846480531722
57.559816511512224 15.368830361520995
-2.927581370253836 11.019686570528636
21.086339186208892 -12.477557971590238
-25.264562524732650 26.950254407090739
-6.953412593762057 -47.156493929939032
14.594245607265577 -3.380957977216570
7.270125532699141 4.733239709823057
7.399980213174491 -20.212879986548344
-4.654075972742925 3.264389844986950
39.532130027906931 -11.366281266948628
0.551853479119190 -41.450927598477747
-19.664967792951771 6.760601969741400
-18.483453361386598 0.332735228499008
21.196006212787626 -2.081860734722781
-42.787654082057010 33.821297264090632
23.342571790513794 5.626130933009674
31.535203096256655 15.897953541879124
8.030263257646371 -32.562359450875690
-36.951607350063760 34.316280814243363
-12.002298738880818 25.460020131610172
-30.539814465713700 -1.655945389188314
-17.986015013180534 28.529034916448673
-8.002490525243191 11.879823369987193
-12.912888750906443 61.788724430563995
3.240506123922549 -9.705408923226479
-4.794170706322499 9.183537678296656
12.648859773509390 0.745765034882437
28.459589951031479 -12.906513023090531
-15.220616468548755 -1.341361883552962
-38.435448402305823 -63.923591941101421
-4.205542089551471 11.443809691729074
11.402120123849709 -37.797912506596880
-2.903918926722230 -3.718510699140507
16.413339954021360 1.681290570566733
-4.358148642092628 39.255381301314358
-10.772041416757958 27.997033528272301
-23.085622016644493 -17.444568060099982
-22.655033991861515 -11.550051077630384
-1.269753420669486 18.569798446135142
17.397715173924794 -17.858050226448519
-0.836925198806163 -26.479164296930627
-13.036619260801229 -13.240072184838054
-41.899780195166031 14.981957614469087
21.333417507618435 -0.924167291589763
21.555635482364611 21.303057592332959
-4.298594277348339 48.305705740610719
30.883447935988404 17.402780800126603
-6.406835055809420 3.776413637985241
2.538232635509325 21.581264797943344
6.828101027280836 -21.754573541578917
4.092719376643598 12.156098246822422
21.356243988283669 30.588193672963694
-40.510028569287208 -7.761751424770893
8.776649002539939 24.126112008557865
42.304022253766767 -12.336991188934103
18.014325780390209 22.704933927235174
26.433807433506615 22.757201058078795
-27.477268226727126 0.008600872313299
-1.685090000959821 -11.649138639471838
-13.152867131186959 38.551450139036184
9.954126025875457 14.301503802143088
-10.944419015088776 -3.101057678409456
31.483171336020966 1.770619022564490
-41.530930671077968 38.455119281016131
1.337787986315007 -22.175663728937117
16.066999817652604 -16.387606680819687
-38.992037158561303 37.122374654010763
-16.248104786718628 -34.967140683197236
-0.729798601151684 63.425943184439042
-21.857122590237516 11.562256244406868
29.147918593127841 40.008319547242870
-42.924301528041212 8.862086295561179
31.588330122774931 -37.546018056888940
-29.539878391716982 -57.423323006921684
-4.618430722892911 -2.374669902824446
-9.440412953922053 2.623856110076110
6.283588735737941 -15.074149536191616
-4.217973822056424 12.721999485774198
2.371987660089437 -15.319865724892729
65.314660423414836 46.194845457559019
2.436477990443113 -17.442010529937722
2.980054950693784 7.604292267433707
-40.801635751416285 -24.310781174722866
-9.846347460207863 -29.520436382624471
10.398670026723126 7.276532982065987
-14.268398642142930 37.849172174838259
0.846784445931996 29.121011399947164
-15.571524429480784 3.394150988980192
-2.775147712949789 10.149459400789995
-31.731480806325234 2.871393381500630
-44.712982769594710 -9.314009635203783
-57.358097902015835 28.017596218119255
-20.599406271812949 -7.568109958334023
-37.904682278269007 34.017341955701653
-27.159122596359829 -34.481465811881492
9.522750178229407 11.776957025081099
16.968072457343048 -1.799325730703516
-27.366918723925203 -46.668871867803396
12.251001988053529 -42.169822318454052
22.668522114256259 -41.959911600106345
46.912749514088908 18.802598283258224
-10.281251108218848 27.564106261149202
-5.686614376179906 71.268121041124687
2.628901972563736 -26.429880700251537
67.503836432325855 -10.439871698222198
-15.379890540538955 -14.655048891769340
-10.339136486858894 -13.961866743973598
-5.114868989665696 10.711316354185497
-10.926337409787990 -36.421305497569335
1.466507932573380 -30.607380132081470
-26.386377473156031 -6.055325117116838
-15.392724853180635 -2.645689737195686
7.338247200668568 23.476050085779104
41.939023641145980 -11.493821389515173
26.922344475049353 37.125557998201032
1.427329863204430 -20.506227582777470
22.409070986254207 8.137279780516701
4.646492535944622 -20.935926189844889
7.062109982393231 2.916602429212785
-39.180522024191141 24.346366338498488
21.887680242819442 -11.746872835117800
-52.343256368078421 -12.369459010310573
-47.796265282335831 -47.612659685183637
-7.871602116964473 -0.179935919122485
-14.036392192306771 40.848159480712496
-11.840558732950203 7.597349628608553
-0.574878494155027 -2.455672175349656
13.391842886221553 17.898540062261603
-4.553774421536133 43.984282430279350
12.514446849568706 22.821294280907171
-18.337833556711047 -0.915009543362810
0.785624516148172 21.596994580841940
-8.360247845396204 18.762315862745933
-10.777617678335234 19.655016969380977
14.297183943879086 -45.217335820483029
6.294586362489079 -5.098623978727587
30.500983087177211 9.385533968548808
8.970426044790862 6.166996902474659
-34.185997439059392 26.394475143116143
-3.686555963627732 31.960828000149345
-47.223172090547081 9.933599263809139
27.415690250128609 -21.811044763619766
-27.947086306182136 -35.054666536950457
-44.943155902717216 27.369612165677374
-0.890605025022798 42.579180829847957
13.872128165109224 37.883497730508836
10.281777638103614 12.523773754165154
-20.234771406280348 51.244517596148242
7.150810917300572 21.093405318976330
11.528538995640492 -18.676690247465363
-4.492413241671456 -9.161731851807232
26.663280125665359 -11.625504895431314
13.008317481931790 3.188105650673202
-28.381162213841858 6.328104405025569
10.944466795620878 2.489475793589326
12.607293261811181 45.229916151449757
8.027185594125848 -44.415745008761952
-17.491734722088569 -4.847486085200154
-35.564997206082104 -32.584644521856333
-6.432124419127829 -16.777863078614029
-35.766304158141118 9.552543891605398
34.866828750899856 10.170726190568153
1.991271674777143 -17.432366852337342
32.139532798451100 -25.743561707701570
-26.716983944217951 -55.796875478167927
12.403207641925544 -23.188150596194241
-5.019610541405871 5.893689021262877
-33.825231285990036 19.640587981738197
-25.194652371364420 -35.276131531324609
14.452625200379403 -11.560718632645264
49.243921248733230 6.602242430093562
-35.431322754872483 7.528250624897137
-12.200457784513045 52.732297226327717
-3.048363710350263 19.987653527109419
31.613539914782478 16.041608058239017
17.238443804086053 -9.803092344223698
4.222677367803230 -8.543950800507211
-12.455386450159196 19.373217477024625
54.396301024678912 11.531723286760485
4.126754608812469 5.649975499753819
46.534579559427570 -22.547032447880724
-23.324855635820729 8.284345129688328
-48.029444021043609 -8.165664443550325
11.779212692783419 -35.915839176770788
-8.685104264809791 -17.781204567381657
-16.140378437308605 -31.996715485604820
-18.483371027630245 13.413385280812397
66.097578600030019 -28.348649832760639
6.116011652633529 -23.759184922646394
58.995431148866118 3.441303941543624
-12.135885974551663 21.517781537450833
15.444795562367220 22.482582950346959
-63.665348155580702 11.701949615859670
7.936755362206412 16.753452420129580
9.014047755818757 -4.139086823296142
36.036585352051709 -27.835494426559674
-2.610301218328993 16.641392693642988
-46.246488242063933 8.201335934928871
-20.190112194767455 -10.868448883891562
4.594226673445603 26.187223192328876
-29.946066726810418 -25.709347960174899
-0.568457930358723 -33.728912104207154
-11.171724479588509 11.777172792228235
-13.332949534453741 20.754026498976387
-5.904161320180723 12.720360447875443
24.997928924734605 -6.087921321596345
2.847101219548093 50.432368365006802
20.132227672434333 12.701043763974608
-16.366534964812459 7.235212415513524
-4.362648585358468 -63.572832277258364
26.059360414126161 -11.517830550092949
11.781341633556050 16.100642908378273
-7.245835888386523 -22.395253875242531
14.154624576487880 -33.587354868905209
12.384593932770384 -22.798010270312730
-47.009379065604797 19.778383668861753
11.395000180226653 -7.297928443467502
-55.005257181713276 25.829295240354899
4.247596468618704 -16.280677373935582
8.202724907962196 30.021657745722710
18.787952309225016 -8.943817006586753
-3.050446530508093 -11.275334448565552
-22.149683431884924 -22.495917045038112
-26.218389476201232 -15.836897221374459
-22.648760778065395 -3.575122659581011
15.323777287129509 0.924045890280292
-18.701663744924712 -15.257205569540261
-42.525866458046607 25.403063250569936
2.098490424093320 -8.679907349375155
37.527688644500074 13.091841213735618
-19.902567028310614 12.336320851709063
-9.129921653492406 -10.862297908469239
16.617353593547840 -3.987836183107289
-31.798732400953771 -24.065054462000820
-36.188251354531126 -17.544641360936097
-21.752626939333879 -15.958838652910789
17.857913266312245 28.736373398701542
-13.536571909142754 -14.961192360583897
11.658085375007614 3.356937034322502
-4.052689261878863 -41.414372633653372
27.655904766629874 32.642759885162249
-8.189380500979837 5.495859044954834
14.210136055331175 -11.193987997656654
29.834127469708221 -5.863267693860002
79.251161850606621 -7.948550149478820
-14.165329617107895 20.563845803508364
9.999134809132421 16.769929756164647
-48.700243150774440 -6.852521690660510
18.032777150932702 37.845206994708718
0.679043217328087 38.291988276131818
13.776970315513131 51.054405686318646
-12.971233912574988 -48.512718962810006
35.257121227432428 -25.999254569343247
-17.285045674987213 19.030195593002261
41.178963730072638 24.797715590745160
4.081857762637899 24.415504960515026
28.233873942366561 -41.643894698076153
-1.556739521750574 7.348488789830371
-8.069758822734871 1.089126483800168
-31.146595226092838 -3.513871138113296
-14.255341045549313 -17.935637586974369
50.718695370544793 34.995729319184768
14.846714828467023 23.055215039118831
-3.264201045369516 3.339421498210526
5.779755679478144 -11.267412873912100
3.638943014487459 9.609389078658754
2.797120223795520 11.302548355120409
23.564225699061648 42.377670599475323
-38.697844805338086 -28.424759054822701
34.072049408966002 22.261299034781814
-7.359055798530258 25.018777980643197
-10.598142060309620 18.885213704179336
14.057612137118630 -13.057009437902403
-13.895764259950740 -27.718496790200103
-8.408081588663448 -33.118790102910175
-20.984591821971900 8.914353843832290
14.053694015240122 -5.289362380519272
-16.098758426353175 -15.323965848580986
-45.848282697789678 5.695500379376472
-15.700800998794836 37.591363012081430
-7.076569371328633 3.046813968321837
-8.689618082534871 -1.581426322459850
-16.920020118357119 6.081215471940272
14.541572891978410 -14.778641871747924
-18.351402701748658 -18.249569586557012
-26.821791651031276 23.092872030933115
13.079851530110503 -9.783033157069996
-50.268163726125223 52.726201321897705
9.004010073916882 -18.773008718248274
13.557093170813024 29.124001365755753
5.743119732875237 -11.929626869981185
22.614780357951325 -60.006661742544132
-20.994729934133193 1.908502596455010
-10.799258783328561 40.025232363551517
-10.137660427384219 24.822480171862860
-3.350423622606469 10.128031638481378
5.503071774442194 -52.040241279426724
-19.830291001195210 -6.804510128639117
6.543065725601184 -46.170670548618254
3.403208511971196 28.270867295923541
10.650702271414634 12.822873166011307
-16.083777391163565 60.405301641128240
7.311384491039691 11.537352928356785
50.697687801189204 10.358254275211905
15.719455065809932 32.253897449866223
13.253892508941957 23.251070648896452
-7.580847488646977 29.526537744146403
-36.108319857598744 -57.275847330182131
-19.786406679231458 -42.083934691880444
20.118970831795508 -30.608354171184185
14.128439814136291 45.670465854313733
-14.975813047846790 40.362718984110607
-6.171463405260451 -17.954184789425991
31.862376567088017 -30.494571523820476
8.527760884954008 -24.171809755503816
-18.413801039772657 12.338523425677902
-41.502738860610236 -54.823593329179261
26.938178344138318 17.547566945128249
36.139724985919514 7.959257650733901
1.157404962050728 -1.237234279935200
-10.634519231999370 26.396325162269427
17.706697011895926 -9.073396580566989
20.040618277954650 13.134318325048264
-40.627087236791269 -17.437206545740430
11.152226597021997 -3.890030942066593
14.713058634532803 -1.820948833095010
13.109021142827665 -6.020611253796652
-24.795594551364047 -29.381043248737289
-3.745746105110692 -7.549287131733535
38.786909771131477 -25.990129630249417
43.941967985203235 30.755612773581500
-27.013362353342742 2.531135933469778
38.101375809434280 12.706934233744683
-15.913282446195785 -23.864075686774349
3.332052360898968 2.886399210093889
-35.087178881904940 31.392105399221457
32.233690037281328 10.301312471098077
-33.902973568290882 -47.361657201778101
-24.357626691862762 14.957482067489535
1.613876022616337 36.495018803062109
-42.749854422149340 -5.665150713636706
42.048730505030647 -4.052573720473311
33.342489141402417 -14.935506192747074
-27.844183434207412 19.460044750454376
-8.875308623770486 -16.195366285265347
52.784860526055233 -29.101517997564912
25.803479401795251 -2.108238945826684
11.037109793446168 -40.404014656058415
-21.134423485858775 32.800540174165654
-2.737149590175901 3.433253949870413
-23.596505005908750 -11.264649323093145
-29.408521975626208 -6.670854502875541
14.553772172020262 8.730099080767497
45.406150908095533 14.556617572082889
3.030517995717970 -0.012818124123955
4.494478186914245 12.423208558206099
-27.775462975076607 32.914710094036643
33.515938291504227 -19.355087927620513
-13.869004889931690 16.123852470874883
23.799316615221084 0.881401199857329
30.719583464708204 -6.493446778283111
20.786922644826415 14.986007693426869
0.022761444152310 12.747870431973103
26.443732919384324 -0.588543448935056
32.559876215783909 11.868923637773712
-42.086416591618011 -6.956599986646586
-39.825125037929865 -12.930882606539868
-21.054719655094367 -52.094209092710265
10.152306589416860 -35.857499793910144
9.875359102287554 -10.468926723422145
-22.383707526825955 -43.973399584263213
-22.320590639833043 50.053686996496147
-5.973395905925727 -32.255342314635413
4.818926100633258 4.551290186504235
18.505893896265878 -29.436413432285111
-11.558028516565068 -5.063451041846272
-8.807375695733830 61.271842726487080
5.192787335574499 32.662183544571548
-31.115810796301616 6.967649082777746
33.921559769237710 10.339335585977308
-5.971484467304203 20.664817401983960
1.627335106478591 -10.519656137611170
5.522109242471837 -34.949526075285839
-10.615002255274847 2.722986860493070
-19.181370705987323 15.209748443672447
-16.864817777565921 -23.962814593277578
-16.056668073260099 4.667277314802760
-43.821271410845476 22.065023101926243
-34.182515907826513 -18.275053644567048
-7.405242836023121 -12.615120402836853
31.376274729411563 -4.312921219891038
5.248214699544253 -35.469224850328075
1.407656403002675 -15.934728073331442
11.071062128899328 -19.680372215064502
8.725044481976985 -3.179883935249550
32.877385706700665 -54.918209418940179
-41.111693463213385 -33.707991928960126
-10.668167047316205 15.784101501788989
9.324246315737780 22.163303183488541
17.083314065433033 18.944591256908787
56.634034726094882 27.914917408797301
13.278617011356374 -25.170829134088162
17.272221436089314 -30.234620138317549
14.184319697371102 19.342269370940368
3.027905200754994 17.034347832686308
-9.128012967555067 -32.068529792911875
12.070853326011870 2.270008388906366
6.230314205098446 -10.079168349292765
-13.887527953852201 8.936700448091909
14.398581438540312 52.523230743843634
-43.909011463713085 9.525366425647748
63.466090818582593 -7.211680128702689
-5.856603446981384 9.613060602300175
-14.475001450921850 19.337409676143803
37.076353935846953 -2.029170061464534
0.900244539899725 -11.974715584467702
34.744045106026768 9.674082293570557
-30.471766255640134 -20.170745335891901
2.491187596664141 23.829211662955629
-30.607829512657599 23.166929450291363
-46.127011424514194 10.966144357600443
34.244071094701106 -3.404683793272889
12.030616803247403 46.088994965641454
-4.230146122119442 -19.968675414943988
-47.590534028551424 9.848893254026697
-7.015617451895245 -15.890227724369131
52.312810961404431 12.093102700964529
2.030436916142342 -3.728089744561952
-18.203320064751285 -9.955833411513245
-21.154016841699036 -37.425539851706333
5.587480487289173 16.520005047508224
61.656441006381094 21.496508172214732
37.874631062812952 -54.807473533370967
12.786228314843903 -38.039016260409667
12.298106842268627 -13.240895388846232
9.334528142534616 0.719620631930556
-0.258621735195264 8.062793317168621
-5.413249501526819 -40.069129431168435
31.348191814010878 -22.355695133760925
-33.889299090237621 10.508415437873877
5.144411184128230 -1.847281190909198
34.893860624824285 -20.632698993007068
-3.711062048638603 3.552828652467933
48.275781562898310 -28.214537754943454
-35.330109755495684 -39.356316760767598
-49.490996120574174 -19.828148305524099
-10.462737548860684 38.731885468282698
6.663901426573726 51.019453901697538
-30.720732665442970 3.763366121586846
49.796162387384271 -20.594075158353501
-14.777718562231035 14.830153622987297
37.031175566149656 -4.550901377553731
11.316859226810841 -8.797894008182077
86.581897426877759 -59.175617656633918
7.283923857765080 15.590908246810061
-2.700392786933683 -8.406480291016004
-21.769687007535676 -25.348398158115419
30.559208125437856 -26.899727216268275
-32.704629535347401 13.874027341606769
19.158673023427717 59.033156098462776
-33.894533480894992 -17.009135909015260
-21.336093581075545 58.533819283339113
-22.207553053077756 -21.059878141032996
-3.340620364735421 -23.616336307736791
-55.872827252283706 -0.485360806033417
-40.894206966186410 16.101439529455003
1.674154980575893 -11.808866538643951
25.705312485797048 -49.362395049301135
-42.381498307572706 49.843336662706747
-8.386889554786991 -1.822960699563459
52.416279592363104 46.130717414962191
-6.060877246202248 -16.427102955945173
24.918317344393920 -58.771039852994470
-24.760481244968190 10.560694922604107
-10.365632465500672 1.787471178897800
62.139402007736123 5.548981223504900
-0.625082339343845 -40.427711717920630
0.639342945911326 54.981964793172246
33.884893088996847 -11.894669580893654
-40.062974523247988 10.510223655031474
26.145578780045874 2.020427660942280
12.562659604991552 5.602118651945578
-26.851700572550698 -18.989079920964972
31.696341113787629 7.049849670567913
1.794338846811503 11.728641195031170
36.269949070115551 -34.714911115161243
-31.233117685923883 -4.548926644848053
19.910232788857662 12.482319971616976
4.559549492311628 10.241169085902703
3.583738346655553 43.700723380784915
11.260530830337636 26.022757483181188
34.374480531574932 -55.300467977371348
-13.626840210846252 -22.656644468833999
-22.627758795877121 -7.542285834642558
37.624376935816223 -39.824556878076336
-8.267313439953451 -5.237257077576283
-2.561939905901337 31.817944110719576
12.512483346255278 17.555147951183859
-26.417451237120027 16.919320003374143
-11.873890331896368 26.323907924669122
-18.328652277923211 13.889791063379004
17.631870678388228 4.670331494220325
-10.333741373961068 -44.619830002934378
-41.782969215718893 21.269397018780161
16.687995555891980 1.093262871266653
36.735598520399485 0.589937544830579
-0.839243515196633 -24.387889864520368
26.143793283707836 -12.452803961173219
-9.463783090773658 35.421641785765587
-9.266328961650956 51.470316169223835
