0.000000000000000 0.000000000000000
0.000000000000000 0.000000000000000
8.930954232528096 0.000000000000000
26.448585031871243 0.000000000000000
7.354234555459484 0.000000000000000
-15.508297255236355 0.000000000000000
9.485642651136128 0.000000000000000
-17.125575461193922 0.000000000000000
50.616387452761160 0.000000000000000
-9.113885188248537 0.000000000000000
-32.128078272948123 0.000000000000000
-37.410575783868794 0.000000000000000
-10.722339883074907 0.000000000000000
44.399187482219830 0.000000000000000
-14.568718890822154 0.000000000000000
-12.722762370717614 0.000000000000000
22.469307905241475 0.000000000000000
2.777120388851749 0.000000000000000
20.860061201620514 0.000000000000000
-39.992485230470720 0.000000000000000
61.197826977925729 0.000000000000000
-32.755392718524021 0.000000000000000
21.037363148693078 0.000000000000000
-6.528985635883387 0.000000000000000
-8.691951960881626 0.000000000000000
40.604037999680564 0.000000000000000
-40.480745341206919 0.000000000000000
-21.234328116822901 0.000000000000000
-22.069326779770911 0.000000000000000
49.309803592483057 0.000000000000000
-47.407778796357306 0.000000000000000
17.630521076655562 0.000000000000000
-10.711912153515527 0.000000000000000
-49.868695912390585 0.000000000000000
-1.842312910643789 0.000000000000000
-52.622132066920635 0.000000000000000
51.406017393861475 0.000000000000000
-8.477984843105357 0.000000000000000
48.325949455620233 0.000000000000000
-47.213428388651884 0.000000000000000
88.482822180970629 0.000000000000000
2.605730782268780 0.000000000000000
-44.043455891242189 0.000000000000000
20.376417658639088 0.000000000000000
51.562784412911306 0.000000000000000
-14.707777952546712 0.000000000000000
-24.207010809836440 0.000000000000000
90.338473010930358 0.000000000000000
2.528876930735223 0.000000000000000
-23.011402644615320 0.000000000000000
-7.366582496518778 0.000000000000000
0.000000000000000 0.000000000000000
-35.123094315547100 24.543098496315864
31.130727306561592 22.529245621342213
-5.388244976468147 52.634301881874940
46.826867254372075 -14.310670363987420
-5.282639701483384 -52.817120070843053
-22.353479836516662 -7.608046668172851
-8.679350258593930 -43.086814173082089
-6.709245293209921 41.363791660087017
17.730193116940029 -14.907701865707706
22.167599588218280 37.730272054993989
-23.463101858931786 4.193981937198559
-37.610603374942279 -16.405851665029154
13.599051731826977 -16.150691121294898
1.635510560064878 -1.534059474092579
20.623874214447461 -3.415929698646674
-31.615305093969205 -6.462012042008141
3.908404126618005 -5.473613873889521
13.167838170260332 -21.535776840691852
-29.652781677277144 7.027524622714156
-7.555718946668153 -20.402313735221913
-34.686202346554566 -15.093895182956341
-3.347114041939726 2.854872112758405
-2.175779848267413 -25.339214238820720
-20.520509646790618 9.257202641887311
-29.370613922984290 0.825038074081872
14.459517472069530 -12.416300438138816
-13.464785948221108 -15.491042978793066
16.006794593807172 18.351270007237108
33.277745266858240 -12.140864040199475
-13.803818505289499 -49.956137240013327
52.552377730706354 14.442850858291344
-12.057150272377179 -18.378574271948786
-18.507701500720042 22.488296122564254
-44.896636712878674 32.450089149127997
37.227744333917023 19.404386895559583
10.033580942416165 14.690469294877978
-2.549728937207106 34.671478591385778
14.637857897709713 -14.607302310862991
-6.892840721111307 -14.687392162191665
23.238002986757444 -8.796037550123085
31.589392945715012 -20.566457980879299
0.186396005654134 -23.058847927932550
6.260770460940423 22.755922899204322
13.490177512914308 -39.984729464118935
-29.411308102433480 47.778319568053483
-16.192243733604958 -26.311202380366279
49.442360529352499 -17.079776884765824
-0.153599287977985 -44.753362920811426
-34.469566763302353 -28.367592871448426
26.995754970218407 23.821765867645524
-5.357883198690089 -3.714119596102290
16.644568641380594 8.102778555717899
-16.371852854038320 24.724874386291649
-7.143649120382817 31.276730534898498
5.395073657927582 19.528389407738796
19.860498603778428 -11.640951229034103
-21.940159309814359 42.792239455703964
50.648351040915230 -4.379028337969059
42.400032987111246 4.155454907380382
25.700918129498898 9.525903770837145
21.597938844271546 29.322069912671779
15.723833369584007 -6.626135103363558
16.351712855834144 -0.124950077843352
-10.994464385498292 18.032557107327492
3.090054533022367 13.366888247376750
-14.985112207554959 -11.357275300230818
4.239522760293640 -17.284047706258640
28.264373258252061 -3.806220019060991
12.305693562430051 -5.884042148995619
-27.584762365509661 5.000471159555100
-11.662670553166858 -4.645037638986262
24.322367661813644 15.412406118710898
42.115406745182888 -12.285155946094543
13.037837927733204 13.461072989819023
11.366886397348393 -2.126670119183210
-29.340429150037984 4.509140967073672
17.124674898438599 22.126933453208171
-13.503358512477597 -1.534641991420504
10.345113670475030 -13.040988794583386
36.821447409043948 30.734995855108060
-2.811758800652548 -28.838837423901392
16.693748714302082 -31.779131284036552
15.596273622225372 1.828231506574887
-6.470833238157228 -26.262480787173921
-15.492192705255434 4.148734863230259
-16.293148922955794 -5.446681891691833
66.128235963159511 -23.122354711242860
-31.798125561392972 53.152529428018013
-5.238647285040986 18.101196289608968
-30.873169600952600 -38.944176839626330
5.324038087897156 14.991035998866565
3.037044100042466 -29.041045903052172
20.382114839239676 2.406533891258639
26.689115910171314 43.141829453268670
17.888584226677253 13.797716920185819
39.434267919085386 -47.222393202530782
14.290970596089078 -25.944556605942410
9.770801640667045 -2.244987430209620
-23.476929019840721 -3.427535895799226
-52.999238841210563 21.279010473327823
-18.096323193904421 11.836020692416879
-9.113581611084223 13.378612554671173
10.200584312049225 -25.366712731413443
-20.661976060704120 10.142592480165739
-17.118178354730105 -4.987424468594090
-3.385629840489568 25.958495851753778
48.475917698681421 -10.338010407706829
18.904148197929878 -23.198277407207872
0.030892933816608 -27.583419224387303
-22.373024421344283 2.734004051788844
22.687032062215110 12.000400740509521
3.212757247239893 -19.398819468235065
8.562813606407904 28.335729987944635
18.833170350701856 -1.708953321310928
-4.260051002418961 43.775923856981656
3.174164641000743 21.360156398468568
24.873611521767064 -10.356060136953483
40.850955647539550 -35.957298730225013
-48.541658649811886 30.711973217238700
17.590101977253521 -8.075873833329679
-6.662195055449741 7.702430726683891
-20.011974636801501 -0.492743715325594
42.941261623007939 11.375713686446943
-58.649120465292938 0.336528831600805
0.092906388063180 47.331627698843370
-20.095654080349561 10.304960971690818
-2.353475478980249 19.737581434258598
-9.055296300619625 -19.386120846402118
18.777747847125937 -12.368166541070250
-6.629348081590106 21.478070095021089
68.766808391271780 40.138881165686961
-10.296909225893804 25.902398326481201
9.456105179703005 20.294101874800408
11.974165573835970 33.904740398898738
12.666422583142475 -10.410356788654306
23.456619279319884 -8.856525430348151
-0.128651533084553 -38.483280566874328
2.985399083202615 17.821907749063421
-35.913295477909593 -40.673694383452350
33.937763759989664 -3.358505392200426
-0.980556309407620 3.393221268448970
19.396246883639741 21.792609961866177
-33.450761321329892 36.068003990814908
-1.589878765833162 -31.567885424841553
-24.241160759205957 -10.451877931354499
16.326731053968935 25.196855075680759
12.193257796382918 -9.801267909875628
29.559160164362503 72.167262294264560
-10.819489754540983 5.298204568539678
4.958511774728462 21.321404860657353
21.976131430297773 -44.286141723029765
38.020210338199014 -7.959197184965704
0.666757914640394 14.539392964649215
3.194711045869015 -9.667764952377397
7.724585255271292 -52.025118927017715
-0.869293793580522 -2.264365243394515
-16.808697124822999 -36.306090237199150
-24.423255202743078 8.673445507135920
20.799418918017420 16.533409284518420
27.360756286835194 -6.987049523169740
18.779596818583297 12.395064613121608
1.281448181610989 17.354486741483708
-3.467524280430012 4.993132622456078
20.861370258623456 -0.103279981373100
-4.901961853118740 -32.646075060122612
16.009472084704676 4.341558928051262
47.289695888487245 4.414125220504145
14.429494332540257 -5.556247457894226
5.176068447803120 5.716440037122158
11.768069154832650 18.146575816744395
-14.270778164151066 -5.992525057037351
5.401176728197449 17.789815124619214
25.100204461357464 -13.065206654717398
-0.662750454056517 48.290251023389317
-7.458321179430497 -22.233231229832001
-50.768207222593084 30.309219716399188
-15.549363711892219 3.685313502213390
-23.207432696902096 4.922747953021933
3.471200362145514 -2.988648103293905
2.409903805358692 -5.163018199777856
16.249896321949201 -18.540252205741549
-3.280973428207877 -11.891068025849433
-46.940179928205580 -10.243659044380500
3.208973756710902 17.761489531690991
1.941379025047353 7.578957323503258
-26.701966626404964 -40.147787860966659
14.911963737040598 -21.304424186181322
9.232651763627128 0.844064038443324
4.140647215164073 49.436880566200756
43.741448550151915 1.493730949871734
-36.580728602509424 -1.202656832271852
-4.969904399454435 -11.119330030920985
-25.446537090941305 -35.752402448984974
28.368717557743636 27.434341925942899
-44.714650002923889 -18.876788095993863
7.738408127288201 -2.122369186549916
-34.044551249455679 12.922943316400088
7.324216694631478 16.144418628725230
-10.012842425188660 -16.504546905282314
10.872671837976599 -9.216164857798434
-12.323740395432329 34.230918692159896
-21.633123700786502 17.978706195945453
-1.226537072155120 -7.227062017760412
-1.777252438607131 -7.734983865713735
8.488545884881491 12.032108898884811
8.571790693359638 -15.205485808968419
21.050028085367035 -9.799452131766776
-4.640939512513768 -22.654294632470133
8.678831823374701 -21.290065511315898
43.427715747770890 -39.885516354681499
-2.636824739286914 -1.700008972852239
42.715687705434881 14.103802832267844
20.678999223815349 8.283325464977752
42.616848391772493 -11.689632568036782
28.198874225149623 -18.267974979316520
1.671089059913475 -40.661605150329258
4.246094018249888 81.123083078700816
-45.473862229330706 -8.300839762317985
-8.671861913651611 -16.145000069066363
29.171734212356011 4.123964845895822
22.828351671771518 10.668738629500647
-15.055864954875569 75.096147595231258
7.775424131605178 5.211536469545509
-32.566927413400371 30.635823920470809
-32.883746148193296 -8.084586278215903
43.988853655669203 8.647090437068773
10.396403602660083 -9.847709316415374
47.356818658685079 -24.292518439237941
16.670985991477075 -0.676714013918832
-29.393976923727180 17.460515116354259
40.169143572153786 46.765127195470164
51.887939336290067 5.320582607862416
34.146264625048921 1.271050675573438
-8.124457662834839 -15.183879963494814
35.821594959807143 11.096807512489253
28.468244219384587 -48.772910537180536
19.278492692630941 40.301465446102306
-34.074182356775879 -0.700961144312378
14.505743684738466 35.039532391062224
6.006549201990688 -33.977297912447320
15.014119988747815 18.862689042502641
-2.009780102481782 -8.859277622231989
2.872817319344259 13.782309932347806
10.239814284139488 -42.263239456657082
-6.002393595391994 -5.353418021851668
-5.908026975938795 22.211691219488230
14.316249188374915 28.040843171583621
11.730739854653374 -30.536250337063549
16.109702125368184 25.541284260779772
8.715635282598377 10.154039991655022
26.327805347368660 -3.295775744864711
11.782681191053779 -26.664552290670521
4.775074550606099 6.208718316090210
15.664772877836191 -6.180258793357356
-25.316642751217181 -15.048542705762125
13.643180701117888 11.800343319221820
-16.516008125690281 -23.998110703007018
-21.748377829485317 34.715930709242166
-12.240678872487825 27.530173879121406
50.194952669311348 -19.443728679207425
16.693303568714892 28.567351552936707
-58.388726177390581 -17.893881482213910
-2.994336501412513 -22.886993902776418
-42.833280919569312 3.771344171863365
15.602300090367764 -9.267341722154587
-20.681003881872307 16.523110787098418
-14.574730696439589 -35.574324972481556
0.526170292011622 2.736688747163041
5.133044152612748 8.557992845201140
14.167297482416002 -31.623900266328420
14.314574728361064 -0.964499635807858
-12.305234747751898 -23.046559871522202
-36.156321008586168 -5.231660922426828
15.807433224407653 1.356092901127988
8.392487098101167 -2.385201880621854
5.091284371823207 -9.783856045612197
-36.703549989821056 -10.045976403225666
17.235393120839220 -11.101057408326222
-11.440926102441132 -3.350765580807862
-11.135844683821773 -6.885064055783323
61.423432298247256 25.768399414442225
-36.816720682703966 -34.719094090462157
-72.736180282630826 14.748491866825384
-12.977240403773219 -47.211718736364730
-6.700520300893774 4.616747511167508
3.161775932479033 -27.218129418618147
4.755144271193114 29.500415445720403
3.829516479528249 20.763467257777467
14.246891587368617 -23.639450643828454
-28.457063906635856 24.600995352110342
0.774420407909682 7.785593251243216
-25.833843373088079 -17.603777063118713
-24.280649784328485 -17.108974557076369
19.949936270318926 10.886984567324898
-12.184052007429555 -13.256939641079763
12.163026775630131 -19.291433348828047
-0.254951571072938 12.381979024894724
-20.559322872014459 -31.605960318029815
43.650005433400636 -20.840363698239699
-30.491815936618497 20.306386045870294
5.476077979315180 0.945810451980692
9.928202760591399 14.920992083880639
4.953680744300744 -3.614737406761643
-10.866625115414179 28.287191743575669
29.675067300070832 -6.954327888213759
1.686014198348085 30.544597742668902
-7.992042843257487 -12.363931403819596
-12.750966234063601 15.057578332128337
-17.051816703392397 21.782561273904374
25.125464615627170 -16.053290671545636
-0.099773082135796 -20.966737300562666
-5.946256479765798 -52.557603522514505
-11.386093493919512 29.047926807695660
7.310105864560158 10.887656770078978
-12.279506921486504 4.778107236079657
6.312323623271431 -12.447376873127766
8.267975568868779 -35.570464317153650
23.560593253483429 15.412038221458587
11.559761056884044 33.427636254079296
-20.810144263933548 -23.721039910415094
13.340802649385541 10.562964430243598
-0.293395778504323 -18.695305948573473
-7.612529559229213 -43.792002910047252
-31.831166337859219 43.725645260772026
36.676781535024247 -56.781025664910260
14.326363050137601 12.494091405650300
-0.932787806997631 -10.556139763602790
-4.222869109680798 44.252116882233445
-0.608602969741942 18.820011993176156
5.739761120914370 17.606840235226048
-11.974023382259903 -31.552164621073310
-25.899775626826873 -9.339074689434081
11.444367953150284 -22.908477296658734
9.927196322368916 -10.755830701939404
5.398401287610021 -8.212260847992786
30.911395313303458 12.991939743311345
-12.621328788050947 9.739589398011749
-40.378314377374700 3.235989473679715
-11.541803660688073 -4.824345229122065
-13.717053882342354 3.615121135983945
-25.933197406525657 20.453045918542024
20.650321203896588 -6.115603140249730
23.991621935210055 -50.364364388225241
-30.121361023381883 -1.323593800995636
-3.336381298235950 23.806633905017687
43.558810781590161 -19.326018935477066
-7.629625661564508 -13.716903931899438
12.658636501672852 18.208044961533940
25.101717009452173 -6.497180558125526
23.190322914333645 -50.943830127968745
52.919584701604613 12.156601721739015
6.480349658106836 39.894282621640606
29.354076551161668 -5.848369177622546
5.304268406084063 21.414996168702938
22.516389091798946 0.220777354231967
-2.233693671456035 8.524197993429111
6.826290124173148 6.324422476232978
-21.894884049074900 -36.496806249412181
22.651076624059151 27.003333998702701
7.804095688353360 -30.256103349366892
44.933901314987537 -26.240763489357935
-14.821269846395062 -20.773503238655294
3.235366838328873 -5.526169026999317
8.822882586374385 -0.229925996734589
-39.014677775334931 2.834747392252921
-60.704847006722368 -14.062535107231945
19.298504557013175 -49.484800123914724
31.595300633981108 0.951300156193439
-7.986014322452719 -13.636320106796873
16.205776902989616 4.866877892764421
-10.413603582083320 25.717876697974457
15.312607827056620 3.788906303208523
-3.934710631231436 63.850781662100999
-48.467573618583856 -11.446295863040691
19.256707430616597 -50.720967725487014
2.666732312021773 -40.072009305600673
-12.893573594464064 -19.627552892859011
-2.827589976827670 16.868018798173015
1.217399412371851 -1.490560388191912
-14.774867318384182 13.823003794761435
12.481284180798374 -35.423160484446313
21.006834133370830 48.919928791408431
12.884964580172536 -9.076525562636066
-27.045432121321117 -54.694730777538673
-35.070523966066524 -10.581946202567277
24.214150916496834 -3.223439931684709
4.714613394316714 8.562826396852884
42.365597053077643 -12.917177482571617
24.248392360852286 1.040646172463658
32.818464119994907 -11.067359345097506
28.440641785879759 29.214391854009055
-5.856344358754818 -25.137326152176332
0.302060913505286 -17.946505678732255
-8.878393030254013 7.197854739666719
53.064302270504975 -40.194650530801809
11.546475214345845 -3.336810346965914
0.464758203878464 1.799038263344017
-8.469948638027743 12.104874495147993
-18.309121402905273 -31.003567576700046
13.706994358940927 -7.599604157461512
68.866126161952309 1.237061813067168
-14.746344315146423 -22.502151460561084
-32.600878030848577 -4.486921619134479
-6.585712299351730 -34.961410010374792
-57.304317311529722 -14.026858556915126
-22.826464709906602 41.868609446350234
-14.281664472766991 24.570659455740156
21.481585114282009 0.764140321710360
4.136147456566097 31.672042064146162
-9.635562929818922 -32.680623689757198
-3.095863888312615 42.842181128722409
-2.848444718724388 -18.735213418070337
11.402744598084462 -6.530185685791303
23.845277204426083 -7.098101069715122
11.213755949523577 9.898244558188029
-19.243257176189442 -9.644482690161654
-1.048375586360533 -3.428387335332761
-7.835503031617217 -15.482969986076458
8.688834209034210 -41.272786067106580
-16.534611214112847 -22.443295118704349
51.245406933215541 -12.255878830021706
-55.526376227089898 22.227376260356117
4.440167515960861 -33.091651434255112
-2.658032016491769 -10.107481639422677
23.326633510516714 -30.470033535262271
-20.493016966304964 -34.684068191484521
29.438755607140511 -10.159647948506013
-9.796697297854276 13.307590176642943
-28.008568412531382 3.838512279546733
-45.087681455541812 -13.107690531441785
-15.425276782781784 38.454183670508804
5.306447178039290 8.520031779371459
20.317347158115439 -13.516039390180998
3.812026610876959 20.758618748703643
-35.529093000388002 28.436031887512353
17.458236125280497 -22.004086596133451
11.066586857649263 -2.616661689614574
6.319525083277417 48.316322352695131
24.116278090360471 22.700747133642366
1.054018475412500 19.335620360651376
-25.406438275571340 37.329765063356554
-14.264737740296727 53.829475883174638
11.005664008407411 21.113018604975444
-6.763097829377561 -5.498424501695204
-23.923580187946833 17.401282141331532
61.400570759394540 -18.281572405024178
41.505211140691131 33.894767448314226
-13.231338121739944 -22.475040463688227
15.880521824581857 24.435997142334557
0.769936020319979 -22.202258269623751
-3.046041570608793 19.412584091829277
5.741113695176478 -24.262820866460221
-35.259661758756323 -22.132505601113845
6.588773837922385 -25.613224769694227
-2.628935147165490 -14.943123823109495
15.227430198344832 29.148650540267120
64.155669063979062 -23.307417496456242
-10.971380848729748 -27.130706956568662
45.774336127474420 1.528428687121027
13.704565589816960 -22.952108808871042
16.407454936603447 13.650446967382369
-25.721097666842471 11.955638308514168
7.209994074330913 -47.933346385540531
-33.708722466584767 -14.745879594021689
-1.016147491574354 -19.603678688129030
-23.107534164898333 34.768655228484420
-9.929368761735127 -16.440732370824318
1.655737627140607 -12.421825823795396
-14.692259121029567 -7.613937222864068
18.273782548257209 15.951783533082653
29.315099135518441 -11.515418786829146
13.826898093415808 -31.605716561477202
-36.306331376464357 5.324816068102729
-20.386517214840136 -13.276465974382823
-27.962636148325593 -31.525773789195721
32.603032225635104 0.226108703248887
-19.470884920634163 -5.047495987414933
-5.830827798976996 2.440579614341177
7.248592791009247 57.019803784114721
4.383726041728739 41.576743286347913
9.041585903360643 -17.007491478571581
-16.897454558200820 -0.388019410999204
0.887177220777037 45.093111144552680
-8.783425316833871 49.532181864460412
-48.994466839959557 -1.224827808703015
-11.192414118818427 -13.335643725912938
-0.594673021293773 -34.172201883728384
-25.037207356999378 6.144605645942144
33.147889391533816 -24.742057495757646
35.683887308389792 -24.640822549601847
40.366326149737489 39.628228208506222
-3.063392777512735 33.825462642752321
-29.482865919431436 26.165011042795260
69.026904249782334 -38.950259217239605
12.392203607574830 -20.303305446984837
60.787038000605740 -8.427712640381612
-14.134778909350588 -4.440096609587211
8.374471898636456 22.265211319023365
-27.547342923021617 -12.309674182409164
-11.112655129708440 -30.875768726557489
-23.056410138587506 1.103517626244393
2.713297262219766 6.398775977008924
4.123213285301638 -25.430311850542857
-23.817787649144286 -23.636930355169916
13.946567760754000 33.122006298588282
34.720951104075439 -24.043236626632179
1.863326858550269 -35.027349909207111
-32.535497592833011 -1.076641506759674
-21.756473999199216 -8.922831278474693
7.841422763353438 30.732802747014642
11.960703359209845 -5.828952920817933
-3.255761157172116 -2.912712956051209
-27.071545978353541 -22.078376349824460
27.264307673180589 -16.619702132907218
19.539494582067942 20.002239438100826
0.493675061521217 -9.365157745070308
-17.729520229973943 -34.532452482443993
-21.448326252104419 9.517968175534017
22.194413213210918 12.246915255781753
1.058603797232783 10.765859608320435
25.315555253144669 -13.270375244469498
-39.336667816918691 35.456642065849508
1.272882352315129 -13.209882450812630
-11.767780637732674 -11.534436015323520
-22.091764430936422 -13.652879248231702
-16.849578534428460 24.953146760858051
-34.882739933811060 -27.618211556293410
-6.443195565125980 -54.018521310241937
71.003645357771461 4.316049328605556
12.451984856037813 9.426573292976610
0.100234876871199 -27.173894461043862
-21.082468891070867 53.891748854553640
-41.093763273798672 -58.783742474004917
2.450542598040164 -10.808825686203754
-12.965468236342165 -9.237109961562741
-27.162586662440152 -51.700758821009060
2.228647557757071 38.071490274731573
13.816958102988465 42.947208490069428
26.467962162656093 9.406960606611273
6.063332758316333 28.226530166198664
-17.836385109300469 19.892058270999868
-21.193536684221613 -20.609683600741107
27.763309243631099 67.346809654149098
-39.391504646258973 -8.638676996397772
12.934352331101318 1.623345109384338
22.422162185951539 31.093351567446430
-47.788624173790822 -5.354719561049930
7.838845246878873 34.866424546997543
-44.781882219278955 -8.257950902501776
12.818350243215409 -2.173357357381680
-5.934937183954851 -25.678914231414051
-50.353970211010356 -34.598434231750190
47.216442962314296 -22.756959026675734
20.165072156081255 -7.957819315398853
-23.966039381786761 -12.386056078574121
9.489455346850571 5.341093938134694
18.030984841440294 24.048612024712551
-7.159774642885637 -19.721647086681099
-14.542390482413893 -7.957238640042592
17.267047940330144 -15.899581919365005
-4.968219787374481 11.299933241204322
-12.865117714118046 -34.632936287348024
33.915039572268789 -12.165146993715977
22.836081500741091 -9.599034423403626
13.331270657551503 7.096421475281570
-34.835458048443570 16.482851954902422
-6.684903101548167 -48.840477841496309
-10.800791275338577 37.369338511511280
48.804682800679508 32.107681211480852
-0.461780263498062 -38.694217712121763
23.089196757827292 -13.293621828155706
0.462894362985416 -8.034833363687888
10.573093562436940 39.763448963516474
-4.533732168132179 76.330723136627583
38.438175795355228 28.362307767260912
-11.417158416872505 13.853646988778836
4.761548499503482 9.905263607279780
32.243800107479878 28.072852774624629
52.902134249662517 7.694634012072596
-2.234810173424027 -1.879944479004303
-17.655679788481521 -30.838041616932287
33.113963905985187 0.332657707691267
38.353101377865094 35.706485116530793
-48.880587249682513 3.540793335397699
8.677316289682242 1.084371442647151
-31.044742257250970 23.075979565587133
15.733463296414167 24.191669154413145
7.118367054291782 4.938917302828454
8.278878119599190 18.226071764674078
-58.290554758512215 29.234691524248497
-15.278928967346229 -33.984626387861503
36.816157911863542 -5.428438398550938
-23.723603998942774 -7.771326340906649
-11.283709695142825 -33.255850706584631
12.212263425048464 11.628593049496136
-0.168547163391763 62.850526562741955
39.522124031038494 11.500181189129284
1.118346095716107 49.010103788632897
-16.730544777509103 -3.389293528725132
-44.680208257260553 23.055218358030796
2.706496625648323 1.962445926000423
20.257765008523059 47.762796990382562
22.720906465337009 -26.530111267582711
-13.551695320870664 38.055460004412197
11.016904710514194 -19.132686835562172
-24.211546404476341 13.743129403537054
-4.658769630088339 27.885288128555686
-13.620418427447532 -20.803718311764541
14.114482835082764 -17.338375107221104
-4.332392993616825 -21.101035996338339
27.194842825219204 -29.052008253643972
-6.740668533928620 -2.693784452255519
-10.029566655472507 18.006418171019590
-12.367139128535802 -16.404257707269064
16.707644260246855 -3.585772098226879
0.186339412097128 8.743528832978757
-46.249567035818224 14.060917750504583
-21.685855775520931 -13.737780973879611
0.692866260649514 -4.443231183584262
-9.729302395376651 20.181999412328867
16.632892165930567 -3.495722632637494
19.975908529901808 25.048277574077822
-45.417561996639918 -7.389720064407059
-10.451369169159744 -0.399782733259590
-17.815946190371818 -46.101003913135294
14.261091341026992 -17.243061991631155
10.470206138888312 44.077723824536633
-41.378472803248279 18.373718273988583
4.424151495915662 26.617478687790339
16.358298322384993 -56.869592275805132
4.063297795274997 -35.796331612826556
-18.024784437871435 9.027039591085547
9.832887090124121 -14.240500624243632
-16.566517515835923 15.778012733672366
-56.797269846964667 36.096508201007666
-11.956102630203029 4.714658127601167
-4.314117980429127 -6.311677991104754
22.962556387082081 5.698609711533388
17.585743778160538 36.265558258374838
-38.714784346315732 44.654941245313957
13.954459517092516 37.179941132463000
-25.775516201351099 -9.734045631056416
50.666114726154888 2.491520919791606
30.462959676127678 2.619379265727795
5.453078230629771 0.418247897289528
10.006872171051205 -3.378981900877123
-13.116329412417693 -22.649754308415130
2.864450085568961 -12.258899570086625
-8.119098872971895 -11.553413920704765
-4.498145603892007 3.420676898938452
16.981793229987407 -13.279319116447684
3.498873062247090 18.224423514895928
-52.306361792674018 -43.061306032527419
12.451948199268822 17.501757267429429
3.412596352601492 -18.960874802701984
-58.574693669744768 2.633033745488108
25.281269264940260 31.686032527768131
-12.123294280490484 22.890925033699254
-29.704409172210745 -29.496897169889472
-13.878233536479867 -17.639317751065072
-9.376696186378487 5.098334540524567
14.678980800551477 7.424563626622394
-16.187382350586933 15.656722633090814
49.546513610819709 -34.255897297023900
-18.031212144464789 8.657325653300916
26.735509203837442 4.294778904980433
-52.270973634122655 -37.117441557960099
-26.590504130937738 -29.576044027756595
-2.532291925565935 -17.364647226567282
-21.185058038644023 -4.514250653471350
-2.171904311808642 -20.094784568868544
-33.988925323897490 28.639414558193007
9.459307285813701 37.591091029265613
25.177841905458273 5.825134391120611
8.208785680454666 27.442467539826371
-28.574049345246767 -12.917743758647257
-9.153768571285195 1.219362006538468
23.619280691939110 12.853954856677104
-38.379550384612379 6.187855138235671
2.945998134090672 -13.409989142203305
12.581704487664535 -18.168642683376991
-0.103811702689043 1.881664835711792
19.880228640929769 -19.184802633905178
-19.946903704932375 25.595952043573323
13.875005046291900 -2.669932770163443
-10.294393028139858 4.022077399034059
-49.108897298933378 6.732228023459482
26.884303944028801 18.300391709285858
30.114811048866031 12.907509487777400
17.034565196764138 -20.134771395707581
-11.882503433701698 -19.643575514686244
-19.662369309493783 21.267654925316876
21.120982179101773 12.322628735808603
-5.686945603657779 77.656905808033599
2.491933940127540 -27.914557823839761
-16.719751338348964 -11.083777100123733
26.353445090097445 -4.389810782957730
5.428461449442507 25.306088521966473
-14.907123978480634 44.320609282378065
-31.807375949628483 -32.511706188200556
-10.457078180089059 -22.203688226917123
-11.031846375466937 -48.617767602605809
-23.855104611843309 -16.541538716735467
-9.997769391519583 28.841239026522505
6.544135376676547 -23.035027416396197
-28.971761595628191 32.548994132211597
-11.356418701790426 51.285125664867515
-64.135831321547698 -32.581692508955413
-3.657629591566486 -33.969799216582807
5.701950153170061 -27.183722211501863
-16.481690010265648 -16.983394739697285
22.614894855262730 52.264582763671797
22.310878853962659 -17.415062682485804
16.314528634946839 24.372342894426829
3.825239342606333 24.127301642509707
-12.450369294633202 12.575569879897838
27.847398065902421 57.976833486899210
-0.073099813856678 4.915683484679220
-8.899493668750839 26.075212788310637
27.858591033017728 -7.022516474600223
17.248406195769398 -33.848217613979962
-60.982084979010480 1.762234963590059
10.922924508045385 -3.925804814624901
-7.716308550065442 6.499088662334333
-38.319429756744540 -15.020006008367513
8.160987217287225 6.168521553737926
-37.169669286691224 2.429737784666234
5.779876169626530 -31.372976994514872
24.144457879449043 14.999276120637342
6.274314819117246 -26.050676483608356
-22.826884543559306 -10.356763894406596
1.354567344672359 -34.802511408231730
-25.100559714913864 39.449715326830599
5.001796529325444 -33.284868903026712
-15.629409169086466 -46.212221229583577
8.704151906325174 16.804372649126616
38.809306334170103 -17.190770264666938
-30.821731437643077 -15.429237104407138
-13.904866000555923 -19.276163225822586
64.414848850836094 -10.687673967121160
-53.647394328939484 25.962788246020782
24.868065934815892 11.098007344680463
4.986606016851742 25.072509378326046
-8.588229537963400 -13.785176705200847
-32.288836044918810 -24.964924370978441
-10.378038696800054 3.680684416992010
4.412868814989583 -57.299243459039708
26.897249229652793 16.458199642550813
-15.150704463953895 -10.158543125862924
-21.672157368363369 -33.133669629126253
-15.495934203991061 -18.914464596980881
15.516898732361863 3.983111713365848
-25.389706880021571 31.958562429880672
-4.479300859088008 29.137096416648401
30.423182025212427 -1.341905361023297
-26.552420592620255 -37.591882356770171
-31.656939337905204 -27.708084638213322
43.764126833978935 -11.459577130365201
-20.236155963053442 25.307258300299992
16.512161725335506 -1.224061491302496
-36.433795807891805 32.195665453022237
-36.193086449627025 -28.551005606767333
39.122025818537082 -27.519003010952840
25.946393892399161 -23.479347447186591
-44.397619031089633 12.928873341504893
-25.139855880881065 24.552337800225075
-39.102709903995141 25.726853765712978
16.885237312083184 -12.826347034606203
-13.860285704620862 -28.772929239406796
-2.391200483637452 -44.471374032302059
-17.864150229882455 -3.714558737742947
-33.643581439124695 -25.875029974994241
-2.964769341567117 -26.145607415497537
-7.188873080717382 18.388006485088045
-18.489571359586630 10.357013048118329
-16.947974126631387 42.665072564751434
18.561298364778725 -6.822094631210967
39.295974017836592 17.506802475641379
-24.896195821283257 27.945163975965027
-1.452521873106080 36.388009978086103
-4.612498033949502 6.557136717135002
-1.581472219176536 -17.725479014053128
38.714812029421054 -6.290043199629231
20.584489304029240 26.504150718445317
-21.249518018939327 4.248642969180851
-21.652619201643692 12.405544019644150
-4.545861195071337 5.358924081935881
-1.561572502805763 -40.592386869079135
15.510236971933740 1.240761616808266
-5.724609666921964 2.034112159600063
2.802609253739174 26.757699944305159
-11.399458364934775 -5.120782743614020
9.872794530953550 2.565569983922416
-13.255906925892988 -3.479467441095077
-39.479480879800008 8.460490894525815
-11.629132251907198 -1.878059695194310
-22.746123745713788 -13.324004653199742
5.761429634350765 -4.623518873190146
-2.659750524387437 22.786834888167956
1.143687857032902 6.760557686774807
29.117122237827815 -15.017886002496049
0.061374677380373 -3.331179455637557
-19.381107143797291 -12.034690932719156
15.678566250733322 -20.134653434911268
10.426576309602803 -23.704924632101054
18.204886392759157 21.753564863586135
0.718422610288059 27.318955084009581
-48.689712784372851 4.299237342586010
20.412681994778193 -2.657263281187233
-12.423325951796366 -15.738601267624745
-20.278708194830642 2.827893849398651
-37.862422968674174 -18.762384002645476
-9.126435120355149 -6.123700988932684
-2.077526385838877 17.406649785371155
-2.096334741130117 -41.378478098319896
38.280110768445581 14.538616391221140
-33.206712905352347 8.872168286763236
-0.162363516721572 -2.856477556013149
0.487264603333211 -12.319902388438658
-2.225971469902058 11.315751242864966
-66.490046417416181 -22.864843576406074
20.309443230729453 -42.453079068395091
-1.338062044063532 1.688121921004878
0.300671245075875 -18.929517625220043
-37.635984321166390 -29.494096027891977
29.516220156208448 -26.042567459817548
76.704104819062607 -15.335300961365268
-6.236496858540905 14.724888815223439
-8.275656992998472 36.101371358581538
-3.293587764074605 10.482946984738723
-12.214898783912568 -19.445757209466997
-25.808000403874360 -44.805985146161220
6.894272044868115 -59.032687130223721
-17.055822836442037 -15.585952121419574
-7.951067603229932 -26.286055759453358
4.681828635177420 2.433610884554517
-35.009762724400730 -44.161002166758173
-36.751705394551074 2.315167679509892
-27.133423887271022 -45.268753043688299
-55.775745320418686 -27.550086354564762
-29.200968811568266 -15.056377299672793
-5.775321697288522 6.009304782271278
23.775242171823979 43.320890834013468
27.668852616916570 72.614691618996957
34.373058783994111 -1.136585045644526
38.226236485087746 14.713367676515604
-1.179479092394231 16.366572885043677
-35.931685860655605 -5.378211832146819
8.581454359225704 -22.146632996229094
8.157946473626062 -17.767341370123919
11.115985960551345 49.848609552657749
46.716517319413001 -20.581266253684241
-0.555126269953515 -34.158603106383225
39.173791667344531 13.558193656080496
23.518402085228750 1.806141290139966
34.231699424997899 8.927609969949259
25.928835847712300 -6.812874485296690
6.747067874825810 5.831714766030601
43.892341468872374 -10.451077318082914
4.039921565539085 -6.928712481694518
23.070420573207905 5.462569607914577
-27.331328788946720 45.860139191548008
-5.300058876826603 5.498988146512223
14.490227374332765 11.468283840268995
18.188046729103895 -16.307275253967592
10.500859417416949 -16.362094573964121
-19.027093505118543 21.887505883663298
-55.538375807052702 -42.362621617205924
-20.008480869688121 -1.821160494887761
-2.354097440330393 9.539851972188377
-17.835111674559240 -31.358030065116790
15.663640218519504 0.974355836765276
8.044227132888263 -23.896330492422216
10.881235101826423 -50.675166157264101
13.685549100462842 18.679382972592119
32.159272662755420 24.824478045171233
0.269641548879598 -2.997980874991370
-12.610681246055950 -20.786198442705494
-12.477276936604072 7.522963486909279
3.830724077491769 -8.352668980395226
-23.777697205534558 -51.669882714969489
-8.872286719469054 1.371467547811185
16.555917031362384 10.428086305535443
-5.474719143446805 -16.969486331942324
10.669679367981111 13.950080699963761
-33.781254901768321 -12.018414105924560
20.074794929519950 12.289964009865765
-1.152478676305926 -4.879576045171605
-8.292695393027095 18.326011676294605
41.314054569342794 -4.034162076929621
-2.071046263974272 -24.502549589573274
-19.425384575033771 33.781866263821726
-27.121187375797479 -29.639118051426539
16.878394785395354 34.812857576765524
36.299229763125545 29.872221358585801
26.214447913529888 22.316315239185553
1.352372383618762 56.423297743033118
-12.555356407173806 8.244901332667332
7.112956597400011 -57.286380890483976
2.053447692459573 -15.874731671343749
-37.084758130421108 26.182558476981953
26.433748706635313 -13.601318194840088
-15.678089991476288 26.522034038993723
15.723395817535199 0.467713390044391
4.225995855052318 -17.245579588341116
11.693158378270070 16.009862825064815
10.653260778456744 -4.488811764437973
-8.090413372262578 21.316539613529827
4.398320052355302 -8.935861623984298
41.236695192660235 -23.946365847288366
2.902647417429226 1.163633361076869
-1.960256225728174 3.021529253002622
-30.501083641024433 33.379305945738288
-24.621337610110476 8.080473883374871
21.437432557857097 36.357785465902190
-29.241784563340978 -10.227257138286502
0.545079933438652 18.008777032708604
65.391841571803297 21.139134845632309
43.193201147565091 10.135766580838053
-46.082764117605976 31.878531714250126
-53.270558080112750 -24.114928867392234
11.509612469171548 -10.245969478501536
-16.100799956611304 24.585976276743782
-20.071855504719622 7.758144619817386
39.170811464023089 18.394660857856390
28.913654671939337 30.321545517680711
34.678139277457376 33.703207079454913
12.900810774489392 -44.000907846069069
23.280625734036132 0.822316370882832
-17.704749861167436 -30.501684204909253
-15.197648900911650 3.550149993693094
14.856955392023860 -62.620974017024047
-32.889576963131887 -0.852497586446421
5.317371028067619 15.474207646443460
-40.078045451068789 3.839953382752054
-3.183679295382084 -18.297320789228824
24.817831613923719 7.767320749256784
-12.278861241837186 66.672604084593658
30.772876881148836 -7.171237998848119
-2.906695079592633 3.707906479035848
10.361679323608824 -0.135524701548539
-2.631689600239583 -9.308437978866765
-9.574896182062027 34.421424995100779
18.669379607380620 14.617203963723686
66.992620347363911 -7.582336840474885
18.053013971803406 -23.451094624044714
20.700952311003643 8.450487054121846
-21.068996914431569 7.419311779718142
-2.149059014093673 -22.722871281708851
-41.908842045191633 -20.251165539390335
22.191547058616408 4.332836847249217
4.815026978654817 22.217981403188194
1.401114144673860 -22.944827236468011
24.617011421410655 6.651041358136973
57.699210822535598 32.513428079555588
9.591612034809268 -10.570192417976013
27.606739468664532 -30.080431196002724
-6.994451198687988 20.283899114134599
61.435101443972819 24.182819365160107
37.654087473893298 -12.820731634536138
-5.709089300274905 10.103393527269773
-25.324317932664716 -30.625496755855043
-16.359068886448586 -4.897641546527575
-7.470783361212775 -6.442559969604948
6.047110288404754 -15.454535564469801
-38.440722693861169 -34.955276338848975
7.018774891390088 -20.412020935266629
36.960487339981036 14.400670783634885
15.783796796257194 12.742715592321378
27.579809588612910 -38.149641576099441
-0.854952097695120 -26.717663194963865
-25.316896026394190 7.414306344114429
3.010112873104860 -2.596208839739305
33.492429120802534 6.696627074061868
12.750081001411097 19.993403150637558
-28.060081755567733 7.166481961427760
-19.375917143642067 -1.417699938609691
-26.364827396535443 11.384009005270775
2.455669121139363 18.912696254746702
-37.300285081376842 -1.300213555802321
-4.478517950184237 -48.777177626538638
62.013613823854428 7.677377402901501
4.643901948623959 -15.399486036030867
-46.448574824947755 -44.617130161856743
32.531515509710239 17.799812944593121
-0.325673249384858 -7.638474816675079
28.110783650965164 -17.066973070061771
32.850495583910750 1.699623845282734
-12.812354663275450 -19.929283944549773
-32.959664112588698 -40.283867142498160
-30.317402317066112 -7.780318513103540
-21.403489142089562 -10.781200912870260
13.818110633601657 19.744789161131919
-7.706758164358883 -7.625645656735606
-4.110659848781808 -8.405552219212492
-3.061437779783741 4.619304245911029
3.607571531328065 -9.001879668204086
-23.396967827163554 3.703829013914979
-13.875245222770278 8.404111747683029
-13.459706590491413 -36.115478342975258
40.376299942790872 -0.000220930999733
29.135367005983166 -33.870368652293394
-0.002403041375741 -3.743910823051425
-7.459967878736004 -9.343276045072471
1.873417391183609 17.181449213231605
-63.012477733927000 -11.375706319729456
27.143359832473998 -39.530045390076992
-17.573755024451145 -25.134049094673600
23.319393537726924 8.456140835258573
0.741236204275273 25.000275901576373
-14.933996008349395 -16.781675419083797
17.414116834028157 15.356318455384095
15.872343042000251 -3.418007012920993
28.942126663957939 -5.946095231980667
20.157086639694484 24.689125995534226
2.391691771171949 -4.519071917988580
39.862804196092149 11.673886414805580
19.039784214797855 -48.224930519155130
-43.815284917521346 -37.208444971090707
54.944176699662314 24.518192092520742
-41.873706621841968 33.999188195837057
14.335643661889589 21.445517019502368
-46.371268429103949 -20.488622926507922
-6.424649011782166 -17.679702673545300
-18.097350183019326 20.031217121211021
-40.834574840748488 10.967497580036582
-35.885546473391884 14.375481345963069
-3.466476577238689 31.582365761148132
-19.571364062433414 55.255698133157260
13.655985163070262 10.057997767605904
3.590811607670283 11.366454515840335
24.958377590648098 19.375696710043815
13.331748902616335 38.133310204821662
-20.326473457220214 -22.607748672494544
30.963409392826954 -38.819727826613644
-18.073399848942199 -9.208943073477029
-3.216139974083198 10.050402096939969
13.175197354769500 70.053970794201149
-11.662416191773913 30.430507690792268
33.061252879519273 -24.164098415883938
-36.932787066985931 52.974216011156358
20.477794843311763 16.712246709266893
22.037011470217983 30.695414487549691
-5.187026013670780 50.725996067953737
29.291995150863286 37.872659792756579
62.209643835377342 11.448118027327489
39.494098306041103 -6.951290149887251
10.666343787416759 -30.954595760444484
-35.754816429697343 -6.988350667330995
-34.871097052278735 -6.756057155862336
-12.526767721713576 6.600656333803490
17.586316694420010 6.042083097228098
-43.590183780968957 10.502060043276858
-12.186626212088221 14.655653138847320
35.931089026159619 25.438467529626781
1.037322261403401 27.249758738478739
41.047861362267305 -46.671353246406269
-14.163887474607980 -64.521100395244503
12.735670657353914 10.470954377094465
-43.996707765337717 40.853462128461885
16.801605497270845 -35.450869952771136
-20.923254208161254 10.159541744424915
8.459288730714121 -8.201598786035873
-35.660207319627197 29.264766365629679
-7.864012776700175 21.984788028651646
-45.930604601684848 -18.486921857020739
-35.812082408679210 -7.375232628686550
2.271438988865176 -0.880365985378018
-43.564862150164188 4.392691644503149
5.813951225119339 15.712375629567356
-24.629846019264107 14.367466169318229
-8.406459100659605 -14.820064432035290
-22.525174178804697 -22.604860640223922
12.404439657297706 -27.115212523211053
-0.022814861120416 27.891209718011734
87.016245397327140 -29.980175646048458
-34.945351026471215 -24.288634446147913
2.809706044161146 13.912466080687675
29.440946848985110 -8.076904081541613
-25.884842633687914 -11.926842627002683
-42.681323041333243 -70.174778517596778
-31.514642010425831 -11.540082754124699
-25.272926274797975 -26.767180982375638
7.554647186924993 52.997019510465655
-15.402215469893948 20.164904745907847
19.710039139432045 3.210062092217110
-3.057234916396002 -11.511856674632384
-17.831594525901803 -15.053322826662752
12.297099975675398 11.902878083311657
22.572589306834743 6.224753128801349
-15.550663084262368 1.104282917862044
-17.451907909832521 -44.393252915617651
-42.903801411397943 -7.650205531240341
8.636375662420416 -16.799036384009188
-36.756396732750524 53.423066888291281
-12.269020697693636 38.542684101455421
16.114711322590267 7.122260185196813
32.384563768384886 13.362680403940066
17.933089332952214 -0.176039998192203
-14.516819618315891 11.303134327122093
-19.856672866336165 -6.421481358248932
-31.152365046792699 -41.685639262186434
-2.603453244285240 -4.057697682031797
-0.367739830670657 2.346302163105815
19.320463824158249 -13.167008861871933
22.281652396861649 -13.145352131248128
-27.006444207556441 44.928532498215780
2.859732331347252 -13.070962453926050
-43.042375056920264 13.121651322478261
-33.585384490343728 -20.136433451266420
-9.616378347725947 53.025267477464240
-30.149644079111187 29.227064611254491
21.048418250041166 16.412632145487205
-45.197177068357753 0.845984488559522
-18.876227703539843 7.551727524659573
-38.579116827317051 -30.341692402820893
-18.871662378105459 15.540534377285010
-5.167161348034434 32.845721944465055
35.484019039814832 10.628103367622876
39.881218559121749 52.694932573157935
-3.599882626828374 8.023058133101083
26.613195192628389 -7.989277949929863
15.207093515632408 -18.439490117085651
24.398447189860807 0.286001846917613
-13.017802817281630 9.410967982449204
-12.834784002753102 -16.185273206334479
-13.705822925359749 -46.076116599356233
1.949540110689120 -1.239684832920487
-2.348313211421263 -24.915457959667386
9.235251090364049 -1.133809004214297
20.124056681520610 -12.930661832737735
-0.731023513895644 -1.092474928894726
-3.924074856032332 16.254583914114857
35.815519088680418 -31.376690268636210
-6.255097323474792 -33.874724943910643
15.043301079546508 20.352722949054677
35.527405010970952 -19.085750572241398
19.448009580269414 32.605226776885800
-31.578386759646413 40.241349400933061
-9.961967736130747 -36.897527907408865
-9.216609655235816 -1.461869933332288
3.543711346125760 -29.409597704639090
-8.083318698435868 29.591084889831425
58.714541356594736 4.959363013126847
-23.771040305684572 -35.222367508529054
-35.580662151643871 -16.617467008917593
27.560621347260248 -1.672170073792442
33.010012831211007 14.619047017177770
40.629107843847400 35.322288874276815
-3.361499846683721 -32.794560509902666
2.831721611782296 -7.941908644594657
37.660961842764365 -13.857589126507978
-7.725761190076656 -26.589942573534412
-1.693167932671134 20.502525569838060
17.898287625629781 -28.453306216960382
-15.370572166914071 8.113191552966736
21.436076804170185 -12.133317473628388
13.764705248052936 42.948600642080493
13.145041983526744 20.204370172907410
8.871087080031824 9.646407675049316
-17.803150805902394 -19.297386895901813
11.047078284318314 38.400735866031290
12.866192164990894 32.172144928950729
2.260789982599824 24.748076101401590
-4.289929986843893 11.348945300309605
-35.223377524683514 -13.329931417661248
-4.271022412968581 -20.468331643103610
29.225348491539304 -15.171153495545608
-14.044990115095160 1.314259110019844
-10.591296458727605 19.588288396260140
-43.356495896915320 0.654665985102827
-10.932163648772676 5.580682884236762
16.997338197606112 7.236663311193987
-10.571722487899290 35.106094083178512
34.171951191685416 -36.041182987239992
-1.558045699151791 -0.845487787136394
21.884641574677563 27.708886537086617
-16.053221418328761 -10.723824224579408
-15.879545324046390 -22.539023381014186
-52.519464517408338 27.437856239854487
-5.384709729411353 7.178641944254910
5.312325491311975 -29.963050930857303
-14.718907476727917 -54.397086006382068
24.351498643398021 3.994001113770714
25.448312908763107 -7.470238331648529
13.691438595358049 -2.075317145144667
-10.642438758800655 38.323512123652627
18.657380397385328 -0.905914399055304
24.050880205252916 7.502844076890375
-10.243723701389252 -23.580812212921742
-19.280200335646079 -30.595784871932356
31.443974582221436 -9.146195217913357
-7.858892548566375 -1.707420951048044
66.952725499516220 -62.697650238493942
9.367554349547181 9.543077557445196
7.202439997337903 -2.081144055332534
4.248652560777439 -15.087574617264613
3.408829057416081 1.107721551098851
-8.550171051281934 -14.340162218873543
15.895367066414096 -17.540036736654582
-2.160671862852908 24.924707102872265
-6.064529370919054 -54.800497196641800
33.779193286537684 42.617023651398306
20.057212261003993 -26.931101502374155
-7.192300735386640 -25.418401000702609
32.123849310455647 -24.913622556610797
25.809694014694703 8.587118396841733
28.431475462188384 -40.372945419545651
-38.443773956509169 40.065183844711612
6.566273190861437 22.113432148506899
-7.821427743536388 29.401282591356381
2.697032596235208 -44.652245552017177
27.732792814045606 -18.676691953857134
-55.936151289574035 -8.906866089816070
2.360627034041137 68.071622833085044
15.160278433281912 35.857764344114536
-7.563025532938606 20.255386973267388
-0.824177667363635 17.437004622507995
12.862030159817296 65.492556524144049
-6.260099002175279 -28.397601941632882
-40.094679344162586 -50.848908790270613
-24.380728407512155 -44.567693316866290
7.973894387836651 -9.228084613586869
7.018363430691796 -55.044145771576282
21.163627538671197 7.809881155285835
-65.514312446495040 0.921739726313678
57.993742109909498 0.991423818585811
22.858328765733280 -0.887465525265149
25.672564888043926 5.200409097168584
-13.431868921996475 53.047934482085338
-56.573469295352041 -7.944118420298931
-3.750308780466664 8.561256747375872
6.555956048401841 19.481812212918239
-10.965128173485141 -0.380635818225118
11.510041384864143 2.184034135025735
-2.036712243830445 13.703209284172182
-3.890641283307688 7.239527543800690
-6.944612502210103 -10.344218115563178
-25.203631753906556 7.456399238319667
5.172691645547208 14.698836165856658
-0.934737224444355 -31.205893108513788
-9.599513546978567 -24.269820522501981
-12.569203958886513 4.896208550133102
18.753652495796914 45.383368059527612
13.405481940840783 17.998472158818892
20.827919459141359 -16.343071220045555
22.378368551905247 -3.737901650797280
-45.780850665412991 -27.561437288336343
-41.683149121438106 -7.846498842079292
-7.325996953821588 -55.121742325971979
9.629107749042820 -2.372194028960528
-7.689745779141782 -3.599667098092796
-9.351023848447777 -30.484111655284291
-14.529889782607752 -17.308775323774896
-7.988224857759963 7.798562555877813
7.244609273240198 27.410727876178413
-17.604052798878740 37.837292071107392
-64.477424051441972 13.589861242740877
22.254508141433110 4.252427391879368
8.248592135179612 -20.999687370248665
28.191437905826984 5.183011699075911
22.725226256272084 48.367436306851182
16.680040934715823 23.672170555167707
-35.138191072449111 -27.652710143511019
7.478138417070000 -21.330325638415363
-51.874188251265089 51.029283532791474
1.647132822736429 -38.799665417248164
69.812028415365987 -16.951370558586706
28.101424662667043 -19.736854201675257
-12.278568369125384 -19.474285187837477
-13.459125090935027 -3.156126347887595
61.160701895341226 -18.460603965751453
41.561483852009566 -5.238036674003787
6.722610043044480 -4.104230235848679
