0.000000000000000 0.000000000000000
0.000000000000000 0.000000000000000
11.106761760172342 0.000000000000000
-9.328829645983364 0.000000000000000
-7.065335792192920 0.000000000000000
4.339940375295848 0.000000000000000
-0.755956164489021 0.000000000000000
-28.782345220093710 0.000000000000000
-23.564203812718677 0.000000000000000
-38.015713091289200 0.000000000000000
16.667896769629202 0.000000000000000
-0.667027156716667 0.000000000000000
-69.805281259133324 0.000000000000000
-14.066634582295338 0.000000000000000
-25.832901410606407 0.000000000000000
-0.237054237739849 0.000000000000000
46.675838054969866 0.000000000000000
18.230982382163951 0.000000000000000
-5.450946121890806 0.000000000000000
34.440774852289429 0.000000000000000
14.496964892570155 0.000000000000000
-23.381584432191424 0.000000000000000
-6.120382622032368 0.000000000000000
9.373286571605716 0.000000000000000
-70.456273856750911 0.000000000000000
42.980696441846860 0.000000000000000
-9.579215028605244 0.000000000000000
13.160489505267503 0.000000000000000
-53.810517775760438 0.000000000000000
4.261749778311207 0.000000000000000
-50.308680268596873 0.000000000000000
47.428720687267415 0.000000000000000
-1.057285760644283 0.000000000000000
-47.626740336731302 0.000000000000000
64.684024479638836 0.000000000000000
10.684514590566369 0.000000000000000
-80.014985322262575 0.000000000000000
-55.590214455750676 0.000000000000000
19.272213807741608 0.000000000000000
-54.764368102010117 0.000000000000000
2.289636437702900 0.000000000000000
42.374174808782215 0.000000000000000
16.159238161841174 0.000000000000000
13.516661122609001 0.000000000000000
1.686810569834037 0.000000000000000
-61.989412209913937 0.000000000000000
-79.435606662175005 0.000000000000000
25.136704504035954 0.000000000000000
-43.472751533916806 0.000000000000000
-48.955925738272349 0.000000000000000
17.904780451921564 0.000000000000000
0.000000000000000 0.000000000000000
0.855925570918124 -5.193936862440191
-25.039658091675431 15.053934599245514
-19.035254274887802 16.553520342821155
27.900889566999634 -7.188245148475435
-27.829588373222617 0.487675551204940
-11.435685375117821 -28.448608482176965
26.935469372413710 -9.250277195827472
-17.792951739382143 -10.902957972291160
18.361997781787810 -33.368477015811230
55.446996808509972 4.651158037646122
-24.671989317429354 32.893381704354063
-17.741793098204315 -10.399913505309176
17.657679859870576 -12.715898326294669
5.658833577363961 3.211562006044280
34.511224308994244 -47.948363443411459
30.954058589325186 -20.472412178011410
-19.845661183223768 -23.503267414985388
-9.619233518506087 2.795906269027503
-35.503235587806465 -12.256187938832785
12.677322196086299 -22.992130522033829
13.899626830441541 2.327324860495453
14.119271112721385 28.653332559845175
-64.087385406787419 19.586019957262184
3.402326320867424 4.137763486367071
4.364658460443771 26.176419541420220
14.301688501001282 -0.651120749501344
12.154061190000371 23.554141032393311
6.779914748110784 -34.325075378209895
-71.849084286174246 20.818440317324601
-27.719983002810416 -19.011123637752686
-52.782906431589176 51.743018002007709
41.541218503658776 43.177771617292237
-19.651724636512931 14.959549734480918
-8.088367424370055 -4.556301088505072
-12.959710066965565 -11.574356651577775
30.523168216200457 18.512594577482918
-2.053973370045200 -13.741665348087265
31.250514114269851 -12.353516964850254
15.829790025673603 -54.193745977740186
15.817380672459063 -12.937034605830197
33.672318121564011 -11.737858387195836
16.010768015986336 -11.597600080712462
-34.582069417760913 -39.878613891664557
30.966712091053513 5.730719885100857
-8.138524517580779 -37.831184504760166
0.976125961263732 -25.449673936511431
-35.453447225993294 -32.761626242407111
-32.678918588917107 -29.715796308821940
-13.908305683227434 -3.227363778565766
-6.185606143526927 3.822465068151012
19.578432927446105 5.706572923301251
4.136139623151236 10.949465476224225
-21.464036816224155 -15.670530959673249
21.954288167268533 -25.025038090845335
-1.951672956124765 18.619205717934562
-30.886208263083823 -1.851885098221238
-8.402706217294417 -10.390234843630356
14.168489118997801 12.519322748682445
-12.781089778303112 -17.321298088167413
-11.505165911494373 -1.227300391813793
20.716854550173544 17.683134944678766
60.666352403877518 13.237910944312905
-3.333391118047164 -12.255100064921903
43.120018660045794 -37.805607725399717
20.553289967675266 7.138686643385015
-19.756489686801768 3.370264234037097
4.049208045182010 10.604521985861377
17.980386158461442 19.344889870432198
45.265475918472887 8.231108283583220
12.604377036911028 10.764535055540774
5.740549121809745 17.280799864287893
19.455770340513151 1.348481530996568
-23.311645917094886 -31.825663478691826
-9.628216723916660 -23.741927271410866
-11.873729270638252 -13.584555293552874
18.512182051483464 30.565478279244005
27.739736305897811 28.936854176726523
33.028730481933074 7.211606617180488
3.765029463191594 6.039324533467173
-16.081911184656015 15.734392785520086
15.043059758214204 8.057450440166850
14.928679400068431 -18.800767064651659
82.129318312290579 35.589848560746780
-7.218904154003950 32.198904281678892
-24.068036302223465 10.559920817874435
6.814484070749987 -12.407170994712768
-4.547642561436507 30.500092833249802
-24.831588213269889 31.087552750475588
8.324729593601843 35.868226869007771
48.026816248323350 27.241695978973151
-13.659002788102484 14.692323278132891
-17.659520361911866 31.629529254379314
-3.477673833539157 20.488710498919890
5.560170354027496 14.548493189834749
39.374128023404403 -11.659482046774672
-14.393362728404755 23.674054132135595
-42.106339867876414 16.513016526978227
-2.237015429953037 -23.588849552048728
26.398516195147145 -53.047024195790385
0.063952117439146 17.256634197454702
-55.650873291294587 -13.995682098801906
-34.850943518062444 15.697531722424827
-16.773106620975820 21.416650532882421
24.798372810896300 6.353679117015312
-27.633002221703251 13.454019814955080
-7.861825405973008 30.680136118037048
6.679401453645679 -12.331662611803633
-33.829726676235985 40.684744689727907
-10.859338049222139 16.714875942941958
-13.750431518643509 -55.994421176265014
71.744871106635500 -10.250637738686821
12.958667066983310 -58.288810679284687
4.915163843946655 4.133462702679658
-52.039678011686192 17.610644920273916
-14.785745042759235 -4.378755368345880
-14.038613359084655 34.767553402629780
2.424805674146613 -26.271787824262613
4.257810988256492 10.795919668024871
-18.809668361361311 24.620711394818553
-42.850493819738070 -10.582410522190415
-41.324569925480994 -19.998830563703812
24.983727400520717 -29.604874486152191
-13.345804772385142 -8.237263328374095
19.657270818412730 37.439693961653326
-4.123462081948999 -13.295028777648566
4.119326041833046 -10.774841323815231
-29.482458498710024 -34.848952505888811
56.826025353589245 -24.528196220815310
17.643872828570608 -18.358590203290671
-27.805503388802620 -7.506435829150302
28.527735333401463 15.912933180863911
-16.938069374594527 -22.420673873955678
-12.317521274676919 -14.055075076977447
15.822821670543217 -18.290950208302270
-3.534326885199140 4.756502833971730
-21.148544406942868 15.329062738953709
-11.348384739568921 13.239842702947437
4.331638832553440 -16.217267932897439
15.590777240756280 10.803756383424471
7.538914347328023 39.266614013594030
19.072004661282342 3.486166398061668
40.056643008156712 35.375303516324557
-17.730856485194064 4.379982638124217
-0.753469183357794 -45.669459442166712
17.233844981219498 -0.117169298301139
-9.088492314199277 -39.825407101849173
-0.601427918464856 -18.453212605179846
6.483471343080509 28.183109390684042
-5.838022587799067 -7.141078275724494
13.809333801219248 -31.381938930804271
3.048304698485957 8.725431674142557
12.882957279768794 -2.886222231682459
-1.039883841463640 -11.273446747095761
4.695121982370872 6.345524306048326
16.676029701802584 -38.151919774759122
15.112782169206131 -1.089745629710257
-15.601582012090514 -22.493830215374459
-1.790845226248383 -15.122363196129569
33.498436650124439 -1.901748557299407
26.177128774292211 -1.641770490450801
10.939603785624149 -1.699054008569189
-6.580663818359261 1.178297280936391
12.885288585790116 10.506314757532371
-17.000841314319096 -36.241349626048404
-21.403869065311632 -6.894293318228353
-5.621147926118335 20.396210380708343
17.887312153098620 52.420498211690457
-20.037292795265746 -10.368182632228701
-3.098374756644411 9.738882347895148
5.735607317102822 -13.585698670789000
31.327491389355629 -15.468864658378958
22.625370391853643 51.349511752046368
15.298979545883384 25.729505220633389
9.565064842843254 13.657676517829920
9.960165389785528 13.974481537002800
-22.623635732897394 2.243256936509305
-16.777480464411212 30.814515186564968
27.449963266400626 -23.134929924235070
7.306321936596214 4.558453494034834
-1.319387121248773 -17.449797303882285
-0.551024836439026 20.948029070427282
-5.005576913542912 13.659038117703373
-10.965533112080111 -63.671161440235480
-9.387002869184423 -47.380426806169098
1.417055419015445 -31.762128280037402
2.379066763737508 28.100490204173653
-3.932219851921045 2.444722144166361
-42.738380932875316 -7.473373692016448
18.230055917542526 -7.009835513443022
-51.977155144173821 10.166187917282056
-32.294458343724358 -24.950412907825655
-19.962455535519609 -20.413983610474300
11.388390243975865 40.405471214434435
4.581382933920608 -1.068635159588953
19.247695727282146 -19.651649914814360
-46.409805921737473 3.987146263219536
36.444462009115874 -14.930711894109841
30.625972513581715 33.843655977565135
-18.894760631306688 -6.829579219334748
-23.884775289882750 -1.003372392197520
53.505359259654526 -14.333920938780201
25.453882528059157 -6.019399476195862
-22.663317280106128 34.181199380250334
-10.087822267325238 -9.104262378807968
0.283170784755777 -13.103982722440726
-15.839030102953403 -20.574003917433043
-25.159480360604206 38.076334999661348
8.393923723500665 17.991588108976238
-20.077332929895945 0.936596643976892
-9.854435056071967 -7.976138847654020
12.839335892112292 37.843648368887919
5.343905653114133 46.975408663033292
-10.664606201567606 -5.132668389968625
-1.664783313059784 -20.079081875655117
1.369803359299439 31.688965576101474
15.440322887381667 7.071803802313244
-52.075224097898378 35.227389896266246
-20.461212023554538 -3.982481374418714
19.905911038168906 -4.195889131322189
-3.695462161234191 14.878291252328475
-86.145732644947714 48.484283450030155
51.407803270492430 1.586227557019741
-31.449146775067049 -11.038804315141013
-7.181684729274395 -35.306963625465436
-29.492165367471944 4.459324256593390
15.044909449835329 7.588366219322373
-50.809951494231285 -38.226407695152602
1.266759854231328 -9.452417857053643
-15.314865996252891 -24.539951923949879
-75.476465768846850 -34.298146580827911
45.226025602000725 0.647806362368439
-54.236717304378594 -0.634783618234127
-14.025694690526956 26.923820067183897
8.180463690257351 16.522347829854436
-10.815416793716750 -2.956167372320258
23.127954421016906 0.219816749711075
0.434839042399190 -13.438840380749667
-41.010881912955618 -28.413456630724362
10.201777293588181 35.718453341780439
-2.944203148385411 19.692403467524372
-37.037579965594205 -24.147287659741181
25.130385552126068 -21.575700620046163
-20.361425715818104 -7.248800468076912
20.453987092389106 23.467188480621232
-8.791639044258078 -22.785225246564526
12.952554445032607 1.973994740419967
-35.662916721805793 -29.805061554362531
9.780572152864146 43.311643774134659
52.234692159231500 -32.029539766135422
-10.270185101637178 34.402543332958388
-0.505368236723758 -9.612737362854615
-20.168037196701651 -12.146460889822519
-15.339896959040081 -15.833372367726211
1.492712401660379 33.864894542139581
41.238494310401038 41.922527593672818
-5.465457980245374 -0.049981857047025
22.178579895276727 -10.072491008784931
42.717555144057236 17.279232988206164
25.780035778548935 17.849619578225255
-9.551413690908602 40.973919401646008
51.439270793053296 -11.905287243830752
12.552607105549502 -14.230362554525339
16.360882818272103 25.870284314290711
-18.476416958326638 -28.071934859165388
1.012541692119870 -2.914077053109410
40.558774950210015 -19.635227912187027
11.916249003785921 1.388865803060672
-20.418864521732861 52.478809584364164
40.032579978900223 15.724300020359456
27.291454704831320 -11.291793535135788
-1.096423869647589 21.418727621881235
-13.448215027298174 -1.369526324211596
15.964199685056782 -16.513453251945883
-25.067059040189655 -16.218715578675504
7.354466932167197 33.643136438816121
-8.365507387364570 5.124439424792511
-9.548228462742983 11.367900797057249
20.916190334353569 14.717544610437960
5.179008257995918 32.527042819120638
31.932782362914498 5.938895348489249
-12.524690574593617 -0.087944966590263
-27.251358090527383 16.562333028532038
-16.071472953040761 -0.214233637177927
10.740622339599708 -12.556388905143940
-22.426965943853592 -2.600290381626428
-23.447681437155119 -21.315475599783266
-6.010228421184529 34.487995177405850
-10.943543951558340 -20.975773916011988
-7.148159239047012 2.487613725322817
15.802416094660680 24.393578820910584
4.226381861674928 10.398498637987545
-16.160658318535759 -35.515972498437378
38.084658266506473 19.111297938569763
-28.176699571689568 -30.315245220583343
45.830029061529949 10.720691150678553
-40.808514038546271 -70.727608526430927
-2.707738986001670 52.406392086645440
-18.019929086362758 32.551820293212600
30.510516512303774 19.343027706737978
38.303196168160802 22.191115340701845
45.975676936628169 -7.440168711290702
-16.223438371800359 3.901509606049239
5.245891005060576 1.696650035006208
-43.126614027210977 22.623819779154687
-7.035653997659417 30.557605031015491
8.280874091660053 3.450921632551843
-15.993210571009952 6.076754719327963
-35.751752245872332 -5.685464344674296
-46.664834469965179 -24.868066008626986
24.782792643548706 -29.264844126639215
2.154138992659922 -15.889243004188939
-8.348036192075963 -5.132537114237403
-15.886754494598087 -16.224311185604904
20.860676482212980 -17.257075658629851
53.809295396471015 21.175168528999670
-11.463253243912973 -2.737538352378715
2.581567999270709 19.036074756182966
14.223603301682648 -32.807116502470336
-9.592377710001820 -43.964857145307761
8.268565762981371 2.926489848229197
-17.223022634359531 -33.851622451955727
-17.096679337784710 -7.104772684801017
-8.631094512784749 -16.844430587804993
41.931843306243124 -11.419863031665340
23.603749739405064 -27.251265984480302
38.919088956600525 21.924458278323453
14.227717268889116 -42.040850593412664
27.753329701439498 -15.307758805457533
31.479107219865998 18.153659573796194
-10.658589260750084 15.347203835172785
-13.665758665775133 -22.647117193235736
-36.271269894212843 -16.417978630395183
-2.145556224045099 26.728391510076676
41.285703132181837 7.554916370637911
21.364981385579142 24.872322277732927
-0.450380477178249 -8.431685759493957
-6.305807380815312 -12.902021608024295
-17.520447352739243 -0.892742571196170
10.963380462071278 -1.912263778487736
10.497224432355486 -13.192652063366614
4.717978088177876 21.189143229637981
2.960180165459415 -17.120881597091117
21.530666545441505 34.027469254216122
4.284309005964871 9.157710815589343
26.352583978324375 2.855696023084389
-18.376189601894282 58.330944888635166
21.389391610589431 -16.740704760229328
8.627102229273305 4.425402322224872
17.103047258957250 -52.073921377435241
-29.393572428025944 6.945143255113694
-11.108768950618307 8.529773378602860
3.141280336253231 -43.395313610928724
-54.022466470914615 -6.226065556545390
-39.029967049221845 -38.185399305520519
-44.511957775749778 -11.840870111451986
-23.546830027663340 -2.982283705794683
-2.767286239081466 -63.655295912639630
-13.929800865461601 -9.532861269586192
7.767312985998261 5.424200287327678
-10.960187347961535 -39.482673880761560
38.655153953429426 23.921522404317198
21.628830388256258 -12.017148620554540
14.136033799946548 -36.153229630100448
0.748035325527326 54.191172873386343
-41.890432806389050 10.815013672646433
2.508254082416318 -4.855010352443156
31.371902319999851 -50.923885446339135
-13.078726150711134 -5.041890680202679
-5.688785657583907 18.654856776913395
20.861367966266073 0.803900647301127
-14.708594606931166 2.131378515256972
-27.733073077813199 8.726304445011984
-5.149319303655152 43.447747096990746
19.434359563813075 1.549151532629479
7.485169049589357 -22.211502469319875
-21.489327470977098 -4.559572966622889
-34.661198656857202 -1.386537966306797
-20.175129019641457 2.712881608313194
18.319472246353470 -4.738240180123144
13.384617950856786 -8.115161597832939
20.752579044437095 27.897015850668108
-6.521139693005230 -29.348121601999878
39.143450698880315 -28.343882189105738
-30.911448211267437 -16.516648413796418
-53.888130640986525 -21.852841036081390
-11.855701292128067 15.948446425774883
-15.380173485937972 35.102176926813371
11.543846477678290 -20.853459880130810
7.921270225006661 -32.327777271575435
2.755984151213093 -13.188377440709118
-22.926876150509884 5.942943162332137
-8.141068215880475 -20.347088658752810
7.998451585238863 -56.059114160345672
-43.913252710905915 22.913342389872149
-1.728959814690432 -30.621937456079184
4.743783398332108 -7.797303459262583
34.775024061246441 -16.048701396896401
15.453857362362159 8.608145198502424
-42.956005577260584 -12.223750226230617
-38.893584346096716 -4.035832163442099
6.645712953992374 -26.549971982698850
1.733409730992525 14.468247572913580
-40.957815081721243 -8.744030977482879
7.374675439176732 -14.413281073013872
-18.485992808995924 5.119566694191613
7.105302447612295 -8.271353974967928
-12.316115145086275 -1.841352038833393
10.387481618183365 -51.867922029162571
0.651221096360596 -36.468377757495453
-18.048952244405857 -35.442185116375967
-14.021818584842478 -19.689448144786208
16.642236949112114 10.903370669251453
-12.896163772314564 -36.429728421062549
42.443897883448059 -0.513879014215945
13.856419385876318 9.387416832069267
17.722613599521420 -20.747386919410669
-14.145237987695989 -13.465518344599376
10.688966355573688 12.624611371709415
-42.117384932334794 5.076119676778998
1.491037561329890 -17.298887962472332
-19.988482832129350 -4.923364022751058
33.079810813193312 2.002102848086136
-14.943235954199650 4.166057772113524
9.653686564851432 -28.981865955742396
-14.464754061665417 38.016798245640771
33.991637610638946 56.259882926894342
11.073505697588626 12.039758358979242
26.508919873154802 14.577303494716819
-32.605863276580898 13.637938540772346
19.835315896565593 -10.992253484920692
-24.474211767227661 -1.156026909650992
10.784803699073725 1.794158799021882
10.560141550803040 -15.065557786612795
-14.556037196011072 22.290639696186755
5.437523056523933 -1.564041748443116
39.942575907451875 18.580560357107444
5.061958735576573 1.849743669915952
-18.821805843178765 -11.413766593316355
-6.374301593959340 -20.591163169014518
-12.397521327244862 -5.135490305752923
-28.954815254679172 37.715478607926414
8.035726057902762 51.322171257042413
8.546391022652125 -4.874457151029556
36.055098911129420 -10.902457260692850
0.363603081781770 -20.294391255642608
2.725016308413287 -6.254148320085852
29.802888611893344 42.008733312281990
-5.966920768930875 -6.983834354050408
-20.209072874768083 -13.521277570136878
43.281449697098736 -10.826744502280341
4.128495616540304 -19.977011011071298
-25.528209873881579 -16.876254666356715
61.263845724083858 40.011756173191380
-34.019830048271999 2.079605498533102
-2.250869814959832 -15.903064122125134
18.842326864064152 -28.800181281648957
-1.380648687530295 23.032318558090527
-10.257404018987936 -12.750923310626378
15.152627516456167 26.794464503240555
2.966269029801907 -30.490630645632550
-16.253181148307110 4.137094096448286
-23.426392566966957 -14.962857541169434
5.607229571991967 -6.278052684214588
2.992293076435033 -30.191490271237878
12.856853492275608 19.669922003635889
22.054705540668213 -8.810984920587956
12.067512195512068 -2.823683285512447
6.497307795005379 9.100159280343226
7.257012573209496 4.705363795630834
-19.161981188591028 -9.521346462039631
56.000705096842282 11.640656652317437
-6.531652327175561 -38.357774062354856
-12.036048925685771 -45.456038046580794
23.552172838544728 15.498776678184930
-29.332675979125312 8.277778189615397
-13.920672079808057 14.776499769981470
9.351247482397634 -28.149047484805752
26.857699932692711 18.773868719717417
-7.905769136753194 5.168594424638778
-20.267170963106015 21.967136194425468
5.007740502519450 16.630277040206856
-24.079518066431476 18.535812796261606
21.191031147134517 12.138445379703581
48.956485054552381 -13.219165822037201
53.923880397902373 44.376956227727561
-11.016304992769426 -18.715808913220272
69.806455121770483 7.916701771189700
-19.621458928983291 28.888745562557855
24.283255499101823 10.435162289656464
23.685663638129938 -11.829974382842217
-1.932013572118770 -2.445538759543791
-24.420188124045104 53.438341460570641
61.846835593780938 20.274152235223241
-14.625340855358719 -42.586624187395145
18.011022529850543 21.486565110787907
-11.619484986404597 48.183457574729715
-10.729851404198515 -20.982367345939540
1.584929301539228 21.926906169329310
7.153405933307140 -11.110874168262393
-18.768497504975922 -21.660033703539700
-0.746459657237841 -1.702941102455512
28.324601738596034 -42.570696584694815
5.940211718279392 28.362124915324827
0.584840923241674 -0.696464888804818
5.533381383972322 -20.165820395089224
-6.155786753102110 -19.352066528803430
-50.078752420202996 30.157271400014778
8.332165291360436 -35.570456128885887
36.175699284633183 25.229492923879242
-17.025809853156428 48.024775014792901
31.421239670550776 7.296897105278323
-10.078151522502026 -4.320000651354972
-51.007340650459653 7.679434673784641
0.418167499643157 5.441205545905540
-8.904766642301500 -9.000190216040297
7.605318495148889 43.535009425240268
33.638221782761427 2.095837248787979
-8.868495284528327 -16.385103549886914
50.713527139376716 -1.347113564102648
48.974785627807371 4.477746246901812
45.504528568021406 3.259517788560414
31.605818361156942 2.542741813762760
-11.208621059467449 -0.753572929939428
28.268067897855584 58.117123114689804
19.685061860793109 10.474666127125120
-1.212170581371726 19.759834138863294
10.073293027355064 -16.393409952491240
10.958913987240694 -11.971080724688850
13.358738887171908 20.724491984173678
-39.101612701625470 45.235642778611684
-37.879056248878236 -5.772022953444914
-27.524191753493039 23.216917571825000
-29.691133092229204 42.346676889899769
26.552978530874217 18.198463170356238
17.273265230347370 -9.373565404632497
-16.329409536295682 -24.613209237308840
-7.358555683944636 -10.661635103376605
47.350109647511921 14.708953284768210
-6.679071029790931 -25.278841018234253
-18.208470563920297 2.950755032656358
26.985427333158295 -42.163911013985881
-6.592167160763506 6.579298664855019
54.786804611420642 -37.157949984816561
23.770034913270230 -23.679601222867646
40.744337918859529 -32.777008835994550
-11.386565123824356 18.572765805620044
15.611133590827238 9.239578989404917
-11.902268597032029 -19.651633562583477
-1.942392257807398 -47.298060605850097
-29.698986103389071 11.864105212614914
23.881186556315942 -33.443436486247833
5.851527616422280 -20.232356798907141
-4.043301095222105 4.024992133978460
5.665505568368031 -1.665424232737358
-24.592652849149193 -13.252824105278494
-5.984470924688308 8.977144848244894
-7.905979363832543 -41.677803010981535
13.090879117723578 -9.379320584187429
0.480010179752043 12.265085661368122
30.434403665103158 11.776512917922155
-19.832939971543503 -4.405379167236765
-11.691120261560593 9.411958023963914
-17.178565126701848 11.025712857434346
-21.272167251154212 33.863447776762627
-24.398193613530886 -34.793000792512025
-7.777696487972889 18.254038389740597
46.002913635006145 4.615835885602616
24.921349242673777 -43.326517563502740
-6.565124244720286 -27.283736727325682
-27.936336715640920 -54.334573177600689
16.685018802032356 -32.756604364461936
-19.750098270994641 -7.576841734081975
4.175381303730495 37.596647053767697
-9.743431924827224 -10.266737004038072
-8.778989251139617 -34.109983679890696
6.677309616552336 37.187211530624360
-4.341306382204133 -2.760892582472936
-3.716477758627631 21.212614355026449
-56.181934889759439 -5.986809910462650
18.406032929962599 -20.974411599784229
-10.300626811563532 57.221079470431221
-12.290805142334776 15.865984693268517
24.001921389674262 1.520194516461062
-21.150057341111335 -2.736693093525976
8.685129858028425 36.996673103754766
-2.442446075453939 -30.753243272434222
-9.929580031314694 -1.009974320620965
-28.473694578618257 -16.848734045015089
-17.363268786905451 -4.106449278905532
21.477485630896833 33.145076307838785
-12.409095585659390 34.001250377271390
9.703852901271517 -23.385666067213339
-9.601826195591929 -34.169449119979134
10.761428895874916 -5.562581025445693
-10.084873791812742 -26.819012899733995
0.857445006655256 -52.777691583231139
-9.335844170834822 -13.250262022057846
-4.091486707442625 -7.685520769455061
19.585164295061286 -15.325449818114478
-18.828009910270303 20.315932010361024
-21.870264139790624 6.240651259457100
-25.102984468170746 -14.081857708768128
-10.291083126582079 -4.390871031306816
2.158262940309641 -18.097216425821230
24.065682995473772 -40.165227761931867
-15.966860261153606 19.188705268720685
20.619038984094086 -27.068445291849869
14.004925963402190 20.182048111012438
14.982653145963196 5.688663326396897
6.652568713727407 -23.176574902391657
-5.359375866529569 19.675194394231408
-33.351607626436049 14.763059468312129
-23.885214341728254 24.981764600702263
3.083843353167921 1.998166757582680
28.387021686818834 -26.643586098001407
12.308016317160378 -8.584639456081302
-7.809001956567879 41.445602356156527
-28.955786236300462 20.811219566544949
1.824744815585141 -35.812401835908922
1.552763089041583 -28.851856917129432
3.108064839840908 -22.075495539550992
-14.547037913275741 -28.798421105764344
-34.605617405203752 3.320947076937833
19.304951207239910 7.835695700930185
-7.858507647420257 -42.390758807170840
-6.665284801763431 12.940827613457232
-16.463157926852794 -1.165108655200965
-6.802951016523470 -51.767173401399020
-25.045410654084908 12.444791691422672
-6.075033120155514 1.263780528481934
16.240837717787990 -26.012856797810581
-26.312910721216689 2.946233309509854
51.724845786017660 24.346976967873250
-8.692772486144886 -2.496239053131194
-7.133500165124281 -34.872958832073209
27.107275933181878 12.208216197103233
-13.309096506595349 -19.357178358969790
-29.991724869351231 14.096452303217495
-21.203845657579301 -2.367559538468076
-12.390343936518523 30.835894964128023
16.783129516565495 -30.932159096775553
-51.122492296134375 -37.472863325325008
60.288508472668241 -41.168825435443438
22.682395937934764 46.913967961368776
2.457246046987916 -5.522828009551724
6.819330137260660 -8.746630955544209
9.427400045105388 4.311452202022600
-0.127762842670515 12.437140024107698
-18.810116093038037 18.274791122434873
-5.102947295014199 8.570892426691998
6.286322056395889 -27.738871965963455
15.355297445371541 2.073731103588203
9.475531970511577 9.093314598328984
-17.548932142379012 -7.699667116505511
-1.473804479966047 9.276842266315205
-22.343035655511741 15.190979764096479
-34.030935411005082 5.812743115268633
-0.040481566232019 18.777198958220193
-18.176522181968540 -9.253754969179202
23.775910793764243 -0.405995456628278
-18.058373977881192 22.977065281177527
-5.188340565700942 -6.598250516095031
21.674703625982765 -5.657401842311885
-31.177737587961875 17.244220092803626
54.994349586670133 19.280892399432918
7.168330008788061 -16.692938158297437
-3.980985173382934 -9.803587338673386
40.443035313124966 23.574480523830633
39.466820135275043 7.854788501563988
-5.211951096320770 -36.101613612924069
-33.848020370149811 -31.731119872796960
-48.974586974863342 -29.619769593562552
65.986141520217430 -29.019326161824914
14.507032611827814 -10.596028027160115
-2.006780407619352 -11.353220619728550
16.843781832874498 -39.103227297440398
45.127046888155164 -0.468308083845959
28.206359984465944 19.345796181636445
-18.212967708343676 35.009679875252885
-13.765162970074812 30.233404807585718
-5.622926245962137 -26.318804322006571
24.844263751634905 -6.847554367138017
-18.283987887470836 50.017315763582772
-8.285947895519183 -9.350094757956198
-46.844563875022175 13.884675389306331
-47.032920789195970 6.734858696277477
2.253959725385364 24.875968789498582
19.565442528374781 27.726205127197765
-7.248390050906327 -22.582048939916952
16.994516819246751 -22.152260553024998
2.771376427534849 23.375910435127903
-4.500007831070912 -47.181657395388278
34.649178811874854 3.351081781927181
-8.809508537914247 -27.782067705665003
16.465769194855049 -10.664698499155303
19.174413052267965 -11.478388375722432
-24.065109634442450 49.411424414184324
-51.035010530887625 -3.057705150128574
-20.689965453667000 23.992486522309747
-28.789096795462537 -18.741535896750090
27.560506043714184 41.512490398528634
-3.668834777146237 10.113215107960485
6.621993416814453 36.438806443606715
10.570933447569598 -10.252799308322532
-11.863933883145455 21.108737315781660
8.256351615934580 8.089143095819651
31.079812889715164 -51.135119956202630
-8.215316795329134 -29.697020333046158
11.035433092164984 11.126043360817254
1.484107513065516 11.427705319649778
-11.997291656695424 -2.721644435462107
9.934739317453671 -24.429942726994021
7.488356482047874 35.990592322771732
-12.947085269646507 10.046817291468006
-7.791368699716553 -8.472963611261489
-21.544403354322359 11.616533158228361
25.672283721761382 47.435414588965330
4.582235910050856 -3.194738880551974
4.341727247873412 21.439300763347475
-11.023470049722055 -20.930094202289695
14.124929402517642 15.681532702589754
-54.682656834654722 -15.959616934300662
5.133550974153838 19.140779948718333
-24.120770544321143 8.574697210973298
-42.570043977494137 19.578974552778341
-26.318064604914721 -37.674696027767510
-6.619174795683631 -16.273887547766741
-28.231869614974162 31.569035865313438
-29.564530832699703 24.889772909093455
-33.769921432038892 -27.064954246214430
-44.523621473810458 -1.177989605448367
-19.809776293665266 -8.204459865985147
-0.280475628323696 -9.305371265923315
14.244305326806664 38.559860268912757
-14.486558627699539 -3.516375000063245
-11.560117174688260 6.479908724921118
17.213613185084217 -18.380824923559445
-41.603624545233906 24.463849827644886
13.171759224255604 1.908813580435185
-12.882741049821277 -1.923846769257055
-21.803713993479704 17.938830091127905
-22.037519483331298 29.907712185298337
-10.387524088817441 -16.128925519424016
-15.833620207445085 -10.993528436695771
7.234195285776045 -13.013355382118069
0.373720085427240 -11.494522816350530
-20.037337820967959 22.857298213198412
0.758856392172466 11.611521257872807
-1.316435213694248 63.029949847817939
9.269101140107557 -29.109105771794589
-14.036645738443784 30.911243243407586
-26.281966724125837 10.476648354523814
5.114329012801226 39.078384065222494
-25.060110078274338 -20.480738237190458
3.004155968228026 -9.536615143524200
-24.725546206391776 34.531674069302518
-46.383021317082409 -13.222728354955777
13.076030992749050 6.958284654826807
7.344541515054230 9.911903646352268
-29.045820698072841 14.753807568605810
-21.252844400521052 -9.741152195680034
39.042244373281960 4.248485194942782
15.845963993368890 33.154759208885729
-21.730419250075016 19.561971176538648
-56.319796603226216 43.297212785055137
16.624249970569252 2.770550035210442
37.912890776877489 2.392884526824914
-39.941041857286038 -15.842879917340815
-3.486473162633304 -23.667664187886743
14.637574720991205 -3.614792497668072
-7.328796426675018 -13.018750514024264
8.907851791727335 21.203500649470460
-46.722280548283280 4.417097452903521
9.754564923643105 10.652600425796111
-6.348994626763579 2.961667157411997
-40.986911965421129 43.754509355406739
-27.646606936467460 10.976587200406550
34.885280090861990 -34.633856161500596
-25.847933492627821 7.783716011650149
1.651450118651090 -0.761027006041658
-18.362672841977577 -0.065285858322625
-13.334069501163663 19.826298327230575
7.039996062377338 -6.324969715421245
4.946158876217119 9.418345542072453
-12.500268122743872 -16.372861521268351
28.415096660835239 39.317387954011416
17.084829982967452 20.891918071483122
-9.846615967675859 24.541806845313133
50.517253361803483 -3.875484999227176
22.223645937635130 -38.994268168410009
38.296522643787263 1.339465872272282
-46.900601153685209 5.812167994106525
15.050610071646469 -4.223651280262490
23.195345030449506 -12.437307846703629
-5.082118411046195 -18.499025761631081
-23.595685262957929 12.181882009563575
80.441075433909219 17.108165356419047
19.817243566325917 13.714037360274846
-5.363697289086337 -12.452557807413172
11.429157743821150 -3.473298904500490
-7.279960353420100 3.662539244229955
-7.637183624817007 51.687969669470036
-33.146609171009096 21.823436900543904
-8.059729862124447 21.695396895217783
24.779108167521631 -25.495030859259455
2.316074877253737 24.005223683898393
9.090403788765849 15.003625272359370
-5.356251823369963 2.153332235977980
16.456020672400022 -6.526109572211602
0.543651088685105 -15.962933214342193
-2.388676274855424 14.596271954542212
5.371003036188347 5.345672131046064
-0.425972294484198 -3.606398207320195
-13.848054854131947 -3.000286214778561
-25.875754149806433 -1.764908143115887
-2.233344194461279 -13.142665035454925
20.785069852029938 -33.511146049297089
3.768905880293200 -8.656897073784847
-25.528526744637489 38.817544772610873
19.984949552283641 5.172800983986138
10.867098927664179 11.373244779169493
19.359506652233954 9.724326740068285
4.407452297615673 -33.551656511907332
-33.933159606997620 24.377982686822104
-5.128513994255231 -47.127863967498953
8.372439208366460 16.902499132090394
24.763001057282832 27.069046416343333
3.509802562138948 2.997742716737147
-5.099470444140704 26.956647950720068
-11.568408259234257 15.431632527207636
42.862731413662182 -21.370876103924029
-3.275752941110419 -20.116139623088927
8.611828115244366 21.327911900826138
-35.930545576559737 -5.749232657713448
73.106847771214703 -28.591323616337331
4.205492337895191 -10.828351649974314
-18.901647139676570 47.183106530105043
3.884389927039468 43.343626888765947
-27.766150487259843 -11.462695380144282
-1.147089879736454 -0.656248653280990
5.190943837552449 -1.688165232922064
25.455248753731315 -26.826764309330489
41.361471011016313 18.137692749564838
-0.374352037735981 19.612162318060179
19.467681206351727 31.799070400028981
27.877678040526181 -10.449760346457138
7.698985712864765 7.105486039938464
-28.383053160178658 -22.067960987083918
7.269828020262823 -14.350371151528170
16.539364334348367 4.002748953777378
-11.711456339288386 20.708598197311364
-26.203866990325530 -9.847191751517103
32.959168938291945 29.048989015096804
10.797049724176242 15.014467303272397
-7.659592975402099 14.404583423035980
-42.116132778281901 19.138037254948749
13.500047598147662 -19.874399320128461
12.599916074172892 -10.715084931588057
-1.558573386177139 35.830575234981353
6.342468721522468 -2.072462114306914
-24.835361832198025 -59.873237760150538
-24.388918717001179 -3.338646575967569
15.966850740738236 34.686338301391871
9.736459017662446 42.990994669331442
8.345893987521686 -30.403846678835833
37.210555223719389 30.775118634811768
41.423370969064713 16.438083396187714
5.381785758584871 -22.305033919123268
-17.143823232489495 -6.711876675486810
-7.327357797824842 -30.511494118842112
10.332562443105465 0.997041488974226
-40.310254475819775 -11.881017613506058
-25.115719742066545 17.531434976813628
-29.708151755024694 3.211941568791712
24.402415791652732 -56.410231823820567
26.798129818831509 11.001125957193578
-0.818209451470226 0.852534484130670
35.033415739687825 14.065112826331182
12.604012435651635 5.227887777667330
-13.991081120892872 -26.824423470647933
0.302088911631261 -4.761544243064282
-3.141815813405627 -2.225148604011441
14.139228717019193 -6.820923490349006
-21.677997532629092 -10.159863978762408
-51.909689805268158 -5.157309760107132
-11.210171482153960 -4.351274081298742
2.674595884751258 21.130590214220128
-7.245639365039398 22.608097229431184
5.441369875841228 4.401776237756761
8.152575885196542 -20.264863183412398
-21.293353342970843 -11.295963256325820
-40.806517825719204 -2.546801670704367
40.863784071408261 -2.708541205770437
-36.829316475948389 1.496264480912396
-5.322677683453760 27.139972046552575
-4.542759538815451 -1.686885052704234
-14.251573580504745 -28.215272752109023
16.235355165501968 -12.731696168003186
15.175967815674968 8.442310098761620
35.289239171674510 43.401924685771995
2.740985589981206 7.249604717149111
16.998611105294898 4.010816359787739
50.189729662483671 -6.626415367954377
-14.180528495146753 17.414656949869457
-35.029368766810691 -4.772689321613026
0.370440848400582 0.470057946393962
-36.000548478075075 -16.158209432471367
-26.210014037882338 33.461748574906061
15.270469081116271 61.735605113219378
-39.438418976540788 -31.361459951538599
-8.016827334722597 -1.788576921228967
-26.424890341746064 27.774530800355123
66.185960832730828 -14.808650178891961
17.390083503394191 -2.295798572153516
-39.240132480711210 22.945511605117627
-4.999436623145892 -26.271172122588275
50.308783009349014 -15.771607103689785
52.947768092454616 -23.009670059759106
-27.340719040363002 -11.513113899440219
37.653001009287706 13.485009422427130
-20.285376386333535 -24.141378612047419
-27.184128400110303 17.018881748966074
6.335175222302915 30.153784920972846
13.581141483457321 4.587182980796916
2.303948607908868 -10.939628739241122
-11.072835323222863 -19.167786422249890
13.626625683647859 -16.105196921450496
28.333938101539026 35.003224336800187
11.342035492872263 89.568346203236743
19.193568981859915 -41.325034707140006
-18.237988699173378 17.285173272464839
-18.544126644791927 -32.121826269844696
31.233293578436786 14.350996297514264
22.795960769246062 -39.661452081206860
53.668741773450002 -29.339432104443315
17.684413767823539 1.210521457796297
-15.954829744924288 28.180128407065453
-12.105539586280804 -13.366165660033250
-32.093430731843256 -16.657050955603623
6.771724157955711 -0.307526256791593
17.852807614759577 22.473661067541403
-19.711407648738238 -22.619708838523248
2.425976022566357 -29.162704703285918
-3.728660770865221 28.361126613547512
-10.390070763415242 7.294074907269138
45.999446002371208 -6.245935724979166
35.271595795003563 14.822286395756711
38.645096130873341 9.176222827803118
-32.154347341186067 8.520677989870967
-14.255836620581539 10.728763331025748
-2.364357483479425 -13.976283111382973
14.780340464494731 19.427203548669187
-31.132236307121946 -6.764577732757165
-25.064254795581888 -22.185335663535852
28.694180102642768 -10.150285107679183
-10.682780451224144 6.895553198640130
9.194891667479380 -57.066651725753005
-1.728214866529631 18.993076921867640
3.319460184223769 -6.439309531074757
-13.335100947127868 -22.734937194547680
6.993341635856742 -19.487769576588118
15.676468509103531 24.517211565729777
46.634023874527543 -2.263161394158029
-36.363468164048250 -52.975116248164667
-14.242096175158183 -43.254861547394171
8.694519615359139 20.100113978896495
-10.480020830954528 -6.082845711019981
-0.783438460240688 -11.107289707196520
-2.007588025163893 -2.258326170882907
-8.693957607322687 -9.435781856233593
-14.779087575376529 28.322104686156290
91.367628106919682 -68.373491966974242
-0.931882669939025 -11.539994176292140
36.881312010968621 -9.806664360029973
33.184104519763494 2.567526731714842
-1.898191991259499 3.432238343629928
13.814378418892584 10.404441145971937
1.230306879628871 -33.126525768938137
-37.075266426022232 -2.280066733290325
-6.786514150383427 46.535371457865182
21.828089496872892 42.306372400528595
44.187884846856079 28.184446871328237
-9.949352092662897 -3.425629460252942
29.462731141852686 -57.084117174437580
0.091067320294449 14.880703098977854
8.130774566496610 37.324680319810298
-24.932967629301956 24.203410841669790
-22.457493300239953 -5.529984025786017
15.898052667896634 16.057053620230420
7.532939915728448 -3.906609369714007
-34.795671177459369 -6.170165089469015
-39.860573124853737 -30.612008074475888
-7.035293414703115 -23.401612188082009
-37.212820208156636 -3.328145347951132
-5.323585995671954 18.847578376510381
5.773619140177995 -20.351403363900207
-19.879063106009131 30.699561618218706
29.945414336906008 -29.273794465026889
19.793951244620590 -21.296929341785898
-14.530999435323057 33.996385272162016
9.413261012832791 -40.462575509288868
9.841994653746122 -26.477338263136367
20.158925866969149 26.967896457231912
1.158394116678143 -8.876231545975164
-21.717496400461673 -27.607706117947629
-1.727948003683280 22.453836751991687
6.968557557967501 24.758604376257509
17.725000354735020 20.002287686448383
5.961403225346741 -1.987732115035222
-25.209364821810372 0.481400646168202
-23.651175715882303 -11.234496180654048
34.925702969677751 -0.106531052533317
-0.495501057824656 -24.880968173379497
16.220791556693474 -18.484879568898009
-35.663658897068792 -12.135837619634160
20.992139428299023 34.781361886779337
21.184896397952546 -36.265725046202782
10.965311283518123 -9.055782159243517
5.058211242328236 23.395923849989455
13.654041787391037 -1.683879890238735
16.353731018047114 24.996521409983806
-4.905417442571148 -19.562416161286453
-8.788916724524181 27.435378043753726
-7.410734209634479 6.047439524726884
4.767356081080464 -9.422355361742278
-6.975335728131504 -17.864228125148816
21.100861084764063 -14.104670526427199
48.537306912910665 26.213104746947764
-8.902136218566152 20.196094939141187
6.224006948125862 -21.221547321323104
10.753581318374719 16.758116150027035
-20.498455707943254 9.162048399823362
15.592342938776818 15.893496123058888
-27.558718687634936 -80.746164136156239
11.696920515975215 19.054502680725957
-27.371260754671553 45.809031374780787
3.212241031475990 -28.565314228232523
3.870301575804460 9.532393126588156
17.606889930172208 -20.306430322560868
-38.967571534340117 -20.482652289869357
9.713437108055974 1.182436361957022
24.865113498160397 38.688534872385524
14.797026498959468 -42.321129920132925
-1.505793108044713 -31.652720116949993
12.670879872568491 35.079107482072700
-23.877232637337851 3.779638865560152
-28.633579405398311 -14.330230375992771
-19.469226482064926 6.557365407038170
51.471483436277296 -14.280119013674833
-8.196858373152487 -11.373841952640623
-3.300908472184943 13.242816320590020
-67.151719732002704 -19.728472492731498
-18.731836754914585 16.948971624445253
-23.349006016205387 -4.653752502404807
7.357679922457367 -64.302984540595332
-29.163005316728150 -22.762505437228949
-19.680022426849000 25.296460687867032
-16.037180332814110 10.882705464920242
-30.123582179581604 -40.067351778133855
0.725315913993847 7.604227378013497
-48.110375616961555 3.465351695784667
5.889297911400375 12.449469849984801
-16.396801956976844 3.953982201823731
-47.518242387974510 33.680548729047729
25.605293622414706 66.646525698256596
22.770939581446267 6.218833490544126
1.680918633284823 -6.936200163092312
6.145688743278367 14.297689427168818
9.759699381581303 -51.556154332719522
7.969951693238120 -6.486995685318922
-32.557825718040839 2.307817922963855
2.908666800167314 16.364333072085824
-20.951406005210274 -29.080870226389475
23.169626086360200 -16.980220359637112
5.104490383946113 -11.216669014346802
-29.265010712167232 -26.142927328897390
-10.760811309568934 -36.706798487882971
48.201222745676958 15.903468244257564
-7.080490869067624 13.773087141042277
-29.587856247986078 -11.945613868724179
-3.576243154593610 38.482617845145768
-7.098095106461131 -14.476306781647102
-5.178965672530257 59.289912392364890
-41.730521721860249 -4.421800412557799
1.202362137747948 30.411754981491931
43.342146434773689 -4.612260054906452
-6.268235444261471 -0.536557873145318
-2.664383840154173 -16.406546714049668
-17.834996767151964 -36.648551091271109
-18.133312017003409 -38.601707924429604
3.648775900204536 18.638300268197277
-48.823898243211460 26.921984005934981
24.708037498936925 9.836114552702107
-36.050212579701295 -37.113247383264351
1.983140281491472 13.215044547167558
25.675254369571437 -10.035993873715759
-7.206033483047932 20.360338372977861
1.775903252340312 19.649921108956285
-14.906724389138395 -19.206072516572561
-39.589130354874456 29.626845457425894
43.586761325967927 -10.843356390163065
34.892073623999202 19.127961263252551
-17.203831554950490 37.329306205752125
29.368449202754690 -24.413320733035015
11.172222466276075 56.408954622236486
-4.676024306962080 -38.877858522401453
8.338386717621225 -17.704146618828617
-11.207609157530294 15.731577423606369
-30.294788052601074 -71.251277515906736
-43.285165812268211 -20.998175334590258
17.266377741610764 -22.317626456390794
-2.520580908927667 -30.268633092176675
13.820614244942210 -15.135187232954433
19.471024763073913 -23.747966252962925
-15.377003649553151 -15.640184306068310
-2.584463100696358 -0.202168927868387
0.518863206414676 36.947947995065618
-11.261243352027558 -17.892238195817690
-13.551402461580702 7.132900014722957
1.340531796220270 5.172115856198994
-53.707960502446127 8.555707517366702
-29.520686413413944 26.269846182505649
-8.309822459387970 16.805599064721857
2.067596736500561 20.136895062858478
-29.422434273813010 6.116672991513915
24.829708400320325 -30.670013799584410
-30.995275658318079 -16.466560888200704
-26.493432300924269 -12.808765653549667
-25.701387474691302 -23.001874483577588
-38.236977686549587 -1.319432755416614
6.477870570901845 -1.825062115119136
-8.457261425424374 56.351542640405981
27.419163942067840 -8.850446141319734
7.460364141448916 20.372606010937155
-21.243914135254798 -1.033251853057673
-4.980582137889574 14.924929731979267
-32.264557183179782 -72.683296398442948
15.983462453528777 -15.983279145324369
2.493163326958634 4.587115224597824
1.191137458952422 8.052592127814776
12.143035720712863 -14.423134921752231
-19.421148086122958 -34.702338513023264
-35.895758288332459 -62.041599100365396
7.805720073834832 -46.009198243421167
-22.525659871223187 10.879780624397455
62.952865876824788 -0.343819401246311
-2.894277827486663 -17.184070210469265
49.920667450372477 12.616912723576299
13.018103147004439 -20.739991273586252
1.645121743514904 -23.937141501604216
-8.839051911958672 12.226267379597061
-24.793169332364595 -10.993998919608773
-5.694786730704668 21.399327983846085
-53.508207774082315 25.589520270183030
45.486837390543457 -11.246661641840602
22.466133050046658 2.080612739162933
7.140041609914529 16.004362977740808
32.302933408597788 9.367219728563253
13.386418080177691 7.623002955598205
17.061105034758725 -4.265066392604916
12.692278383598637 10.888725220500143
-39.830469025655013 3.418935393042484
-4.480684372901321 3.651440824838093
25.367601571425435 -18.121123343202029
0.900837592105842 1.254186908376001
9.829672796957613 16.304837421703734
28.564657547100609 -16.571586716887275
16.419812884650373 -40.431901282031269
-64.456847264332936 10.788872424967005
-9.043168200489536 -10.731199024366097
-52.679819477801971 32.579546104086326
-17.423147915733971 17.377918663358521
-9.339025248348587 4.181681053966290
-18.334632661316700 42.208526521710994
-14.685424855651119 -15.449885936491876
-18.273613568485395 2.928681556379059
-5.487982135163751 14.177559041940084
-13.556185763414147 -31.923027241144705
30.606012546538654 -66.572884117843842
-0.779584166070355 3.829069542735239
23.723425112796711 19.059287702867678
3.546558175260771 -51.326692639724179
8.982440019122038 23.099981255820978
-6.814045957684892 3.472367178856774
4.662218783246699 -0.394738920254312
22.282446735524719 20.824238225917806
-19.974791554614974 15.867789183639539
-38.671035906161968 2.143136832362657
-37.253630772648130 -16.725959044296278
-23.372426695669979 34.729831224560343
-34.626244984496473 -37.473898200634657
-26.599610001392946 -13.290808826087487
-1.190350661432643 38.011003044236752
-2.231472142000896 -23.174699950540003
-26.240419407813700 10.011843261971213
-59.516779627539762 -29.598147432972947
1.222911199066877 11.549697797529042
-26.950843431557480 -1.342772180354460
-14.177201650636924 35.843972926269316
-4.370395420492500 15.317993135364695
-27.339874648140214 22.629557194862024
-8.566067574947878 -30.146921740020574
10.217238059262550 -13.240238956951595
26.136336754307258 4.797339816485389
52.746467921222717 49.407779277707583
-42.258068893781321 0.215245782224338
8.766584533262041 13.344598958207280
-5.870146221387731 10.408213869723209
-13.940166323470333 -1.462007040696128
-15.130989171571331 -18.725357752588319
22.313958652141999 1.165446718877667
29.015644438307653 34.161688325460851
14.661904853935734 -22.618027135452056
-20.396729271370702 13.755643487192685
-13.392643149897889 -3.182974962974346
-49.328842018297486 6.475374645428021
22.450574931182103 16.291811863332615
1.302743827738831 -36.766029717352666
7.007279718457748 -23.944602543786210
40.087440852966566 17.116055991692541
7.177846684250179 14.818916792217479
-63.088475613262723 -9.010715888268363
-12.035852250210750 -5.248029879394654
-17.063057198116944 35.319870536449436
-26.926251477597454 8.133715192673934
5.178002255042339 -33.443586396680466
-43.807083755997894 40.360049952212194
-8.424895668859039 11.517463483945736
-32.335746692270298 -5.910896463839124
13.790861381668091 -4.037199128916853
9.559629383024555 -18.341221491626378
9.480799851026465 1.675598355196958
-6.245429297295169 -18.940126607171564
-22.724849390993207 7.846671243840378
-50.699228463309723 -25.584880182777120
-1.071711581260279 -9.434066064131599
-39.686780321372304 -48.563146522502926
2.987897139183388 3.620371202392284
-24.127404844095121 -2.903339566323409
34.549478182773434 9.338578755375618
-57.259840042342958 -37.460010866093953
60.430381389273364 0.336146994963318
-19.281888480574366 28.678851934683827
32.844587062406099 7.116918002955718
-8.090907172904952 4.805764217633502
35.425656981581056 -5.005607394792369
30.265329139098348 -1.604316226392428
-2.879649350389261 64.438191178896233
-17.699970118112955 7.711268444588797
-0.490480205764588 -7.864342702822272
16.428487652118591 -13.224557768518949
11.587969781743542 2.008115222319295
7.835316740143546 8.536629840516861
-29.775512079466246 -18.187151162472002
-12.785552312969774 15.524371520048117
-32.880795737696417 -2.270245951434017
-17.712138121805076 -3.735202694142665
25.934694457190545 17.364040785927571
-9.005859489254959 25.157824151902197
-28.521379985143046 -31.839201997068432
-45.176990944647024 -23.827026843256380
18.518150796395648 -23.206004182731892
12.321567586276474 -16.463066751515065
5.170679851787586 18.221715212219607
29.393224229116473 13.813211095911313
-0.901400096343996 -47.449320410876247
18.868425440826783 -12.201174192013637
-39.871761344319914 8.649250130446248
-6.981450390864946 12.277222236905416
1.399488206370110 31.427465026822965
-24.276969997858636 -10.242384790921635
1.917472703224324 -9.995638404836937
-52.089252997219546 -24.580789691494193
0.595128288892835 -7.944609106396784
