0.000000000000000 0.000000000000000
0.000000000000000 0.000000000000000
-20.343838283218666 0.000000000000000
33.280014859443824 0.000000000000000
1.352067450166853 0.000000000000000
54.578433407650159 0.000000000000000
50.130326343006381 0.000000000000000
-45.735915254821883 0.000000000000000
2.902764582529073 0.000000000000000
18.371110113996497 0.000000000000000
-24.323923573227098 0.000000000000000
0.282461715265316 0.000000000000000
59.919102506628128 0.000000000000000
15.945212426830574 0.000000000000000
-21.565612689911440 0.000000000000000
-5.540908438792573 0.000000000000000
-22.070637242815657 0.000000000000000
12.103030662903318 0.000000000000000
-4.202646457112966 0.000000000000000
-15.396873860080015 0.000000000000000
22.886385852220709 0.000000000000000
33.190770392356512 0.000000000000000
13.817201711234135 0.000000000000000
22.501994873685188 0.000000000000000
23.405458233690485 0.000000000000000
-6.091299569443195 0.000000000000000
34.280113315060774 0.000000000000000
9.763212561258269 0.000000000000000
21.655452020154168 0.000000000000000
15.258315400677485 0.000000000000000
6.933311946860649 0.000000000000000
43.264181174065619 0.000000000000000
6.541954747112864 0.000000000000000
11.667813162462098 0.000000000000000
-9.024466302167431 0.000000000000000
39.189519715453137 0.000000000000000
-7.210503093908550 0.000000000000000
25.277586562103501 0.000000000000000
-0.057626360041442 0.000000000000000
-46.671712206551589 0.000000000000000
-27.582094486901919 0.000000000000000
16.325456223507327 0.000000000000000
-27.410696782313856 0.000000000000000
-4.829845533317888 0.000000000000000
-5.624276762566960 0.000000000000000
-60.536589824617174 0.000000000000000
-64.553971022118645 0.000000000000000
-38.853533681269838 0.000000000000000
58.727231464094935 0.000000000000000
-14.399333637399742 0.000000000000000
-62.373343986297073 0.000000000000000
0.000000000000000 0.000000000000000
-30.052714134077441 8.025412120573751
-15.280269557604250 0.724836011659970
-7.753672226009077 -1.638996955788979
-21.248119238057246 5.109760798544760
-11.205831920568658 23.924423865554363
-5.276557950066945 34.496295770388329
12.217943659145137 -38.269047370934153
-4.468267864870848 1.511882700040770
-16.148465381937168 -44.502756709182684
-16.436417172962273 17.101622606307593
-8.685798539526424 27.183948063384474
10.775355344175040 -2.041376060044344
35.773269474138964 4.476584378598783
6.961015695555932 21.695913463813390
35.682281613065840 1.967826674215437
-6.579260367614705 5.905368270367641
-15.132347711632285 -19.851501034089711
16.451042996534465 -2.178260225054003
-23.528994160792017 5.519760575134566
-13.310700662528989 -16.589422485372772
-10.768882186795141 -15.703485195352080
-15.761060027053666 4.938292442399908
-46.459703875132895 48.822311049385412
-9.288224981216120 -3.911036727956572
10.006813266448420 -0.397683067632561
-26.455133847275658 -32.266632857417754
-9.584966631035988 -21.302396758989488
-8.901105583878277 -5.264819129486357
35.375103883897431 -15.720362767365998
53.878819968021453 -21.295176550730858
16.227754736174699 -30.090702850236166
2.896568800553615 -8.187559812336588
12.216422590369437 -6.077022138675021
16.768733342912792 -16.069229021645732
-11.002430550719552 -33.419112537878988
-7.684796161625825 -8.159406424037799
34.941586132507894 47.293604675678786
-24.312790146316694 18.244967421554932
11.196813208589100 -18.341481747639993
-12.023532266621881 -15.711308986542265
15.903918297589607 21.133093915677552
-5.136579105010585 34.185348825503851
-70.993776607334595 23.396313424335592
5.804450064607301 19.024104986111279
30.171613611224732 5.299970495932172
-10.500910368204382 -16.953543365578149
11.270192610123594 -21.579560973432578
-7.247026976539384 64.767142006489664
11.167418785945658 -50.582418160054878
2.917751110968066 -7.346993699725969
-24.606314462016968 5.291866670974473
-28.848761445095775 3.149117323197581
-13.065939465497918 -47.704078136042277
-9.680744789885932 -1.523195732118632
2.735622639594247 -8.758689182606570
30.020673475183830 -31.561868831467713
-5.547994879654073 13.246590411935879
34.668421332066195 -24.229328832262063
20.098311975529281 -31.836578160052500
19.126545716816338 -1.713941175171643
18.696511002730240 -21.927542561996464
11.253818347413455 25.667308725335225
14.675673574438953 6.216801446201907
-0.969865933181444 10.858735668509427
13.443298311342259 15.589941415608223
10.238233122364473 -12.397648664808889
8.280197237533743 -28.194446150347915
-7.887218601455639 18.042159237340123
9.443606477340772 24.478856112727009
-32.869114460078478 -25.315935097588142
-18.831156197819862 26.294886817395273
7.453535676456998 -12.430894040149447
-3.554006722461897 -2.533369473785523
-2.587255102118428 -14.581345412906462
-29.126084790163333 45.566310268487534
54.964278495629372 9.682570199550133
26.472218750560518 -30.789558817692541
5.525715164135010 13.563312798167450
-41.896012479900591 9.369576495806387
40.167878357843151 37.390202739614757
8.035708996755940 -5.741506385088242
6.790834427745968 37.923651867788621
3.789921179399461 -32.110732760595177
56.269026544594702 -11.780797871528426
-37.374450877204943 -19.017738542555222
-15.610554432742498 17.657308437063275
8.380407398892812 -0.928415863978025
8.734413701449158 23.005415437336051
-11.191053505558937 -22.825214240114519
-21.056265252936015 12.366389312507915
13.580886449563888 8.156418484373997
-14.426314944353891 5.495162829658743
-11.978606056698808 27.018747407498299
-23.410647971334722 -32.272162233192851
-10.761195016409774 4.889383209240503
-41.324337874520367 -7.907563104679546
45.975694791733979 6.515098677655451
-34.905842733746972 13.562129066272872
12.189573440715332 -25.625126238300979
20.455509966741818 10.252679817206689
8.942097131299473 -13.320383131007603
8.552462441985245 2.733875235603020
-8.118383287914760 -13.109887678623897
31.798682367446453 7.928002437227120
12.336446390600797 -0.554091832404349
-63.066491133062001 40.671711223378253
18.017960328698688 -11.619850776325514
26.026578314584775 -12.706396306929490
-11.102241817159289 28.845930806084866
-7.644002287916847 26.732956861451971
-17.333981759045500 2.233684529799156
-26.713558648410377 -28.111079449843782
3.637948733034331 -27.843568689121117
7.177441140889062 -5.735318507757778
11.582461167498709 -10.574393461637710
1.513878416778301 -10.707437372696402
25.390762965754366 -9.343117383953036
16.096096568327997 17.739352696658539
16.739397651489590 44.732579869324802
-8.103956020404201 37.514289226989952
-6.989187960150868 -21.474898427995175
-15.443745805484989 12.685862568764348
-16.462103599374988 13.967073693436694
-17.063937057554192 -5.394657865377430
2.020528901314596 2.192428063274419
4.473352811335698 -7.332666908241342
-10.470762394719287 -27.184406156412955
-20.447594617654733 3.300283674648398
-25.674499731144646 21.778268325502129
27.151399797061075 -18.946276302159674
32.671001949719205 -19.316454896503071
10.031560926976484 -5.809033139191856
-3.870448860083885 4.418492716180591
46.062593894548471 -17.646864342132073
-6.355190295058849 16.105775310844102
26.448558830822464 13.169368308614320
21.060023677355758 -20.411693207134423
1.369293208531972 -45.178552330991309
4.871609517323237 -18.838800629119724
44.328136072340044 -3.579187655381349
-28.030750142038915 14.121814339018034
37.672888957785737 -2.412782993481577
-18.145034279906405 -32.608403989475129
-35.381249309893839 -68.008817773759006
6.285123058482315 56.868883259077833
17.654381590453401 -24.797636309133487
-33.347378589738064 -33.568915070263202
-3.522160344570347 0.375796644863359
-44.628896551629509 -0.589901925294996
42.033999759220833 20.764025049958317
34.588103254665342 -18.216842677341319
-32.164076942088364 16.383767109307417
35.238873417990604 12.150797772249424
-7.405707549051210 -3.335026137442244
17.736270128897807 19.695902711735492
-20.995316382021883 -15.141534578859618
-32.489414802998816 12.769882825783498
6.214960927531204 22.354011461975716
14.895050508371892 6.935884922602265
6.841779373768190 3.337075800876053
20.083550781628585 -12.438671979016448
-6.313106115847875 -25.082994298477384
-17.383071832816519 25.129721630520098
-20.388727558080941 19.950685437086133
6.827506129796979 46.989169012769295
-7.021183015675275 -15.855832785816620
-31.952890849240745 -3.950357081413959
29.672785383150462 2.771632275142788
26.981256524487950 51.937819294193247
23.520526412811787 27.907152945723979
-18.850844944915369 0.797846035707169
15.134692634087552 -51.430695500933219
-3.101151640834215 15.289930434566431
-8.903720054774075 -14.331089354517360
21.432538514123962 -50.761538775612649
-8.905735115963154 18.802890233396393
11.173617028415478 13.618128319801592
17.283160495978564 0.370827594788321
21.440414739633461 -1.235505717862144
26.019213468220016 -13.091684543444090
41.100017374474618 2.179283684110933
-0.134841302422065 17.382019014440711
7.518946549212838 14.455034706477454
7.805440346668191 -19.690291254240691
-13.822456859103557 8.836164549879649
-4.169889457151934 8.178354640255135
-0.142484240914670 -23.498114389668743
13.354702939645584 9.145227882994634
3.122322722708796 17.796016265456750
33.769950779940423 -19.221755833286178
6.577221841591051 7.754480894998949
30.304683150012458 9.681875103244945
6.229629203802089 -23.874061227160713
-0.676602886001827 -28.814013341671139
-25.042038765738678 43.411876160429443
18.509728155357742 -3.734766085376037
-16.105463453310595 -22.734490630371351
-7.599889376876375 44.139752801999300
-12.266867037890989 33.102638772493577
-12.609897995188726 -36.676187935982185
36.405427221145651 9.332509919334907
-0.602999205104881 -7.527970144759438
-26.180551553209138 -3.259603086544979
3.862604017346028 36.895460197883637
-36.537992267590873 2.923083353812237
12.907699055149918 25.216679806159025
-21.435015469590844 -14.784107020083516
-28.695130534331472 21.802197643229615
-6.257226511036147 -7.999166091056987
13.067542108270477 3.583013298276085
-1.904293884145905 3.115111896014699
-22.684271520861827 0.729052135049493
8.610552966146368 -15.686860919982857
11.392907256766739 -5.700745160199746
13.943415044339115 10.147448113832368
-26.206371724309754 7.391171134583590
24.935816169221432 3.843371097388233
31.413221229707275 -12.144406219569643
41.078695836404322 -13.355448179571390
61.624119496181628 -40.469209001018918
-15.466368234775446 51.611805413098288
31.389971629761806 -33.473178420378979
1.959675698586766 -49.984081990416378
-22.614994180802046 41.045493248611066
-43.994403700448352 -0.019924553490339
-17.834338875038249 20.489315937689664
-18.112577706919893 -22.531249293944761
-11.423334073514519 23.811613074646299
-26.523711469138188 45.381010796927605
-28.148951247479385 -13.882096857605189
5.220149365437790 -18.733433097858978
14.979412261628333 -58.685561962361447
45.899496390079364 -1.680860024895172
-13.306350710201533 4.448171560496198
12.716722925224715 -28.106951026078509
-12.182827538903254 35.815682898006528
63.223444739294749 -52.034923258947870
-40.094516775170362 1.257488938614756
-27.032523088812646 2.172052470433021
17.938520205865448 -10.079749662877189
32.949201836886559 11.741119071375069
15.420527070376913 5.651505439559084
6.675391072642113 -26.039561010496300
-1.592524514552517 -5.960045294068404
8.546719040479321 16.663081452066130
34.063557386168164 -7.312253863678027
10.097701640277156 2.126455696025880
-33.605788811188148 -35.911566683161524
-6.898828907818358 0.059423059512607
2.940427975472446 -52.446903556732671
7.010411963289020 5.670082944958369
18.472973988325943 10.422833440934907
17.881195369028990 -36.560636285007895
-10.427330522847972 16.496720051792014
4.646067116668423 -33.136513761474696
14.474472846835134 4.040108014239131
19.209538088560802 -15.295439620795152
33.154386019291373 -8.884544077329865
17.665242057147594 -5.849343920148422
66.151135435041866 -20.668117734462179
-11.175773895650380 -17.349944207391612
-29.241590660380371 21.252934215121591
-9.509656428079479 -22.619771928579251
50.698399452875535 22.000496061139902
-42.916548125915924 21.104147990502312
-9.914980486133022 -33.704794291485051
-7.839294965019482 29.715408624157234
23.904671493682944 42.398375972134652
-19.700905329107442 58.891088864737689
22.607223978475439 -10.257827890600622
1.116220291322252 -44.620542146783670
15.356224224485569 -18.885550946948797
32.501714029114311 48.563991732525245
-26.377455775241273 48.132462649881205
-9.050171607037088 -10.495383544824774
-15.451103943778527 -9.138816097658532
9.364753204509501 -1.379433773865528
-0.510531159864584 -33.471442204527200
1.322618074951556 45.626862687516422
2.898137283893142 -41.782572378368215
-35.066352070473606 -8.406273282591336
-37.684965745271789 40.763124211590039
-9.285957115855524 38.757916832985444
18.837029912965210 9.502806915482157
20.920834062388437 -4.281076608328267
-34.051213516974769 -12.613463193001641
-31.445864219717485 19.825553911577803
-13.780242889074145 -25.270382764126939
19.812993462102945 2.859690340690169
60.707245798159818 -19.535812733504088
2.315349790432415 19.553723226532796
-35.091134441681803 -17.160802907998946
-18.313185163515794 -37.804588498890226
29.678118481667333 -25.086567155346025
6.021863386054964 -7.198680532338590
1.242718493434214 -17.973551381594827
18.589119671252810 -4.188236159476839
0.062077455793893 -2.362116017143278
-17.278930868826599 26.119458116114423
-52.628928830876262 7.326775915422083
-8.482316684881123 5.321927379679206
8.244403317959161 -7.313098134974315
-22.691697853102493 53.636313908861666
-2.576481752549384 25.061146146921196
13.394732903673651 -14.467179809491688
13.746203481583894 24.184440556051513
31.575447666267802 -9.597103807018083
1.221252784660573 -0.983203063578369
28.249456216072520 19.832842251847385
-52.616024621666476 30.111723844020609
8.245271664434288 -14.756557809026967
3.658096854029193 10.366325331778039
21.494349504190602 5.055423806808707
-53.918142460739119 -0.815684330294797
-25.059753442900977 -22.484157852456789
13.964116336131452 5.813577653038190
5.844959706245991 -24.511144606115220
-32.879418252030810 13.190569844111939
-19.755378994996828 -11.551477748404910
13.112354515732198 0.594479835454185
-32.247754106308562 -0.626597665400466
-24.502488445611895 29.030498329530893
30.378658202302955 -16.104684030806190
16.631645028082151 -27.892960139019660
-33.523472792504712 -12.834418121612968
-10.934443107727070 -16.529677154293399
14.617665448584839 29.614486147964541
-2.883102982168108 -9.813362370553456
1.512734090879400 0.700678924362783
-11.592240111598253 -5.104977293947922
8.169267534147187 20.446132841677130
-15.401188879565428 5.797431925744788
20.604583679721564 14.535359387478289
-17.208651944704577 -2.375400822139679
-52.723302156379297 -10.773654235558652
-68.273041056747829 -38.985688196784707
-4.626815375833725 -3.045543657405692
-3.541888553388643 16.407632143843291
15.335614130753902 4.871166097010872
10.647384870723673 19.999416116186538
-40.066349376454831 -14.388748112558698
13.627539297248619 1.663316886532268
0.686934561144713 21.876462744132322
-8.300734495944708 -11.570566770732166
12.380564012843536 -6.980112570346988
42.930843263069960 -22.957869374304455
16.092056040462090 45.141088690770246
39.302247482790236 -14.836149978992701
-12.954607717983000 9.566993236810223
-49.372086880175779 40.241782828600570
-39.422872488039502 13.357338179665499
-4.443458208541044 4.266060274598509
2.334741931968756 18.901317922142315
1.472554364394740 47.780445493698949
-3.044590563262000 0.821428909050541
-4.511796227261158 15.624997142338318
-6.469231655720654 -5.907413256638349
-7.477076846858220 -0.822146579228400
-39.212527518680574 -51.257535612233504
-19.356916945406461 -16.192135246145586
-36.438505189982202 29.498785354809876
-8.177038852882255 -3.643895964001296
-44.613746658905818 12.410098894289314
13.397735976486846 1.626492772144360
1.578818204021373 -3.830437230126459
-10.569857354945501 -27.199556061386374
-12.294065849150854 -16.999292983577718
11.811781092230403 -9.906779834121464
24.156228216232478 30.390287915439394
55.750479573470777 10.092262640080358
-31.234560777660800 -18.734010574934043
41.281288439898759 -13.988122853205203
-2.276267978765980 -21.771480186920680
24.157669261547795 17.047044831549265
6.286902882762120 12.514008169939121
23.201072665835220 18.247939856656853
-46.420037522543872 3.907017192253360
-11.546635866684309 -1.765051259723529
-32.086071608243621 6.155078344064462
4.866482620325734 -24.584568967701586
-14.285090994982484 4.749647305549483
-9.686708118668568 28.745823757584414
3.692673943129363 -2.389321331763375
-5.545823352808284 -22.581278321945227
-30.401473583568034 -0.092914318298633
4.205884067301596 -17.110539072637756
-17.253953523492960 -6.261971193491743
32.711326867171437 -1.814519731977206
-12.273759253263316 -6.919064401950799
0.134875120025515 -11.762422010787128
-3.594160621656525 -29.474103003970516
18.848535018559222 -3.703427383852914
-19.036981824745133 0.515950364117487
61.830512887135740 11.759279787853481
8.088910001372764 14.951940933515113
-21.436439545697858 11.507356178073554
-7.690014823893939 -6.517375795490338
-27.963411531540732 -1.312897806755179
13.614578361460328 -62.506081555804428
-17.465521135966629 1.109343271567404
-3.132424983403987 29.609402904174857
-35.006460934654143 -8.939283594785254
-19.612060891570195 -25.750471827857243
-5.915252960405343 -22.770775494586012
10.228726922511868 -6.305801812745846
9.987054461984215 59.027800297425692
-3.304580168762894 11.211983675782580
19.199885595021968 20.369645342948854
38.037085726004392 -19.077618869395490
-11.228390403504356 24.664435315113749
27.965099183802607 -49.955872653249358
44.175425273175613 -30.749184274344490
-4.494590637505324 -77.886987235793981
-52.577203610502430 -24.444240990446676
12.271357092294355 15.354001493576467
-8.157662075378996 -22.219443001955877
-16.316285959196719 18.003801327660778
11.076959104996819 4.292455823225267
-14.127817977460060 4.177262107516963
18.909396477925657 -13.255778821124862
-15.256509207918517 -34.232427071117776
11.023190328762997 23.678045194308620
13.355154134178699 -29.738761056240186
-5.292629434184064 13.483332989944113
-40.557965548518979 26.559798290762142
-27.333680357772863 -12.120079355606146
15.696613473063117 -28.275576410141060
-28.541576391434450 -27.871458792554282
31.419948368610125 -23.134169357819744
-28.549209759576492 17.807445691586260
-11.006355199445641 13.965824683870814
-9.275346411639084 2.866659817553741
59.713678647878773 18.298075433420824
22.030284944478588 -25.003605219436590
-24.970969200374874 18.116633554331578
-11.516784270672941 21.083583395309908
0.827955867155172 7.817189831438135
-2.995449217128637 -41.336751138970534
-67.703027264946201 -10.055380272928707
48.369278774783567 3.881536086414052
-33.768727673470522 -17.348589204854026
-21.188671138080558 23.713495477001636
15.891897770691211 -2.242118765869067
34.673082958317522 41.795050186510935
47.441695996667001 -2.702220211032610
0.689158661509307 -38.916518450889768
-32.266867664333539 -25.639091372097635
47.131948415017874 15.854969915707304
-25.305075393510535 -3.273789005148529
5.557766757383033 26.722755133986926
-9.537343609462448 16.999958146493249
-15.538551907524484 5.674983582050370
41.382350627489792 28.037900126544358
29.629917082955156 10.408409690155437
1.492118064603251 5.641860065313175
8.423685864470217 16.924274616148587
13.791182877186262 0.837821640334677
25.363101176555304 -14.683126852053521
-0.341529395787410 -23.211875421598098
-46.920616078003675 8.065160711665342
6.868601595791598 5.754953382450696
44.392739300652657 -17.449293118094182
4.338258265733401 37.116090319635610
-11.615516476671297 -14.457687807018104
-31.047225485879121 -1.248210510565709
35.674596688872391 11.312070272043098
-7.404644446034812 7.184967794057165
-22.225909466696887 21.412864216230854
-14.128039735971116 -21.338547774627560
11.310179781988571 -4.788161755945908
-27.224749678705866 6.707543850208683
-23.008125257695795 -36.570826224918520
-11.290465978388911 -12.380870507185856
16.353667622602828 -54.824016724742016
-22.449463798514493 28.670758892482176
46.530506543335690 13.321205907831278
23.745183183578479 51.523195674092698
23.983685652649370 8.944671462946841
49.685919187762323 25.470537979026069
58.899208982213445 5.115885277188602
21.299860060827722 52.880287991886114
-5.008323845954021 -7.176316924259943
-0.707803521238566 -12.807354493848582
-18.862696976746342 -9.584947211805570
40.926854542132638 32.962184949239798
-40.482892890791199 8.876079566447903
13.257051984345466 17.640883454402431
1.120606180280448 -25.990916332942128
21.077362404796368 -37.858978128647230
-44.600625123837816 -39.115949112539433
-19.738873713902226 -25.419205004738316
15.822187869998311 -27.870468901842287
-13.965171708227619 27.388953765065999
-19.217630993665342 -19.869521664453305
-9.481136198587031 11.420399805670607
6.984727148696704 7.297343017701583
-5.756052808568612 9.617794338400529
15.326876119032532 -0.951974811790345
5.645575259446409 -22.885344060070693
-14.344981081986598 15.236949488624763
11.954562241312980 41.758869195877907
-6.480599155333017 20.805145239028192
-6.037189316024102 -18.080589494272125
-15.079428591432041 24.447404788712124
-16.360392650783332 -7.279798557191501
-8.790226457727707 21.721892211951957
-0.122606328890031 2.355064679139097
37.577909000769779 -24.827460276410569
-8.880915511918538 -59.004260473183486
19.983397289931695 27.597645583540828
-25.646265358521060 32.055208387295345
-14.259236624120303 8.142302255081169
8.571788425457697 -19.018530266689964
18.080418440569556 12.391590752947902
-30.953737008437770 -23.404294515216232
31.576678176126823 21.614034757324607
-58.831735596798779 13.844008506768899
-3.455614640290246 28.330495263264506
2.735279030738456 0.150006956735424
-18.703194769012704 -11.626270661764885
14.326227587594966 -26.752195430372051
13.160232829099266 8.560322344711482
-2.274801732098664 -16.575917275886493
-21.590554951049576 39.816670165353038
-46.165238612317467 14.750252119415997
10.611285912166492 -25.014228329338138
-16.073951859615384 -56.813129122164057
21.558916126281122 -25.991522915517042
0.041460168279549 11.489474871558004
-4.298939146842613 21.431038967840855
-14.954407016884062 15.354963640092940
-3.602088184894122 -16.466031379400619
4.710990083689639 -22.924231806493520
-31.294725045360476 25.031964106878263
1.102427974111040 5.048392435135861
43.830789797384661 14.141588982972296
16.104775184176880 19.379317330357932
12.793789689770758 -12.456930059758724
-22.890077715999013 -40.333654122084198
-13.324108886119944 -21.324489022707635
-15.321532710312686 0.525149718768214
27.339466304941183 -22.020915746608082
23.239633639194853 28.927418810586655
-15.751450859211957 15.355693045977352
12.798849378275488 -27.555327137810064
-3.470070564434555 -26.446997980401349
-39.783610060692425 -11.053357836636664
9.497423606124963 50.847230947935948
6.582947584136068 -5.147438768900980
17.428074249795507 39.945078477229274
13.870124656252006 -66.239061995870870
10.356968911432080 29.839549415410730
-41.669182965122346 28.892807911026104
-31.739405110764846 4.470310825347994
-11.752078608502440 31.010946041817366
16.110696635853653 -4.924209730470708
-25.350824190174436 -43.211221391736842
10.792295577536281 27.525716720296554
-18.661095529986660 -37.559551776888995
12.795934164215954 17.263394012974075
-20.825666821688035 38.439433130661250
-21.855445406932112 -6.755724562107304
26.581444312965310 23.060771917158824
35.669709375183480 5.269216638559086
-34.744612494164613 -48.101497232447876
-20.562595900298835 -44.574469427557382
-6.348444567642961 24.747001196673946
1.136903826235446 4.271898483682654
-21.272724428579981 -23.089818845865601
18.001354270935536 -17.245596021135327
-4.453205137903558 -12.875695132167657
-53.643638879916423 11.954449873430212
10.688167225255283 9.715614322148380
-21.979235515979127 17.512172070361277
33.936255084804557 -2.429340138606006
21.104312234087459 33.575751631359687
36.146459123805556 29.528289335832177
-31.710157417049832 27.829983251701908
-17.947014831318135 -13.599681139710063
16.655796511089726 -45.711790306594480
-23.508179443225071 10.500030683676187
44.436053213417821 -16.102974536675720
-20.491066647094126 -15.914088940454272
-45.440955421819638 34.352793474127637
-33.028047036192852 1.643452313537252
-23.536084943674307 -34.350571320639084
-36.816932514727434 -2.701608479522448
20.777532085911236 -24.050391765979906
5.387985447622518 -11.852024164883550
-13.989869606038202 -26.780269482809974
-9.612009927332915 15.163357019009622
12.907742146579368 -9.680417243354645
44.460523683051214 14.164188814514391
-7.042737684091859 16.006274298474775
27.111352505968728 -7.824001561885481
15.831146246848592 29.731981293845401
25.958343986490497 3.675572501979067
-12.753842385593112 2.535736519056653
5.461563946613400 5.720450007211570
-2.380469000658987 -15.804293758864464
34.814602582775478 -48.705317929121684
-3.565667676449577 38.406030195280735
-39.307321731221563 6.243319894467983
-17.435260223452687 -19.240023960367367
27.544849199966478 0.593376573536925
23.349864797141489 5.190003300116173
37.545496962197241 -21.170352107824325
-1.823052021978872 -18.096720320033452
14.345816217266460 9.825771895987426
19.804210366930249 -12.388847568290076
11.567887088142237 -60.843871842993529
-22.867128552501462 -3.824836572994053
-2.713050544802715 12.314530314898279
-12.509261636399987 31.872808236165358
24.527667046610343 18.077996049217749
8.680660727480060 6.941431617838425
71.079330161798850 -16.325453200385802
11.992253696996380 -7.203630872019372
-40.996107721620923 -35.018031298497981
6.581251518754422 -27.653000112580362
-27.527144005086999 -6.899594692452139
7.681311372702170 -37.683347395973804
2.437435816834430 -16.743147157886817
-26.189476853342505 1.603877994243561
36.149980319264529 -17.314352991069004
-28.516020042878338 3.880282857524274
48.375944979594593 10.220178062485965
15.865511630294582 -1.660036719039381
-9.834317825985254 24.031176004343301
-53.238824820780664 -10.311323809586872
26.037782591056349 17.216483326579620
30.630087080221188 -5.955095990914674
25.223644541068101 0.983823428231788
26.161486988202988 -3.271915467553649
15.522365146158473 -15.074226563869351
-11.542771255785340 36.179192337133102
-18.020887155303974 -40.404636344215177
1.239900919728802 -0.832513165910338
54.516441184829375 -5.447028505105443
20.242369725084178 21.018098493706852
-27.190823071995077 -15.072548908623665
16.934645093354700 19.851356001439047
-35.430872536582719 -64.166597883510292
5.557587345684873 -10.848662070897930
-3.639253027453818 -32.627586133217086
-16.003027914496130 10.524152455051615
-8.263514986547772 4.938802502710935
-3.046590916969874 -3.537136200453483
-61.920399642038802 -8.063276584379933
24.615628172007163 38.120501346509378
-21.300938259397501 10.393254875300839
21.896384859942206 43.123189406994626
2.825127056021026 -2.730243278381349
-13.433029144619052 6.818989838104804
7.461604829668825 9.494021995240868
23.786099156420295 26.659841481683763
1.094935326951827 -31.226797917041804
-16.345831733745769 -22.682516892043243
-11.357346434834925 -23.264884319952507
-10.477005434725079 30.888042970059395
-16.596766293918296 8.338986366452255
13.781830977087049 24.294361651012430
-12.555132098895095 14.852574833384171
-6.062579472369725 27.018026142484477
-17.146048990239883 3.485422931615186
30.391559906583002 -0.074104351348942
24.007479149365022 11.468832745603422
-27.422654704457088 2.110038533918387
29.498006808903668 -4.374290241636378
10.796065283846762 -34.552844332200827
-26.561626811339210 18.158725778875866
-20.188883568360122 53.947397764500742
7.289566221474676 -22.240691188840923
-26.638302132346592 -31.799608699701114
-25.072115548281069 10.872025601736036
30.907639709694095 14.205822849134996
26.519967644136049 -19.997708376321327
-13.093118324378619 8.049220592705423
-46.547897807650820 -8.471154006416544
-21.192139664719541 -9.410821748740354
17.294594157043054 13.757192792208331
6.226838700520631 19.462477129939749
9.610508127409988 -0.666309582374448
41.566551671164248 -5.697011862040458
-2.784863757109120 27.132118378698195
4.119844414644589 -39.099445973342775
1.640704792424627 49.153781271874820
-12.446100129532198 -10.318818088767248
2.448116171769564 4.660357475489969
-12.059416532287779 2.262410808627730
19.586547896789796 -13.636976242418291
-1.128051738875364 10.737985099130912
-82.436625521856655 -44.225167525398561
0.123729712090068 48.693418540864968
-41.350553967735387 -14.173551007350339
73.522928430553122 -12.342350732930164
-19.652555712386309 -12.193855183080995
23.998364093216914 -5.814844641959875
-33.303475513851311 -7.916354854450406
-19.455850967035282 -24.866669798855963
-46.574078368285029 19.090088923299881
-3.964294343550019 2.164745090116295
31.495323966811647 -37.929260289843015
13.444552677559271 11.220930369581788
2.660886330597060 36.683862332587765
11.099113620461068 12.515758279565432
-21.884739893914769 18.424564925629646
11.820180732421788 -29.256685188017638
-15.817133240001684 -23.348351839753395
40.463696005380314 43.446265982189111
11.178227063402504 35.741253085119020
-4.707960154202585 -20.769495003385874
14.455597552462276 -39.531574177916610
15.603066161813363 -27.785244848625428
10.288831488119069 15.023640149225395
-39.483727437305873 -51.182419040522042
5.107969631276265 -5.546067358154192
-26.184872673201891 33.406446659759787
7.947078335344415 -29.184853427324644
15.036959007122251 -24.329505398405828
-14.943526703884949 -17.585931001760962
16.288136480458693 15.914902206373881
22.900701959157775 -20.038686514205885
-21.096791139027015 40.655978480943716
34.324499790101221 -57.533518822532976
7.205589535121432 -2.789202213626452
-0.565815655376100 42.697310540223349
-0.052338112222412 -0.142348905372213
16.162536275374425 14.936769159600489
5.025521229741833 46.843111035523840
-89.728150175081993 5.120134531751502
28.438503273783869 18.341706549538507
21.617162143854539 -33.617646772540624
-18.793801266372309 -17.425041750556368
3.543848973508238 -21.823976650889172
13.375061661548095 9.030353201220315
56.506154603661045 -16.290191611732013
-32.506128425273822 1.923812558871288
9.201839669510656 -35.620101584929891
-33.812543010740335 -22.160931521854604
-41.573709217329970 -12.481879000449764
28.366982309000910 6.846899935234497
-10.975490047284737 -32.612970217976446
-7.498436478495819 -81.197380920008385
21.622602651480403 -38.358883076314754
29.027400187534543 19.915912352814782
-3.156205788121955 -0.052194683078236
-3.877635998951899 -14.552691856088384
1.681215911005651 11.219142569849096
-13.379314405670833 9.532713860269842
-53.216560616229536 38.540909263802398
-5.746742098437293 -8.141371541498495
40.133152679148530 31.385193984689455
19.145345246571377 -24.765514847206614
17.116372190413831 1.491825870418098
-23.438039275650976 -27.791970349256662
17.694622461755856 -41.511788119202848
11.050256921766556 24.358390102209299
-6.177737009964388 -13.032830044170208
30.693360721403582 18.663015852735587
-23.848849852093885 26.320622184832526
19.986967345957208 36.848105339245784
7.020104597895183 -18.221934145550708
5.633431325552299 -2.385312096919542
5.501779920152276 14.782294105238350
-4.710549631695368 32.422475311671839
18.268932083865430 28.148839290275191
-28.832372424547707 -16.597456995746615
-18.725543102994688 -2.228420942600340
-39.827631469670841 -17.653266116875248
2.434910929441080 16.629788719457341
47.026270789963846 11.427169029209514
-8.645314776954976 36.670185218186447
-10.362450712037170 -9.596349703460920
11.199104224522438 4.482752581392178
17.257593501537507 40.517774673277430
9.303937766643926 13.735455023764541
-12.444712085375734 -11.665821724770854
-8.094019834505129 -31.480340295061502
27.756017280905265 1.531053157091550
19.352692732817015 -16.322119200497614
14.136208404003485 -41.170423554612668
30.542091023399561 -32.979454839626484
28.377003715764115 -22.311127236075837
-56.880485556575017 -3.783779673096006
23.745117155688479 18.171336443799845
16.410046870475231 21.690258940997712
-22.191148291776994 53.242843041228326
-16.095053305612382 -3.775070257732405
-21.334030901945368 -10.539238264599764
-6.180366421267493 3.325213047797727
-5.142880796511628 -4.352130825166608
-66.504983697100485 -10.067973904121995
27.685828210541342 -10.070944496686664
-3.519583070650034 -25.075490376368069
-12.173808564927434 -45.470497133477714
-25.075287152381620 4.885964427991768
38.502455078880487 31.959085099369066
24.158113385712685 19.772424985146085
9.444766288474941 5.448533155467573
-51.897307618345991 -39.781505521308340
30.908942138089309 -1.546859110067790
36.978280973056201 3.740785795964941
-45.380375645282307 17.643656615772425
34.499285828630974 5.963984116480530
15.876004033795018 -34.698654927792589
-25.892757374928816 -32.429256802284961
43.241488823074796 -69.677485168599318
-13.462026509245113 -4.869620843314015
-52.110524337240271 41.474906848781011
-7.439747945863338 -11.973482538563955
-11.778071330109727 -5.076178125351512
38.704413425852110 39.806708946012762
7.637702448157554 -45.280412229507100
-27.950647520868529 -1.388040699492788
-20.772839792751903 8.192998266123498
22.822036012202034 -7.809154683762191
-6.161360268549886 -1.632257347221838
-39.107795258609961 -13.038063508886449
-19.196409503339179 38.511878533123806
-11.998418716459311 26.931554093326039
19.139195076816002 15.747202677484209
-3.752777073415949 7.282115022947727
4.859892631804687 -10.126369071737340
6.382405839177054 -46.246452977922019
-5.601889946532968 -7.600399877507757
-92.297169429034653 23.656114056715442
9.513608629491451 -56.279371618428918
21.621524158538950 18.812277681709030
30.404954738774268 8.052226385143539
40.718721475889389 0.304164529154926
8.017074489725720 6.349951151190929
-2.218112530087271 18.713784715071927
44.544580119045222 5.130167527821956
32.695020603901277 18.753464889786194
-5.687754392149613 16.055637529284887
-12.809139359706561 -16.481098503842148
36.183968281413129 21.699232629464248
-6.056833969260158 13.560297486984178
7.113996555999110 13.708492665135603
-4.341776151455363 15.138433543894411
-11.625601046901437 -25.007665363735352
13.280678335619275 -8.711900158499255
17.509221675320784 10.204223259378754
30.162856922252967 16.877188042747974
-9.953360731523228 11.729010596833819
-27.059094097253169 -20.829060956296892
28.668478835875700 -19.257840372272803
-6.052941580008901 -2.840651186550024
-19.128969747517491 7.189613800728301
25.556588217844922 9.948308957056566
-20.327845259228166 10.121057429010163
-12.192117283794358 0.097242495294321
34.221133279582574 -16.340061685916240
-16.275963293212932 -13.287247545108679
51.873845073941936 -34.498857235975699
38.189135280134870 -8.952597633648253
-35.316681163171801 4.129466371197026
-28.200698256123644 54.807977800738179
28.164999989320641 23.473540760885978
14.345912453672929 -8.127600186914385
-13.434189638875765 1.105499733069652
-8.074157952378549 -53.688157772409944
-46.917659794218579 8.643585224513986
20.705942049717653 42.367916325108141
16.063542033056738 1.213172073800288
7.385938765104821 -7.741141202143891
-28.287450507115611 -35.694033936561645
-26.449783810737067 8.798366082604637
23.371516699037588 -8.818899151565901
3.359420365883245 8.657547332809102
0.524047228900380 2.326097997160474
-1.075900003526056 4.488399423759733
15.968169581352257 23.285921290520228
6.092067225072799 5.617423249256276
7.543775868946384 1.006499088719674
5.535940502882347 4.201993376424377
-41.873203213560515 -34.866921802344756
49.440449746199270 -13.737620508843639
-31.738205471305967 28.087801705518221
18.927860509482276 -2.915100187538190
-36.496224996621308 -3.796915509595106
-31.753982428728907 -31.349259162247410
21.294055411523701 -32.519066214968170
21.420452049121653 -9.409074542929677
-17.725661152912725 -19.481586319994747
45.728595097304733 17.316522736664620
-15.717758821800954 18.934108215552040
-2.032140953325770 9.818374750304519
12.423858120814952 16.465577915357851
-15.157784453523204 -11.563663745014781
1.023997912467562 -46.659289249062539
86.837399009492046 15.691224054060934
25.190018049525129 -36.094985099286724
31.337601688719467 -3.187855058394229
29.080348567278847 -20.306788114778968
33.188676753221301 -22.317196571347047
-26.356090056372047 31.846710558417659
-16.650815788235249 12.066014818446947
8.690357071902531 -47.559583091921148
-24.048300187926692 41.495156689000275
2.241096003573823 16.943722379010627
9.958456360412114 12.182739610226934
48.034138646360269 -11.899361772929574
-17.773681126633726 -3.750648153161147
7.562728926947231 49.059942485506724
4.556094530217862 0.149511689688915
-22.929763838473413 -0.778846013790434
-8.229789582813208 5.185232493233688
-13.710960238349312 -3.600604726357957
2.961495374106202 27.978370765357688
63.870968035216734 -4.811326006042349
46.722513246683476 -2.502274272088008
-5.615937319717068 -8.690239451558178
-34.865707808050324 -1.602521966278581
-52.987525557931235 25.401265884975214
-5.336822336751041 -16.122163476190828
-3.805427911931945 2.145916582508042
-20.045279805029629 -34.019324557076878
-31.569569297433194 13.219016170917154
-15.272186975664273 15.107011158515087
-24.209935782752602 -31.656017703032642
27.397601890903594 28.834199827751942
13.420055575946153 50.864580702744568
-3.458371171354794 1.797470948169354
27.336580420331220 -25.132834075383041
-9.662171548754390 -26.500849211719178
20.216732970538935 18.613196260402184
12.944500758466695 -32.763804037486558
29.990174455893950 -23.757498754666184
-13.875503577338874 -5.051398906452336
-59.438067060262590 -34.127336666257456
16.668155373229215 -17.712420070359627
-3.923376087397608 -34.917291779774260
-50.793306950763842 -8.090598078327323
1.087889352164394 12.715126211686265
-16.539541433969706 36.620099575113308
-7.101815494194633 -3.277996521064714
3.814482676010786 -13.025719012677124
-66.389457570928002 -11.228875454278542
53.550175466968724 -16.763301639307326
26.132708528327630 3.816542565380252
5.158450219474966 8.151317178904835
-0.434262674534115 -41.846897064717140
-28.686820300285540 8.480501820229218
8.732889987497773 1.806843200946709
5.727525033360136 7.246242954036347
-13.693821820534342 4.177997247072116
4.560690754363522 -16.599735060913442
-4.131383965368389 23.250174212209163
27.315061153494412 -3.884515393375640
3.579251181779407 36.797015437547216
-30.832773400134549 24.337158577816353
-2.656885646130477 0.276759972485139
30.040770628221612 15.496101804682208
10.398003111194647 -20.157005348845878
3.337159600759444 3.409527139047325
18.504961082053100 -36.926301372662365
47.648774597099916 10.755216309161167
12.455289558193110 -4.838507726841700
-6.499606825121870 -8.679810702517345
38.517775256311083 12.460258163762107
25.861124769261803 -9.987637499696195
-35.803898429958679 -19.346124627524773
-28.841631166129147 30.823414861308919
-4.199562162082743 58.123387544737227
-0.757402411750307 -43.008914804681510
21.904724403888377 -70.752528375451831
-14.634222031020512 -37.741695465632979
-7.230449954114007 -3.103043031768213
-34.482036262174418 -21.904596468882040
-20.216729717618389 32.111600939488412
29.422298950883530 13.990773832853803
0.200918232777178 5.351173512860287
-5.839708829157336 -6.922688136477066
18.284321017291518 -16.634481392638261
-22.086256169284905 22.165150583371950
35.073438624282041 13.021219267610761
-10.871601787158363 -36.843279944926486
-20.794273731287426 19.142104195978728
0.210941387845852 -8.161021040616648
-37.591173940644786 -0.831796022965361
20.958747349334232 -11.155763934995676
-13.267600685649249 -13.384397300235605
-7.677351900603237 42.444723931936991
42.833250643425508 -59.269433945634212
40.767215108254774 17.084333967495205
-15.879498919170510 -6.054772566492342
26.015443965131411 -3.524967939051587
6.924445491695065 4.459399282145460
-31.690907114422988 -2.676651076201071
21.802194969019755 3.877244255584724
-2.373145971713435 34.944968709705485
29.686733927667078 37.882067840106792
-27.272393848897611 -23.747744574631266
41.080013488422018 11.663430313735974
22.169100142281170 -40.287762687655025
53.491568402875444 -86.743230287675516
8.269475448978929 -14.370205717005355
-36.330063694669093 -0.989659571029088
29.456303118059125 -0.244959804957525
-19.417691906978209 -21.014922310748851
-15.892311387234871 43.013909197595090
26.383893065066435 5.727593139428235
0.389469324348915 1.954066034394137
-38.925292851962581 4.512055429532103
-29.942672315339312 40.531675195996947
20.976307492239251 -11.208594114297687
-35.097034171450112 4.168529729880428
9.743040761611432 -54.267837496930746
-56.627282175418436 -26.625408169048853
-0.719396634135800 6.572047192350364
21.709735090527449 -14.900516007416361
-19.585577660644137 -10.266798722542852
37.110955694728048 13.615769765214646
-22.845878131354354 -22.561922615844502
8.862437491997055 -20.460622204638909
-17.224086930325058 -11.480550411805686
12.692031679348991 -45.446070254704395
9.795915878556064 19.243300093230548
-51.140416229393807 -3.957760416392065
-9.273872120754199 -1.642045970410273
-3.263680024112838 37.825976737425485
-18.777413430982001 -5.802006679955172
-29.522693362536369 7.080100610739671
-4.069811438363276 -16.660075262103810
36.005770825682276 11.955015370294829
-32.560095525502348 32.110102452791352
0.687929616848541 4.819711005271456
-41.229682451583685 -1.490098027182100
1.738499193894941 18.406305058228977
-3.102293370215264 -4.850812511885653
44.247440461433598 13.946700305203123
17.557632709730239 -33.299197715292635
13.331665229926537 27.561321086170675
20.191450835495907 25.801487859839636
17.492918940862697 -8.346004546239827
11.045254737834185 9.677617322974426
-52.354521757699132 32.196470865462587
-2.243542854816636 37.509230663681684
-4.129056886562235 43.917555122222943
11.665825550889956 -51.035536275378838
5.876430453999513 -22.499736061302571
-2.900006246479722 -12.065803581986469
16.992487383741178 8.206764005838021
60.604165286682161 -12.863054641817822
-34.989610294630722 -19.817602211423385
7.056761424217447 -13.202085003465564
1.099079333459758 34.639591567006022
2.999815153538063 -5.680028724276085
-19.606463941245316 -26.883909914350571
40.121944664071250 -7.956959773039924
-23.761060048880324 -1.450724884619062
-5.363200923429343 -8.811365360299634
50.185187188678803 -24.984399779918991
-6.474010646335321 -45.840320321850356
4.600865022147408 -21.155679655248559
-21.462048870491447 -13.565613057167171
-32.043275909374415 8.515873465029317
37.138452415527546 4.203518748207236
-17.430876577348190 -14.965621520703863
24.138529054005240 2.800921478574533
-64.798149691134853 6.825479372046702
-6.973517622568980 -21.942514105366701
10.592015972543068 -34.103048823849122
11.342814719232820 14.079033426546882
12.205371125703858 43.635486666565058
11.968399402881470 2.878867939708610
19.009947101812848 -11.425090537891785
-8.292911254175497 -32.964407251336290
-17.942732473506350 10.078849580483469
7.836771011318596 18.401152586575119
21.473813623917710 -22.572181204527208
2.191828121549789 -66.379473309603725
8.521368766900622 -10.651774970161370
9.531885030449567 78.090802889679409
-2.274276033881546 -10.174588582230014
-19.434004382426288 35.563863685855566
48.054783427320480 -8.775758773390132
3.510691140835297 20.582156382319933
29.920977402600123 24.746404102459234
-37.616387713986626 -35.161925557669790
-12.714712629231904 -47.446206277675856
49.582909531082862 20.822882067694842
13.941051232886862 27.074809537390703
18.593916590914318 10.092186640584091
40.109322738061827 3.445233805221481
-6.187384423585969 -14.012148251687579
-19.814803260049430 -8.193604017105615
-54.444806361314811 -2.853489816619958
28.419330049407147 -14.155200501212837
22.942526737572038 5.355198437549973
8.834117665304056 5.025798997525095
-46.692988453529843 -8.069705538243726
-22.984852363006528 28.644403011065467
12.875651174269473 -26.329458657565997
21.222155922876507 -9.350176367198552
13.490273283253618 -11.210989635385957
21.097330839708903 3.460504157779870
-53.641285494000940 8.930931860689252
-11.755422005588267 -32.117877470500474
0.237988959344936 -60.433431377247672
-9.833714827065396 61.388568401303708
21.537730123734480 24.511477094366640
-18.774793256873874 15.546878041542453
-24.010684223433515 -0.589167422573596
14.006153725710529 4.083420419561147
23.215218544831696 3.122512128013014
21.727804087741458 -15.088987696256341
-41.644762329288525 -16.944074508617202
-13.660139667150288 -21.380087257060389
26.627190107616027 27.829519122025793
-16.095982200469205 -23.065855173838639
-6.943039213268777 -33.718399962931599
-21.202490904850848 13.017694958170766
-27.173924893897691 4.162472914818462
-22.193987622248816 -7.007242881101257
41.818725674168356 3.893817521999550
-26.985896173136990 -32.032149387303889
0.071816658570281 -9.733370152102834
-19.507842515757595 11.892992244078838
-25.011147240213255 53.211393854215459
39.128398852196163 44.354992878385332
6.971026261729022 -13.212827594843473
-3.680392297129079 40.376662443339981
-41.737801219425982 5.447381973497286
-32.203298015579762 -11.836165140091449
3.973990988092632 -36.191406389242623
-7.655249218130668 -12.969334106040682
39.241484471689418 45.044592790461977
-40.338030591909707 -3.600449265852113
-8.482149309235226 -2.946584894512543
-8.421338369360528 15.590599404530485
1.472811911603539 -25.509731740673324
-33.157377768868379 -11.286299536090999
45.779459955368715 34.641144308137747
-29.044797644920639 -13.478932279633081
13.984674838101423 18.031679551492591
9.747032129686724 -26.596910211344852
-13.827759791078323 27.832279506667319
-0.612748097638405 21.530886134107714
-12.547702682487577 20.740794968859177
-3.529153798086778 -18.865974102946662
-18.327153742971166 -48.983399351613926
-8.725925737142353 18.286698649947230
-44.872217197740234 3.170945668466380
21.634768341019662 -21.782958811748134
13.986008622546471 -42.081166003920039
25.913703456434018 21.800553200601946
49.223190607552731 -14.818832145122483
-11.509114262971138 -7.420653309027615
46.352200645749349 -15.595157109980203
11.719933726875608 -28.185037980711442
-8.488551819635820 -9.477899190959146
-35.575541930816279 0.865565896441855
1.310938914747001 28.937694414896029
0.007171162553841 19.466135088743929
-6.895052614239006 29.224329820287025
-8.131895641132051 22.906048782093698
-56.520163526729227 10.433265828834857
33.363089791732406 -10.920161044941912
-38.209517573755456 20.902809634880299
-1.499790010347278 14.421153330849844
-4.873157289602911 -19.643493079594588
-0.713342573478105 7.384126718374907
-3.400205068088674 -12.138895409965913
-34.648263663272168 21.457721229854283
2.924940625449496 -11.439321999065015
-50.023844701435991 -13.691493574983074
-14.040730308209756 -17.545687617485683
30.241462105625125 -15.119839108188241
-6.285224105772789 -16.727083415331471
22.775593837335308 18.968339732119620
-17.073597768130504 -20.860960801243653
-0.116701197020823 22.025946565230022
-9.199475427886190 -46.906340441115105
3.908759508947078 18.969846417577884
21.816572087027012 -12.501634393904139
-22.290375222648770 -47.671741186695527
1.093882716005026 -37.638908394973761
29.188116404316094 -50.008516081478888
20.321283295832689 -17.138343762394850
-3.642221660591701 18.587057827415997
14.622819247349899 2.898468692328823
-17.466986249924609 -19.367518238964440
-40.151641294599457 26.744604845373313
-13.724783613220289 2.631024929583375
26.304934966293199 -20.081457619643658
60.114647496819082 -13.578661481220410
-12.542986774954295 11.202412949075216
-2.520567393135204 -12.263335577607551
14.409108203335093 -11.410771902439510
7.281210851831651 10.830839250047845
-13.822114368096345 -25.236155169300957
-5.295447434015534 -20.042389925167949
10.468910803498334 27.624897744986765
-16.839632187754187 -3.366637350855435
9.055086905487748 55.812703211550108
-70.807075721141089 10.537460835434402
55.826016246698593 44.394687258904980
-1.157481246401682 -13.541737825308168
-6.436376567913758 16.134827580405318
-15.884298419220324 17.790193952587003
9.765654848037352 19.209759013794862
51.161629770462078 -26.528962069784992
-21.068975307165719 -22.015164568446721
12.522067883287832 -30.177676568337841
8.926198632606065 -13.363520270778524
14.338198787781737 1.133068754616512
17.870495249315496 22.802869661405232
40.263854107614200 27.731090776425734
13.833640114440477 31.097854776688099
-10.598404752624489 -13.805636785392776
-26.753251119141567 -1.672120923919236
16.121075132639884 -5.726128571765527
42.600183272730781 -18.287466442954777
41.700696359773744 -10.251410810323819
-27.746077112572252 0.980791691238597
-4.789956553643847 3.259117771501444
12.889717761651495 3.992690787902234
15.139692399210782 -8.300002464614604
32.459715307419472 26.821388445051493
23.507317120948656 3.562480505860828
-17.167538347577050 47.308770760403817
33.462953056469992 14.095893341033275
27.367428393806097 -21.421851488319803
55.995732035044504 8.607057516989956
4.888760386197164 -66.648410883164146
-39.655115399497561 -7.398761652776782
-6.991456553762432 -17.831672425347961
23.529264060827675 39.766793901965919
-27.170177449109882 37.479154101538036
12.594853598715300 0.199249434658099
-6.293734491938086 -34.486771852504958
17.946850586301572 -51.814033327403976
15.199845832346286 16.500902322890092
-22.667798722176450 28.225691756614292
-18.373886565741298 18.018299540813242
-42.234336977177797 4.276441227429196
-51.569669422872430 7.026980440173177
-0.350201116957978 0.993592268239520
11.977430717075729 -1.960609958390519
19.562234533100902 62.519130975902165
4.840965413905839 27.777083454105195
-23.990161075660264 19.852348646371819
8.088999695991182 -1.214795848971846
-23.883511443204167 1.253723155257960
25.420051949187041 1.328971727327163
1.840321509794743 17.299013781533759
-18.908876583759334 5.177276547617305
-21.518700873352188 11.573608243627088
-14.991005818477110 -8.467054897614657
41.978719602190402 -18.325547243283708
-12.155531646581526 -7.522690403646860
-44.192508217087280 21.521003604021352
-18.464522333790473 -6.976628567283684
-41.698875195028378 5.384120400935140
26.853519515712275 7.581042710624266
24.428983266199417 1.335629052544123
8.804581852062444 17.404247775931346
-15.461415291471056 -43.816280095509526
-3.075739601074816 29.699585515975144
-20.967567811206809 33.109991526137335
-29.363551064637083 13.493551958704730
-7.409710526282161 -21.575883325989757
33.203308545945440 -36.515316858491822
-18.655596957132278 10.095016345309956
-21.460427494288734 -25.007710098972684
35.438824928582846 -4.214867316471536
4.196519807200267 -17.395992863889745
-21.825307718895758 1.205337339765044
-17.943982619836682 75.929197783547750
-37.446476668427337 27.213319429415314
-16.977101632439432 4.916465655393123
