0.000000000000000 0.000000000000000
0.000000000000000 0.000000000000000
-33.115119209856203 0.000000000000000
-57.401502484133445 0.000000000000000
-8.768521154337925 0.000000000000000
28.694748807750102 0.000000000000000
-15.499469572369216 0.000000000000000
-29.073755999240344 0.000000000000000
30.789592380549184 0.000000000000000
-38.875531312204274 0.000000000000000
-9.905382446483728 0.000000000000000
56.673570393113565 0.000000000000000
0.554563448681138 0.000000000000000
17.451785928344641 0.000000000000000
39.840320640653495 0.000000000000000
-38.294812787578344 0.000000000000000
-11.580178176627420 0.000000000000000
-39.511920140626451 0.000000000000000
-57.842983530271212 0.000000000000000
25.153434824250908 0.000000000000000
22.332503424221439 0.000000000000000
37.003655609355917 0.000000000000000
15.696710087996411 0.000000000000000
-29.838083993026459 0.000000000000000
20.185481184437961 0.000000000000000
-24.087228743444626 0.000000000000000
13.449683854251633 0.000000000000000
-4.676312663945810 0.000000000000000
8.224577919145377 0.000000000000000
-40.576330218420821 0.000000000000000
1.002314465043375 0.000000000000000
42.534581007485443 0.000000000000000
25.234165755517058 0.000000000000000
-16.673944484731866 0.000000000000000
-17.959995458790178 0.000000000000000
32.946219175565844 0.000000000000000
14.748801670235428 0.000000000000000
3.241738810541215 0.000000000000000
20.999308160028789 0.000000000000000
-14.981043294271572 0.000000000000000
-20.807343080025529 0.000000000000000
-2.451081662848896 0.000000000000000
31.837574165117335 0.000000000000000
-11.004405691231911 0.000000000000000
8.595376983130180 0.000000000000000
-61.861935901482504 0.000000000000000
-2.441207775820125 0.000000000000000
-23.007028750766512 0.000000000000000
-69.309355034516628 0.000000000000000
-22.592494918364242 0.000000000000000
9.711612776467707 0.000000000000000
0.000000000000000 0.000000000000000
-67.919571017121228 18.091892105195900
-51.899605894269257 0.890137842838619
13.627434459492143 1.772739410280810
-16.229953201404197 -25.787446261220332
10.549471645020043 -3.525938156165187
-3.630511023354172 0.425082256602099
14.559268313843809 -17.045788329523504
12.020016241286580 22.705676433789716
25.394097031812262 -27.866712013768602
34.993373072075926 -7.951535295300654
9.900677611708925 5.105299237840936
-16.368279911461222 -22.727319966235878
25.755464829523660 24.090556219164529
9.586029918492788 10.072114118687027
-24.682828048582167 -11.409464661560115
-29.990945568304813 2.122833379742258
40.466208346229294 -24.502783304847046
-20.929311705893564 -44.620887853471281
-53.013904754312634 -5.963460391421511
-9.875041608424604 20.086573895485323
26.924907858192103 26.967493495127663
1.199925096125058 28.489539920810511
-30.486502786164738 -8.477773722862400
27.095204174139901 28.284997320815602
14.131976644247793 -9.422529909157630
4.415730869659852 1.116751676465632
-10.943344896039644 29.491379805712310
-1.518946057930547 10.717768922889913
24.712247875324291 7.132734680426289
-4.929462000324323 -23.387506280993037
0.363061631826084 17.200977143442028
-17.197577923167426 3.494934336135056
-0.927412700231758 -24.633498224224137
22.762824395105898 32.502813278779840
-51.783917497179708 2.974099160268436
8.180275326810181 -20.159975435513093
15.784492183657076 21.927639372294063
14.420749451564545 -25.416284563407388
-43.516838900212072 -36.891059397327794
11.644002967476267 -16.439505209792145
-18.200864022196633 -10.748821033391524
16.985554968357185 6.894501158611195
18.960742276842673 -5.389343773664137
25.551879923354402 25.890368588358982
14.507227204726398 32.947537348684591
-14.263607988927003 -8.765914473633906
-30.050428232908565 59.020727312425770
-2.096035082778515 -38.972057808078617
-6.902175975694988 8.090644507654012
-18.537915917015038 -12.574754835619048
28.246686524335566 15.553488119978466
-7.626611917685462 -5.319623505492516
30.387253165893604 6.703796561580215
-0.388507901965871 24.569546156772788
-7.188003154263411 -8.957952938723755
-32.220579271360513 1.846016258589306
-23.016159921556728 -1.423748356568587
32.197836604138281 -0.563839446641752
4.903251360882810 0.085290801723349
-18.314272200452645 2.866797021269136
-3.829199122864067 -23.415047766426138
16.048935749849704 3.221482618011230
-2.373612022008215 -6.327292571825359
-15.788110294281974 25.279328775212385
28.857427009457201 -11.939518317714496
31.971377035592809 5.644237147417732
-8.904418158094185 24.169648981077312
-8.386816307524306 46.120163813674658
7.360890249484894 11.386887597002243
-28.771180656969737 -1.157052532961863
2.643270138502380 28.812658099347793
-4.556432192881350 5.091778163380970
8.378486342934909 -26.887662503263552
34.316565039281777 4.910405051703880
-8.024387479091528 20.337478881442578
-3.437437875428911 -21.292772339775428
-3.411097707386135 42.973070856717541
-2.120546295699032 19.197501133900595
-19.006183838433703 -5.178680160485603
-2.162832504979472 -12.659758541011803
38.393069883235839 13.244771068395774
28.920471769284330 -1.494629191667656
-10.330036602574417 -8.519691104944732
-2.249361113667446 -13.499656209712422
-3.857722149024397 -23.017612355939921
14.857821743417833 -2.077763891678577
-22.154975005973565 1.222568483165976
39.346400391703547 9.840241623621143
32.304392639891908 14.905800848659434
31.516694507543690 -0.753304661219302
25.514142144885771 2.938192568672327
4.828479526833278 -6.455445199624788
-36.497751724506657 -1.077932273654590
-13.904474414403591 -11.003114820496778
52.797723821993152 -27.733325341242320
-30.441979613683905 -30.306223428149625
-13.679717469117509 -22.786430720225589
-23.780489536486922 -21.110097213184371
-35.934928706117240 -1.591423201838851
-6.214424166545937 23.897038180533720
18.493335559130230 -13.451239431140880
-13.840394229418422 8.136687441250054
10.796798546383894 -5.396406340510719
24.192392784228179 -23.958028448305463
27.429640782048477 -30.982715383614405
-27.509177509353751 3.673587852724250
14.039223904081872 -11.146656067161180
40.734351136707268 -5.160124185188467
-27.453735553372834 15.193020525410827
-3.364647244980569 6.540101420502537
2.929342398302806 27.879217799702435
-12.906085966227650 3.089842242833854
-0.502410147625762 -16.500188335745122
14.760014280532163 -1.729737441902678
-32.462902453431319 -4.237637735653146
-4.016394838668553 -15.108532429179190
-20.992611332091531 21.288460316035092
-56.716964527102498 -25.597075961860160
-34.662198033412714 11.574463647278010
-8.739404128300494 20.356058000082911
-33.290508298701184 11.479332222610836
15.000675874690270 -19.118025223757670
11.463748969289426 32.255443924386540
-9.704741096086176 8.408438093020676
-13.535690105310918 6.598335159098219
-2.263018075435653 8.595634416259502
-20.031803515016961 -36.823427941312232
45.803756135826106 34.700347166896918
-23.349080542835441 -26.775709754636580
27.745077863930881 -2.610725344634115
-19.681780620963977 -103.262893532487496
17.568187627985935 -25.866010679274936
-33.854018084355580 25.715079992008011
-9.404772560491834 48.591346264625109
25.277841056320582 27.758316501643900
7.444730149639040 -5.642488869223696
11.821424730891865 -39.511559814697463
-9.127090582808531 -1.901899611082996
0.033672777355800 88.616887964502794
-36.746564387609745 5.265506070146688
47.206535103558217 5.384505446772302
-31.407196996725041 -43.241774441437258
-2.075336874358162 -10.175253115577439
14.633979463699882 8.989712839378885
-6.272543636869319 -56.698845440056658
18.776680696968469 3.016365380930385
16.213256146240159 -20.993265356129001
4.639765586928108 34.239845603513842
-13.300467120555913 16.624413024408867
-6.261085827983183 12.159998163657610
-5.433655576484458 10.150958213653277
-0.527807769537151 -20.287950480363271
-2.549180917059012 -2.585145342275267
-28.405465318454489 -14.125820840086565
10.690870233442700 -7.972140706477822
-20.423291145958903 -30.423677051470094
-4.948695676899570 -16.771455022357568
-15.823089516594601 -42.718905490806129
-23.132585107305271 -41.037982878610357
11.167147805472201 5.613669075968689
5.043921475603887 -17.941985875540922
12.866012034896166 33.068502064727070
-45.491242231494660 -7.547843927727489
-11.609888796563503 -3.006682341129045
10.545417506717781 1.049360568296284
10.584063338026509 8.702914179749056
-45.259652986031732 -47.662325359838071
9.978507441303345 46.309605107815280
22.036581262715710 -11.785689143645248
-3.871654084264982 43.814286694466773
-31.568007110369248 -8.584565982680987
-16.341431678098697 -28.924492844545860
2.829882544157695 -32.371955296631207
-5.982745517114531 6.984188626916959
-12.990596545114318 4.842553911501583
3.246248042625209 49.334823875408091
37.356841469179244 16.716649570899257
8.035518006597295 54.641505157347368
-41.666951856539605 -16.038115662152951
0.945856628545692 -14.282837500960859
-20.421591945189316 5.721342675079740
-19.108873170749209 -40.055760088209411
-45.913253783578547 2.782837099344884
21.804688492182674 7.921342805853087
44.175216664296606 -1.079762803764355
30.754043678290468 6.936668637753025
-18.316472410229167 8.116553540530447
-19.545503562840981 -32.354218576221740
-24.273424708778933 -13.904733298852523
4.669926056099837 25.404620147429597
-25.377171743954946 10.218829457695659
-0.548705866378229 -4.032573991666094
-21.977642500472335 14.724271254159708
16.176578633640801 46.820690419897034
9.006159112391590 16.564844280251194
-12.644618246598810 -2.770693097533429
-17.808328895887392 -18.204508345606346
-6.261942080740622 -1.344576484574555
4.359674657833352 30.128377922389721
26.228161894971933 -4.684612216960627
-27.894496692175352 -12.955881714788228
-6.222925645097769 -34.942915526042526
-2.349842395460717 22.490520276382163
-35.989307953989972 -7.600665465205791
-29.353122382309977 -11.836760868065447
-7.903307921201699 -25.519381943995480
8.960081536551392 6.999724913822223
-10.678178057742590 12.280863109712890
-17.980379999915638 -18.484497952633518
-2.885081519204050 -3.524466971992091
-7.657863695252291 10.670422590510022
-13.635695925424075 0.468247141882226
-14.282581309568652 6.343733435849298
-7.924293423412212 18.099467387513215
2.308150314938271 -10.227207530794674
-11.363894852113779 16.988732824854100
14.189896712446748 -24.974205217695243
4.236273709094860 -15.075558394181240
5.969964432381503 5.525037167251069
24.359753314862392 -25.974533724650577
21.813243318258266 -9.928810421775534
-25.723955135412204 49.029532127223590
-0.553621611253322 -3.425750520370247
33.345834426208278 4.697391903014966
-12.032734966012535 4.054104258402653
-30.111992679383029 12.724463453202167
-73.621860046043778 10.791386493001829
-3.472914791949617 2.376098971777476
-49.794085179029437 -66.217867609436368
-22.838214754574409 -30.287848779413970
18.449078807307384 35.777209086070037
3.207982070845649 2.565143652006253
14.518972350285557 42.414139445859711
14.637605830834918 57.274373475848463
5.133113974089945 -29.994593994428623
-67.189605425859511 2.857057240329977
6.632826986471993 95.375776573091954
10.197720609756717 -33.304575629346232
-21.530623559711216 21.379336119950885
-32.112283326787278 -6.312470572556954
14.148682457182584 1.953854635445898
28.467015544419013 37.309758996043506
7.176003904396534 21.366621233683233
-22.806297737751017 0.698677091611539
-7.166595168550348 8.880529108447073
17.137873330804716 7.654561925194555
24.485686322917289 -39.238194563236704
14.889729608668908 4.889289922906175
-3.703506531530838 26.997917865031273
20.428123136297263 -12.475286975238925
-58.150447024432950 34.649577036939618
36.359921188996971 -19.601286400363541
-40.238130135519718 3.807748164804047
-0.629399032291791 1.541268027173857
-40.513210581331975 7.699261235267247
-15.133519135586354 35.569109918872158
-38.850292911346891 -28.212103430110417
25.058165243482375 19.237977774022408
23.928605120362914 10.677052739154133
-2.068564477855016 -24.746503687816240
28.495691007362506 40.501356651845555
6.152996013568949 -20.774939878779097
2.551530865035224 36.347558479045233
10.789052782792263 34.269057766552784
-30.237633487519012 30.284528162692514
-60.520711658206992 -44.102093087123521
13.598915055200306 -16.997053690040389
-8.962150231149332 -2.499252174145072
-17.055724393002777 -14.253265490176526
0.827112665502650 19.525915691173108
-1.307463166401901 -23.847010329055109
3.083343715955124 -16.163666555249797
15.778379674876135 34.842640353419860
34.165570050776644 -17.931601924548403
-63.924912101928079 -7.453754553619603
14.895925601778917 13.510541798500649
-10.339253544945175 -6.492122737688660
-24.144585681786552 52.452233438871652
-16.960150948995285 -10.611738053728732
-29.722205087238223 -5.898992458982804
40.404157376339342 29.290061532644337
-19.799388556203688 -21.833013034525475
28.993837359557077 45.069762663120322
8.414910226058929 -14.058082408412375
15.391627962041520 17.396560249896570
-10.084712525286282 -34.583060313363156
-21.544179816207507 5.782115162242317
1.793458362613660 13.762028394212242
-28.343106808382711 -7.919675679515596
14.477608250292807 -8.301444552400339
-20.878637371821682 -4.576220195723648
-30.176783323536203 -26.205694629970193
24.731011998627711 -11.527558994547480
-24.402270275606440 -5.201661780761341
-6.131874241671085 -37.728265006343833
16.462433606729242 -17.209429974008319
16.349532283047878 -16.112281369646823
-42.452424235724067 -41.483864433351009
7.119331630524971 -22.022716125810856
-13.632107402598393 42.847805227958609
35.459481711380114 31.595195617112445
-32.259403596445338 -26.584351556519696
-10.544828729000905 35.354695581139836
18.397103397905923 -12.879371244216550
45.832844458836831 -12.979319357742712
-11.378134360310558 -22.778959433066245
-28.698574434397994 -0.189611159153578
26.068836463463747 -9.963868146916669
-29.065857269717206 0.238536596172571
-17.872158217820090 -30.520090471868656
-4.952425889068028 30.717854632851122
-19.701728993854548 -26.578360068222153
27.322151198709292 -31.206204654413749
16.911261715281771 -0.637391847018332
23.476427466096002 1.829368127775122
-23.039626676182007 -0.062124011893447
-4.785169455786889 8.287145199773246
28.153741022789262 -38.536644794679979
3.198635334219316 5.401051791699322
-16.314583919865836 -13.323261014284652
-31.800704228900464 13.562237307932921
-52.396599941682133 -42.772761803727249
38.459143667144403 -27.461329540767117
1.000030351596796 -0.835460504896562
-9.309375771191206 -13.849294691088975
-27.803207643220681 15.424771111747621
46.928981782899491 20.581885185448346
14.028020368541434 37.008840985504115
17.900669589376285 -8.218267132457807
-5.948500075459912 4.179552001247298
29.276909547821621 -20.820544488424108
19.662227547837471 -11.584997442481741
3.629249226689841 -5.221331795858236
-3.078208832956655 19.096097616428274
21.225572464017489 23.208680540698332
7.635395987230946 7.601244409235693
13.874461541214766 14.885946562222061
2.203784309430723 48.251398639225897
20.638177990611563 -4.518520093716138
-19.893435687353659 4.498065176126136
7.143484639094374 -17.148116401423209
11.682114212901331 1.481578859222570
20.637644325132214 32.174669561854074
-20.339814440925469 -13.125890207438573
-21.291694062493580 -18.075743506068807
-28.218608827312096 24.647774615547309
0.117966473555858 8.551174033228827
-27.840477894918816 -13.578769037583855
12.757975804316578 41.187954476910555
26.218382329198093 10.771607330943834
30.547910461077244 48.684238373836102
-15.353929860282513 27.571761569432603
25.705332348169946 45.256027787762179
31.188573615361978 11.175978454660642
-2.404310768814909 -0.932065445407190
7.981655810856230 35.561578997970528
30.436698284108655 -31.192751262169171
12.333317014104894 -4.015814182468468
16.745686624688812 -11.420945144143921
26.807112971723161 7.508030748572778
13.407315337151150 3.191764914223344
-28.813369222372284 2.267933308200359
-6.375444718519222 -13.544919100024114
-24.172495219948910 16.388218013744069
8.857701469869143 -32.593483596224516
-0.347176297503423 13.326432905518782
1.340568598426293 -25.465229979221309
36.519846793988187 37.456534689970674
-2.730753248635351 -65.304304632022962
-24.865747352836255 12.258530764512454
41.903417982663733 23.084281155017717
-27.345544302663466 -27.699488118195742
2.565566319717395 39.070812112764578
-41.383679210162150 17.150419382374462
-3.154217442183132 9.121554416570225
7.893716273446720 19.241215728320146
3.929580548914791 30.128862772927086
-7.047796813292343 -31.514010738751868
-36.259073184167491 -33.247299418847831
10.431029460417166 29.136960005903621
-18.600114575428581 -26.785049014275412
-40.152356729820148 -10.638127103360519
10.324526519135736 38.955990399762769
-25.279907554186067 5.573294066359136
-0.540476020114895 8.458885005861132
-22.907470821126051 -39.074207443758297
12.616055998494437 -11.060516142066849
-16.607617405186996 -13.689928335502699
24.419355407448773 10.504691784609294
13.704279095244104 25.215277917425407
72.643654241674298 35.118835172907716
-21.723534249506962 -42.289710780591768
-10.884524655666009 -32.211057102478307
-8.815008637415856 30.814970441973511
15.299402170414194 -2.892748267862407
-43.524545199059396 -12.605844244040775
-16.463699419870313 -6.868387365943718
17.750962632600206 -22.672243518374518
-1.447549123451174 62.121632676340553
25.101313690132411 8.238991166927436
23.661425499913378 2.991251489982729
3.161912343638388 -11.429748121450098
48.202864686102068 1.647402767524682
6.332084813399557 10.717652539656150
19.770126292496411 13.434444959575886
-13.763623679611069 -51.309521872701076
-13.506657026015930 8.063863236921071
-7.667628125284434 10.182273041178638
-20.917242015803417 86.349057261366312
-67.034844741331099 -5.013080084171993
-7.586089575506644 -23.813232148083429
-17.995537211695144 -2.753216452021417
-24.116611611842036 -20.539382116071732
36.441800555971000 -4.465587662557668
3.464434672634968 -11.760563064397450
-17.229312478735498 30.893247522867650
-2.832328384607493 -0.726123602873979
0.108622761722314 -3.625265679230910
-25.350968723977864 16.763743823982402
-21.546847451998570 -8.235454872811273
16.664031030812446 15.101456928046844
0.723795812173469 44.953033267935560
-1.718725593038269 -21.212722773177433
6.372746106282905 5.897437812550907
11.520324049547121 -2.492944473041121
22.644851032908427 42.598726183680775
28.832439017012945 2.590766604122267
14.602640119654742 -8.259562726648415
-52.975948392032315 -14.127954285270004
-6.072062003477388 12.861376320364833
21.715202517012443 25.936138877201117
16.010364345706861 18.930290426923904
-2.755134037476698 -32.235211371811623
0.856930207121942 18.669640566730070
36.867808496871056 -8.413506447557280
42.702505335411381 -1.457450850477885
-10.475977989086527 10.659405050626740
-19.775112246739042 -15.869216188357942
-10.414423483450689 4.124510933264767
-26.520148818902740 -2.727438774063687
19.875858179938827 -7.296609290281453
-9.685335523196690 20.872190000920916
-7.234724516644733 31.774056851983271
-26.841624041912546 -3.888761702205243
-27.303169278483729 -12.265217692872747
-6.996514977857218 -29.879557614666975
29.272758360939683 4.404463276222262
14.375460802137210 10.227468333831256
10.929153176063839 32.891447675008891
-22.695594261936538 -2.905057155831712
-17.547441111975996 39.999699041894800
12.421332956076828 -17.873990888568809
2.544222152758548 8.691499709258169
-12.319666140862656 -13.950603333888967
-31.429333526722971 -12.672749535697253
-4.455429255805724 -1.124899659591271
-38.964550633395909 24.059482041499145
-42.102316397911252 -5.124352806889393
-47.903043971630147 -3.269059315162807
36.625960702173373 -9.031078598302297
-20.610531995110914 12.683908311776214
3.513808882351510 22.578737304400363
-15.457556523874588 -24.000788155670485
-38.588161621905400 1.495402455075122
8.159756091995803 7.417604987778051
-3.695369904324815 44.553014237276955
-17.292928048846530 -38.228731441199564
32.233284990117930 19.388497512148660
28.745134179434338 -4.906539726720014
-2.774286021706368 -25.613734129464873
-24.643083510269332 3.273827642627452
31.283498235917204 -16.098153703083536
-26.948703595249487 -11.605022622710003
20.771475232505551 -27.524328966787547
-18.288829599192287 11.993292326140594
4.175152690455533 -22.410703230611109
-60.602138489678019 57.637189571027079
-12.263032758218607 -0.093849764258771
-11.981319497932731 -42.463858182682543
14.359754278029694 -25.849136555806115
24.228379735438491 57.462185360451400
2.706035122528615 -19.636839125761487
2.304624236784856 16.720126146700256
-6.068620239700315 6.641748607770550
-30.211003407870734 -10.746978128106997
-1.716746840114028 -37.312414339332214
-0.320272582914626 -7.834503883263023
25.975357000455112 -34.465221646094179
55.826547803922672 20.799994894720474
30.684657075388706 26.831454214482562
12.954125261943771 -21.969402322550351
-20.104271567745077 1.673945379859874
8.589751933430644 31.983561929083212
-0.553258116180553 -24.353520524682239
-1.336524378745446 -41.848887149131471
23.803029923161390 3.558922233026779
10.501797903973332 21.656279523680325
-11.360464637053964 -9.271102019738953
30.831692907837340 -1.049224025665435
-5.638422878945151 -17.505487643119622
-36.805711641060562 -15.862896637754941
-19.417920650561236 9.692199760723879
-15.137577304378670 -2.275103392210529
4.632822160950314 -14.721986328978064
35.828511426760301 -11.799122357054676
-8.213210937758069 -1.597547447139921
12.741440320228573 -12.226413467923907
21.148917412539973 -3.857079080048583
10.773682649930398 -5.560072219581547
9.957090070999527 -23.325351849532517
-19.154504194674050 12.201178636915511
10.533664972508966 -10.564218869599941
2.437414374295414 -3.674852207105591
67.021418541217059 28.046473846669993
16.918449163706974 -23.952769511018001
-88.926110014583614 0.765566624037097
-20.607196290726236 -49.361339628521563
2.035202516561290 16.778218078673035
28.226937757918623 -28.200824651537012
-5.027606408772108 -15.975826527039468
19.707188717534464 6.157880377931050
42.816599144940902 -36.014528213542619
26.369682089316012 -30.065857617176782
37.476581734507668 -15.755427107819020
-11.802428856953567 -0.980486374735310
10.541311650250700 30.007511934000561
-27.593179844088322 -9.145811302496748
-5.214517922238514 -0.402535986575268
-31.040371032046526 -13.871516001859934
17.817907515162013 5.118141519213598
27.621386086994054 12.473921102840313
-19.995127087711651 5.577169785328021
15.848880893447500 12.339793241701456
22.539791731794260 -6.638962809889174
-13.060266540950243 1.112842889407617
-4.534737935824473 -6.668902508841460
0.049654788453563 4.158002574638512
-30.860390479016935 28.704179291312936
25.151998193499079 42.258204681070843
-7.638793731647683 -16.800321184007927
-6.883129242136325 -10.657224460885841
-25.842827918964311 5.237070045673783
-3.810635178510398 29.699738910040502
27.456297628356719 -9.315939666087779
-33.618537515451415 32.027115456276860
-8.080761237820525 -6.188899051702029
13.204245898686422 -27.612302212336349
41.018236782950105 -4.166059331648908
17.421802499501510 8.364099149509865
4.595906712720019 -6.523215907903017
20.147958034887974 13.328614439233847
3.880312288823488 -27.864793571708358
-33.333479665464324 -24.039526165541918
31.597657334290517 2.865432628996035
19.736986792095880 -25.369044819950737
-9.174496608004491 -5.464805967331109
-34.888661074516286 30.033631256523591
-7.471393336681691 0.339656106203436
5.981955761226176 9.683800254997138
43.154747160933631 -25.564842789287155
-18.549382387795902 -48.697243439113912
-14.945083250569548 12.052795946388656
-1.705462362053189 -5.181033157140092
24.950232477927290 -4.117461940558241
17.096099193577896 -18.069780527187149
-34.133181416122206 50.917286815898379
-11.162928053701592 35.063325337129278
-21.279863317562263 -48.111772897739726
44.787938755466065 17.650826637044439
35.660969186475292 0.736668126448319
-21.323496078428519 32.997570595373659
2.561600294302071 -30.117537586824177
47.628635704897235 42.727714574410307
21.487889921560527 18.500777456846691
9.221696570086483 23.056870962046272
24.089820020399685 8.558740692924044
25.831826579358420 53.422892461779853
-19.988820006988625 -16.736556085160572
16.703888869281563 -21.195986328662908
-5.256425446119527 -29.723210937867282
23.127194563649137 10.369423228963948
-3.017654114904020 -30.621462202019277
-26.677407949572615 4.191487132789073
1.980856300792764 4.531009160177871
-7.560480604558272 -29.621554302692498
-1.825358239851727 -7.947689756514182
6.563135977346104 -24.252586761104091
-1.284616687796459 11.181688665360825
-14.277119943008906 5.447224150141214
24.580775667549442 14.252893148842199
4.809905512795391 -13.125524936895234
-24.920403993729376 -1.092047857180634
-0.565446683083588 -10.273248633209503
-71.519500615172973 -25.067781619700899
-14.330446657809656 13.852300120601432
42.378359452232161 4.731826489305604
-22.413072602628787 -2.387658798061623
-1.113327095001136 -6.353102440444263
-2.789945360959893 -21.090770821398426
51.186702857969891 15.033084701029766
4.689914490087007 69.881396896077632
10.875352290397855 23.358955119673727
68.410326686543641 -27.415898720834999
24.259990101928135 -27.576065787427495
4.879531104941459 -18.231116926664349
-34.458596019293232 5.818977348605702
9.982147267404388 12.174065463463908
29.578357477382003 10.635025795403255
-17.143033940397903 15.742511765726249
12.941208324905245 1.036101207711953
37.358479249648909 28.387680609489429
-25.791530420513833 -1.744982694452679
-14.203544393531651 13.856063754286485
19.153320261009952 -26.624405782218734
-31.114605051819510 30.864389134259888
-13.915804025864619 17.613630525644581
-21.919615196129520 2.128388424615422
-10.315147486677901 2.437696196015451
-13.999016866708461 23.969972698065874
-3.658183587427951 -7.962794677253788
2.439653041859257 -0.965970752949544
-1.040068468341556 -1.284893455331963
12.499105609214554 9.444558143082251
19.075501851954943 -15.627644985033324
40.961814436871521 -31.983671697040119
-17.093425843170365 -27.576071770453623
-16.727665033394505 3.504905095701942
-5.686180439204970 -2.042575835357018
9.174906374137533 15.504647492918965
-8.352419283896626 -25.489429260418010
-5.018766523547966 17.710400969518130
-1.815963815128626 13.658150426928636
-29.850203765754152 0.831314669446066
-7.157318300660567 15.081072849382725
-14.972556729021267 39.081377796150541
-45.192290356107662 -8.703075197291746
-33.739519421352270 11.829653798072602
25.680389324894097 6.338457945696558
-13.572074639386765 -37.838038572885964
-2.863127333476614 26.906190746037908
-26.877319132895792 -37.262398024606775
-16.529099660008388 -3.434628669425484
16.384594613734365 21.857144714637112
-17.369840720837377 35.305273413086049
14.931826413393575 -28.803273857114206
6.688248232024248 37.186589839090537
3.246042256600468 22.527495075983776
-15.011081844240190 -8.852226619151251
22.836221459824255 -2.436917414059317
-23.494291243497617 8.160829018352384
19.477992636903231 -1.478417876725951
36.060854855923075 -16.909034310734107
-20.518601057414763 -15.693241328036812
-32.400058349841650 -10.080684050815226
-8.445828013102478 14.738925992204948
13.042501282666729 9.383054984087661
-53.088616353047023 7.829114503037558
13.031791207703716 0.374346161461879
11.289647911357429 -31.435912530648974
30.628372461071667 52.934801899372417
-1.155292424612884 -17.834203466457062
22.975368671891051 -8.293632270677156
-3.543498224497036 21.445147439176811
5.163631006901337 -38.723476478999402
2.263532897261418 6.351882237600750
-4.483680963065134 25.397293845102237
-26.972783015518388 -37.731833982641895
-27.784964681712481 -12.342402588436649
24.278955416816665 30.172040667363245
3.455446905025321 18.720600398215236
-10.470595913516481 -20.335192236039831
78.092493017047602 58.532325725734857
-14.828378977539227 35.958794198171049
45.529994651231114 -10.306860797808749
51.273380274709417 -5.039248122838060
23.998330314768168 -1.231895234324108
51.229644883280343 55.301645770477769
-6.945508571184771 6.974357659283810
45.227408037871498 -8.452103801459231
8.803292612628971 48.388998971676784
-11.805344011829405 -1.913268025553192
17.461815303827610 55.101253083148819
21.201531219909430 -46.232745723278995
-14.492473281469699 -12.451135177956717
-10.661739264610020 13.828649093585595
-2.866801382478804 12.754596540287336
-3.641453744294304 2.988707254129092
7.544702653516825 -14.874301793974865
36.885742414986019 -19.859896832545328
-20.425489079197472 34.558345461036637
-5.986207715659648 -0.360273700422627
22.455569339559517 17.476965489821534
25.918418327107851 -11.127816721891964
-36.988846216761630 17.850087300560265
-10.070406909677045 -18.567265959978332
10.064613832516677 18.344620047491901
-22.599908877239454 -14.554774569731526
-23.540630807599555 -12.596063758287656
-0.424611067981111 31.568881382652592
0.009885431134030 -30.239875844151641
-3.488907065228549 -12.802811086674712
-16.183303103927287 21.854896924751529
-45.215313288503872 -72.800802244301721
-37.918144786316866 12.283903117384037
-4.755455986659395 -1.928083034258686
12.898131116886370 -47.911330990077701
33.180986835152069 25.312870741811388
-23.672510943142782 16.174871476301053
21.591856876923497 -9.427767549279272
29.043242352127802 -3.317382045767685
-17.381880094729400 -20.876616920397840
10.120246742562117 -8.766134104931234
-5.066542662507340 -52.509453791980526
-23.609514111128785 -14.717720531475198
1.367450590679028 -9.220308225987109
-22.781575613824593 -27.738999563565862
35.716282584563196 4.302048900624747
5.404150309500224 34.231084498002637
-30.663785046047554 -28.771261640841090
4.710140922381258 -20.758304788081450
-35.896766308493618 -5.499300409382530
-15.620320290231760 -8.666831532967821
3.364949592305573 38.958859176726008
19.379305542692830 -2.010484416126950
7.362148204679726 -71.851833349615887
0.243771276829250 -4.422626081939459
24.472519680130290 -33.613503606115934
34.135965687240223 -4.877382277904393
-6.770035218768703 14.928817465647894
-33.517460800558119 -5.260349252897711
-11.680759099659394 46.977834081424490
0.357608196283834 -14.967104510412298
-23.704841637299687 46.017495840992986
8.544806411250574 12.562483803143310
37.552621575037733 21.010957484272570
0.829487076035708 -18.994860166979613
-18.176189202034408 31.026483615659846
52.531366303738501 -19.176935649998260
-48.206998972831350 20.075761023381578
18.324172758924487 -14.400226624783260
13.763829823224960 -2.727107662764496
18.357968907872856 11.501865415266886
15.059694788615621 -15.951832675373661
16.743874377633478 -22.994611576548756
12.771659263191202 -25.387866432239974
-33.141641393178617 0.606757841077219
-37.478542267501332 -25.694535334292606
6.891000555328459 -25.358728104192370
37.722024244902471 14.640398678657620
19.334107893595952 -12.231492133153500
5.049037097847061 -7.794349456982512
-3.159820688784340 13.923368113725049
-38.157332161518859 -35.585100952060451
16.705295844412486 -47.597307281124266
-42.351363018140567 31.788554716311793
22.633779119040710 -18.787647291718127
16.549094195154115 8.083952226638788
-17.856483500259074 24.871496997617236
-7.738458030023950 14.508134053035198
-35.587097107349017 -0.267862193290461
-21.372629018282900 -32.420240144881554
1.430824063074590 1.669622190342652
-9.376534152167503 46.949136447870885
-5.129666377904540 -19.733678601845522
-47.265111252516085 -15.041798242624434
-16.686626775879212 -19.897984436811615
-5.403514388402695 -35.097246613184360
14.639441246012458 26.400219666153699
8.582904036579073 44.599233911817329
19.866652737528891 -9.053358834489488
30.043440145380835 -29.574039737134012
-27.935246952761752 -4.074004736575497
20.328919565430077 -37.092944027615829
-1.638442718656729 12.325941892485549
-5.078740483984559 20.882192317166172
4.285299773756786 8.891472438899351
36.245650985397532 -69.263212690617493
-32.190539530264338 -20.221915216330643
-10.604214645371833 4.952879297390020
-5.706290292289396 -33.240087672987052
11.610963188570608 -19.670381343457979
-24.144656007561327 35.115956324646987
20.539306701601195 -13.116350270521236
-11.326437226959451 16.400527241104108
-8.386319290730878 -1.662911635618750
-1.844299073349166 7.775252950144061
-37.702615809280495 -20.875855820413356
-11.457584564288194 27.756004925233015
-43.340726922720620 5.754066940807257
-39.374418133279207 16.196804333040316
36.898022819267986 13.614614999722722
-18.671231627930403 16.708637606787750
-4.226846368088418 32.330723793011579
24.806898557809255 -65.913197711683651
4.914926102384829 23.030690918037401
37.116245104680289 -8.222306906981052
2.991468022741529 20.176824896510549
50.621784774959146 -29.065104829751345
-11.437579802883164 -14.062167649119319
-19.983835526231367 9.595922014358086
19.668085863739961 -40.654530057445513
-18.829815003508678 28.000229166223779
23.404453321179439 -7.344137634668375
-2.945669568403857 -51.298986206099379
29.769520171580290 -22.952063079119668
29.030664612547678 2.715934031797004
12.814680937453723 17.194383336130038
27.999582924653605 1.755786213990147
-28.126351040842692 4.489067106509202
-21.678808554432919 8.201844738734987
21.679018183776403 8.936239210286944
9.700813362479792 -31.309207605422635
20.027006661669642 12.289553140054043
5.197137539849529 -8.000365360031431
56.787274356845231 22.713389219665455
2.554794748348872 -4.644394593341100
6.249973849697587 -1.543183485449484
-39.454176078167102 34.772922966646391
-6.423250037567961 -10.657956782683282
7.258369615798543 8.754008439117108
-8.680333606357660 18.345567308405162
21.417805722214602 -3.287720801992977
14.399292568256847 -7.191667864827699
-33.751413763540100 9.733901089053152
-30.236667361405456 20.927397595986108
-17.185799437360664 -5.187313360246294
-12.812198938665313 -2.993986801372531
37.267002915379287 -21.881389052701770
15.432549952870108 15.356200848861992
13.327251775092758 -0.560670673367663
54.081245889556371 -45.167234087392075
12.638878884228674 48.070472554496028
-8.607664020447492 -21.782859693639072
26.811346657125402 -12.023221197645205
-20.322555002682467 -29.601053235543848
-27.050722389958075 -26.753195513051335
12.012919692055203 26.032877387259997
34.848373356316110 -32.505825137593611
8.872468419642866 19.790276421148974
-18.202584290254840 -9.312138420541586
34.832763409703745 -5.085253873402718
-19.693541694858240 -32.834467438924321
-7.435470688252155 -2.568402804170931
-25.616652439549320 28.644676110599132
-58.305308140168030 -33.079357254448617
-64.194152486407049 9.704921503157930
-30.822264110525580 38.060696395773341
-22.557255831017773 27.046785048234241
18.423416609978336 -17.568132781812963
30.848905582437308 -23.729938223995681
-26.244197479998792 -4.445706833038179
13.678505495962222 13.914965651929354
-20.415708987719771 -21.516775197839465
-42.368356978692312 -24.557355741156197
6.674415775394198 0.310690298000955
16.310345145589920 26.181418659729001
-4.186898655299879 28.326215300503808
-13.773303870387311 -42.476293194936382
-7.947601666276702 -23.878232985810797
-0.936599243918773 -6.103667770750309
41.964982438406764 -8.988954174526700
-10.413987023461560 10.127442372412283
0.387045183152808 -15.841742217940030
-0.802293134725354 17.732713913877202
4.947801607668645 46.263897837863261
-40.010518318557985 23.547181595780433
-15.794141112040691 64.591459647692645
-17.405540786629597 -64.919434416621087
3.696316093234263 -27.498004427688468
13.105074761948734 6.188842268374893
-34.868847541520879 39.957685667030589
-3.537597321720999 -38.358165897867579
19.225072799647538 31.236559538104650
-14.964416253774884 17.493856159774577
4.940739240614103 -8.448883912179651
-48.208114066681681 -11.393377301478827
7.409327629309682 -20.663757555753605
-46.205882300202816 31.922505676601173
19.268986496221590 11.857420759932886
36.503648774728305 -6.812951324873698
-21.356131217797966 41.637421864765692
73.937197460104528 -20.070124534206482
7.901775413651386 -24.679263192168431
18.011607841420130 20.760330711473248
29.407702334999147 29.878853333959057
-9.566328031997772 -28.871361234039323
-8.741736052205006 -21.274820304599803
-4.420932168626307 -20.477354205585488
27.500163030549778 -80.782597583611036
1.644668364189787 21.970659948297858
1.089760131441536 2.339804679255284
-3.230556115450032 15.805006476786696
9.104651408546530 55.471739475762618
10.396379985293063 15.981644670298135
20.440830319528263 -26.788869201220312
35.625556857090778 -8.975443364764176
0.894320634609837 9.174892974145324
39.417174360449550 17.668849421088975
6.371447876231888 34.225897093444509
-8.332202156580804 0.857959704393570
-15.812545986797124 -4.310578965078130
-12.967129193278588 22.416479444648392
14.784622766568864 20.709628995694693
32.798570889418151 37.593272256653840
34.711305558229185 -75.683805513242163
44.017794702202607 11.865962540059538
1.631079680710362 5.741235797792768
-9.361715722025885 31.893780711897467
0.742951632311818 42.197417567010092
26.672656081421124 -6.691949561161063
16.359817021857459 -5.533452339564364
-31.331197805443438 -2.241227711828653
6.125378415489648 11.732808969049101
-25.217746357150240 -15.025173588507876
2.451203871128436 9.647878853023357
-0.357983396326787 -4.700328412814252
1.298930723716556 30.632807703103584
-41.726965710187429 -15.904461603047485
-18.653532569170483 70.055136698517046
-37.487958812252771 -16.605776366798089
2.439769243828880 -23.944548925473732
-20.338153248186106 -13.901154970685729
43.883814078055607 -28.294796437493780
34.629438847693812 2.466395947031807
21.346488456486888 -14.664405689503610
17.142930391347441 -0.529083132758305
22.001285042375411 -8.999889130905659
-5.856142256677436 4.118805005438423
17.209015175088293 16.582329464449575
4.615576318803888 10.806301323179662
-25.538534191571280 -1.999857101616690
-10.934422055460079 -26.464215318048083
-3.664535322852592 7.092120803883227
34.435399521825651 -26.005477130243278
-6.278965478941883 -5.229206959772770
-39.547997201684247 30.381653703014106
40.738910603014610 -11.278854424755046
-30.580061328345568 -12.583206715453741
2.407641324524800 23.850664519118585
-2.225199364454581 -24.695675359830709
35.508216068033342 -0.610655742027170
42.413860873934304 -0.596177405094631
9.601629978708516 12.954453964436773
65.737973187747059 -11.250846186146727
5.053117368499147 -23.149350039680552
45.874516727285858 23.030565281478136
-35.884405151466353 16.348515579840253
-27.659893889704549 17.221910782208258
-16.375604762449115 -67.647509982181546
-1.258916781553679 22.588785636392384
-20.225598557568237 -7.984172254470721
21.383212827262920 21.382500861652932
-36.196817897526650 23.687697262386024
12.291168970741495 -7.149475855694527
-14.406353474642593 -0.236826789339134
3.802696361928857 20.962509180240673
33.097795026098240 -21.551823665807426
-7.236728538357984 54.702321998347145
-27.081088151517193 -4.781166393691188
-17.483025687587372 -20.189600904440770
58.286106099170695 37.533062171120392
5.737360841761058 -24.917688540734332
10.344275409337881 23.378780517920134
-24.674930050400100 -9.108583160815321
-13.030282296203502 29.351516919195223
-7.495278898005918 44.408906850792214
-28.966062879527854 17.583936141325072
4.890440767705174 -33.597917797420429
-23.145662373402644 14.277332606135579
-59.353487351508804 -2.381789213319311
33.802257661286397 -21.020099778417094
-31.560452032609334 32.720814400244642
-35.147424828086130 16.463889931807806
17.167728245104257 -32.059325744518816
-15.420941430468803 19.775471305629726
-51.140081398246714 -27.064139607847579
-1.827281114400702 10.484050029130749
31.386166790082108 -3.316852787273691
-21.633247590092221 5.163184650549877
-21.430368686665389 19.892180348861725
5.317776427136747 -14.891119610255943
-2.800318486162760 -15.905304215375955
-41.687457684591166 36.359549145945408
-0.631402574668139 -0.363868879756211
-13.343068771334476 -27.571762555760817
-17.395157046785421 19.316025535394079
50.403044151550795 -7.525001779960927
-13.244228652117052 4.560003311107692
-4.795862629137752 -16.296342438215316
1.544987653031169 -20.490468727428539
20.329383148136436 -47.235073540017375
37.247164056763452 21.766218863276048
13.321955637862075 12.208963520462950
12.239313543258620 0.745586454519899
-9.405682681025318 15.483790901634521
-12.269801058173623 1.943542365589070
49.798583376788123 -11.033539936079400
35.964065140922202 1.174675094560187
-28.150827551474784 -44.914854125705027
-29.066867317616140 19.595796167946190
-15.188358608873342 -2.721140282211975
-2.713849260040870 1.588024459904718
33.727982735823829 -15.717026438674495
5.656739492777266 -24.843024565283272
44.335123591594687 -28.696667842605919
-34.896237830404850 2.316999377670789
-12.531052266860813 44.745100444060128
-13.813762468733749 8.497607802166275
10.001850531056903 29.940269639201851
-14.746072058406883 19.230730068882821
-5.533007874131166 -24.804560224086043
-26.158542443996801 -34.044758140195441
44.187484061780054 -1.040640582762951
-14.912189679035656 21.223055476617066
17.778526940521040 21.001139097005389
8.876140434393125 26.143927697792687
-11.085231497431945 48.534269082231269
9.830858184869610 6.454015144623461
-11.822656899168511 -10.068075572137840
-34.908259670765361 -50.566107157208393
20.479985078090564 17.477427519805925
2.060452353348401 -40.956790392566596
10.409673049161810 -0.229039035129073
-10.187163792298486 -25.855649909450364
-8.742893399468988 -35.838135634974542
-1.938798712060374 -2.832319238877991
13.444727885555313 21.246877467177164
-9.270169928186501 9.014949763691488
-17.456165499493995 24.434383578772866
28.292103669959413 5.477322369596315
3.812932748508442 -19.168452664316124
30.065128506006644 9.948830067487243
-35.174911104620918 -3.759987664729111
5.981537863843317 9.694363768905928
-2.133352591950461 -32.240218022966538
11.308623644138686 -3.242204860626539
-24.220594568329449 6.482939713359444
23.702564151228490 12.507775168775254
80.580625597092478 -2.115683489043699
12.355242648674500 10.189981966407114
8.231370002226710 25.963557586885571
-30.096936373577204 29.438516251943188
-5.499025082927328 -11.314081620448771
14.950876941809122 -13.418514227220465
-16.286159423492691 -1.733096635987244
14.174696929064551 -3.604712130440782
-37.609894529332962 24.281341161022642
-29.960050501877916 -2.772026802591654
28.508194143421381 9.610591537584055
22.078539780947875 30.546034885893036
-17.155565577746177 -23.977512889537586
37.090362394725823 -2.394148918357115
-57.840702963945638 27.716628481970204
56.814562847289849 24.312124492814441
-10.838669167554523 35.437387022982946
5.369884404742571 29.729743423766557
-9.796038165415419 -14.795302854953883
-50.962936089166092 15.464318560583983
55.209104623950914 -20.975372195350790
22.535066197184992 19.014485765205741
2.334900321311765 -58.763731835708597
-7.921333852000721 -12.816482853933310
-17.673755852351210 21.090322836371847
-22.685600354016401 -24.969747183107877
-6.454889772639033 45.504371972482502
-5.405074311258174 25.507877527426064
-47.537162947524813 19.856895340219623
18.510164971158851 39.993171691140816
-2.614725917518109 -40.561655607964575
14.281508558192117 16.140759119182047
-5.582695750016533 38.500572378929618
-57.313939246368705 -7.246903643426939
32.728760040354821 -35.661078679937091
-29.308517859060650 -6.644563708770536
29.772491557849634 24.356397352295872
-1.983140339775412 35.768072637361712
13.495069270012928 29.649097618564856
6.635049289261640 12.476455085420858
-2.186048755774007 -9.875049148904781
8.333439735544113 31.513305326000637
-33.163490515480206 -25.052629711425094
27.172838418076580 20.055069116469486
34.583880051528766 -3.918537017242656
11.911651613886134 0.940232778377037
-55.728028623479069 10.398454368314283
-28.875286194140347 -18.779461189762497
-17.298357076315281 25.607936869023764
-37.119362556622150 -19.160734830582399
7.180548012732141 21.548086348929306
-5.937636615297164 -1.752428233343564
-0.581089351945928 19.917362189655726
1.732083242050318 12.557372109833508
-41.183527900349901 5.823422141916692
-40.945536909389503 36.549594753865762
3.032572228291412 10.664483852740972
42.633369053364156 -47.811157853024106
6.001382730979414 1.423256218844218
48.205774961375347 -23.234062455599812
46.509405517575296 -5.942815465963578
64.362704371152731 10.790890899364175
-17.663688728853277 36.120522899348536
-0.996379425329588 -17.010171378905831
21.577823644737450 2.737766470949688
-12.506364107366508 20.509003286812639
23.835067957763801 5.690906377098891
-55.927496392036929 -32.236688708426939
37.858738603877761 -15.849910943587771
-30.996915401766628 14.058322938595662
-0.685399983912497 -0.160273664833579
-6.451439448121594 8.429982318341287
26.274395124471752 10.892837907644475
2.830056237020171 32.372013144656002
3.573002792164931 9.958833533995774
-27.006943444374588 -24.259188763191059
23.748956545289499 21.997579708279449
26.599511241208109 -1.401575971136255
-5.686315685078997 3.541312175593335
52.772126679526018 16.602585837736047
8.924519250282538 -35.616996993174205
14.615893538412326 -57.055218900053056
-19.986152014841764 -37.514035468561644
-1.516552145865027 -19.450279338340721
-16.303829567307297 -2.504660790381876
39.810876127490964 -33.032679488326650
-5.965024513484159 -24.937551862043556
22.563526012902557 44.356026308108838
-11.969502548100420 10.373863874511006
19.264887784849080 -1.889962662807631
27.544140692995697 14.703522784352611
45.643540815451196 -12.908001559994364
-20.048167518146400 42.501515047467045
47.251639776792835 -31.981895495552298
-49.107958116556190 -22.181760864955653
-0.532014106748796 12.275587824204637
-21.062226299222790 -44.200006543820756
20.739696764206009 2.871592576556169
-22.135547066940507 -16.146061450568439
26.178448523733049 -26.183269222224038
-33.002699005584994 12.855779297937472
21.832237094230369 24.658056973737082
-1.765004720123726 19.162761974291559
12.196990453369287 -35.095287948394287
-23.413110576583243 -38.528554588633192
2.881111210882429 30.870339026398096
48.377967114925980 9.504183515235855
17.311296434541244 1.912603953649942
-5.440434610225056 5.691572542418070
-10.557602349122861 -28.940529941456752
0.542827805552739 -17.441967677263740
15.125973841251502 -2.768263548581475
23.341333149253675 0.621546160560021
20.461762399761586 -43.201574139239163
18.063866277598382 28.513614705000180
-11.610814234262453 -59.479004185996530
-39.760524159318045 -16.531501732249456
-2.079800512014544 42.394906006872944
-13.805599676073347 -3.689210023979832
14.681250967629341 7.861085950756356
-17.030817672595116 44.659908224750311
-14.156232204436515 -13.963841551666524
-0.847989159194045 -9.647278905445591
-31.466927272094665 -5.417303077404773
-15.152016830058717 -20.344323307079431
-3.357001855720816 -12.917388736279356
3.639260002287882 -1.094041575458092
0.576431368559363 33.249604870895617
-36.360297311739998 -67.808662665992969
-30.592887041347545 34.737046700224191
-20.425233678967519 -33.429621049427915
0.243561891134070 -52.247870727888341
-10.198031489382421 15.615731540331495
-48.201138708432850 15.106033806480243
-10.443806540413538 -35.679732994311088
-18.008900959062409 17.080519340431920
-1.036300089831001 -7.282593793218493
-11.146580264539761 18.542761717658458
-22.409571932601768 26.683890967113797
37.692080321976583 9.052466618626740
14.572561961011097 29.426935444713834
-5.450267536928992 3.936679357845278
-21.014871398312380 -12.322884625258206
6.038094395955445 -7.544218925732369
-21.116292165369480 -25.277363638640310
21.756560894720664 -22.096601137631485
-3.869268728704473 2.599050213035618
-3.503715016462688 33.579225232889243
-17.193743151696054 15.877719695377133
-17.414851556698181 -18.455111792061359
9.019544326150751 -31.999692773014900
19.746725511596168 22.468397404817278
-7.134141855030141 -40.049122224620533
-38.070642226717865 21.761686790708829
-15.329001134413192 50.791122141237224
12.754664938767243 -39.270560643347935
-13.562669890973140 15.323104313654287
-9.104509133116460 -3.820518322691246
2.278911131219329 -12.083861229580545
13.973255238098718 21.523735831326224
-1.894940053475912 -58.454771438441675
-25.319362423042076 -32.706793054562972
8.761331261524495 -14.517415769093716
-16.527629836666957 -33.931231351895036
-8.981615111698840 -26.905498545471183
4.519064232433910 -9.104466632723151
-14.728614011728970 11.413772502957320
-20.306341639627426 -3.399492972522077
-13.295939383780700 -12.983418972832713
14.796661478037585 -4.411584009094963
2.879556011543480 16.773123551706171
36.732213564594382 -20.196237450520670
-22.550220498074154 16.455526458147045
-4.426804322304315 6.708554341438461
-17.449722196227466 -20.480396064868639
11.145143824740233 -7.259084643980328
14.433452237653412 8.630952760135198
13.477264400227767 -2.668046774654224
5.775746728789063 19.682402645253475
-18.977231449170091 -12.242335825323506
21.839802749708380 48.794833495694945
-5.224623933494443 -27.454648092090466
33.131553957603003 23.503184688615558
-17.776821756398945 30.069583117631446
29.516913993532718 -11.795115914500943
21.751371893162077 21.477805481184465
-12.304486412687657 20.670746440652291
-31.197532224218371 51.767753328082229
25.647751367987915 12.844525052152646
20.414971046750001 -27.059791940233673
4.601925005338574 14.353999455724331
-16.238533849819742 26.493634284016874
-7.304394785914809 -39.504321517654368
-27.265180448109327 -21.766925116243684
-7.610653473143713 -58.615371487857395
-13.994881925862721 37.573797587919451
25.979644981676405 -26.399000980826315
-42.077983453216412 -42.432811347477532
-26.484847570910446 1.844326232264181
4.211152342200652 -3.104888659154490
12.816130469409531 45.470001710398563
11.575202128574491 1.269088586916762
45.191085431923682 5.244954786775764
31.492552717801775 14.351140955683752
6.926101447709254 -21.742086163659955
2.743305149483221 -7.006448375167448
-15.471846522583053 3.407662283346075
-20.890330755742500 25.184043427436624
62.581644551282729 -21.048555682736453
-17.832006336620072 16.429648390489096
-5.307033664961582 -13.039512088553883
-30.888101960641336 2.973289244863726
-3.582664993255290 28.479826375642684
-49.948411645821608 5.655736386641633
-18.094132257186363 -29.202054471768605
-6.089635875822223 14.544227541026686
-22.328088109859070 28.933530630407969
23.500617168599316 25.758239837467844
53.828187303534200 -53.805782893312070
-5.675390416154508 18.260620676889008
-35.557507502329855 -18.585781821806389
35.813390289791194 23.168007160844411
-13.958084996470330 -7.396510524607461
-25.192045711648394 -3.396389737852494
43.656020821953653 -2.939329693176683
-21.077225609745273 -27.420400215575658
-27.864529476094575 -2.208901448181545
7.655297832759851 -20.042019386665135
-13.132624104984952 -65.239457106509775
-5.236557662013167 26.908354759405686
38.394879815128078 33.985774612363052
-24.683341909154159 -6.409107913720713
-15.978354677280040 28.964025509827472
27.499326846271678 26.029407706809824
-26.887361273000231 -48.722067944505753
7.427839153364418 4.758296746913719
