0.000000000000000 0.000000000000000
0.000000000000000 0.000000000000000
21.730072914085785 0.000000000000000
-52.654066904775142 0.000000000000000
-7.833507102592887 0.000000000000000
-36.164310511707505 0.000000000000000
-28.414288689030936 0.000000000000000
47.921507774391877 0.000000000000000
-6.669890397874532 0.000000000000000
25.312240499476378 0.000000000000000
33.143261655147050 0.000000000000000
-7.183863537603025 0.000000000000000
29.066476153692840 0.000000000000000
-55.851488579985769 0.000000000000000
22.421604688388744 0.000000000000000
-18.372371157627342 0.000000000000000
-47.749532043046131 0.000000000000000
-28.243135451520878 0.000000000000000
-29.794462349713385 0.000000000000000
11.631415937986837 0.000000000000000
10.402669645061792 0.000000000000000
-38.140984093854982 0.000000000000000
-62.877573628780262 0.000000000000000
26.063586084416546 0.000000000000000
10.031223684008326 0.000000000000000
54.500335328418643 0.000000000000000
19.733613986502313 0.000000000000000
-43.011452703935802 0.000000000000000
-50.391173614597285 0.000000000000000
-16.455099931422975 0.000000000000000
27.930166009210271 0.000000000000000
44.692992663475302 0.000000000000000
-20.500963706874227 0.000000000000000
9.540970674606710 0.000000000000000
36.078450657864003 0.000000000000000
-3.941852236010366 0.000000000000000
-75.782651387362506 0.000000000000000
25.776125905768186 0.000000000000000
39.675928006555857 0.000000000000000
6.418358803995262 0.000000000000000
-25.081101191552417 0.000000000000000
62.273681047409710 0.000000000000000
-28.459230074519187 0.000000000000000
58.134530129175346 0.000000000000000
8.310949141321505 0.000000000000000
7.227494249128743 0.000000000000000
2.066292052003038 0.000000000000000
-21.494672566170948 0.000000000000000
86.196076904125036 0.000000000000000
-17.601407110078146 0.000000000000000
7.219059894519520 0.000000000000000
0.000000000000000 0.000000000000000
-12.498374105592532 22.451983035521316
2.745482260418131 -6.035364574918145
-1.389264037659789 -31.202127098427116
-20.204636934635275 12.231145898738236
6.383735002065186 -11.811984214863868
-41.090104838482766 68.626004941086492
23.377576073121666 -0.086277724777458
-27.252922667235957 36.717106783484297
14.262076587622200 -7.692823730297371
32.954680653262749 -27.834094596714809
-2.684784602198720 -1.172399571869511
10.539483363870962 20.064692365350286
-29.918501975868370 42.038994572280494
-40.530441246392158 -10.569189710114271
-1.163071759452145 34.244021539171840
16.041006806714783 -19.497944157881218
-2.332203291689972 -1.737062194615819
-8.601639182645481 8.465476827738390
-50.276445611924395 -22.055868013993912
15.902030719661376 16.992901712229568
25.526966825529669 -24.492001196090254
-23.006673334230626 -4.560537700492946
0.017119474280156 -16.834488377335774
0.576364233292122 -5.330164441261172
33.409304226066382 -34.148159451676079
-33.260344897732892 32.332192472709139
-9.203332205037748 -22.185411142226016
-6.624623869859460 -23.440283183616241
7.561561867206303 -16.732351449549604
19.386643417417091 -8.306582732152014
15.154779027075012 34.905680771251710
-23.926515353460147 -8.003168215813250
10.565254037478010 -4.494201777530431
-12.826548259310886 1.686474990907939
33.627155935479770 14.227705736190046
-49.022137196966085 -28.924676626637876
-13.786448850291075 32.747868621925484
46.880975729454953 17.014018286740907
7.711527989765377 16.599511855025636
-13.364415789919130 8.969836927417827
-16.884894241806265 -20.798084094666606
14.350621570505924 1.933649716864813
31.722676209931414 7.513634864372176
56.307824382269068 18.588120457504917
45.909330057005036 24.439325442799351
-30.804233170758565 -4.547231065860128
42.370107938747630 32.160662033983165
1.298726484140523 -22.465159627883189
-28.343331090113974 -48.675250401196919
-49.431583686685165 29.168692042215195
28.789401076891437 -2.287287719570572
14.012171411215556 -5.627595489483840
17.864016222664851 -9.242254416363574
6.985956893509313 27.863262723822540
20.360060780995312 -10.773799552692413
12.500576288814408 10.592859272941334
-4.988649089254526 -6.572680265261400
-7.980705911860656 -1.319132949908182
-2.951676624661488 20.473688945347391
-29.898851009584906 18.204707937546658
18.624714712354848 5.639563536346382
-12.419961044233595 21.000383964391677
-15.987113887377586 -4.810824902116851
-8.987171052093448 -69.153782890483228
26.401327422319280 -35.048660694282269
-6.999773359512544 -25.110707162996086
23.709246579700242 -17.911992509086197
-7.752284371686419 7.032105954610941
25.999533010338414 -4.140200430194083
-9.004852073133979 -5.591653692196951
-15.467358130353919 -20.553454599970397
5.586813714110245 20.149992921500171
-42.658221732614351 8.439182851909109
7.209715243997217 -29.064219792647577
-38.888557192428834 14.058689087074450
-13.555382407297683 24.988802559396230
45.176905010929602 13.957738904784225
5.820174597804793 -21.081445349157462
-9.321530784573516 -27.932139302128135
-11.734245080686568 -23.008493583446651
-41.149671269097922 33.941809409526471
11.529349602537144 -38.112824733602572
-19.985082224483239 14.879593492993550
-3.821906347934312 48.228032742629559
24.824944121736760 37.153320199987583
-8.970253631032582 12.141122179383908
-28.671571202564834 1.373056382167864
13.133551878945953 30.812873378248955
-6.309224223643963 -10.162521422054008
29.541905154099840 -22.234040475661228
28.843464446394581 5.824286082268284
-12.422070967213930 8.333462967235453
-10.108761962182344 -0.570357168317785
-16.724436530797675 7.413592320281285
-11.861892532862052 -9.434993621338430
-44.871840048355182 -24.820865236782875
-15.043129394750411 -1.496638483640855
-7.803273480150969 3.658060128357667
-10.480718005958149 -18.050893737099241
-16.629527980717459 -11.038528809539844
-26.002153041475257 -28.912977123104692
4.041294399244263 30.905326377868878
23.270788637696779 -25.159492196212124
-8.936585331473021 -29.895023243405795
-16.938295039821213 -3.226721886814668
-8.967381619454242 18.828702839823947
32.265879817111660 28.987323853320248
-12.178628124930462 45.770691343024772
46.648482618809709 14.799260742716093
-40.767092071700148 12.874896574986062
-17.698103113054334 9.696177330673967
-11.370395237938926 8.718526266090723
-2.530666131079219 10.761407189511425
6.855738511011430 11.552607129844050
-16.717757882910544 -12.291566832330615
3.036445157373336 28.337898982282084
-12.174606383367275 -55.700464523029353
11.775750544236251 7.499515292213816
-11.239660710593494 16.036240238254081
-7.289202801635076 65.984567535686679
12.259746959244927 14.289611982372264
-9.330030649879554 -18.677194935009055
-9.134845699500891 20.288724433635334
28.607566971174549 -28.142603437760641
-35.336769596795037 -11.985787701385187
-27.151959487725954 0.312527465828461
2.835099600482419 -4.607094865372774
-12.496705230803160 35.880930264721613
18.212431840613235 -2.630951548181268
-0.365848928301371 17.515867790756747
-16.882828188183133 31.915202260388735
-18.467896252225664 46.162856183718965
14.379086933732230 11.582253955945371
-23.754798759256555 36.163258487256087
23.646140681838769 5.291325718797721
1.099213930915746 -2.214297997366339
59.699943623259259 31.058640160598092
2.448448679623629 -25.630117352829981
4.674076569647712 7.147047576791977
-8.429490793560383 -1.330029456236808
1.729031079863551 -0.299231059756081
-7.996473974651746 -4.920697025600513
0.544821846529937 24.859274812280429
24.114449590202131 -14.865179889316289
35.350862061933064 21.024985714476774
-14.747088547881290 11.332720654291393
-9.218663977808324 -14.553221144837767
7.126801884254937 36.149909239454537
10.950987395151021 28.254230196730472
13.081454404116254 -19.969505964657873
21.680865736932695 18.489450413269378
-10.676742625922893 -3.095046574961811
40.496573561862654 52.934040571655181
15.304942694074695 -17.521431889772252
-27.947402500765918 -33.511286271731841
-6.627392828887410 -11.022909571282870
-13.758952220518397 -37.455496215937750
-14.932539563197382 -14.454467832370291
28.369602691161695 -17.721901190992739
-12.964079773584139 -29.852282997463281
27.291865241696957 29.079236087227525
-3.616401823707537 -0.127123996067577
-1.915001934971315 -53.913632115974529
11.682408446561519 -2.210859508473012
-10.150540819418586 -9.802295240350393
47.591283101827663 -18.310948090846750
-7.336603266118886 8.621219785255848
38.095599077965907 13.818540028936265
-37.622810942409210 4.881127220096879
8.348270791593146 -4.515591344767776
12.750118774927270 24.965379659845084
-25.967097013180439 20.954786370280896
3.969278351625473 -0.631466244836749
32.208980504182726 -28.543903008716384
24.436847187504778 -19.533764638760818
-50.564049264866014 3.873867708698457
-23.979205246663401 -44.233875549344759
-31.968175944395263 -22.071078134367841
7.415709640320078 4.497363277140080
-44.341488965652985 5.057879335148674
-15.051467005096812 6.485206755833716
-13.518855236636821 -25.777430307396429
-11.397952382390654 -38.681597962413377
-17.818049107017984 -14.642947783469797
0.811959881697078 18.661561048120550
-23.006533425757816 -25.211860141616615
-14.375651563782892 19.748448844428346
9.692079662886570 -31.565739942549115
26.854358503323301 -20.346135720034933
-66.970352331591158 49.435753626177743
39.952791017888877 7.703902004363863
-41.738852760514860 -19.971564731124378
-1.071818473534934 -23.734757560740050
8.708667874712672 22.175856952878476
-4.472514354245859 -34.937002410329065
23.658294151448803 -10.455363603017835
-15.413561995529657 -10.545253859044353
26.876985881835488 1.156015897055853
1.134397405399234 4.623812603240062
12.289200344139321 25.275310175668817
-23.483996242906962 4.209295607225273
2.625686168324989 -17.351607775863638
59.872696483196385 -12.021796502465568
-12.979260876899183 -37.536335609572532
-11.953444543753445 -6.274217921408630
-9.071591036084463 -6.745461445734082
26.920659438139175 -25.460646302448410
2.158045382765177 28.630175005549297
-50.467324784924642 12.606985644551363
16.604213806120992 8.095204963317267
4.862329208430776 -56.206261950821357
21.386292450006124 12.141097360108189
-16.305975417549138 -13.142744653813422
38.263673293105811 -5.629775687107718
6.040325216796108 1.877818297589759
-3.900879394263169 19.939672677985754
15.321142046099968 26.723526044894712
0.095652013403615 5.665991475178703
-10.153692719240965 -4.680754217516715
13.246638765055192 13.178243211500211
35.295896562330199 17.032994823055709
44.220114706220059 31.810476857342987
60.166771307339452 -16.291344667798715
31.208989784249944 13.506526991713526
-18.735803875505770 -18.463144881444901
53.969316109793198 -9.637303993998911
-11.015565391936290 -27.046157234615855
-2.055285672075026 25.429545635547772
28.141771105864059 15.900398280865002
-41.376535045375334 11.836262922949857
3.077571657109753 14.065195032841824
12.453944231889622 -0.890724651902924
11.919908316458278 31.416092091447272
-18.243539238105772 -34.570831083446066
10.775792285890757 7.313718783904356
25.978952757923700 15.525401611970235
26.858670420777543 -28.047451793025388
-13.781729440053583 -30.586555844947661
-25.699709095019511 22.285662529798664
1.936281204946313 18.933338106734208
16.781852995765494 -15.642761839371408
21.701934015655585 1.505661412623847
-7.341130356317806 2.317054135754628
-46.086007807567569 9.443772840899994
12.079931554952855 12.718528335552962
-33.497584978648590 15.022903849923997
-12.836442631651444 -20.039802870420104
20.967442260275298 29.265150201366108
-20.398482497028290 15.477277953066203
-30.046359239478509 -6.854336814705730
0.275498936280786 -13.591342881576514
39.021116221115825 -2.143497939830275
6.417809841331571 7.457284689478559
-11.314545431564289 -24.528175399102928
24.766364687675857 14.550491789037004
-22.142356117754019 49.261994081440065
26.022831732179771 19.864823169950423
34.804937279674107 8.267198454083010
-1.243488894687001 -28.169989237390091
-11.718962682706076 4.165358936080326
33.620583377092458 10.215905834603188
32.338612132754932 -7.930137499310910
-11.127456774636444 -5.052932159366250
-14.237824412322238 -20.341042419135615
0.842036633432458 -10.023363354614979
11.574501717918205 -5.194644695982584
-29.440129343433075 -47.362424601332911
1.543778594484478 -12.511587643571831
12.092969935675406 -16.979900076760252
-25.997443781259221 -8.542354033234174
-23.210790629590655 29.902196424708251
-10.691174581781189 -55.921312108497148
1.825050696826452 -2.325811927604398
-25.665817951374873 2.156067918081618
-27.887126618899995 -9.703151697918031
-23.893384564956904 32.321955518015073
5.693203640016756 36.877519156617339
-25.991723198237725 -15.767141375267800
-26.276322015825496 17.816465911288333
-0.455897332982088 -43.071230157539887
22.580910086056093 65.532360116122717
9.270024572770026 24.876440246983051
-8.832186426829871 22.019000476507092
32.560128236556068 -27.577056401911815
-12.908817696242300 -19.852533770759642
23.846858430400101 30.815620071182451
3.005131750709505 -9.367732916917975
3.959491460434680 10.444231645539260
6.337526603072774 2.882254560994360
-28.384248610302649 22.680692314472502
-32.021020257068784 -2.742460571345134
25.138793396874103 31.331693479808859
-25.270122493030652 -9.464333302527081
-1.931232841463433 -5.996661419227931
16.845089041336994 28.400465692818411
-13.569704173056923 -37.183539367878865
26.891730390371041 22.436045414110563
-30.947886684057231 -12.725556221972678
40.905016334582157 36.237425443104840
-12.683778593175614 -18.269742500036340
49.521217419994535 -20.621431051904050
13.765711818385379 -11.746066751825754
3.825648544553923 -7.393106836479488
9.805238766360455 -40.613760918227229
-18.150930282115560 -23.261996756157025
11.360936805232205 7.679395011410991
-16.620656310348853 -5.508789694818756
-21.328452494566339 22.549516317428022
0.672909607708823 23.367276784700458
33.214020370072724 8.418555030272035
44.334878278142945 15.346483147662063
27.621629228983252 -1.190765292874298
-35.102069141995280 13.289690376465913
-1.615115866325691 1.103180541484046
-11.046330394521524 43.701838856855190
-10.209123130528797 -31.228197348783343
-30.127667903082340 7.896528275864140
36.982042183906081 2.082448770371967
2.648570644326058 37.023954709115827
6.400806356087957 -36.780639121601105
31.605918549577446 -18.727243808810783
1.570758704714575 -9.265353717710530
36.755203770497680 -3.720347237073372
50.297438723988968 -8.878814612020509
41.080862330061308 59.775780720423015
0.806030362648076 28.396643308872136
-25.537662259315866 -18.560922407998170
-36.327844423108253 -2.789413256524836
-25.822206565265134 -6.193699550207713
-8.083518838994193 11.275932040105596
-4.418886445035989 -16.957947999471759
-30.162951715888198 -32.042200068928004
6.837383959132810 34.532432884724855
-15.347066477515970 10.622342075688760
27.346203123922642 4.579849705179992
-23.511265464010300 -4.859694091102649
1.876973935678563 -29.084295806190834
37.780515806437641 6.863181238720351
46.179071510857874 15.967367325859041
4.610295343356128 39.664888321010935
8.206709025530362 9.163884613162388
-16.936589308084816 16.153724500764579
-11.105279349513191 -4.980872901466573
18.056000480392115 25.059980507701361
-2.556015791641395 3.485763718946813
3.864086567621221 -13.935483385086865
15.358984919584625 29.362659734254816
2.944501630002351 -7.107274045483908
11.419902127641826 -36.389543399363419
57.571389284808866 9.950537013770949
-27.344070192080434 -26.315092598640447
7.638191918773159 11.964932169354533
-12.032710687820588 -4.071306975505354
7.047168206346855 15.244943423382860
17.070748564663909 43.128690031734969
-46.019271708399721 20.495318159194497
-50.799972087808541 -29.215198070724924
45.630738579764696 22.158423639903763
-14.561833728717527 8.102537208861486
53.987006849703164 4.213391946020780
29.525929055802905 64.750410315894683
-51.846845061299490 28.768344151584586
12.077481272100808 3.818011835317930
-28.455784420427506 12.105662275620231
18.076239205577860 -8.226364492629855
-41.789838021730517 -24.648575316849325
29.566564681292380 12.912271229916820
22.948363604175174 16.176821927572270
55.975320160855070 12.184013184947148
-10.081413964024467 -32.528846057799882
12.254282046292463 16.343438807365548
30.224636471221292 8.595795579660535
12.608620808716942 -15.993781888525644
14.674587075121972 -5.008933361755249
12.796717877734434 12.626315078355599
-13.545940078703730 -3.259955445455141
-43.302360368937265 -1.092674118935824
-25.622347905431152 1.969144732885411
-6.104173564499839 -24.620664228193849
-6.433322736812294 27.458374523494342
-21.502644777578730 28.472878522672282
18.523244189537529 32.236218495837974
-10.762542448862028 21.378389325569810
-28.482628808712224 13.423840761443518
-17.303363437026299 7.666878012799194
27.082554738432485 30.570772469027631
18.069069099658307 -27.250181181617247
35.328002332388678 -5.598328778947486
-8.039249722285271 23.089068059266715
0.098259244029758 -16.885249327219821
-27.114990348779013 26.860675974326998
-4.382313384814405 1.502862760312298
-30.115678355814804 -42.289436893090347
3.188577178712922 -14.905831104842855
22.171496575946147 -36.556160105280945
12.011561272542547 28.662580802454510
-13.125906499674112 0.799254420547813
-29.431253978353741 8.614519240678824
4.673060808625566 4.429497529791996
-8.624571912745918 -9.295661493549238
0.420788828376569 36.986631916841034
-5.333454301008728 25.200747540100629
21.838570849998682 0.463440192175520
-1.104917175797961 -12.759891960800518
11.990967684571746 10.263197495073237
-34.190330228838860 20.890273319726518
27.879779353071623 -52.231057380174441
-0.149177655651345 -4.131683794879224
-16.295353264452668 -0.735567905682204
17.733093427637399 -27.867271927609202
14.204791785998825 2.451017150653598
-12.597656906297566 -10.519696783309856
-21.712075680642979 -34.060895797913318
-20.809097415586173 -8.878020314690145
-40.481306959470814 -16.979235549835934
-22.751087447520938 -32.665055684446898
-12.092535781162089 27.198616202008530
-25.122381353517373 -23.114569047578282
-33.223644178583861 1.320856786808211
-7.054595000594931 18.806959843166084
53.249791636671389 3.939565424264511
-16.252848612847927 -18.999849377934218
-24.381079529576674 -3.950841739248671
-2.965717717417652 -19.781093648528557
0.083785634271696 -8.849219856825107
5.155734841248409 -26.162655757423710
-2.264051947194522 4.464545127513373
-10.742471402540135 -26.157764067186193
-21.261047656853830 56.163210050197108
-23.682254933227824 -13.044145286797646
-34.862762991040448 -31.767866625845841
-17.486988785652169 -18.059409370244971
32.088350138650391 46.864333979292653
-1.965668288121292 6.553996434356224
17.957694727409717 -45.241851898317684
-9.389254834175313 11.311400553677787
16.964375690547858 -9.485700008909809
24.597941545741595 14.846929472490070
22.933067550251845 -24.874668052013600
33.804451655686663 37.781197213344853
-2.197257996731969 5.948182192781638
-29.652986667089760 -5.805587117342119
18.845314766234708 -0.352778794999524
31.028660770732671 -6.132591934652699
25.449144668795324 -5.468430146945688
-0.888980827217594 -0.983769012136389
-29.787455512349258 5.052168275735770
-31.678776233350302 -21.508626040558717
-6.399614519071670 -24.225602724683032
24.392244351870144 -1.832164236395377
-7.040481603868403 -9.571616098342593
-3.765026960572272 6.260499196222852
-35.116525382762497 21.851861526945555
-23.173375498757981 18.455815953979243
15.003049921646731 21.483568328356807
8.272496016121384 27.317461298727160
-52.134728175581017 -13.440116625887709
0.621957709273340 61.327305903422804
-11.440187142241726 14.854936443134914
-7.612039647266474 18.751098147677823
-31.659837616537569 0.394098899994779
-15.261547606713904 -8.464590482543221
-18.789973352773075 19.028166771969548
-4.750714824422568 -18.035843105759643
30.128310679456497 -30.957254314069228
4.303637071784219 10.079479450283948
10.235900587177957 13.705563346626743
13.780474796246258 -24.879753132991027
-22.437189167510070 4.636013617015417
-2.797963654464771 -2.693181348956015
25.831624849371106 12.669949427343113
16.699113188352793 -14.891282801536512
-23.808162217150791 7.721607834969062
-4.501837988964418 -8.208314326724093
-3.641535691420827 -10.892831353633175
39.601255023598306 -1.993540615943673
34.914356731949454 -7.475311941367881
-27.369130633455057 29.114333151369721
6.108009254988773 -8.336797208349713
-11.261198350498770 69.390514030300977
9.598240276756419 13.707010487955868
-27.462126037894805 -70.713936783623211
-16.268711878652624 -9.081165626658533
-14.432502408337099 8.838736690650629
-5.959541751696465 15.466010231386862
28.676473367805585 25.889571154363157
3.948735359945814 58.933800550360182
59.880099891115314 -45.407835902707163
30.362431939738332 18.360450552656591
2.069487317670146 5.603048936471675
-1.951391029382988 5.835774875601372
-9.516975757800344 -64.115921536322546
-10.626103788191791 -19.025911423702631
-17.151080157105984 38.784056992305771
0.300828549832483 -0.137649960759996
23.514795702614844 -39.649613315489823
4.866273037417598 -32.656666640967821
-29.380159994658083 10.596031751655477
-34.599537757753048 4.757910807487297
5.120793482731856 -7.333786530237094
20.001792656628574 -22.616234529818769
-29.768071204508896 18.604463335895350
15.125627617190796 -2.733762501136551
20.189846156553497 -1.778631333421640
-5.062136666027097 -41.423959285616334
16.225783003470280 28.046033391120144
-19.438412676606468 7.043569710719281
-1.606522953918411 -24.515935225228276
-31.115064862287387 39.923948038776572
-5.576901291468551 22.835268432695663
12.739730106932223 31.714575495169708
14.869251278602649 22.993660125422490
-8.910468582680663 48.631283539632790
-4.586434622889987 -17.624789308116949
3.809457239219842 36.965911819412540
-6.561608225355754 10.886477660121113
-12.899596359040805 -19.836065674223448
-12.747290562580949 8.153934881497678
27.483403790793247 25.097989777990545
-12.585414366189916 -0.309041053451879
8.767049190973792 27.462222600988728
-46.244023863409836 -3.775181922540372
-8.126319836015746 1.658215618900925
37.260298157079127 -30.102811953060169
56.699405591414425 -22.265067479106776
-9.218287776552129 14.610284208056846
-53.648342616016215 -18.287228699627224
-17.348043359611037 12.341227017189588
2.808510662208346 -2.726475592936099
-22.986196956261072 -1.123459641858355
-14.331676324373838 -0.531325884908565
17.328384026675707 -5.293487603531923
-57.450015279230463 37.686397656072479
9.708239848965738 3.416906673971710
-18.255178060019755 -13.656099398742560
-4.444255883857083 -24.515991393853508
9.183004060304707 -20.969023121157544
-13.847200370842787 55.037801573846629
11.056277769804066 1.469327961986470
23.946275630311789 6.642816214272408
4.840523847381018 -12.575224280702605
-4.353819401806259 -4.411816723104134
-2.901870356681407 -8.185307946905169
2.403818620275514 4.121379081680774
-8.094961954697656 7.973951133321830
-3.091743226441529 0.154201180615195
8.110999555038262 3.928365501458939
13.717650935149887 -45.683699198054278
24.736743232008749 14.471668963047531
40.178202454740862 28.845253385912539
12.694544160497227 -9.578167566282742
-38.872769630769056 17.118801538150361
21.202945110381169 5.354084672473816
25.459524610979265 -8.397825488295435
-52.780304366286231 19.568679258250430
32.613386691757675 1.958799368411825
-9.922092276488286 -17.846203911915364
3.211827047842124 9.529112791528151
16.763758800670164 36.716873645106361
-12.678126485216056 -19.085727100965943
30.571450015081044 -31.143125976465370
-42.391412694919879 59.426092465703725
29.769925480204112 58.995771160858304
-3.654287635616162 31.232315296344943
-23.170406176149488 -19.109247344390219
-35.128919739693956 -13.731704461965888
-5.559132382275478 11.026992920673658
-37.805768169488651 -37.275114481437377
16.398432417973233 -0.413739691440863
-2.822245503185213 -13.204271142112024
52.477295934663857 -27.238969526345933
-32.305867705053601 -4.345968345011068
34.845298511261468 28.062022961243205
-26.565462531782465 -5.770414133583133
20.700034126181965 -11.377712575343624
32.375228905238401 37.121453800512789
8.775009243373981 -2.483107601756961
16.706392015590197 -1.651154697177527
20.513881878819106 42.950121496518065
14.809103443326780 -13.103940940810554
31.639789026239754 -20.695709572480208
-3.466547983713620 10.044549814437678
-41.391931803549866 -17.750560857977689
-5.565179106483266 -19.380579372600341
-46.657843100246502 30.534963460454851
9.907611170212858 16.313110594046933
-32.977476695987932 -9.448235361233541
-4.981480289185690 -4.680082976339820
-53.787805135157974 9.677272803867304
23.762402458464337 -18.421293762875710
8.573200683830219 38.135370341483053
18.227127343567240 -19.180023827622747
-7.174395401697883 -13.108261171008932
-17.842438728206353 16.228871812057410
-17.725147012654507 -19.681138298137718
-12.482704017536820 -9.538640431334162
59.560144100373506 -6.076275123613629
-63.584683004204543 -15.335979283715524
4.294590503616808 -6.408229393505844
-20.626389011053860 -2.243340892118330
-16.519109534865997 44.797216513149714
-4.904356412898926 25.422428977396137
45.475574681850539 7.590395159428031
21.942425077976452 -52.517788820331390
20.449394461621466 19.308876672849674
38.090758491916866 50.720964185692743
35.668931768174403 46.699821075577304
5.769559338274378 32.056052563062089
15.903956002898793 25.913341883160999
44.818296216854833 5.016095029706270
-10.975589136298060 -28.140038172227740
5.444567713554519 4.981767957286653
38.681897992549942 -25.189874891605317
-24.960474334727191 -17.022299694198040
-15.164575521032475 26.782969297456759
-27.692625661709339 -0.166242969379952
7.436017921882652 0.096860591695259
10.988217423272449 17.675000459187906
20.912975593707941 -34.752687787265529
-18.690258569834253 -16.806088846479962
49.464460240977196 13.465991842934120
36.590788677000006 4.790604098681571
-28.777757997044525 35.420207257796569
-7.769787682870330 17.315004175171431
36.548785358903885 17.088875782093471
11.343929804934085 4.170174214584240
-5.743196556846638 -3.098470453696565
-15.697724484398595 -37.498382818262165
28.333244327304140 6.456158739953928
19.115547364812585 34.198499235098666
20.746018168030226 -8.948759000970618
-7.767348848098070 -2.391147890883002
2.509043990080524 2.731807012171828
-21.666719302273936 -6.457595440831750
5.609478564671943 9.169775247493249
-55.544000526881639 -33.799785529763660
12.756180381730138 2.105701051364905
-26.760700492644517 -14.769238800465592
15.085339120568257 -11.249223007802911
8.752667887297561 -50.359016118541533
-24.895909201445964 -4.506478129236107
3.689912092697503 49.362782334865315
16.823424980047342 -5.413000013524192
-7.206953072742365 50.665810974627767
14.872237377211894 -29.047646652882516
0.486672103794598 11.728548478289506
-4.930144961374165 -34.980656089838689
-14.209982026197551 15.650793782883794
-15.579851397591463 2.305319918837895
-8.946501595732036 12.544125590763008
-20.380665548273235 45.377878001942527
0.928019403390086 -33.496797412144005
-41.950826509170014 -32.315140019336916
1.667030743813744 -1.977596003360859
-16.712379507752953 25.393030653345015
10.239568253283172 2.921024940063337
-23.461814044252915 -46.112270343305411
-40.096364392383002 24.546061513653679
9.439678889376481 6.124563215876346
-9.138753100013659 -0.673798927674181
-6.384008778502039 5.477779316678713
40.378609041159869 -15.470888774003473
42.481565648789669 19.437790161989827
24.933901701366221 -1.062505009200461
-33.094996883521127 21.561128471734371
43.230685370693287 -37.696609709525831
41.972001203655942 23.995577070822904
-18.166014395289814 29.043839296157852
17.148740691435108 -3.483543086836160
-15.421116681199164 47.485971105953212
34.680963473676350 11.307082339116699
-40.173739910428061 -33.551034635718885
51.951800108372126 3.045886830942485
40.072506848521044 -19.364131835971921
-9.720455679160098 -0.421594579078162
15.929031441228910 -30.959858587960611
49.693790993331362 -48.216565561531787
-53.856592188289660 6.026345620926779
-35.398718887185886 38.436098384205380
-16.576573313995919 -27.913407469931617
41.867173147371730 0.026206819262873
-1.933896737285992 10.240356513657787
9.885125813601226 -30.990234803477293
5.855357262442687 -10.123722126691829
-4.139472099166054 -2.475902887081203
0.919898577506956 11.190984099245266
-13.726793197202593 37.378638235660311
13.186249079107135 6.059313893042350
4.934697768479661 -36.461655947520093
-23.560088921304008 6.130304317873523
-13.224716091312887 35.574185205033430
26.794696352516958 33.995969314361140
20.845952410666918 -15.767664343979185
-12.784481174211981 0.629883558643140
-18.555809536433287 -15.775160098534590
-24.506759778705522 15.034564661650220
9.624801981286918 -7.571693195136296
-6.863309432933359 -6.801540338252758
27.391892126562844 -42.763647766720929
30.023750693848683 -18.351715112634380
10.729122254839444 -0.761462400684578
-30.565416764667884 -5.682875461214504
8.741005858208151 -16.379082148837227
-44.963078661837727 18.951762360205372
-6.593064381057017 -15.617990997443954
5.459775724046312 -32.047036331838854
-6.644873692348950 15.574643346363549
-12.115675314417674 40.252994562383314
-1.027666992809789 16.230359539025986
28.042933075591133 -7.465444414634270
-16.259477876476804 0.629462434374228
31.499515376443533 -23.377053963931981
13.688390276831528 -43.487102398275773
-8.282866918457330 27.867941936759973
27.177066180137864 2.761119838893534
-45.018608686255668 9.528602837185820
15.355498170225088 -22.763672909827488
21.327865648350052 23.470159273553175
29.237348952576966 10.984777316401413
-6.583398494346792 24.675618504496452
17.100884170503225 -27.569374845215407
19.839036933272109 22.376319420883359
-31.477518561020794 0.598160951945081
-51.583858296030996 11.622259102874494
-26.271072972521139 -0.854704975638489
-1.304795728210327 -0.712405073085659
20.863749876821952 -14.749789942382872
-18.848753367196856 -8.492625403229678
10.066569488832071 -36.923979983289783
40.537646577284832 -20.485482945510046
9.190406773245654 -22.732716345995431
3.204183182092573 -12.019429830972603
40.089109787754246 14.819700149061198
20.413680270123692 19.997965548684729
-6.061446979680204 -15.134477819008556
-21.437130248742697 -17.445232418269658
10.036096592981318 3.322034695444330
-29.339166321514632 -5.299582752145226
-1.251796773375334 1.604561601632670
32.198197192541400 1.952742860748185
-22.552644150730721 -11.236829147505699
-16.930561499039385 20.942073571024331
-7.006009623349712 70.861897612797520
-0.944757095991063 -40.186858807444388
-9.327454781911802 34.850237446536397
53.095828349794608 -1.356262749724442
6.067524577480828 -21.804726216613084
-38.152363450618488 4.144395408262662
-28.965292106781170 -47.640145478238551
-3.258101707890406 -28.841858523836194
35.112929634322391 -27.786535624340825
48.979830244997807 7.819251696132186
15.173038267485937 9.946681080458639
-30.630558885887059 -19.440850850729195
-9.148986050001605 22.456222184938209
27.263195855502097 9.002137191451421
13.639523126264832 -29.276954031734764
-18.632407464638636 22.017961928207356
25.685782387510201 25.796047391674069
-1.295643923227982 -27.413835251318627
23.006757160601104 14.296302711831252
-10.187229055386563 -12.728300271105354
12.864526948985317 -12.622889893371608
-14.012976788690644 -8.949104899429932
-34.632070842648446 -45.062121839682050
-17.526397323029904 1.836233378335079
18.301709371636175 -19.414979148384109
-15.368518565412899 10.582389658229340
5.941658503599271 -6.712230203842863
12.368406829912356 -39.653065332128762
-22.870944525826619 3.491497325680228
-32.475242793749992 16.001485568362192
23.942859275834973 -20.830171547433103
6.774454804340363 26.444280262016591
17.458371523148525 -18.661604888680582
-13.733105221093343 3.085505667477451
45.627524448293734 1.230239043259881
-5.136302924921252 -7.770380004124783
28.240525349250930 -19.116368934726999
21.437103216585871 -7.851404848718249
30.582849489336464 -22.545789614024429
-7.350107798245321 29.826786324259512
-13.040538130053495 29.957939342434099
30.969801023381585 -18.886783257343957
18.850509855801427 1.117296223219451
-46.476138581510448 -34.705833160416226
4.620549889383241 -33.007633021383015
17.633501195351890 -5.119519145984762
16.088187328290122 4.986444468456933
-29.834627872686042 20.305904221126049
-21.611465674621474 17.582053502099093
-9.034626073161780 -16.182975760641725
36.860958458050042 20.842296532127360
-1.741976387836189 4.643588375752350
-0.850841341570422 -18.954468858695996
-11.599424951194241 -19.972326841695129
15.674093987172132 16.062036090292420
-0.842642957663590 -25.427836643959637
1.194339792410383 22.607824606522929
-26.642425540306213 25.508723457097329
-22.705626069954040 13.978329783312290
28.101749564611332 -10.754146919897794
-12.644027701326607 -28.074121710829139
4.843087591009667 -30.721992129183246
-43.192571682673034 7.349580463496243
69.974730271076893 20.492033272254854
6.962095337995359 -45.222235574622069
4.673227583138805 29.093774470391455
-74.027965257847654 -37.114634710842395
3.819918111529979 11.881975172563255
-20.956940382569954 -12.374521010351209
1.470974972113527 -22.152371955751143
3.514762433494701 19.847097393670833
-15.292827512317290 0.003899595826392
15.862774148553191 20.035312014149248
-2.698149201865714 -44.124278414412586
-37.189436376470667 -0.585776860350857
-0.520493042316485 17.218130408238661
6.772342066722415 -9.398286561790538
40.157801548212824 -36.422955098131681
-60.379138023344410 -9.503645850801984
-7.028757209470474 -18.299071386060056
-33.168194303515236 -13.880948950225605
15.168581234445421 -3.005134204943105
11.863884066158576 -13.181858395000393
-17.124630500545084 19.674820375252622
2.408933275614917 -1.453466989311048
-8.041522816087909 22.971722419061901
-33.450715667918480 26.219053368180344
-9.052449768818333 28.505652198706709
-6.686277375911939 -4.580384473255239
18.702089758178499 7.731841863732908
2.982631384172279 -26.033985946583165
-22.418240306748409 24.067278035556875
-4.706746486591936 -42.996747060308685
-1.014254065384212 -10.207952383903384
-9.980432916708308 3.905255553137871
33.874499410430026 10.871978109522885
-17.944818884318440 2.188788528766574
38.499054970843645 -6.588404102830927
30.893868532799154 7.908997775467635
25.126998411656061 41.841055679302229
-11.537284252924723 22.439951569104398
2.625731328852864 10.330977067845451
0.521576508023348 -8.209496764510046
-23.964544813968061 -1.916002703108361
-8.991257092167039 -10.130642993701414
-0.117011073655446 3.581903926035072
13.538122100167694 2.558800672386732
-5.819486009866070 20.827106781905712
-8.565291137804927 -5.456622854634250
-3.774986293561891 3.653403320729393
-27.396226673119614 18.895643044933912
30.146008631363699 6.043968897270053
5.549505685765247 44.153621649997788
4.379469429431583 37.037345283240789
4.693032904777628 -18.959210373605622
45.152442012450180 -49.391456470719802
-2.751456595181519 37.567729389818382
-14.087122362503713 57.153545354982569
3.947483669292566 24.410033187361943
-14.086143620997305 -50.815671938656358
-25.388126155556943 -6.988224860139690
11.162822916476554 22.373972578185800
5.153121804730660 49.137877838519735
-10.308994026355304 -5.443583552382259
24.891378259876277 -10.512421489778170
36.861632041116096 -3.808241051376552
22.238796136690357 8.219355100464000
33.487160423118056 17.209672421312330
-3.405537814120549 -8.689507707491964
-2.390181070459649 11.368283813829802
3.569458000056942 -30.536734144125717
3.598456040307345 14.075368654995874
9.924867817644094 11.989316652725975
-25.663524742490381 16.137869324071026
-7.917495771476382 9.536396248520521
9.008383532112962 2.178820524930189
23.786333520296452 -7.856806309746667
1.038132996548772 -0.653766055365884
11.067283877426847 1.703729451746531
21.472927909420413 -36.006346739010034
-19.670283123396050 9.792228751689619
-21.771166917340821 -8.811923821071384
38.661157412025460 3.403091498712400
-18.962499458745473 -58.164860264713560
7.309119223091685 14.204887461397790
23.912876809097234 -36.546380451345421
6.530423336903877 -0.219105105064105
16.838505672693756 4.788434670180989
21.457115131288756 -17.734403949513741
29.570483479102855 35.363932265260097
12.861886356907144 38.096275930870057
-57.362210022602156 22.446383518359362
-33.877472808604573 48.102773778274113
12.473116220054488 15.416354980299079
46.012721043816533 -31.773838170006826
-16.127007224232951 29.117776652518629
-3.028636785719880 -4.530360229743257
7.953657758059286 6.063142429613363
34.157799691154132 -0.928633349013706
1.448264193064052 3.863828930913709
-15.996606539747505 3.500761107028747
24.928305933313311 -27.158741797202268
7.920376322477225 29.153537619561277
3.395351277185938 28.136579252877628
-23.547438020512292 -1.160882761042428
-6.627283046454126 24.122467344705488
15.246191103778214 26.164477634190174
-2.735593257615970 15.210610989577720
-10.312968582512967 -25.906882489457516
-22.443908084648999 47.934542945741455
24.422474712901966 -2.895202002822695
64.148074302406442 -25.044712658657328
-47.529154962231352 -0.797230022645454
4.444510180734944 21.915036979869551
-20.270671922610539 10.318482231227032
-38.751734824447624 -23.557368343508831
13.300600197690253 3.456036888753666
-28.572516592540765 6.457122579889383
-31.548710596661675 -22.529360738208631
-2.507332350899533 25.689801832750248
-41.910055860358703 -14.817890754585623
16.898885095536841 -12.542294886029994
-23.261391510824122 12.439044702892840
16.647578041422005 -26.590371234234361
-3.619552046534775 36.530675716462490
41.815698820632782 7.212079598398656
11.299645248698143 4.929247544641807
-28.821837504969150 -23.707723088847057
-8.890230689232419 -12.981514873088591
-34.359162300032679 -4.056840651548275
4.356690751322139 9.770544943698056
-29.780462461306517 -1.489145901720716
-4.634501210397100 -12.166894809742764
2.352922849343193 21.414764558331914
0.561672047971756 0.241254113708338
2.305543377723087 34.158673058084105
-0.905135366477959 -32.055499613019926
-4.832204046809173 72.432568663060053
-30.693566572193859 7.766253647120902
40.234664041793202 13.903527625872522
-41.177890745306307 -50.003357208651146
-22.452393501737397 17.561629252983792
-24.833755124790656 -61.074814396955162
-19.195073846604114 -21.415811829963822
-12.321185055722818 -9.982545726776410
24.816837972650653 -32.139541721413643
20.909200114400733 -18.284758063933801
26.786779988062008 7.645861771294440
-0.048347753796234 -10.383192782259094
-48.513173332886737 -26.413931888845028
9.550262547268265 -30.499381316279184
-27.725562951293533 -23.088249042956178
5.966992692349597 1.483921538277124
6.988439884142119 -32.279890315366131
25.945495378758782 -14.707464423462181
11.234659087397926 -10.881398432184396
0.175428471377924 -6.319231568296485
-29.901798175878437 26.935958618478452
-7.386153232105909 8.782990128959618
-19.714772615778429 35.665439204415279
-9.534351225139988 7.361008846654682
75.795279590998064 3.625240041429939
11.324415450530731 -26.125503876335813
-22.680703913747355 12.877465782850814
-7.048042489598662 29.761699276966677
-26.184183927960046 -6.031563974198986
-8.437664677989456 6.621018794881439
0.399418981104018 -5.839153673698984
-21.874812616713346 12.942775553642695
42.597344674378576 0.893718276488833
5.512838669448272 -14.627555452611460
-16.592102572540018 21.224580923144721
-59.054953554971867 12.151191876834261
19.225710435508997 -33.948384481691825
-4.049872451911702 -9.266264898546808
-6.839287169890246 22.179291724113892
-19.948216473584790 15.573147355754189
-16.794848739019024 4.662749535829330
-0.678399665820568 3.866106872871159
1.398720755541357 -20.571162899639209
-40.119456289012852 -3.383006482873591
-66.543061412235602 -7.167303244297933
-32.389172138918092 31.176997442613402
-50.705356605349046 39.568728497890127
37.150087567520330 -14.874077826437723
-5.149663161174486 23.654828729663354
-60.326717952530565 29.944427483475415
19.057287113805245 -68.483791953474054
-20.705295422196468 15.678359801889460
27.949824182715389 12.889218895922893
14.501675341117958 4.528053281485821
-54.010221538443531 12.268076368758653
-1.554243531986009 22.093661000712924
16.740327819396324 -0.695603002495543
-24.366651125933885 45.487079186996532
1.126120075866550 17.198952216263134
17.081152806400510 28.595678487076626
-3.845284630677670 -5.654456815300130
-7.971489492090875 13.915129260159427
-25.410426827524049 23.706827344333551
8.498619509590297 13.634764284747117
-11.792352997650182 30.332818673613325
19.391285606682825 15.304240186723733
54.718638283922957 1.242034531812438
-52.522352858319124 -20.934160979523504
-9.509269798895208 -7.914941285152701
19.699780039057504 5.318072352227084
17.075476908051165 -9.173331190000273
-10.170883701662815 22.210157904491290
-0.082296926713768 -36.370426076314374
-18.037573560512786 -6.773040738691056
-45.286095632219293 7.820416060064042
4.578673537243883 -16.814327249125913
-33.630820902999766 4.222404825473137
-104.191681211537968 -54.473291001155133
-6.846314438303069 18.460325796198628
-15.801149150199677 -52.392657220842267
22.253135870631546 -30.026932735597896
11.939082427789291 20.183704595667816
-2.149146507572401 17.414116086971749
14.834087763178410 -10.232036014905786
3.915272492107801 -23.812427758313273
13.281829264662539 29.689541257804947
-11.817465239744294 29.966515297903705
-2.744998430525420 -25.381984537222966
25.335595722127074 -34.871005757877128
7.652978758657897 10.797066326547567
-36.415843006601378 16.079918596010177
-59.035466997473861 34.156610758812050
-18.302529166215649 6.188242315731999
33.585844676378606 1.528558124622065
-5.775779866250255 8.827462102983919
-13.845608705341318 -15.092756720639555
-2.075224130627526 2.341021507539863
-10.321786428835786 -13.316056307090014
12.880150184145659 -23.489397388675769
23.209964209821067 -1.729638510358927
3.714153733473808 -36.097419729744402
-4.781752832419011 12.903576170020452
-15.965710204188921 18.851126241431722
15.482826677876739 1.149806670144115
-5.151499099812611 -22.163286634305795
-6.160837656440507 11.922707809503844
8.657142861644788 -37.057134959450657
-18.086852512449120 2.523559709110703
19.039936202878799 38.747973660612608
-12.116664808252306 -17.698687172886594
-24.679558511411948 43.640741977567593
-20.250627384410397 4.805372576521814
-0.184637811695894 -4.805333554391626
10.734896562748574 13.193694883762172
24.102593941401132 -36.107424525869213
-30.645089299772067 -39.890510625481653
-3.950623367736215 22.576803434321274
-6.042501177996752 28.828231949991970
16.006139554302990 -0.854056122416188
-5.073051355762034 9.023371047890913
-4.068936119406062 -1.292053574627687
-19.862227785896504 -5.366359326298319
-31.678999082397056 13.314712847513098
-49.367541575228906 -11.087860688133295
-39.867710704574286 -45.626501639247543
36.917047404230651 -9.390198370172744
40.257927260348275 27.369957063602619
-18.603791996268026 27.249550272788795
19.120943493018313 1.553344768124811
25.946700358066064 -0.565753359706990
-19.133662127786273 2.190717048290522
-43.106930539867363 -21.814556110839320
-17.965442386133613 44.434990825472134
8.968338806562581 21.619472453979782
39.115967686962989 14.373476346572522
-42.190527524674117 -3.195642430700226
-23.473580303327889 -2.533459092462626
24.077407546489752 26.472915787463698
48.762897990236205 5.936193112364605
2.260658289400709 49.340254137786282
-59.462154469486975 14.344099493472871
-13.747084353012092 34.136434226992257
-16.274873601140911 20.128151023353155
29.817974654497412 6.377161369493598
3.420258951317033 9.564221387723416
-4.525789189211095 13.393539674179570
26.122329470929046 28.904975765814026
-29.599897561593238 -7.438401306254987
-7.949957196513851 11.707102418652923
-59.783936524943599 26.506837270471713
7.224979150793272 19.465791926748846
-1.982957558460117 33.909605221457902
29.724171665176751 33.994657640973742
12.145419962417122 1.871731349781329
-15.601264259205692 27.833802255273724
19.712783121751333 -10.496745503163220
-53.048556921325527 -13.494033358454834
-3.712867224056176 1.241896140476609
-40.662896309660582 -11.068844164347215
-5.651195562560835 5.738139635819025
28.561681666993067 2.549448143693527
-14.760476176857416 31.848704979023584
5.916088868251896 -17.689098244647447
7.363866680183261 -7.676092470518499
41.974739135276138 11.082915736586214
-8.403597433376394 -6.521975185090964
48.280377796016261 -31.940729082941353
22.910583911649692 22.821501248374627
6.596944012821977 -11.524140306123757
-34.749983220047071 12.183436088347579
30.666757923157391 -17.557999537594672
18.593628876266578 -23.581392000138074
-40.053700534293526 31.543713078184030
12.490036161193499 7.961508024877729
-4.805674141106967 -17.775394271238476
10.561224135188702 -27.535226077582553
26.568252393488738 12.804361770271669
-22.849262323913209 38.086980179558736
10.147280166751305 31.144145878141941
-28.835233359590312 31.622868582033767
15.701175919154942 71.074451350127234
25.818913011170757 -19.706174501566981
-28.552224365404996 -20.693124664407982
-47.064288485768330 26.820883328611423
-37.769231839089379 9.651586340955360
-20.752369336770236 -49.840535168088344
44.070798232748267 -35.175612086758932
0.733202589021332 -9.450061035914734
26.369957594388975 -19.242175091123553
-17.761329088683045 -16.606662328577460
-30.302491689463132 23.232631655587134
-42.168290144475833 -1.698958270805677
58.346780382013264 -1.800437836268374
-24.968244204592025 -49.999937079647658
10.033439841985533 12.749287941240423
-23.183881488872071 18.869443654246695
8.019487501365928 -12.878097507503814
-55.161348323070882 44.769853331464184
5.419913126501662 -32.679432857207111
20.486749534061602 8.213851439158795
-13.115509645429352 -27.652448870577462
-10.083821107220956 -25.120907284127298
-40.458024533937582 5.900948237638871
-38.723148216373502 -6.318037169482452
13.836123110236421 -24.518246077704593
21.788820845809941 19.532548399092239
8.263605101395845 5.562270596714147
-3.173194502572942 -3.849529604809654
-7.189294092350350 -4.870869155494278
37.441168847910163 27.522470343616643
41.442596408287983 -4.813645818593858
4.487352536708692 -23.395125726501359
19.630162815885438 6.989758604013496
3.454697915632877 48.948373706581123
6.319921928032923 55.282768515105403
-0.055781504557320 25.991988354065164
31.236184662380371 42.453938057756936
-19.014401039076898 7.117372485470180
-8.691574280244554 49.703977264789017
44.195509308759164 14.996809316780634
-25.525605464900412 -34.749699097425818
-0.023101559853607 31.610899556731898
-20.507390940378752 -28.524136985146438
9.530777054987617 19.719819968367752
35.164061255718472 -26.128451954572061
41.928413139594568 54.847486014415189
5.033509935321567 -19.918102383872622
-19.646676692543220 -21.222292803354545
15.216396913592833 17.999561271369771
-3.837663686356743 -5.614289145899622
12.039566798677843 13.807787087697537
-15.268603386319647 -2.117936281313916
38.711308963866919 -12.887901668362451
-32.028607013855662 -1.714032708604033
26.143281967122579 -51.876091293370003
14.761209081081814 -32.726748664229703
7.454910186473554 -5.375197462504548
38.039746013170998 0.267784360327660
24.255535266798063 50.631369257423472
-1.398864704863329 -41.138448809828340
-33.608680826275766 -9.766084339056706
30.604374073088032 43.605443258633194
-17.829628946100630 18.448848462283234
-18.070531905606742 5.461713449343176
29.313161725498375 -4.233377526948520
-38.421673029362836 29.156103047462430
-9.963735648315060 24.269468055084936
-36.127026162198185 4.634923817556543
22.160439609340983 -33.131954613640836
-15.737406915104858 -15.961293222664580
24.948525701309059 9.570868691181612
18.426378925306231 -42.354111926013040
28.850211741278343 5.605391608242763
14.696309691956467 8.438016914861084
6.937524460763514 54.053922032360525
52.654438768901628 33.552284578974493
43.329327028546196 7.840350028182713
-20.340840981643144 18.681884005990415
27.435037539855138 7.520020001149781
-10.998096776686012 46.150668948042480
24.170419329578017 -42.036074119627912
10.265033937515602 29.505563757788877
28.557422177944012 21.253419328570175
5.085426827607400 29.726545140099933
-14.385932355740982 -9.381042381843185
36.295388008676333 -3.903355839376099
18.910962007912861 -23.340246154297517
-8.479753513308696 -5.346236584981392
0.705149024557219 62.648628855502956
24.961674719185705 20.944261185123985
36.261119525041231 -9.770349383061902
9.084829640875823 21.496998647430026
19.710946560257742 59.275341401304651
5.094661229509144 18.324188751847213
39.946102837000737 5.459752261175557
4.838100157573471 -11.000247162796734
-10.596893964745252 -14.362070484852492
-11.883923849092104 13.097979223082014
12.511867779198040 -39.445063989516335
24.952369985478967 44.585150536196366
-31.586886109356278 -15.996845278991529
37.005413498383632 3.496149047855658
1.442653181283214 -27.596571177760197
-5.868799178994871 -59.616382472202702
-74.105261868589707 57.699560908756446
-1.289704458871829 -34.125079941779177
-14.051675143984003 21.962383450430806
-9.946867130905400 7.536630743839982
3.089236290041112 -20.019480122647142
-41.744484623973150 -21.016412056549974
0.883441315960770 -40.302470417502811
1.088301636284464 -38.300519677314824
-12.079959557695696 -5.527193574678649
14.433435560760833 -30.200499450615865
32.203586936603564 -16.621562464154170
-22.731227156816015 -12.352903652495117
-12.022145028219523 -26.740705756247756
12.056518193919313 37.545979804344128
42.011206044016262 53.926075690722541
-9.631056302185630 -16.822529378978153
-2.857310930861881 -46.752898891648478
-3.170338217898467 16.911191184668869
-8.125078125202371 -39.292151380886544
-22.644189581200454 -9.147376348707844
9.381105836017257 13.590953837122893
-18.675250637316278 6.231086714050726
59.472187928152380 -49.889958621799941
-32.996485517516874 -16.379843574465706
0.875551637567486 -35.042350270024443
1.881020829270103 -12.019516769830448
27.376397678647770 -34.481353885995951
31.872918075325256 29.877378695559777
-43.280547991691279 26.315511251370019
35.685420176100266 11.563070737765228
-7.316714291986433 -5.106132339378965
6.479411085723119 24.341957036448846
11.480950923913669 32.729592533835088
19.508021029103428 -17.304711812339910
-24.777360695080478 -20.097633253264785
-11.840216665731489 21.441016759701217
32.612538042257064 -20.482878958091288
-14.600084471560532 -52.264556229965926
29.436043987750910 -25.503582596147211
1.425677326249031 -27.945164992624811
-13.868570751833007 62.365452494382289
-15.766335008158029 1.226388982252510
7.973618717954396 -20.746571397324782
66.771068137688459 -17.022013677525887
-12.967583350346894 -0.442020845482126
9.079574050727084 -29.362498585936478
3.053191731681660 -31.492604004544660
-32.084195226028875 25.983155136597389
7.461929213763685 -12.169722398586446
13.134370864140704 -1.613150988123078
25.738809858717286 -15.187642935441275
