0.000000000000000 0.000000000000000
0.000000000000000 0.000000000000000
-17.261229828668014 0.000000000000000
-16.604789997193446 0.000000000000000
-13.534365626647356 0.000000000000000
28.303317851491325 0.000000000000000
-0.411095590334186 0.000000000000000
-5.340483692049473 0.000000000000000
0.867797862030639 0.000000000000000
-4.614818485869383 0.000000000000000
3.067432694132596 0.000000000000000
-15.362213170584386 0.000000000000000
-61.439774651830923 0.000000000000000
26.672200552451166 0.000000000000000
37.760038326711850 0.000000000000000
59.550404662030552 0.000000000000000
20.157922259495258 0.000000000000000
-7.721584085122456 0.000000000000000
-10.703886554555945 0.000000000000000
-20.597345500748215 0.000000000000000
36.158697626331367 0.000000000000000
-10.799428157012763 0.000000000000000
30.618005618866292 0.000000000000000
-10.693256912359905 0.000000000000000
-6.284557245404431 0.000000000000000
37.246545299865573 0.000000000000000
-18.498948030391638 0.000000000000000
-44.964280832155694 0.000000000000000
-19.063790890290633 0.000000000000000
19.149359507337792 0.000000000000000
26.538256195237057 0.000000000000000
-9.494101318458304 0.000000000000000
87.794587524820969 0.000000000000000
-30.009695276301137 0.000000000000000
27.852583466688060 0.000000000000000
-14.936768798278575 0.000000000000000
19.771842771153700 0.000000000000000
-74.372655358235448 0.000000000000000
34.313042562892967 0.000000000000000
-4.819468970484682 0.000000000000000
13.595062476335533 0.000000000000000
-51.662839555011452 0.000000000000000
-14.002181488227240 0.000000000000000
15.506345170692839 0.000000000000000
-13.086209252245876 0.000000000000000
-2.330467734231879 0.000000000000000
25.528543738247777 0.000000000000000
113.472799831904780 0.000000000000000
31.511742689429386 0.000000000000000
-12.881960918166264 0.000000000000000
-20.976341032802850 0.000000000000000
0.000000000000000 0.000000000000000
9.325849634431128 55.205990788577751
-27.002583725984689 36.616609500958333
-8.887549848480544 7.609661793866924
-1.044893703505649 -58.937249177320929
9.291163739041700 -3.757538516010861
0.906864304865442 8.584967057127209
-1.537887420494173 16.066946262662960
-23.470721363485275 7.349147457573514
37.787072612501511 -36.446057411268335
-21.949245509110732 -22.455886832758143
-52.014196173121462 27.976056873919447
0.038724047429847 -37.242059626825295
16.240542084754175 -2.907360660008637
31.938167551642625 -21.329664965468904
-10.475157829578054 -0.305448877711697
13.195066636910830 6.076277287169018
-12.389344038272016 8.535662515182453
-44.835338598795559 -69.280439835531482
4.202845038892241 55.878535973653030
-6.739909241993587 23.048919636944817
7.692954961607931 -6.097413470046248
10.661511186719753 -26.816016214258987
-27.458055057313910 -24.740128914429313
-17.751048647116296 15.217894929911058
6.282351581619266 -2.786763556377263
35.918765039392916 -5.067871404811030
-6.400736666439423 -13.119602292005238
0.254781125163521 17.479200405671008
6.442639167107645 -7.163661469540533
-4.738930539344833 -1.070649915326078
41.894316419274496 -12.920316326812825
4.638655768409578 -13.748922607646170
-6.171763137628223 -40.745546844758820
41.535233199946155 28.608538025167892
9.564419193348602 -17.210907699614062
-25.197399310849580 6.552773024964751
-34.681184884833613 24.426414590168136
-5.267813051290651 -14.767807336604891
-4.981128720593423 10.075780776615249
5.288331564329752 -26.377211207071323
-11.863639931073740 -39.703748917146079
27.094671579801382 -46.213723766334944
5.849675466008237 46.999799913453543
16.347281018881578 -33.359179808651930
-9.609700256385356 36.888682602063142
22.317634361326917 12.674843627014344
-28.074908014863794 -23.689641165168581
-31.700080122655894 -21.202929757366466
16.619658857229975 -10.728428644380779
-58.886816329252348 0.149357787817773
-55.467610127817125 73.485752123058376
4.014786936499871 29.607076696369429
25.461189740258771 -9.532706506965507
-26.244412542997178 -5.129727756112855
-2.916614111886466 24.302814103096644
28.595153074575208 4.049863145630049
-16.948165097164228 -3.803992821641616
-9.025631297434737 -27.957003002036604
13.336999458888830 -12.969129381261480
7.774391695179201 21.584767323401731
-18.657908961022954 -8.413529300702871
7.678353843652333 -29.626278795500902
-28.156884859243203 -9.667200903376484
36.489839441976095 -7.062814525129748
2.326369400663308 19.031064479063474
9.440015434777392 23.904965597568790
-36.618682130147597 -11.830858270065328
7.470694407989279 -23.046939873554617
23.259388225252167 21.357652846835158
-19.482968548085342 -53.416856605268286
-7.420214027654903 -50.043551352510633
16.644401211337968 0.504955401082794
-10.242886878861446 -5.835156592310513
-15.239824839699917 -9.697490320001195
18.847515553729327 13.365954487940693
32.588551784571962 -6.591283037930459
12.313412711681467 -4.432707122110083
-13.421954316366792 -9.750106961310971
-17.494484470835104 26.640894063105403
-6.202373951229287 54.800713774542359
-7.713284124284113 -47.568044609528854
-17.550787079895748 33.560214703227807
11.621931977862271 -10.002056552331460
36.863539328645942 -2.385368259916101
-31.842009822021424 -8.857282327074630
-8.344939890735713 -35.199085085779835
24.260877263506437 -4.008614861835602
-43.976525684095478 21.523379109167088
3.184192341204942 11.446159656520720
-24.019302594462079 -7.900646926118154
-0.361690139402564 -43.360104919556036
-19.078861751135676 11.483737682976715
4.913992174034064 16.265045650519490
50.775199894976673 -3.978004426325039
0.850041567893538 7.198871027966908
6.474604421944076 -50.518953205080656
7.205104029510440 9.001575278697617
-61.540512592010927 -13.424603610195724
-4.662427132096415 -24.805242040320213
-14.648914931478943 8.437862473934578
5.436073444966227 -18.181727160868601
7.259001867115323 9.235978995625466
8.141400306387595 17.454601299583434
-13.747188855361022 -17.890561879358849
29.454781777249959 -3.548772879752291
-11.216378680613627 -24.830366454731557
-31.885027168225804 4.377949915190884
2.757432138993622 28.901003317326261
-4.596334246336890 -13.463815602553158
9.885143456744187 -33.131588217800626
-39.829271229714855 -12.030092973236908
-16.830343134013798 -3.082220882744581
-22.364405104766369 -2.673876761874543
9.151950901029059 5.954098145671978
-33.773898617952078 -20.953612987913708
17.587891681108175 45.638363670857089
-24.520915608755963 -14.575802245121585
5.941704670268740 -43.003304752140608
-19.034424831316603 -40.383331978983740
-33.026676347887808 -21.649807302579390
1.805671512910451 -25.950874280129241
-2.979815782236783 7.217038033621491
-6.375939573675609 -3.334632772698058
7.559615862819402 12.551447776034401
12.155553823799297 -72.256431827792625
-1.806350201989896 29.311170729604111
5.451118585344289 35.628491518267523
3.928769683109329 6.398838402160470
42.305407025744508 33.166120500022849
28.668094824498333 53.108536174822632
42.484791947776991 16.508221378600151
-20.209499102070403 -6.085053168054436
1.200806918658613 -27.937776636172952
-46.401800913690948 -41.634826894786151
-6.430820645186039 7.988130136156837
-40.375808259647862 -9.170771867121328
21.907480482726015 -20.470224849471442
31.323815647910635 -11.184836041956752
7.043564325446561 9.254521959746835
-1.535862660798160 17.874437188283178
-27.589063229487689 -41.287084158904484
-22.436496973230636 -16.013299933124397
7.068410097800328 -22.910016896991429
-25.966913920763933 1.324238010561151
-61.578919455613530 12.175412322753552
38.620778646239408 3.005633907129137
27.127819859332465 30.010270486416083
-26.172393792695868 5.863229562512944
-10.982911796778946 44.506588989427541
1.617489935482727 -6.853047447641928
23.693695366231495 37.410172164859155
44.401844149200215 -12.733256211011641
19.507557237986664 2.630198959539256
-19.147955924191521 4.461889573174929
5.818438423007839 -23.504562493224995
-19.868090765102995 11.124908775539685
2.285758270238564 -4.664565578327201
5.629178007801157 -0.342930018570248
2.061923822989171 -11.764268355830678
-34.218024343718753 39.218737012831845
-5.462873912868845 -17.494503762703133
0.766685543183559 10.691036883764806
29.831799900557961 -18.786163258641945
40.691162840842523 16.574327371983696
10.513910734650308 3.126974059634164
-16.606266656600560 9.582694828794409
-30.064325982517115 21.832606674217672
3.892855014164476 24.258395025988925
-26.207949852344843 4.899507638050474
-13.456697957693098 -15.280989216722942
-11.445352467046444 6.118629405238144
5.366373921203069 -6.658599000498898
-11.272601706867487 -16.219381998993857
-1.048115695362285 -25.153053144107766
-22.773072359923184 -17.960766696512312
34.505622754443202 -5.255820496316328
-29.519663606966603 -22.827091476771233
15.497733002419386 -32.930438854541002
16.241804014774232 27.264404343648355
6.508902592695105 24.907644117310500
-24.510999561401150 8.670884040629723
25.665585975888813 16.853263309525410
1.934919010600128 4.503137035896621
14.392137604930294 -14.880365010120169
45.575166211668794 -13.312579285135415
0.214485957140879 -2.569761768919187
-32.410719376979436 -32.517686542387047
-28.972473397072562 19.127223495128067
-23.634567212262439 0.110603184770232
-51.376780668014241 51.749333611765849
14.183199955407225 39.464679003677652
-11.971470238454266 18.508000558213144
-6.359026212827021 27.683659390037832
-4.315943175692233 32.603724071765058
-21.979628921391146 -29.619477718021230
17.542340102011572 -52.534527760809425
26.727995990977970 6.604147487908772
8.177280376880097 39.041225207353598
48.027648821840991 17.696143900431149
1.230173215342547 8.848494136336534
15.859967605957751 -51.637261365904770
-2.658970240108446 -0.330036981605061
7.993614966640291 9.275976117038022
10.012240978801309 35.078085577842536
5.116947733919591 2.899586168236651
8.837118296909535 25.806814191321148
23.786861973051867 24.302795617505296
-46.391928678893741 28.777069603808268
-5.099861902125251 1.198522527989469
-39.941638391110871 -4.492588053928131
-17.643500316759685 26.430721554049612
-43.275851338285634 2.653925341583793
-18.405187397071415 -4.562741208536448
-4.942322233768793 -19.646647565112076
49.852882909389400 3.888043434976474
49.767445530353072 7.632500602969817
-11.485097146435896 12.973539324374670
-9.581157630802513 -27.937301167111805
-18.835383308998466 24.663387224426778
-2.543788980492472 -46.189306708620805
22.130695280228093 -12.526046057656407
-45.814503375157017 30.759423003482596
-14.734526662129282 72.443937889362061
-23.333722364349128 -18.126591156711545
-0.751851072872259 21.554989232807117
-14.307110636031574 -24.978635056138572
58.124987881363360 -15.089238965198216
-3.181117139953783 -6.326737183089660
-34.571135423790849 -32.376365646845315
-21.052488009281415 4.567004164087158
16.819405107205380 32.000117263210043
2.580813871010120 -23.021111970708169
37.192789754406178 -1.799442049780045
-1.294827630050204 -32.466081429064666
20.807173088004959 -25.933541068711154
-39.812588103967087 -45.661294541584716
13.246381679616027 9.898932030926050
1.558599627980095 50.218069135204090
-1.192929500089938 -25.131572000653907
-55.135523492290439 -1.390167578340358
22.867193750105073 -19.058937879466161
3.827660637255770 -0.227586097668627
7.851276073152221 7.721040526874573
-22.504067371535420 11.935931495321300
-18.185265884869640 -2.297029333729264
29.168991471447782 37.144996808078432
28.949736842047550 15.584487360095977
-24.608660928235022 -11.585847133626608
8.756398714597983 21.207824489424969
15.939264138064608 -11.876087561405139
13.056324041211155 -9.788964196600267
-7.907239446180532 32.924653117854518
-8.344087938952155 0.149537390225303
-30.657508304169262 11.557643852058728
-21.899531162411446 4.835560776692582
8.408207147881409 -4.274632296629381
14.743106527748955 -12.175836055693024
16.943260150502155 -23.869454636778016
0.247959544301218 -35.303853253573642
-7.613956376223505 -21.605264491839055
20.237024459626028 12.292051524974106
34.244474066170667 12.044635195643586
27.091053841545577 -2.625595958757064
1.443275097369779 9.380777704609359
15.418430410503396 -24.115866847996731
18.653971436556610 -25.064514177120078
-15.343586692483017 -28.318255878638890
19.595353111362108 23.744866311889908
54.205742253486221 -43.639342552823962
-3.861293550168628 -35.170500892051230
-25.961058209204232 -14.071363736739679
-18.038146499593481 24.882391533466269
-15.696784723795840 -0.346284196750960
9.848456254118801 15.672766740292147
-1.806657044191893 -27.357189257024039
-28.497115467749765 -22.893186693339068
19.333898251490645 -18.659308423028175
27.957339452886927 4.291661331333495
-17.016262122150035 -6.183866269038670
5.755505084024732 30.389020969778247
10.507885580779799 26.789943002809611
-16.078225501897851 -23.785334209488131
-18.416475684613502 -12.415045849727818
-18.860956042322410 5.432832859364344
-19.417176758965653 9.333523891519150
-33.550538179006914 13.037820610173725
8.867759009639975 -13.462877982991701
-16.170837059865644 -5.405415315799594
-4.127455240734999 3.572783488156490
-32.100909727841419 -10.979890910421174
30.003741134102178 40.865195313653622
-16.451357219139194 1.979285688409642
24.519608119999379 1.454173924925584
-36.522845622988136 -0.039286006906665
1.444170358625698 17.919709367868379
-13.268597791613230 27.654430632629605
28.977552548819101 -10.162407964896353
50.166740382634089 -13.461440841387304
-6.432147781438265 -7.040606532867633
-8.919855194331827 22.043845268663276
0.032636703921412 -16.630718176765789
-4.474888028693585 -4.193395359060130
-8.605616443985546 -46.316873677384876
-14.530866435205608 6.739825961447835
9.324458237703835 -22.638419249956652
17.567356372282397 14.189095962799337
17.287855998800900 -16.069151089064704
-18.446194034962001 13.706577983985426
9.389988471639706 36.682090352730199
23.426242007382573 -2.776757498473002
28.080884721018691 15.749432388001884
21.580637198708374 8.626058599740949
7.581083711109863 39.555774832812482
0.072294620876055 -24.974239113061017
-2.038346387121650 11.303451819896434
1.809625342298053 11.902611244556077
39.611169729432198 19.912732781631778
-11.018490797159465 -27.163301573827667
-59.939235446624018 15.243453849663794
-11.583871630675068 21.851120693650603
28.736241497502764 4.096019072796452
11.419479148606571 43.370318792000610
-5.464138359230196 -10.196564060254769
31.820191384291967 33.857225158889271
13.863712356845227 -44.390498271860984
-9.333986368702297 -2.126510700870529
-16.302139244845659 25.234056030775317
53.360492695268434 75.759906297455970
11.191103416070407 -15.625804783122289
-36.125347667151729 36.843699634416332
-25.566807462048981 -24.907664431176375
-9.156608028613482 16.349699121789854
11.854460791066010 -9.560498146663473
29.135402352035250 7.963243871319022
-16.893175741694069 -9.617603376691644
8.628494591818693 7.893940904446771
-25.267980885584123 -22.739835418917476
53.014186122023524 -5.732591118135848
-57.268863322130670 -16.963777540605022
16.485382051305038 19.606616875438522
-7.581014316556170 1.303484142740688
-45.147176323514302 16.070626321038723
-31.214816220608732 -21.997655789900634
8.623635160541417 -10.452265315270010
18.542306251170807 -3.907100024549004
-31.389081275929023 56.910418968123963
-11.279623766282700 17.471661792903095
-27.035484332665668 -9.503851401144569
-42.754868706423096 10.977277715518523
-20.123236142009198 11.485149957707028
26.726082045296707 36.917447145902663
-3.453137990075100 10.161197731821375
-15.452377173299615 -26.059874615996087
11.777026208538175 -1.115852496741040
5.525836645469684 -26.350139148565557
13.386681212827476 35.654832768793995
-44.153581972261449 28.296413307704999
40.414352717983206 14.247557082623246
54.100518823087342 18.951967608677037
38.246071671201285 -9.544192863668398
-1.973158006989578 -42.312333846351812
21.734551392493099 10.907836276222662
-53.972353184163403 8.775507637489088
45.041736008515237 14.390270382681717
7.276914877516125 15.645629985777671
51.968644276190744 2.090595944838909
-39.923050352752348 -34.847790402925369
-3.424062135371167 -5.556061806036133
-0.910343340249666 -31.760806671776887
79.535112422965014 24.829728600416622
-35.966202081442248 -31.770889238852867
-7.075277422050291 -5.452034051514775
10.054957565144012 -15.364870793365679
-3.091956387108692 9.194716331805243
7.643100938966814 -20.201642558056530
20.960003276323672 25.261068361647872
-14.640403479050649 1.367936742393045
28.672223640146331 37.195474471263424
-2.136480440375728 2.955153227991535
17.356807126708208 28.138772479099934
0.881256957499664 -11.745695033828474
8.577776899761615 -12.358900976452050
15.118999334322679 21.197983176694706
2.135024391119728 -22.664702761729753
-4.375730393860501 21.429184334245996
30.394988014242472 66.710730750007471
-8.392316242151592 20.053117932889517
27.532651855666526 14.969594589137696
-22.465119232366881 13.895433834225051
34.166075944547948 27.158392085113892
-17.643695416779721 -31.083579082117502
37.853526667688328 2.840660951143416
32.334648641235525 14.751190578437198
31.990279050520893 -31.363452993300292
-2.926929367349179 -11.443074443436039
-8.076181368443779 34.478106277263741
6.987244120619001 -32.633402739371078
15.646581006396753 -3.581152642981482
32.212037161930759 -2.956074481557056
-33.670370692401555 -8.728182867745533
50.393301747411215 -7.383066688239502
-32.895927910209899 21.039773816373263
-4.633436544580492 -6.229849774357216
8.112669925786534 -18.460337428277136
-64.700001019753827 19.953209277547561
-13.064019906866619 -4.829927211540734
-9.108448653215955 31.268932372664274
6.900608826651246 -32.707350622631445
-39.030966197443192 -25.950205058892390
51.129712170526830 87.424807871533091
-12.776630312464773 25.093758557181435
16.201396415351539 8.917850771688521
20.656858118851641 28.891426482081833
-13.769186905289759 20.660872059527293
-13.346665298137012 28.354054252963913
-12.700895565620035 -12.556558019054142
7.803765856920775 22.948581805273449
-26.768154806755629 3.492309374165910
5.392366069647802 -12.409838886351942
1.755965594331496 2.918061930804023
-4.173100695299121 13.630066929846421
-20.484005192433081 25.138068149387571
-5.183643290942514 18.994830303507332
-0.503050733042255 -2.646356959172024
43.384251468930941 -4.008084999460709
-24.434599695130647 -10.820207341496186
-26.698989507084391 -1.641872894759873
-7.683933646179678 -0.415269982553830
42.463854155688324 17.017260877868381
-32.873570003765586 -11.565543563336750
-8.983000254697403 35.445624361670426
5.664705136627280 -24.271255866365756
13.182531136846976 30.034680833294633
-13.248069742607221 -33.144150052444957
11.350160845380252 14.553206925146949
-32.437151899953108 -3.045143693389142
-12.607758980116166 20.098484190693540
5.838745232192881 6.509007158575114
29.001589918448225 -3.921849390211752
9.803229098302802 -8.881231184702260
22.103180838311648 -31.904342152767480
-36.611973669755500 -51.239749563816559
-2.831725809995195 27.442239523563885
-34.022375423706009 -33.827907167014168
45.356959287060178 -6.128540436482037
31.964297758435528 44.597629584002078
8.098243914474873 -31.460978602599120
49.059081577379601 2.546311677530714
23.868081275870210 -23.951080133595614
-1.997894157588965 -39.283783507080827
-27.407885476782223 -17.374682580786150
-19.162022720994688 5.670093613153838
-21.984772833694567 9.154496137586092
11.724831341547656 -9.621101116213255
-7.114823591632587 25.426753545866987
-9.624344802733596 19.336968230618698
-38.057339873232273 30.223833170143756
-19.489725340883300 12.150790958849369
46.263884440809321 15.414920017727390
-42.996436569611781 5.921010999985345
0.277936676621276 7.618008285082561
-0.090063038372974 3.014845281186875
-7.999066777101930 10.219859426205160
-12.416294159491454 -3.924375936807853
4.605491767509567 40.111023604431765
-28.204748828386126 1.990604765014049
27.449983521660673 4.915540767173608
8.818288145151158 -5.682058290878303
7.219382210713804 18.024340548349350
2.377848803670126 -19.394382030956731
28.913269331282496 15.512343148547448
-3.362263217229747 -21.182998814118044
-41.139724105991050 -23.696671122410468
31.605288407728484 48.503988756240702
0.749717130062488 12.167895625630779
3.347799482059812 -16.124283651463713
4.391429690342288 13.555814332676817
-4.026168860942287 -0.263536513484076
-36.725389196732991 -3.657982514970570
2.241821020261758 15.055390335114387
31.346753635355828 7.227694382259614
-19.785074344715301 32.244210253207648
-10.728819138816073 -33.001582495310082
-20.971478953274481 -22.163118186005953
-1.337105436037269 3.437979352973264
-14.176835151390730 22.465705330727435
2.828392289793354 30.105650869477738
-12.940951716902688 -16.444711571387430
13.494584966515081 -25.529070438056785
-7.662847387215847 -9.438771639581068
34.580992411471904 7.677327562106132
-31.179197091004873 9.667365092981115
-9.494603884592449 19.735113132411090
-4.768391428300464 -10.832632126940133
2.045979290087983 -28.208961594553575
-12.964907857803484 20.398294016354651
11.410670938625417 1.174915170590313
-14.076436526605475 -6.380514401841160
-36.066717828746242 15.325018992864447
39.927552941525420 -7.643828243494563
-21.712392537389235 19.491489861736159
33.385628581164902 33.662409542314144
35.530734653651656 -17.568544478474784
5.790096731078583 17.302595791803032
-20.697850673298841 6.656153140468748
25.713709240630369 -10.576673408191432
-25.456523027116582 23.057692291243100
2.129842718027525 1.792839319609184
-2.916006653742228 -12.137797149095642
29.987790349944884 -19.785257922884650
8.689263065959111 -6.226697113627888
15.240408634635134 12.487348626274281
-0.172800845256498 8.164062343326584
0.468213062955382 -32.949119630787877
13.280856996058759 6.027929050985190
-1.256572111543924 -19.821773525008634
-31.111219226400774 -18.509081586298414
27.685556046798911 11.116650560462190
18.038021430677301 -15.194286602056547
-6.863463253846801 -7.490286584021518
2.127404984095806 1.300110019096001
25.279484305636824 -21.379405518069440
4.725613529998246 -15.969413511942424
-21.098626761081302 -1.005581919853016
-43.962180974429060 -10.925863707480143
-13.487580646650153 -20.179002568667116
47.243106774157411 40.209710491499010
19.664673058185873 11.689752539520962
-69.307107398733919 54.468917798628759
22.704177200629907 -18.297871229799245
-33.181481274404007 2.784893989454190
-11.782296591837962 -28.399402451953424
-4.617300028948832 -46.256443064532114
-5.625633366911735 27.632324485767320
12.356760841315999 -7.253238222355449
40.382560383639600 -41.290738234741021
-5.942385593390815 0.957175373657982
-9.177946604351218 -5.708922812208848
22.312697372065060 -47.609293243460876
-1.316066223430965 32.101052399212676
-17.804853525603928 -3.738560868306389
4.936905505293177 -22.198429897628582
6.106204188364245 -6.524224195650547
4.561542356707765 41.186361377996079
-25.574941911341494 -9.714367097001769
28.485046371436329 -13.506663691844807
-3.449412837776925 33.518183059537812
-28.549420282184087 -16.074535432379413
-1.497625555372211 27.400504927819508
-31.296341152233619 -15.061957349499744
9.731987123333782 32.085914099636682
16.906475396383293 4.509409737942560
42.379830617349647 31.886857674852951
-3.061742662436775 3.718369935934844
35.403223828302508 21.220822213020913
-5.072068095505329 6.561557874126584
12.674480272816636 0.231470911481455
-4.976265549864074 12.910963871004128
9.389581652646992 -5.995081195168767
-50.910976063878906 27.992791500253499
-9.716036515638635 35.950158003603931
-29.709744584848778 6.658130237498884
32.537735603792505 -52.411307539373318
-36.399116891778711 -36.312934470239973
34.731269471289274 -48.007993596513117
-32.057369650285459 18.301608336731306
17.978784986434061 28.345167964686059
18.736792397777737 -23.557737497204457
-9.479267257937481 26.818510647931550
-10.278113359920701 26.205149546814347
-43.375808407737566 0.873640393834685
16.844300363056465 26.186013169692014
7.953094887081797 8.398392882008931
-8.973781159515468 12.317320794739636
34.223959176030988 21.922978858580230
9.921103375923652 3.151042484385298
8.380173210810923 1.651205637406850
-5.623935417951253 26.222638909795329
16.210320788859196 -36.724228525226927
-26.770342370328560 -27.575573530462282
23.234847110280885 -19.652844158718327
8.045717876204826 17.067137001162756
2.309708384232194 -11.458270163373005
-17.784657191166509 10.772094048312487
-0.818412228384703 0.224849611155076
-2.357244719310109 18.101499193449698
-31.060336288122286 -13.815220561036213
-12.107731288311458 -19.377531353179503
-23.147118913085510 9.133105446604695
-0.890931937795338 1.479925591755555
16.635101982323064 2.415094205959701
33.018626133802684 4.964073130921245
22.739596689892736 6.833329328842528
14.551861853053607 -23.243158404039860
-0.087597209199496 18.010768174250856
15.770251057143602 19.825581929792648
-32.625787539844097 -21.999102041322384
-4.267596246810209 -65.788893679600150
-11.674585259949593 -3.383691938705529
10.765124951841150 -26.041481077134961
3.216879157046219 44.281636516990112
-24.336075156233090 -52.999677075462067
49.796824856412712 -28.625414008053060
-9.750068675049016 -36.278192443909312
24.323519674828344 -45.193965498778205
-59.914051713228950 -6.779830267310204
-6.040963150449474 48.017076662044822
-33.804011588212830 -25.576242111742815
-17.654154563173748 -19.972933261708679
-14.130779427306070 -27.954786797820844
2.598790798003791 -12.054113480081758
-20.278724744496206 -1.602450744219886
6.615181757275521 7.717355230073321
-2.377976415459615 -24.826061612901292
-48.102094928525709 21.398644720355726
-11.791422681828076 -3.340968350795880
6.490208581882949 33.947368514126140
24.120792918509441 5.248305893928588
17.847292831027747 4.205418378931026
13.438372059723696 18.522399840588463
1.153881002398486 10.147563365616685
-23.864964979135458 29.468806627934388
42.324053709050645 17.963615682751950
-6.525959383992518 -2.071225571564403
51.719972979288244 -9.079835886789709
30.802017826291621 21.789137962369317
36.364021971738936 -28.803350665504116
-41.221803390572653 0.319493835748623
-0.502881776096447 19.314285000273561
10.446390179519312 -4.623475419668940
56.584293737907096 18.966993550428374
-9.043841298076043 19.992684353408880
28.337257019005296 17.227430562743692
-11.609640887486034 24.628659104213558
1.937729559106768 37.671088050327583
37.326466670815471 -18.451973162524869
-14.304191282955108 -27.455176677225765
3.836708489602849 -10.267662523354497
23.953994597154523 27.036374506973129
21.822145162622430 -39.688667093032763
-6.367505029509704 -13.939692637405164
-16.305460746416287 4.982790457366517
66.679905639424490 -17.214703285972895
16.461820919002836 41.872080600540322
15.992171242361586 -0.152688296671476
2.029305752626487 -0.459532971849607
-12.879524068282056 -23.219255539290156
-8.720014212408765 -6.064199528953906
14.878625652557011 24.077968482771187
10.762190895047848 -19.493503058788026
6.947688622619648 7.171260542721122
-23.096762270465589 -24.572112434272508
10.043350177263575 4.825173034215694
-2.407665999739633 -32.865598879581199
-5.355881320475643 -8.348456464236142
49.516723858418892 -13.744040569718011
19.467056982055098 -9.358498612903395
12.224568595298576 2.759983337307691
-57.060134434636645 20.018276122190063
18.186877348474322 -8.933551567578091
-36.619055544716019 -23.098616710532330
38.157395874819272 -68.119941067245378
37.409191597111281 14.209645833884643
-40.536018514455158 -5.088281350159597
7.002408912320377 56.896909095463776
22.069439150214002 45.642021192041469
-32.006662432040827 -5.279884919909484
-62.013799640540107 15.850334354166769
-26.647060697084338 -55.196007941032185
59.932602966252404 -44.207886344009083
25.148216360076990 -40.823293562776897
11.193946155875535 3.400314791672453
-5.722244945105179 -4.837150400196893
-10.783487351355381 -24.234919965922714
21.459889695222369 -33.883707149526145
21.923708251732037 -29.262217041914205
17.998280366729610 -33.710751918566594
24.959424783300449 -13.502242864865028
23.449483527742146 -19.536889245060724
-10.300876828287194 9.064595429491602
-6.787268141253326 12.501144304002668
33.617086153808629 9.036001098609550
8.938711944814292 -49.409662439492088
-7.223463886184775 16.595859949570055
-7.163715571505510 8.713610885894045
-10.670808342237720 -6.899155634421274
-52.247402564183290 4.485440843543743
17.189030946657077 59.452425014496662
-13.498849518209333 -40.406910285097382
-1.731782402421249 15.545430211608686
16.273643451618977 60.323088776176185
3.030477642123043 -43.202657472308935
5.495117446469660 8.267976462824095
0.072917474413770 39.956245904218548
2.152811977072563 -22.681590310402097
45.139406611887402 5.437090175844479
8.930837862546257 5.475852635738000
59.940789892329661 -24.742815377120991
-30.695011422329522 13.980944536936335
-31.861147346958756 -8.709156630493453
-20.959137993994808 -3.174910371084463
10.712302589621899 -3.799781589601237
-16.247489162250247 29.086692562223373
-26.029615808336498 -1.836570124822778
2.521931799509363 -34.733793285137523
-0.911250979811407 7.814269862184598
-9.257281890899336 -54.697632777328877
6.303198935408962 -2.125974579851918
-35.118024880354575 28.695663484609806
-28.246909995107170 -23.326605682806850
-19.901454677036774 -42.267907941166818
25.066174799994936 14.265516521148173
-11.661469434392819 5.044235081868147
-2.397134317522171 8.983389421440135
-14.204493873534078 -23.343190425233125
-19.136289663963282 -1.152335509994247
18.436741223293790 32.824640250548157
29.859730937821084 -12.804187433422646
10.130673953478260 17.750956264022250
-44.747465218148946 11.946079791379203
-3.150945378064077 -36.077886601190507
22.898579409015877 13.916771515268666
-37.402917742001030 -7.207630229682990
33.725294719465822 24.355516348322706
25.386960613048966 -35.139673602422413
-11.804127218103805 17.372208860704490
7.444438107835615 39.004313603938755
35.925499669888076 27.126414581489446
-15.955933492585794 -20.358417480960039
40.443333135881637 -45.658816994492980
40.920698452999375 -56.510031660473011
43.261344447765957 5.941982882264473
18.780777062710829 -19.400154879082070
42.994307638247278 -1.117384411304327
28.835141806657230 -20.684016892100175
-15.275073834930359 26.209139012288940
6.226999496058994 29.625423227105603
20.744414566335792 42.727249567108800
11.182737276290057 52.121222094280597
16.904403424588079 -24.186263807938207
-33.214167847031284 15.760624961439767
-47.364788929906055 -17.853143259807581
16.192374665111814 -15.590698684618980
19.910765407404757 19.879788585352866
12.302283688942740 6.367623821079889
1.307110453301944 4.400799905259527
24.262202577156923 4.731820393811409
-9.758061296806884 -5.913595446748093
-9.273565355515487 -0.713118813019665
-27.865634975905269 -12.741750165648876
6.859387547897824 -29.401572596088833
10.201889863705391 -20.104190663829350
41.157323390385379 -9.626227148217030
-11.142709649394542 26.677824150725119
-14.298777595616418 11.301356868088005
-10.754973465042958 30.627743684116830
9.014781481235255 20.688481611375835
48.764856785213524 -4.172284097600074
41.714406677517246 -5.055397988372136
20.947952448311280 13.471052906811508
0.532141485764419 -21.823723474595930
-41.887627450860194 -15.606851993691214
16.953373205398638 -5.017639546593587
20.660537359694992 -14.696542377325121
32.976718295291022 -67.490928388226465
-24.197921315212362 -44.938325949903792
-4.818516648590053 -1.832225188831528
-2.179173910601385 7.226296096515738
-9.180867059047742 31.882379741952256
6.571627959130885 -9.436606843809985
-11.575600699173696 41.923294242419757
5.739485330867068 0.265668993390839
-14.913962404867306 34.662254600301466
24.000514239758107 21.624274531388249
-15.459319670481404 -11.888358812966864
-29.457949907023412 -21.272755323364667
45.617180938528925 23.525821115825206
4.514337422882072 5.756517208547754
-2.089226242335100 13.734793147332967
3.592472809016206 4.829397197248102
-38.824158875809438 -6.200043051936018
-2.100326858706081 9.047071319414872
-29.179215878141225 -43.880116480326791
3.323198430557531 11.458524120822062
9.936599545257799 -1.395238434473928
-23.265878535553163 31.571031802458364
28.327497303598172 12.663111890500970
-15.476753298904621 20.304243212903025
-3.009386550203247 -4.130109869963968
14.810932532179702 12.700799868805593
-3.935626581306054 13.720439156009743
15.547309041563386 -6.209888675750184
18.473991592904682 12.187932269674498
24.828154685905130 5.348923772800291
-29.526277897649443 71.668135863969283
0.133906428197226 47.386361228972135
17.097057759457890 -51.902274659239588
-7.494475394039127 -24.006369331309141
13.515308944853903 14.426532019015061
-21.333186501624890 36.832174881580208
29.066604426520986 -13.784389071173122
0.764710196085809 -26.751314635030820
45.718285215307731 -5.080939450006978
-7.318997472291931 -34.096820679540755
-0.301686324111207 -39.095230028174541
-13.419807257542191 -26.377467960905118
22.403666673545825 -34.987207615815151
5.184333268681709 -5.430900842828684
-13.543570574979334 7.905737130534209
2.317038194146634 -0.780551794703591
11.734033404069043 -33.814349247838095
57.243822500132651 15.674657252141118
25.506154764913489 -30.614351487137235
36.212501581142973 21.717080654450204
35.350117766727820 9.895701342169106
-26.233984132175674 -16.998840310086113
-8.608415498047981 23.806363546924853
-30.184988465194397 -3.233527880984975
3.535221691201401 12.218048216933937
-27.388306803297958 -22.758925825352446
-20.194824648179907 -1.669011047392912
1.787690695943539 -10.935529731087891
-4.639899695744116 12.194112764204959
6.289314969003981 5.751899430318471
-31.757743709430958 31.063617879328817
27.990366317509686 -25.665623553155612
30.679913074785375 18.790780191421785
10.405582486878162 29.567180804639687
16.662817317108932 19.024372395134659
-12.955188818893845 -2.272717242875314
-8.193768659464144 -40.214097409012481
27.258523258102908 11.137500766422106
-27.573764195324539 85.384082331653147
-3.361652870043536 8.507195830369236
26.646802741990790 -20.059893398349274
57.516982450302336 -24.879057002238497
4.362747794261423 6.143459357069249
2.906925354581508 -20.080670025904201
-62.883308317823818 -22.077520798121597
10.384614557678045 48.831330902369288
30.294358792373231 -16.976298133211891
12.188668756907727 -1.019683301754604
29.182008764771613 3.139421101565444
4.290298371626833 15.414536523758823
-71.424725346063028 10.031348778998780
22.973386012680763 -29.248386915268576
5.659853523882643 -34.194751931404248
5.803795266811528 -20.352104851107459
-19.955106909982426 4.690345068882737
-6.930520162436592 -7.612912484268042
-22.980911424847310 -24.001451829313357
10.655570908418849 16.737167627714314
5.939666912696691 -5.152605416809637
-0.978319395880708 -23.461333854435605
-12.907731527821579 37.819510098785088
-6.851963873898928 -18.382680083992476
2.109943003401376 -36.203350441405895
1.458965534449160 6.085960010921872
9.234108907439841 -41.808495444888493
-7.329254959555831 -10.505120521232941
-44.240962654574133 -52.384980334403039
34.095454972381923 -26.146486058769209
-20.344243596241071 -10.007359178971676
-18.955091762418000 10.608102007905140
-18.594496540508356 10.535872939856814
21.620225135712225 1.040974354776680
-44.859290744250778 -7.499130612286352
-4.696578265522638 -14.345530903473490
22.845889572117997 -7.526060055707333
22.751721708248930 11.580594768793821
-32.416985954418266 -10.119422777932334
-0.991445616675271 -5.986778133282450
-4.023807603171857 -30.865027424589407
-35.357286480962692 -49.407107509179781
9.648126435847130 28.622461400241878
-7.973273873163470 -18.059461994108311
-21.085242223474612 35.570107421175429
59.785626683926147 40.174163966791276
-10.886192766481159 -32.157518916667748
-3.699312442282391 -30.912411629644723
24.306221287532157 1.950283181338343
17.018462117986264 45.905284924913502
-6.414166151922306 -21.680403318576346
17.889721274723367 4.969269643745332
14.966819255526824 37.641202397644825
-4.083309217468144 28.982563980183855
29.718470403394225 15.392128933845575
26.967257207821614 -12.807838277841785
45.439402098309309 -25.027753515229538
-2.588034803508829 39.029946222041964
-58.468516844385114 36.611450420792366
19.163739769466993 14.118191576144655
-14.591995507556469 -41.214292620986754
84.286327854397314 -24.475401812285082
35.651268434142359 -22.089037619706048
-3.469952583957519 -17.988041597124820
5.084379469892137 -34.660619359050031
18.748187332618041 -16.805946131005019
15.435171704131154 3.032706730218922
-7.612566710507457 3.518797256627435
-8.445177189730979 9.343194005213103
37.778974626403631 13.558787104103203
15.823882202752690 1.204729411908394
-2.249537192384651 -25.271059409742129
-11.980191206934158 -9.548034542932001
-32.089917831438633 -17.662673416391232
-6.071917724898471 -18.311003668077802
-45.409484876938777 -20.453041523043513
9.247227132367993 -11.063230481551541
-16.579001003486628 -16.694091450187191
-22.652130946112006 -2.046732408849270
-37.528067936637235 -28.361773375183304
49.425073628229512 35.072815766664881
-1.815968139692449 -19.204219599974795
3.111908978278032 -21.947910180208183
21.203280880837248 -19.080174895172689
-31.488643198348583 22.830421471638324
12.461063917240955 -19.794904723260483
30.037509792416930 -31.756622766761755
30.080827566479947 24.951337152804538
-25.661451741604296 22.244073756895830
33.852029328590262 4.150259415871760
-9.600125275556424 11.796745267886818
2.170887086399098 -26.495148318200485
30.914875733055830 7.659908704382292
-17.575098371779251 -6.221030419463753
-48.190779180506603 -8.546806352057423
12.811142340647857 32.158858778720393
4.367264079008470 14.380630202231604
-6.247495248688381 -14.427329838006276
18.986285227081876 13.675058525282525
66.689122885039737 -21.824835056557387
-3.296236685521988 10.665394539380110
-30.818310445217982 12.749724104634634
-2.638119798199802 0.304283222721872
-20.705933511746736 24.396427342374118
25.298245224168170 -18.543316619619947
27.760986236944408 26.401114015085728
21.154958084614677 -36.859198949980389
29.100954397418548 -29.640895263881649
20.192697124693741 -13.311898167441493
1.508266475330625 -31.608374731870438
16.942804053694132 -30.713265955679603
-32.600233943923726 -33.957713154706880
20.602193610560054 -16.329069175773711
-19.920528471498006 10.333374985790909
13.494983451899360 -10.519418044212959
-49.138084675770060 -103.606331149239637
7.142654418092224 19.778847896276400
-13.167879634865935 11.094874512178965
-28.253130188961286 10.230944823751010
41.237144395424679 -22.937524603854321
4.263375823912604 -16.884472440521940
27.215429521768090 -15.519684443343404
-40.427873178079857 -11.533596221209642
-25.566966315388154 -16.229511124834396
-3.071158748947572 -16.019317798326952
23.698087179379026 -9.210413756511327
-37.444137621909732 -19.794859857244653
-6.181747499327149 35.543630971325648
-17.942272416173328 -7.035500779859095
30.909434177711926 -18.699121327613213
6.330007685275504 34.496713938796482
12.725876247882564 12.820962172361662
37.867788935390010 13.405275465265111
-39.265089341439236 29.259073467563706
12.854540140718148 16.761567607776847
-4.868647760523149 34.451957735543239
16.643860288328874 -9.972116873714034
5.270248186899347 7.859631989779730
-45.796144573604010 -26.898258540656194
-8.658881622895684 -54.004003853307481
8.725329590684892 2.890910448680750
44.471818885454510 12.111279731335216
-48.348173640400709 -5.591073388005920
-8.591672612010326 -11.995534874559562
31.842716490447089 -16.088126395268791
-2.189653249072740 -13.520801142264123
-31.830199833205306 -34.218803272274201
42.444846982427848 -6.164969990233811
-20.143455365086261 37.426825883337735
10.013992487952043 2.061893888110713
-12.244457489095124 -35.517383810244851
-21.063222880001707 -15.527433982238087
-9.036054589709213 21.813237555120168
25.047118203885837 -10.891884657040173
31.617263993115063 15.940471960403146
1.601610435456222 -29.782627939194075
-29.517519575186430 6.627063739170850
-9.854894955076293 -8.769919840339560
34.643729989422262 -9.180836141873609
-33.555923875728659 61.577078370539638
-8.784662564989146 -47.952706050458026
4.432368551054731 77.968964366462288
-4.285124774645890 89.295320454250188
-35.397493058606216 12.380288779585737
3.496112042280401 -20.750082279878129
17.599025572520286 1.434789124179428
9.299198918245089 -16.725095291048394
68.134458540038821 -23.686746344807904
-14.032239481722408 -30.777493245094032
-13.658975672008408 -18.672027445012223
-0.376662741673624 8.071207048618868
26.275518687041142 -5.519789887576565
29.952301055581348 -9.098960291950840
-11.730282999787693 24.007297896377302
28.058164645134415 -40.348819267806064
-8.479910117106762 41.502159705112248
31.888035066543679 3.908859681042898
-12.508209151710135 9.593703607223601
32.505738637334275 27.638977055877941
-19.424481744656219 -0.786071858809984
0.416087021555004 20.089810169106979
-1.122199318557553 -10.650901527954728
42.626027662466278 -25.785057342688656
23.654780308521325 -17.113394897248735
42.469159211237809 2.080097140681445
57.605726999116030 -27.173444558437453
-1.247306205762534 -19.890779272501263
-7.479436257834511 -2.324209366452965
-14.376691454074351 -30.836733764651932
-5.821030567722537 -37.571147793559149
10.337557597991328 21.127843213984658
-43.297432600124353 7.149709510190026
-3.930639485069742 -30.506067202618837
1.622956326463383 -8.883252295512262
17.263198157118037 -32.831797984469304
-38.637650147171918 33.838366897032124
4.796798310991606 18.854685109760865
14.375312399341045 -7.216793574739727
-24.914854918013297 -22.584021285844837
11.813714245909633 -24.860747751087253
-13.244773517549550 -3.328304894040093
8.282208926959099 -14.841471462649729
35.862863831554996 47.522094669805199
-13.065871767797738 -29.657731882473513
7.319434257160000 -9.698149673474882
-17.004834446394323 -64.392138410184998
0.253616996671170 -35.363048959147861
-14.718819996752943 -27.696247848247889
20.955104004663418 -36.737355374854289
34.121060708606620 28.450286833020758
23.593775862555614 -24.438797826742160
-17.127621306041330 12.880591306541646
-10.624247636694669 19.378219043046027
19.890658597107066 -18.653159514275593
33.252469879416054 -29.447913561975536
-23.209533281138718 11.012444849368139
-6.116348458817524 8.078480956983466
11.991603618247609 14.420910573719516
-30.494506828070111 -92.030464420361909
-82.327862510689542 -54.681748248280783
62.746879167799726 26.104320194251819
-13.681178397923585 15.436435627909509
43.614030022440190 29.636874827877872
23.201312424076480 17.975736224447328
-32.531381871895654 -23.846786142056832
-36.409639295321966 -34.901183848100828
5.181961165399175 -45.438529071764748
-10.043342970597426 9.815489233130965
52.549481604480036 -29.855421615411867
39.522618568552716 29.193054469376488
26.102177648007000 32.716009100436921
-3.379219584969382 8.503564685710192
11.479170134522777 8.811182007626483
60.955537988519964 15.905602538995128
-8.789826268371034 -6.259028662345051
-21.769237272443984 38.677873741385433
-0.489756557204501 -11.083074904126368
46.911816175134796 -7.342975902757083
-49.004754286431158 -7.522602698065440
-10.905479755943549 -48.180889806253013
-1.561733011837156 -11.136639687129609
-18.066527303530943 10.884531765732588
-7.875371739490213 25.474957861488342
-26.433916141662937 2.135176237435962
-6.549550232589350 -1.349676815552189
-37.547892537473075 0.238228613427484
3.019477557714600 -72.922602276572391
-20.875601281023691 -3.115382246945957
2.780984905678399 4.456084130005876
25.281070629886617 -6.561299661422644
33.868390646057684 -7.986590060822247
-4.969072213114611 5.816604342805263
-5.785982039339729 -16.044687117711064
30.778194645203143 34.337929450005454
0.035689486056481 -33.932483901775171
12.382824493702291 40.371497145879779
0.546756692170975 31.500088158237158
-17.699812366912827 0.207036694755404
-10.141925306592132 26.040165127344419
-9.396707901070490 -14.366224319833213
39.087705054314760 -15.557012363825987
-46.478700645925933 36.928775037970063
2.544587811215260 26.400700667385227
-11.936412153633356 14.192427199240695
15.879522344212328 28.572068657932871
15.016868439559669 23.862456584401691
18.151530282718138 11.927320973576165
-25.067049410725158 -21.746313057903297
7.855350420072466 -8.641005873152874
3.495964038841092 -26.973475381538911
63.388801349768677 -35.394620303141267
5.436256943323958 17.094644265595338
-5.968517106506043 79.039458586736643
-62.709692220781726 17.973103841894392
18.369371630961702 1.539306169481292
-16.857621091681864 1.877134623902666
-51.132221869958883 -2.781060069205438
24.645320018828290 10.797156765133787
-36.651721491420432 17.546366041212593
27.701963057849571 -28.473992630543712
-68.022269802389758 -36.274310839534529
23.868764220489837 19.859769674839583
-52.477177759118995 22.181158957980081
-20.931938076902654 -20.142746641196172
5.392251946542616 26.071612783389593
-33.216875293309577 40.887629946372321
-33.562878871371289 20.916603241445753
26.612034398817727 27.300328063620590
27.455581842449124 14.304664516822905
17.498672099171522 29.636594585139530
33.368022978554173 -45.077823940027571
-46.712781229946700 11.159670148345514
-11.559071828365592 16.863999491044652
-29.381950111654938 -0.100001904090756
-11.242742034805278 -45.225963600097046
24.210641110018397 -14.914359456795365
2.109729630534452 -6.903314457385823
21.334017687514351 -14.319880702646881
-18.095217450415454 13.036285283542185
-15.897083273600309 -23.040340088620063
12.523895135528356 -31.642059138947694
-4.325574588082334 2.859272105014087
17.892111251364998 14.925113285691173
-15.662865610650794 -6.087595197815044
-19.196948174067693 -25.687352048546853
7.080390027230270 35.966012409395923
-65.820888920157671 -7.310291125286828
11.210826383192895 -12.718451092722869
-7.960322797526191 -47.223310733858106
-75.213202969713137 -21.871543312388795
56.497946124149195 -17.712028707267507
-16.954048873124037 2.709799298540914
33.014295116855941 6.135357132618333
-22.959056999772496 -36.814224367149848
26.479428258500068 -8.172459419154118
-7.418175314088810 -10.472244725663097
61.787334830934000 -45.164744981534007
16.352142007817470 8.199150493191981
-4.305904051763118 -24.665715398521119
8.544283404293081 18.638580124881411
-0.572108591638783 11.548803317420610
12.046948762228817 -25.450874491074163
20.501314045676750 8.776778755703608
19.266883105767125 -8.726501513493826
-27.108394746601697 10.508280736063606
-5.438035335483161 -23.977087644864408
3.453874573529930 3.800271415456854
-24.021502503467769 5.500407776624126
-2.393393436537872 51.561829816436664
-7.081095979852623 39.280176993626384
-6.086701893080743 3.202058146202535
-9.155571085095954 -45.345987931848121
54.820956752116935 27.495660026375074
9.880550783789536 -53.324087287277102
30.812246228545224 13.837875212922176
36.787862643703264 -35.408901728414101
48.972734780493383 27.906564017747506
59.931167355622108 2.847455733857128
-2.715692324150669 38.478044327218406
-15.902594106016748 -33.267880228476166
-1.642111536019038 -35.422022036954473
-75.181874067284667 10.434884833156465
13.717216533890632 -20.854171700846909
28.380990968049264 -12.665853422790461
26.016904813397339 15.282591679007648
7.706552465046369 37.993398373867869
-64.544608484379523 -20.902761870671107
29.562883783030685 37.855724508586846
6.819970221253048 58.422024025557036
-10.036556609495015 -2.788838713027089
-34.366163283755931 58.559346423689739
9.997088739705307 13.696424624336093
43.770738151660815 6.413360841221487
-5.806904339327190 42.146601263960704
5.997832340126958 28.057915231012707
-37.743205841803984 29.014117981958872
-55.393019886954136 -23.001124082421409
80.147777582430365 -8.245814382088431
-12.930177923339784 14.334946774294746
-11.383358851643049 -22.088690242696781
18.354790441663884 -10.567236421319018
-37.581753692240206 31.291098350419098
-11.269901929881048 34.580493202660719
-1.252336643869604 -32.307341787225447
35.526337626278810 -41.221640089806982
-33.261625494109090 14.441320256767986
27.199420436253941 16.976109550549371
-8.790887227484221 -14.103072243291289
-0.393457669839735 24.360253307952938
-30.687189639541472 5.998617371105465
-22.121996618728183 -30.118777789390403
13.690084296084304 48.367154120798666
14.037849969584952 25.397606528323852
-25.824034401643949 -0.745493959150033
22.349834002584860 -31.603315723379009
-9.008818701181159 -27.998471964068024
-5.641621385468494 -12.446726331952094
18.330928130354405 -4.356709542242206
-32.033820887959791 31.109631116156802
2.073334272501417 -26.497196710222248
-33.478399020493434 28.406453232813003
17.362536976791993 13.993677253927824
0.795864002878971 -14.887397385685402
-46.487179137059258 51.033549236678915
28.350425610811147 -11.303308422265722
-13.255410666796713 -9.139417452371688
6.123130252942804 7.259344738957966
-41.038733804650960 14.755426648407179
-6.286493281777503 33.268150139273914
17.735093423749046 16.648794943441562
-13.891451661646901 52.203182280944247
4.631114452902725 15.384978131622114
-23.070890731485306 -35.120473035368505
-9.409573287255753 -34.282539866824848
7.484299224438312 6.601492276905176
59.586475788987755 25.071542823792548
7.903203127233785 29.603883401401401
14.099848175244952 -37.014651889246657
-13.005856868041741 -68.299222386827253
-53.532931650175094 6.030781726905593
28.255507633706010 49.624176748490925
30.796717733287363 19.268407565957801
2.728318530086201 -4.265230400643451
-4.531440055728310 33.664392141876519
8.208657602209531 3.460471151302725
-14.972162379469705 -21.152033045410448
31.379186759365087 22.357346385497966
-25.814916272020831 58.017070023629472
15.524241189787347 -1.976445881826654
-4.270768889420396 2.665813460153680
-18.665292252070515 -14.971436648271503
-22.807705337532195 -33.595744293022776
0.365231770364379 53.816153111648951
-12.938102211614407 13.476207849827635
-8.998521379539030 15.454372178245658
8.608829677642076 -23.091198509676470
-17.839732168593009 19.646020867086399
0.442056491629213 73.554500674913342
6.277676750265574 -0.228205678959470
-1.576825864713636 30.673284533866909
-22.781454088538219 -7.071314099988637
50.738537243052335 63.462284927893826
3.945201483390490 10.062411057395666
18.409977739451282 0.523381269398699
-10.329891769665966 -10.246382329322584
-11.001460174821183 30.180415224503122
46.601699139433492 42.348881107443745
-32.665793469126662 -7.431748119983296
-11.858037493236333 4.321659108448271
-47.884800997851762 21.843446922674747
-18.994480615197308 -3.566383226091236
5.571639553764376 -15.816634566112267
8.277507855461787 -37.945916308552285
-16.988429702085487 -32.818918142777264
-10.112652685615551 -4.171268095563595
2.000864795873700 -50.873490125667630
-14.730124751388095 20.034215940102865
44.516125265077001 14.252425763387732
45.601165667638377 -0.619515188884111
4.669226597615977 31.198389988896849
-18.754009784316420 -27.068334002466131
2.585175600930649 -13.801361128510367
