0.000000000000000 0.000000000000000
0.000000000000000 0.000000000000000
-0.992545711876712 0.000000000000000
-55.876392008173674 0.000000000000000
-32.417952382758855 0.000000000000000
90.511831315352580 0.000000000000000
12.693921902256267 0.000000000000000
-42.719081092813944 0.000000000000000
17.948108391761593 0.000000000000000
-40.601141752765088 0.000000000000000
-9.103395354971537 0.000000000000000
-35.094483142437127 0.000000000000000
3.991418789933765 0.000000000000000
-19.607678255880291 0.000000000000000
-25.913454753770885 0.000000000000000
7.542109115069186 0.000000000000000
-32.128710641592427 0.000000000000000
-7.220617556801210 0.000000000000000
-0.211723559840331 0.000000000000000
-4.589747884415681 0.000000000000000
-15.180740335230100 0.000000000000000
-22.843777365293878 0.000000000000000
9.667334797654197 0.000000000000000
-22.576917758829712 0.000000000000000
-11.125026170498815 0.000000000000000
-18.513490919307664 0.000000000000000
-17.846608704504362 0.000000000000000
-25.029688928598468 0.000000000000000
16.900092996201348 0.000000000000000
3.795478320757459 0.000000000000000
-46.060693173595325 0.000000000000000
-66.061869237639812 0.000000000000000
-19.567913579507785 0.000000000000000
4.111370451254224 0.000000000000000
13.561684709364894 0.000000000000000
-20.990167011447003 0.000000000000000
-14.820459029931770 0.000000000000000
-0.720184487172114 0.000000000000000
-2.015778640900762 0.000000000000000
41.742114853611866 0.000000000000000
76.954196731338413 0.000000000000000
-34.620761012443232 0.000000000000000
41.421821722192334 0.000000000000000
-1.021153751689196 0.000000000000000
29.327716618625168 0.000000000000000
-12.217002690587556 0.000000000000000
-10.348389095818233 0.000000000000000
-13.458117188288371 0.000000000000000
-7.363439057619848 0.000000000000000
6.369423559289083 0.000000000000000
50.506677772538353 0.000000000000000
0.000000000000000 0.000000000000000
-36.349577610612883 -15.962376930428483
10.222322581122446 8.565655454638048
-15.915560542194687 -9.660378119156917
-28.608127138062038 20.430063882743031
-14.624554711675854 -4.965333114569829
-1.192011866701545 22.876396356310661
-9.142950660122702 -24.484065705144079
-6.278252630773022 7.181705003325139
5.276971312987761 -36.979464260315531
-48.576551404739874 24.139932639561248
14.983791654623957 5.160166770610030
27.699428398828857 36.710930673793570
41.786915208986727 -26.908733548291107
0.580368555523132 12.912749874979404
9.272812379055233 -28.046530517279052
-30.689086415574074 -55.478331530948054
6.280334299288310 -24.532316485147447
13.810054976235239 7.594991441332863
-14.089950256305608 6.269074593982883
0.968823505354358 -22.413268014138211
9.449119102417729 29.916953605204171
-14.648000718300848 -34.243764009460286
0.535857282326718 1.093379250851657
-36.486094168725863 -21.807360238313240
-25.485705989024666 40.678661911560802
11.900114964212529 -4.302766473241133
6.646542479603294 -13.322902103097308
-28.679970057510257 33.953275818513688
-18.576386235913755 -23.859677141017205
-5.064949691640457 -27.252486678452239
4.642872694616116 -24.025058702948307
-20.105733341002104 -52.262155898529507
26.285659179945789 -28.720534552813870
-26.261815259125495 -27.807172620690000
58.211958478126732 -30.045144012681515
19.492928294553415 0.735813347857696
-14.256066488854097 -10.218139033836154
-6.759681945280163 -1.861444857901457
-7.215351700879260 -53.275593307855459
3.991324208416827 6.988420805033451
-14.850712115018808 12.209377716037745
38.461504291143783 -8.779837221006582
24.045047397436619 67.919835556376071
-19.002155972068053 5.917256172039305
-12.365194941795393 3.205932741441125
9.794707487350115 -8.910430114906363
-20.772703349755023 40.267324918970353
22.758486865237966 -17.979591895562208
-19.169552721568831 -3.007132528772691
22.637670962856269 -2.313559989919113
-15.334664417560411 10.162900178293016
19.578368485554325 33.451769324963038
14.762308467763301 6.687048893276075
-20.906893088277062 26.343286626275937
-3.148085564405766 -8.442637522018979
0.578878947457549 46.714632432868889
5.566302646191047 15.310855091066571
-11.601964300776892 -12.694188055533910
-29.790094054014890 -24.569623568840225
-19.784659253323337 -23.394215332537851
26.184627246657538 -19.782503051981227
-22.320976358007403 11.957454847112881
17.193730097092971 -3.716239391885409
49.270744458728494 37.749500452692324
-4.830532958808131 30.925571084007217
19.072567998894755 19.590585579463436
8.095269484460417 6.910738085697332
-8.317963214038778 17.115023463651312
-18.093034551053979 8.992173210793108
-4.771732097812495 20.445471779935403
3.476885489493021 -12.727196488532254
20.419568362200668 33.644864536364061
-31.564257063440074 -50.529178845023516
-11.069227311689296 -2.806979940727632
12.397997382697369 -20.400332992374146
-14.899418629298717 -2.916190433191776
-42.288709266229318 -0.460353053702546
15.974239436110803 13.647155486344687
31.930778519390714 5.602664732592588
-9.003755565073577 -36.904929109111144
31.888934637805139 -22.110869485943660
-22.133687281546184 -68.112726957550592
9.815761759438280 3.024115979587206
-27.242897628463428 11.648935092626679
-52.437568030659556 3.467824669044189
0.555530395400309 -25.128831984865293
-42.274787108648887 28.008409268479735
-0.686735900330195 40.202259471514566
-44.682526638970081 -9.722166399184081
22.611217887914474 0.140204104724991
51.744181788414380 6.018126062900702
0.262438363022653 -17.611869189690953
45.542699220084046 -35.149902352434722
-4.474237517263617 -16.970332293821045
-33.540053484750366 -21.915845811343875
27.261810361833287 12.012849405009209
-14.101677579027340 -4.941069741309997
-38.224741462272242 2.353719324154824
8.715225308383015 -4.285119396270257
19.128457002455391 9.590965454425627
3.987975318586801 19.271068272734023
-29.949996987382001 -27.925188034131398
12.231897283620736 -34.581579070300180
-17.693926254047177 22.790558892189622
-10.758469677475471 16.930765217916846
-2.849178840908909 -15.735601526380798
-31.817343122167507 23.700513372068354
-20.459641948297790 -2.380760013020345
-11.761940070564817 21.731741608996735
-14.191251486018221 -4.170689650016801
-27.120168417804521 21.952914478979832
-23.699600642606768 15.091199075546356
-28.706644835182100 33.714946668431175
54.239998300835708 -7.009162194364563
-1.527971249473358 12.664142616581149
23.311082593672172 8.976418931299232
-1.050870328060494 53.400455782418732
3.280876909430296 9.230685814195379
-13.817817397194126 -23.137167924402029
-12.755851782280047 10.524788462660377
-11.496208216589451 -2.796421617421792
-6.834683605723339 31.485525961583679
1.003390527181019 -10.469682601700720
32.565383641548024 -24.433286220183511
42.485166064601671 20.076865107145142
-24.814817816893999 -34.160996343833808
-0.573089767757327 -33.485089327951840
25.775617582822210 -32.096921351238180
24.273867906475729 -23.006270709434229
-19.315304849249028 -35.358130515089428
-51.616704000017037 -11.626890372224519
-2.015575435350949 -24.814476364272078
17.203109830118546 -21.706263376091076
-26.379595999647421 19.371720377309511
-5.451391817606979 40.682989625878399
-6.565556491890571 45.493529001369858
-7.257177024474736 18.706485194040479
-5.248503611893044 16.715227209780156
23.136952561632601 -29.009531249448390
-15.790911432690578 11.544226670409516
30.395450161423629 8.007140639568687
-18.699849774240800 -15.130630863154586
-35.672242050598967 -3.189993252375105
-16.462834353706810 5.511721932824016
-26.206290561535511 -0.996728052885051
33.720427812762814 20.228345226745752
-25.208771102423352 6.408080017010282
-24.246395980527865 -30.152422529995036
-7.332675388088082 2.438311713369798
-14.042549307292600 -8.727352993231680
5.135499371862940 8.132297208716485
13.151914477553063 3.199914692910465
-7.018428765915854 48.757668798925572
31.828150253868198 20.354531966500108
52.547997536914302 -21.122588810390162
0.633794455476936 23.300653398852095
-3.583466740900492 -6.649225305680094
-15.260299483064772 21.721118871089335
-12.517378993331302 -34.160763152550182
-10.833789414173706 39.094963461782648
21.230620980182980 25.736982499166835
9.742556563006652 13.316354911333878
32.272469328977415 29.759745746091877
15.411940602851207 -0.061186139232509
-11.002735005679371 -7.264074753276156
-25.826567458748844 -27.137156842945455
-11.133668855579335 -11.147574148805296
-26.903195576923643 27.125304574824145
32.934381018167926 27.803468581263054
50.503454801932982 -19.560504644945112
6.863341781177220 4.294843012311434
45.455273948880368 19.198074471036023
33.701967600060975 10.645768651425167
13.924492422232909 -17.326575532940495
-26.738483832882231 -4.687352570667191
31.347840691605079 13.164458851509933
-4.402496051022980 -78.365007786188897
-4.885893275293780 -6.769380440305698
-33.768272579446212 19.991587365740479
-45.474719041608289 -30.602643081109921
-23.043304581527128 -22.725831565120298
11.051826846275175 -14.840577791107153
6.650033758632595 13.311805382843632
-0.192818760198199 26.877328735621330
-26.294741054453297 -5.987420788874211
36.993380952066126 33.949943872418608
13.522329193507966 -10.095481418471405
-14.803403791750913 58.679484306348542
-22.266241099536693 -7.849904237316979
-8.972885705478882 6.285631715151140
11.818160353071177 9.898497169420940
-8.178585038972487 -23.101673423114566
-21.188251501441449 14.307437974641354
4.888546288081296 -18.034808325967116
2.927839646843456 7.261765023468775
17.336001611719681 -10.208201313587653
-19.426723181185501 -6.564585200030715
-13.482993227482325 11.603343812308566
-0.174438504655834 -18.970639552054429
-3.482884781854191 -23.492081465102846
36.839345900424071 -5.055445901539483
4.241116503895448 -28.376929478986181
-34.371925023719079 -9.267379672919809
21.690720270290704 -18.141363498156881
-9.141327167100016 -4.354829097622187
-26.699048272915004 29.812020266719543
17.988909427108709 46.783355977646465
-10.961868582371485 -6.108845967048830
-39.583242738389941 -6.040747567450508
11.818268047459265 21.369374182543517
32.835951425807920 2.939847430681549
-5.332471664345597 -17.070403627460234
18.933107969583833 5.190129088261563
-13.054789707540747 10.418238907040591
35.041755702718262 35.048688397889869
8.344223788375274 5.272846646762043
-30.397287731230826 -13.308975153335266
2.794936464083243 8.060662386354535
3.039663281552843 -6.250726463307145
8.139092219527614 36.632077357531863
9.878981363359802 16.997586598912051
39.493292412744637 23.597138896985797
17.181624789209401 44.202488771834240
-16.397557938169903 5.845712934323246
-35.225178833106270 15.868736494929042
-41.360792875988231 18.602156731216155
40.016657656695202 6.744086617985660
-8.721911872069084 -13.563640363076678
-15.036470037514265 18.890259819544735
18.163176444818756 -2.235604794013024
-24.573490143664685 -14.903285772657235
7.424154830431046 8.386018020364780
6.006723998518294 -27.871982261492320
-27.479518332928791 -43.335459515638902
0.606239128505908 37.872500241679774
-28.409310744322728 22.324133035568710
52.908491996489296 6.033747186230372
7.233473823501464 23.545914063974884
0.966301593132955 39.681732540361757
-47.555299025104311 -40.032829963859790
-25.250579177334707 18.097540906302687
-23.564727317856175 -28.985198625739482
-37.424350733352021 4.346020002141898
-8.150883283872544 -18.688990979920863
21.886464121024630 6.059976201763615
2.368723279111097 -3.097943331454162
-3.989595089475124 -12.751770706041500
26.286821009661285 -9.171188451511428
-3.118258428262322 7.895115643631151
34.620745192145876 -6.673006996429874
11.082071173459109 23.490938690064240
26.742977084852384 -13.839233609828639
-11.003080925713094 -7.991366647816327
-5.534363480298651 -6.388565532754270
0.891437183405284 -13.394072106453482
-27.555230481018079 -12.073400302775093
5.129731159431094 -3.183199751423923
20.931000886582986 -11.818217434201097
-11.982647050449168 19.050346124767284
56.046770413012311 -0.816234210075149
-10.977380673324625 9.232829762449578
-43.683080364633966 19.264728627538023
-53.503860300928508 -7.464316125879876
39.595437533398893 -30.086070634205171
16.241002174838073 25.472801168494890
-16.222072762151868 19.715185108173898
-9.101051300792436 41.655396197828452
39.598430017304885 -4.169064801662470
32.218914611881644 -3.096355234296718
-23.597664713621668 -31.389461037961532
19.500542898209982 3.513229114757500
24.385959230065566 4.053630494033268
-1.437728829041325 52.369536134017501
-30.030053650995580 3.645459259847714
-12.701186682471242 13.190367129411635
15.077425303451117 8.895947341087421
-1.159101373075224 -29.645756210192694
14.883309631365876 -9.202019765496374
-26.440952117571697 23.207042709167073
-46.226549082794193 7.992272870013285
-20.263870579272798 -11.707404776430721
-11.631905419619684 14.615139777559094
-2.498843566314744 -5.018723168625279
0.688574256299246 -16.162601694201854
56.725429945090532 -41.668322387854268
-7.377145791688569 9.495082725830366
-29.748501491189710 17.851309598061160
42.578573393883289 -22.685320270267365
36.883822714257590 17.470565522684744
-9.919075102872867 8.836592326788804
6.864805304793035 -25.314913199085670
12.787768058940511 -58.698947463305728
-17.932732789063067 13.285191471090634
5.246264276904657 24.246081011717866
15.079131197581555 10.615114536990037
22.528934402026497 42.646453112360668
3.128803939945065 20.675093076761112
20.537349149700752 16.095020446286991
8.350578263898583 -4.953645388661396
-20.514326911890180 6.939327814782284
11.442853775402360 54.663546706924748
-13.260594541340478 52.428630316627938
24.242900801724236 -7.140102046219297
-26.559890820636834 -22.715413663181408
3.319122480515410 35.309884667898146
-4.747873714011131 -36.661446789186513
-9.677501396398359 -16.937713140754578
17.614668728860124 22.243027075950049
40.118331792819120 34.328562593303971
-15.483173027480827 35.056971900870437
7.325979589059850 -11.879727544725416
-36.703825532708692 9.132651612944455
-11.708623450810071 34.822906793465989
-29.678095581684389 -5.887896057959568
24.276568883614026 -0.107026302984623
-3.052128058427483 -14.216865058801769
-11.183854496701009 5.349567319561223
-21.293439893703901 -31.175043035062654
-57.866264812587701 14.551246566840085
-27.613058581652396 -31.691576923598248
-6.743960912156601 32.278659332226532
-26.127821113320820 -44.377534267287494
-0.367977712747802 5.360858729691775
19.535370871322748 -6.662454886704634
8.248542938161602 11.798987596206626
-26.714902145897415 13.726139735140327
-23.927586004143997 -32.140131354845728
26.691926561356546 7.473560370922463
-17.687974059553365 -15.165155769616167
17.879195800040012 -13.039226550551588
-0.804542663465363 10.190242700912739
-43.540619759170170 -33.160092150685479
-20.059064681163765 14.218585618207630
-26.727737534234112 -28.983181352158166
7.127967206395332 -30.730411087747019
30.256307225622912 2.418047638580432
-34.820932898023536 6.690529139659933
10.986814120048153 25.527705055609864
1.002706315740111 -17.603811627653709
29.832415922983500 14.985422327947472
6.199632842035443 11.095009945844192
29.994161543956665 5.530025116813972
66.203010509300270 6.924195904612516
-6.215868973187918 37.509695789812177
14.566993587350144 10.250942883969868
-14.999548643462777 -38.526724077222411
-24.675151324164464 22.216241568016674
29.831497446738776 -2.756534122143871
11.291686752586781 -32.738918041496426
21.590736140447909 -18.521314169069221
-1.346274782574856 20.791480474327518
4.662094917818321 -14.220258763233723
9.750986692706640 7.357553044263481
-7.488584346116398 -31.684145062963154
33.830574900621059 26.651685298623217
12.043711568976901 -4.801060689082221
-74.512322824302970 3.291928182346423
-1.405319536053753 6.658484930357438
-66.359532567601917 -22.429926354155970
-0.487192662571487 -69.576506455914782
-34.309127226351904 9.782895717642512
13.185752010486317 -43.692053360448938
17.479703010862178 -20.536962194235983
5.461350780227860 0.287666092405991
7.572951242881943 -26.163000877348843
-32.118213072554816 -7.227014281275620
-33.569290324243674 18.748712834915239
0.660714359447234 5.443078531638764
-4.099308516932870 -39.103334664622366
-44.622650088566367 -33.363214764195050
-15.915715382902096 35.000242670699102
20.243471171479708 -0.194839721107564
-17.696579893549931 -10.110588901179781
-6.927514031587006 28.189118497874194
-11.259475881283413 -33.241684688650182
-24.191058979160999 -25.497266372195568
-8.153690880712537 8.245785952045029
-1.954950028366619 -13.997932308574244
1.228990281738099 8.520592459249595
31.752275859071009 -28.852237258961946
8.980556282269642 -18.706689309578376
7.035688474179175 -11.890149507817336
-50.352647958264861 -9.153951696140329
6.996883932559883 -2.872248468282039
-2.299430345537633 -9.953047878742700
8.089077100675921 -36.474151497718339
10.655050015915194 -46.576933172191715
2.614875125299329 10.038563923224562
-3.569447603887185 -29.971140105480732
-22.248545891038958 -56.938340319683434
47.208768812721082 -39.225298390866023
-33.360816238384970 15.318315936467243
-74.714975178814157 -17.693108670423879
-18.447447510890932 33.933093267356568
-7.959151244445099 12.695253538306863
36.569676410363357 -24.113079241539431
-15.451059737914825 35.256970202291129
-3.623587559111409 4.140498190424381
-1.995714443737755 -26.719144958086410
23.047657261514630 28.055160861625414
15.348981754861997 40.032557971301756
-35.734899906812011 3.281269434341912
58.898003643518337 -0.799376177722286
-3.063561179200879 8.214811746763919
25.050355689206537 -7.263955521544931
-14.436098912391166 32.113023491139550
55.453438216866061 26.480043984174202
18.223685797902245 -18.850681543831495
-29.748298947827863 -26.207006372154591
-14.462182723732036 30.203594110355780
-5.018850557059460 41.910824473379407
31.191874803847323 1.003060107620442
32.123954442403750 -35.895868751416735
6.164214922780114 8.360093529680952
17.348796630249236 -2.639509387616042
44.538375480234990 -32.242391211162037
0.683277460860225 4.863815925029827
33.861422971325105 28.343200435477513
0.893532526483506 6.551174626024029
35.908967295657853 5.314947823701194
-7.274847740764210 -8.518119009417225
12.164469766043315 -16.063084313694340
52.187271472706527 -10.720245172339261
42.179479596486452 22.914925351790675
38.829872393323043 9.492370202591840
-19.321769556888068 -4.983457152519280
-14.823008885986624 -59.833639701721253
-22.414315770805700 2.698466864489756
30.097855984660974 18.368035766787610
4.704835477276015 11.864617718325873
21.584455802612066 -25.118063990822190
-47.393822895735255 7.815371802623240
-20.801955783108632 4.358081249649820
-42.083353724050895 12.698972252202395
42.824094473419130 22.111195463504192
-25.184744647637210 -7.242627459735275
40.371156297949106 5.523081704086485
23.605437914679467 -46.079434982625926
14.401222114106993 -37.155437187708280
-5.779256130953047 25.267395822792327
-13.226827284056249 -25.529681486727011
-45.051572015189507 1.271900873592338
-33.353499226439503 22.152121213489718
33.554447028613204 -2.524895918292874
-53.119048171612413 29.078816622374326
4.733670734380270 -4.192056805888730
24.937524481336670 28.955162608043739
9.411407688959310 -37.468802406173872
11.637815295423282 2.862941739174007
-72.182315561455098 46.677582485766131
-41.820887199503495 -7.841381679001151
60.745083797118561 -28.585859690562543
-18.224382482696722 51.564035530682126
10.899172970904162 35.050281313083552
-19.618520857566530 -4.806099684388629
-32.247320040351681 49.110976565757731
-23.959816287577425 14.350521863205351
15.793296025254573 -15.363892733227814
-22.864168549475348 4.124412621795248
6.677914696231553 -18.903352271584211
18.071629055465770 11.990022997380050
25.736639909884108 59.566780811406268
-3.496994718329185 -3.389015032016915
21.640211865744156 -24.674880283171600
10.341260269465343 10.156540489079296
14.767578584939439 19.899668995995253
19.924880784870545 -5.665248394212485
-5.187548760298529 16.995125038582472
30.782308558336592 20.384594967148544
-11.125291174335832 20.767070509331987
37.625671271730667 -29.980761704633299
-23.524627539943509 -31.865040731980212
8.527658496730970 29.239704487024920
9.529517978290734 5.855904281935663
24.320886450162305 -57.840168918409496
6.234491268422605 10.988455513489210
7.523197194042740 2.134138209710207
18.673380410901867 -31.616155215402749
18.803803162463470 0.132512004686996
22.119271996226022 -17.367428532674619
10.683883272726106 1.261901906273879
12.853810853166349 -19.835035119304127
23.830106630065337 -10.624469916452318
-0.664064453602835 1.924736974475988
7.098528884415512 -65.879184043517014
49.145184955000509 18.064995780479276
-40.904107904536588 -39.574831876999141
16.858440394098452 10.485075389933710
1.099972174978459 37.904364474629979
-29.543417240878796 14.085519467871096
-4.254231144964341 -25.063138507906832
50.730298450559808 -0.884884773243811
28.533305358356241 -5.901343247561461
18.430468221831234 -21.075659993842482
52.999779791266548 -12.250266006815229
13.047076871830734 1.164282429309663
7.038871934037878 7.452498385451188
3.871225119454481 3.605680395828736
-13.545697453963234 23.141975376986107
-1.605890580761311 1.496245715214392
-14.446586503734677 1.843863258687499
-14.977767426738019 1.196991097146094
7.671311609819598 -12.928373610710130
10.969885540989385 -10.834642421850118
-15.473842526997155 -46.632269649411128
-17.759802923748190 16.488316204586365
28.268205597667031 -12.715583294461373
-31.321097658546964 -27.633461650195276
77.512883078204453 21.261006261052355
12.406737274569142 5.819227587384393
24.122672363118202 -47.433584008124626
0.183861770810710 12.260073242626486
18.055018154994332 -20.599547922901817
25.222207860830199 -22.263273347206081
6.030478286138697 -34.390718139685944
-10.858029487634736 13.508246281916881
32.158097468069215 17.652607287445527
4.257152800626050 -12.348639128332660
-12.104227600672441 3.558842939768249
11.095993905461397 34.285139163329220
31.178514387969649 38.313152129395192
-13.144915828007777 6.503122875342827
31.413194411837257 -5.025783239855395
-37.629235000302387 8.905821465141875
14.530216367819817 45.185733910610679
-18.165832865120557 1.351310277827664
23.223312423033235 7.800603146730708
4.138811587277307 4.416595606499797
34.437369322260189 52.597835415337478
26.041833069985660 -8.731904431641277
-7.611983621873563 -9.657540349108945
-39.269153733210707 -9.038516301481440
37.361029921115133 -10.479392076527096
-22.518937951215271 -30.905704741681280
14.387658580045569 -29.928159243888320
-9.096679847730266 -31.099939116966187
-22.666654115749871 -46.075690100652182
10.442986360390899 -32.392207370444460
17.890458528223860 28.444505318034413
5.773909897677050 -5.714537182942338
-19.898093705874366 -4.291915619852722
-16.624291858927567 -31.496457294080592
-22.086807865221147 18.417514399833475
-3.936229563273650 -13.429439038764892
-0.208207699421161 15.964842050838863
16.498960703566802 21.106871954592940
-24.895576728292635 -19.083176541821057
4.657256023916356 -3.329322981127602
42.221089751263037 8.559749881930856
-63.598663175781667 -23.554617775335267
-1.653548447962640 20.026840207062339
-27.892435697644256 8.109717935535404
14.799325242401629 14.794256759198246
6.652993079026638 -29.459858661976188
14.986263252577572 15.505413656974984
2.200732272368833 6.518513798554663
51.930450308186494 53.244469049451006
-14.008255886037897 36.132735213267843
11.640443865726214 -22.417188537137022
-4.599754667964848 -54.446422252942199
-14.129214585898902 -24.822827057204929
4.862308535476362 24.448220428516873
9.482515517025098 -6.570656285887348
-3.736717627023283 2.258071345041624
26.610376640816032 23.931168026282755
-15.086406474876480 -11.232222654488579
17.540818593254397 -39.559082949113446
-9.894424467653161 30.546746906102666
-26.823802121930093 -36.689249036900343
23.628426820188306 -23.386772362744267
60.116234153106376 -27.615630201461002
-13.261114694441108 -23.771918364486368
4.877804497348269 -36.263618711190233
-31.430676690452145 22.695542744926602
24.256212403450892 -7.043765221369543
8.916571349466601 15.078052579961007
43.736556303339931 17.654372295274754
25.311665774539168 14.760209916042356
12.678745651619680 -29.642757188043095
-29.995930811901538 38.391924747486485
20.066238831146080 -8.362880565702687
20.095738926179813 -42.420610104773104
-21.305558925542545 -22.463497065239689
14.914719908744647 1.435877487937750
-1.287090430683976 -26.575648428881387
43.870684846791704 -14.152263108071462
-14.428815534690779 -6.694418667136760
5.679607793142242 -10.548799330187860
4.796900522993544 19.161125651544392
15.513898652602460 -14.102295957488353
12.362977555127575 18.332889809084978
-26.674105995087192 -43.228019424198997
21.313228946423596 -1.718151536541113
-11.556985266597009 -21.219012154331782
18.652673983683819 31.569588663363977
-6.601128899637403 -16.132265032917100
0.288861037005526 -4.784119375009738
4.538679591893533 -18.837146079675890
69.144373018800266 -7.867656357086359
-12.743060448345345 45.622219812184390
21.138477370326804 22.121497189414793
44.195274031901292 23.667170157697477
-17.746886954637091 -5.524310551831150
-48.327126578141090 24.922033053945629
4.233737769622183 6.656216303846373
-15.326317313412600 -8.487255004308532
74.947058911652022 -8.660439327361688
-13.029093607929070 3.860031986801909
5.324060040040910 9.258826918860487
-3.643881708429286 -6.843542794254820
-20.876711515010708 3.582493026090575
-15.324348680331978 9.816484844381685
-1.542314899901035 9.605116328084424
0.326797860526495 -3.729922426953452
-13.944616765817843 -18.326028045935590
20.092676101026552 5.975062434868482
-35.953269991864850 3.420826327703581
-20.435705966020663 48.608782296656742
-22.373833338937036 -13.612787220808929
-15.623978283322685 4.496001572618243
-32.300576973608862 -1.862011826926092
23.383961761603032 32.201221853406103
2.884380267602165 0.004956624504889
11.345243551705961 4.404399092153174
18.215836246742587 32.398720537343969
-21.688633763724997 37.405385516759985
-20.007102768034404 -5.345193340144360
15.955746680143019 -4.906110423387264
11.719069152529343 26.638705754300172
44.906045441350010 35.328382375395904
-27.142956864633629 1.923628075565545
8.404401871369030 -5.700823117336701
-80.669151667434093 15.502325260861458
-33.740945070780924 63.536945814843477
-59.092794318830300 24.470027661696928
-28.424761463171045 10.461325931768156
-8.442430210101497 -5.689335107705110
-15.710305014246455 61.403581607901977
-16.625071005575673 30.272615327969714
-2.414968776641742 23.234944865159061
-30.219815726751651 -26.388786846381684
-3.268791738584686 37.100833851268227
5.171090271268270 -5.593570543569480
14.078842453218417 -9.357781286975111
25.547979816162222 52.808816197354766
-26.191341012796720 -25.893715650667520
-34.064479395280237 13.844503573718773
-0.785424135468335 -2.022914487315366
-28.131874467031164 -11.322576251513153
-22.450217009098527 22.781742686622803
6.038282727180618 -6.373300789339693
-23.416390365895019 22.235916722117047
-9.747103029928450 -34.648720968624005
36.484620117011858 -28.190243770465138
-45.143464386138177 2.882186796565903
-20.924176553631284 -43.977570114484259
89.758401123125580 8.970921346304701
-45.255902820751281 -34.925013829570439
-43.090893315566923 -5.152799354161819
23.688766895519866 -5.840376016230134
-16.210093539338605 4.379487214089005
-4.161136560350993 32.179002132436921
-8.924522806123178 -15.686792978363934
58.497179998549186 1.892958825063833
-3.415866497882657 30.492216338766479
-19.543770431199796 -0.088760446006964
-6.241914671184455 3.822583482518587
-5.102606488879807 -25.131830573041768
-42.989169801404692 -27.098436494429841
-35.905797100999649 -21.001894201144520
9.570066366385412 -38.292840751578524
7.885495074468559 -40.883387136103011
15.569500234218074 28.521526399441296
26.802971554732704 -13.769954319092202
-52.659405066351738 -12.666623576888490
-45.685629120873550 1.151949903148088
40.428669181473630 3.198605258335783
-27.094109360966190 -15.838686129839854
34.634207367868250 14.166691650365760
28.701326730791692 9.908256920412729
-8.605226986153397 -27.402443010517864
-19.341258279524553 -18.580441462655603
42.122776952837626 -10.846251312154383
14.370507983064646 -11.257538960946144
-0.461518688616709 -1.247342328643070
-19.919583669422902 8.185854851820496
22.728679473989608 -36.344320133473254
-3.714603319765485 42.019895897057417
11.848152340386982 -19.584549089661390
39.735931631681595 -21.414696572460947
-31.950881666473776 -30.544445058160619
7.851690540304896 37.869137858451232
30.432435128079796 21.652765791433591
-16.864103824975530 15.467879960595717
33.217166484102179 16.055554961695659
17.450901982781026 26.264863384786736
8.900258521145435 10.503317171859335
14.037908760156691 -20.056271285875042
-31.391466407820221 -13.108784081667032
-2.305227215259885 -19.579280905423911
-63.910306323507818 4.304071501287553
10.930572686347666 20.745979565382545
2.531032750468663 34.538907814761195
-20.565221093136913 -20.370470823104359
-32.652365128446498 -36.468116935801255
-26.881759670895878 63.983311505503103
37.250145645136072 10.169888609329011
34.678425202545164 23.901377826230384
23.535213263954262 6.412769977429501
23.744340693038282 13.187165563807625
-26.051212593868879 -25.043858178084598
-54.554568627340736 16.618776578933559
-15.836169258570200 20.562721335517722
-23.987608409841016 -27.407806995100561
-3.999747207563912 33.375471597444175
28.045008789586319 13.818035412729245
-9.398428704858615 -0.029418666170819
4.768492393150327 -17.393345258788589
-27.744096609088853 -28.852148084331699
-69.536340799643668 15.471598220326413
40.786506929301780 -10.287217611732414
3.241519911917088 42.234268316148736
6.200470462336892 -0.654588703835801
36.282720429928730 -27.573951273734703
-3.105335298802783 -39.002504874799520
47.064259601133280 13.058313708508683
8.123316412360102 -14.429904523767410
37.833686675459795 -41.725096698383915
-28.758743776994027 -3.727977995456623
-41.597477080145730 -7.840367173744600
5.040557446439217 -38.422045985545040
19.978874365516788 40.059256846944763
-34.518737066757055 -1.328771411878337
-14.513014899258957 28.843979649397205
-3.379275448618761 12.987511755414282
5.843054971714082 22.434864023527336
-2.670369578657456 51.505549271690469
-81.402018058623213 -60.439479094638870
30.168097960066198 40.248986002635810
31.562355635697166 10.837942409086414
9.762025962096407 -46.182233845271057
-35.867802167644719 66.991638644250699
12.926545439105727 -9.783997789444266
7.047219463681006 -52.066738553182951
5.352978168407301 -17.239222642855104
0.985166274590246 7.291588131741769
32.226945823793038 19.220731679393683
-11.177155482572463 50.747323381093004
-7.685769017969988 -13.876684649295665
-20.439355398532747 -8.965901427867994
7.564819888451003 1.494964207574093
22.493325327984977 -37.903269090085388
6.486633048742729 33.218519225793500
-45.045384279384905 -32.848769999851584
-9.346547892328283 8.063012147887042
48.527382484642409 -11.910062312362191
7.303598643973151 2.749270538690668
40.278793034260140 38.994698902392564
-11.819359531506509 24.475627569411003
43.355546104981997 6.496713920628646
15.716517689665126 -9.311420645201986
-45.634928208253847 3.259871660605258
9.232420211763591 33.965741840991519
-49.984699973357152 13.475891388402577
1.057190802441684 -16.253829779061647
-3.778669070856565 -7.919346796098386
33.494209202718821 28.083116209940631
21.614087568015837 6.292963935240546
-4.037109427926445 -16.062734410004669
2.317530451886470 64.592578513566593
6.630473289601644 9.102096371983452
-31.752008833606450 11.235345245836182
7.475160904178088 18.161019651776616
31.693516077894696 35.407374932437769
-49.720627749279281 2.713550190772636
-9.801065458179989 -2.516706888430670
37.532996807193086 22.317108724254798
30.035430524808692 26.128681988475513
-50.898631145796472 -19.204359596534996
-38.241489697100427 -2.039474623450845
-9.967052956547354 -48.806675287310249
-29.085899110851368 -11.760533788794490
32.312928184602590 14.036338840664948
9.501955274747486 11.325971703266104
-20.273108343887106 -12.193660685121982
16.256295403286241 -9.109509408826131
-22.638209259091219 13.457280662580208
-7.492494578069135 3.352680922997164
-2.017096895309356 -23.847837902160759
35.348608754944784 31.082937092642865
-13.260326507264793 0.305077352881690
-6.704734585698112 -7.998362879561473
-1.353532561369823 21.809674956316329
-48.174125174056371 -15.526723385822033
20.252984991954008 -0.584327891686312
3.672502361137016 10.674540827667215
-8.231163807109024 -27.703532056560729
16.066589558037872 13.777147099679619
56.303493029595870 -15.974380781970172
-22.910348506864530 -18.918715537409533
19.423986681097130 9.091943927110943
2.341841773867843 7.642796448313770
6.490588364410870 17.008721591274920
-1.575159704700776 -3.406378718128684
-31.281669268169637 -23.156221699137699
-9.473331591052096 9.776218076863296
-2.138914754342367 -12.503631102615374
-31.225486820814588 -24.401638715313233
20.382930473465056 31.314968847953132
-14.199536041874968 14.536609859851051
4.592630551508367 29.172456750866214
25.543981934244250 -40.092926296411029
-19.931312753165034 40.059454638473404
7.950321152708563 -17.152005211052007
14.752337576593792 11.928108070783784
-0.351355113343683 16.008085152992980
43.782207253481552 22.863154439239803
-20.445246037847657 -8.928289246379949
-14.211413262144216 -3.718292806695981
-10.475157306536861 -13.039894579241862
2.524128522152694 -4.724345335010808
46.301878474205751 -14.978404901211659
-14.859761213428945 22.937773571053004
-39.139945804479012 -16.560755714285889
-46.217684644320123 -1.183744051854362
-86.407466560820694 -13.613654596051546
11.416818421314973 41.558565848095732
-17.893396513387568 -0.259485941245546
-20.721456379912038 8.215739386044893
30.598695074413012 -10.643981050125010
-43.237009064467564 -4.401921545315835
-54.164334553389864 -11.574776028238594
-8.732208251283391 50.099182275409248
-11.429418386020034 -33.298240834927604
8.642688834712859 13.861042677812776
-22.290179406987509 40.437222959113925
-22.103046570186244 -34.568462353432253
-1.838593935596046 -36.849710391664182
-38.234855056034114 54.131282824019699
50.988896976980783 16.649411195546993
23.118474153844353 -13.112949486076928
6.024993254410172 -4.403259035104054
-31.020984572263497 -18.490408437993175
-50.925987255398901 -12.705415474706836
-24.626285115879316 3.442757123638270
9.778314780534092 17.489512505320008
-2.017158721350170 -11.175214737937965
20.711132009234898 15.418146774427893
-4.146265625923654 16.405598466508110
8.493171589625440 19.238208354753535
34.285162575160697 3.996143247416618
29.549274533939389 -83.563522136859291
11.181848387398466 7.059518988100287
-22.218062663843849 -0.005161661683426
31.813930687545039 0.933748831556334
50.558574951130460 -9.870126274759485
-1.056794756467687 26.849508995831236
46.537014126892721 13.372166554781082
-41.365120496261881 -34.084947984379397
-52.062653696635188 17.931044987714454
5.956767967672109 9.320166414728311
-9.265194427571810 -7.111790088609765
41.401845776453776 8.359366838284563
-32.052746515242099 -8.565861986235523
32.459099654662538 -41.109155321252217
15.919164011314297 17.088146504697605
27.122839458662551 15.858457802253312
17.274307911226838 19.746920248733911
13.995278933586430 10.282079590216501
-19.543285937908426 -6.996393156301492
3.435364731889516 50.984652421280721
27.687364211607498 -28.009348807333208
5.870606323774879 -5.876651604041267
16.791083793273362 -9.909436342524307
15.586135282427881 10.116035863897601
15.447765511857451 -31.224419035553328
-29.012529613954587 4.804870062787177
4.602711827710966 -9.483726328169242
-3.339399945736284 -0.747307110871757
3.402392588125827 -17.952997627172586
-21.054231665845425 33.663499400511228
-26.350064276300369 -6.699535254309486
-11.995398865024676 6.617383807195148
-21.096744988905268 -52.377549680470274
-38.108913516818248 -13.389960615172912
11.771674078502677 44.941246266910554
-25.446960855585466 29.583745894831772
-14.194239254903403 6.484827278966482
-21.334568067188361 -20.099256021436592
-25.365562312012099 -26.996935143316680
-57.452991758655564 37.045928221895387
27.972141911788199 -30.948376688923524
-6.580608485924742 -21.255181184969654
37.413763645850416 44.810354060181858
10.139182243417997 3.407278205416898
7.019747476332551 56.643263738817296
14.796687919634472 -4.476258145410833
1.098211223072722 -4.602631231510194
-14.157180152203146 16.924911997416960
-27.994640637831765 6.503475598317069
-21.125563871700169 24.675633453874600
-3.715267025972869 20.581467645779444
-0.056893558700815 10.280787263097215
-14.108359551972381 19.468730724149076
-3.533677604536047 -21.994565212714164
3.445278198985825 -2.263405387335938
-13.855891037744332 12.680309379956844
32.999712472874478 -15.199263920773619
6.926730259679450 37.304778894744793
-12.209090264224901 22.690500654012798
-9.541022452015746 -5.975375422184456
5.066666039353493 28.451153726267613
-25.554735501193733 7.949992992769538
10.751254011648403 -4.379661258959864
15.825545353578477 46.067203330356151
-29.131344024652464 28.765602053396051
14.445413433776324 19.164796670995976
-34.227346217453565 13.832081859306500
-13.775601858840989 8.880166296003097
-14.043513992923568 17.231950660869213
49.381393749638384 -16.459576598123146
7.605084837582817 -13.282750966933484
42.394480422902511 3.343018727709017
13.955760550850211 -4.000005104220437
-11.971740358762577 -4.378794519995760
30.735124880679713 -28.034105344912753
-1.712467589524473 -8.509677933368634
-0.347238222250016 4.103051571373913
30.267586071910003 3.024574870762972
-11.413350448969624 15.411553276023069
8.536854614449002 -12.939664471086230
-16.100608286872244 -41.389235893091232
-24.124949850664208 43.108666072781489
5.061321375904703 -4.585530915089772
12.609919771386709 6.557187697081232
-4.877223262446059 13.014595435739224
5.057836194218297 -2.192148815743971
30.366968694771508 23.512557820549322
9.984951638590898 45.901231504522293
8.934225329946427 20.108997823143724
63.714918059908001 -19.112814511802622
15.134436336491341 -18.961393664862538
-16.355341028534898 34.346719126973341
-6.829410101625236 -0.680322528372948
-18.301633572740077 5.799887463581554
1.460557062821697 -38.215997206801283
17.949378846198066 -33.704703647996055
-2.330666028055531 -23.636162744100268
-11.163184564202666 4.477924513466148
-11.623993992509925 18.713367346417559
-38.311607884723607 22.394831750024650
-11.146751960588309 -5.447545356648480
-14.433635199729556 -11.741642987226513
3.158323757397073 -0.189043482011035
31.669167614943554 -23.617422424576166
-46.535766105776531 8.506403414857221
-16.169816475536788 30.760136836035851
29.842722354701277 2.090059490395922
8.534181987006090 42.103869872074888
17.827432277861408 8.331333285486124
-26.423366677611792 7.346130595786165
-29.004648134355328 20.448221915408773
-30.026004562500685 -34.179119811546059
5.445885704978958 27.015261674192601
-9.985270519411271 -23.767848905797994
18.299674348186880 -14.989303429540119
-9.342555241394823 57.100726382720197
-11.578159552014004 9.632701441655151
18.930223643821524 21.809667004369675
3.258865698616314 4.389192297031053
-42.611631475063703 15.335504610454388
17.656299195053997 -18.637050356344623
-37.310817188347229 8.665384159189193
-34.927493731525445 48.278309705434040
-30.280188510933485 -23.791022580620822
-9.033489679318929 -20.018485760072533
-24.214658858729020 56.010704635441115
30.142285511761045 21.906386643445042
-36.025276915609425 12.346426164600775
24.626841156586917 -33.875715592202930
-24.160186443873528 11.160685818973098
29.693826229676016 31.908302379968415
-26.621818393907802 18.573052783631194
18.951325330640877 12.168656938472028
-36.861398324351008 -38.814829920296638
-2.598605770397724 37.348137999639953
52.868379195116695 -21.584972541852224
-0.821021408037879 16.517805527811767
25.150724386932978 19.628471483918016
23.188880692710566 7.741416580636509
23.892123507857512 10.267012597781751
11.867035671580648 -14.636893306014425
-31.624714727225395 -35.925139491312436
24.052942240147857 -14.360341541148271
17.028123838840056 14.017579794253018
0.569173476400768 -35.254882652270048
-8.659000883024921 -38.914331270470413
-7.890453415295631 5.938384161582971
35.264747912734947 -26.954405311050884
-3.469608794836207 8.988317589579488
42.191655354755333 -12.684986829228151
30.425900019274582 -13.901924461815360
-38.875712553734182 22.876096761668606
-36.133633856780065 -18.728610692122160
29.738440185105677 37.183962597631968
-43.787895656176332 -1.310528665944436
-29.360831923311036 -20.421449250645548
-2.159926818584860 18.409797212906721
20.845324828962326 -13.506451590433185
-40.783187660310197 30.269301202833599
-6.735218559611469 23.182802872303746
-2.425003502726165 -11.883078529744880
3.761053889523129 18.003554017274471
-42.146055761082195 -25.867909605529952
-56.837075334305773 -5.366017395794541
-26.941305357606296 23.190416867785906
76.638366950232054 38.929585966422216
3.672830856291687 -29.478242118455242
6.493706645914528 -6.648180493097828
24.439150539544528 -29.830985459815086
-19.936322338385938 -31.980189033002986
38.343818910730675 -8.492986675240829
-20.660971700832601 45.083658292228236
10.870471329903323 15.910845980736678
6.516337303161506 2.781771447080596
-5.971190624800983 4.745683447529314
25.886306249077354 -51.280288132626005
-55.485571717060445 45.857220940393688
-2.382535760669382 -35.832588632847674
-7.118438482193318 18.298508205133150
21.111633900274036 -8.548038127551516
19.100078611411124 42.102109062666493
-28.963953073193764 -38.154447727440086
-23.838092791992874 -24.022061769075378
29.597233585401050 -16.879735459841019
10.705253905125637 20.369940996096933
13.704595231080138 36.394731352828380
-0.674464185314221 -10.776628210630832
17.980605084980816 -13.232987338400127
-16.842602632569722 1.101787788981457
15.035317028400428 22.969305123972564
-20.421417592435109 33.156242243272970
-25.483988227494347 41.593527604702828
-6.103801176665235 3.511918143869536
1.158699606328115 -38.172560671635459
-11.116224813021320 -41.854814664244017
11.529799396986162 -18.580021205662288
4.947432993976893 23.651699122163812
-47.544742512332022 1.470774740997841
11.653398553859931 -43.357505332601747
-6.953085646671166 2.630529783612331
-9.231021804642507 -13.011051851179751
-8.695290507538562 -14.081582956414266
-11.041116728361418 19.904773978172749
-25.358673350209504 42.411190307141105
35.217006376435059 -19.176486215388465
1.712413490982244 2.855321989525501
2.178884746261201 15.625625526298027
43.207512666475566 -46.080540823374356
28.695463131950856 -22.977177980696823
-23.825370296322433 -9.245919106187314
-4.751816425169983 -10.291742686991084
48.321272488268164 -6.099322085713456
-16.643804180553964 43.504264441587644
-12.082722223680548 -21.748194566495680
-13.180077792459871 14.716326930600156
-4.142904313051424 14.250203268149985
-45.415758689020443 -39.820033465882332
2.547869338982568 -10.224184739408445
-18.104710180051626 21.613090663949173
-23.029281121017323 7.671902074905583
-15.411513996789159 24.658170132478684
9.202474297832431 -21.396883614488871
-29.238361173893534 -36.979627934320803
-13.610221786805983 -16.369580497244119
21.934047083469103 -19.231894711204259
-5.784811399418561 -25.902065481995709
26.548343105210517 15.367619994511704
-5.679649257021519 6.649946715525229
-40.771539610398314 26.751479865548834
-21.740320031823963 -49.656802151373235
8.013892523836558 -41.948527242498741
2.183580417020144 9.100312981605805
-7.756452583802378 1.979286283803246
-5.089349088745697 44.442788740674203
12.522508843625802 0.402916072164283
-14.260886749289616 -41.743569111339859
3.408306461446038 46.082914542243287
43.957399262441179 22.464556252312772
-57.935913791458859 -0.736840016179513
-14.564256122401867 5.390621133517082
13.940967947102594 -15.414259797973454
1.778279072063081 20.275402228435166
-53.692845881894037 0.573418232811504
11.038627009629423 6.952293024219859
9.656682230443622 -24.839470343930017
-23.307975863274041 52.668901243255249
-7.189261101611767 49.950551906222259
19.149036838069343 -7.437852408398417
-5.454787336307100 -21.708873092197393
-27.422408397984707 14.609060762315224
-22.125755773653150 -49.005862853428880
-30.829438681657276 35.587797244438903
12.777187173151255 26.496027322845539
-7.796537141166994 17.788652867723549
0.845539658513673 5.642058589448403
19.222905942312803 -6.081854999255625
-24.647085176144973 56.916978951717084
21.823703314381547 -6.761675760591492
-24.928892247501494 -4.932034453348932
43.595211953205052 -3.895139802544200
-14.010682046614683 18.640980390056729
19.783655108349404 28.529279747024052
-26.104355614828695 17.726929469048770
-25.427071921017259 -17.548246907710116
-13.804762123189558 11.883758786010318
-11.229055268183664 28.157137127262697
13.918416400148070 -21.000048578738998
40.633424968975802 38.740536316427622
-32.187469829231347 21.918668387028973
-2.370512117828692 0.208856140498638
14.403910327118744 -10.839847380763604
21.158979881526886 -18.511096820149241
-18.651581776278917 20.400347907442857
-27.842588474575585 -37.536183304878236
24.278197663742880 23.676665485716253
18.831160905242246 18.538615262198554
36.155360423597500 -3.497792130531713
5.084723686997535 -17.056661073927661
26.397465268647384 -8.006660971087895
-8.792407090338534 13.598899860624089
-31.860274862748263 42.253304730736595
-9.281577693072419 13.038741977530520
11.507732580502832 4.066550938541020
-6.823506782835761 -0.399368418690476
17.465439939109594 7.400912982111222
21.877436859026620 4.499174929247504
-2.882644450760710 -14.336525466720486
13.021637009624529 23.439744118199965
-5.877938430599098 -35.496979695211706
4.587783584624901 -11.597747150283894
-10.277166057142994 -15.829238517173899
-71.619138612780858 -27.946118028202800
-24.324236447509481 -2.190648787909323
15.935503959764816 3.544663985181812
-36.660717134657936 35.712115196240525
19.090914519891445 25.861371086603814
-33.037257622236510 3.530928064131900
10.396884525921106 -0.296443906733283
40.231570554065058 4.092601588737650
-49.619207189342553 2.782710788763295
14.455338550029602 -22.328710865799209
-52.148841945858123 -27.244319715798675
-4.228891640717387 -39.361984194929100
1.443659533251535 -17.796264945742880
7.440687505527596 -31.777094980701495
-20.736967152892582 29.184768401583476
43.827954284221313 13.092880197992558
-3.540457114996852 -32.306391905025791
-15.268589486981146 -9.552785371235110
-37.256048878882545 27.429475432809962
4.312299203753658 -66.733243267889691
11.593919001204322 14.482370731057124
23.196595112134347 -5.966522508262243
7.120997951215900 21.639162585767743
42.920167170290625 -22.138821201284856
21.535131479553257 -17.471685562220959
-37.318738858320323 -13.742839382025094
26.801323830382447 34.432614660163274
-32.442060678214666 1.616140998671835
56.433222689685138 15.076828471703406
-18.971213175980303 -31.053828059982948
-4.224144427397371 13.037560335671648
-6.697770311714029 1.736162074625695
24.821075370785092 -30.980218659819542
-32.918118074209744 -13.637311384545139
5.470670956704084 -3.353621983146986
24.508223798870482 30.681652002937792
10.771167451298849 5.124890714457208
14.168875878121455 -53.690108221581141
11.120019787960343 26.741638275093898
25.257155738679920 44.216589219404916
33.940534242150022 10.101355514817659
62.077069215330681 23.126456951954168
48.579103421487929 4.784602512533066
36.249751889349305 16.772573071990362
-34.157376375437408 16.410032202446700
17.468522336954997 -5.185638860574657
18.718385350436286 -3.118051235857044
-11.086625335046586 16.847257337765267
-41.144737127140608 18.154451111014438
-60.177456651140957 3.072401723020996
2.090313542087233 -40.647230182000548
58.178506454446513 13.158766125096346
13.937191429223690 18.297578565052120
44.284528828590048 -2.657652569622735
32.750452389126089 -40.445846682799754
-16.967761260036362 -9.154416354900656
20.799526467779167 -21.820307624805650
31.823475838923549 -48.716791839991487
-5.453849963374543 2.082256907687660
-32.732844792593824 -2.218108754372201
9.846827243169724 22.851029111851801
9.694547138009181 -28.375371838492960
10.171060917373371 30.423620426855763
-26.008139611834480 17.235394993148152
-18.967851726285062 -21.512624138919904
-41.498629058348421 28.768462045560497
-38.033208659660964 15.193215462601589
-9.977293499333005 16.235254588655636
-28.414453320836678 9.243337651358953
-2.053983941878011 43.103198113748022
15.388390210692986 -9.098337527346979
-44.356753151158976 18.850320424191196
-30.054215002119872 35.118927673044205
12.836022679130807 9.437988418482101
-19.863644379208047 -22.635672991462677
0.755221952259772 -38.725653928719503
14.486512163179768 -1.652117650606051
-0.585220845725738 41.478864703743739
7.434176848032021 22.217667953598951
-11.191518547574335 -28.521396299520404
-18.104329686258108 24.793483615889567
39.486433507534144 -30.221898463332206
-8.973131340101421 4.245905201025172
30.852891399465065 33.748511940327809
-43.908608934561343 -33.459023094551043
18.578780858910186 20.630578074987351
-11.454787412239130 -32.160214409070115
-25.837335496562908 20.628084785450827
-78.768976049150226 -19.626608237256150
-3.803086108898126 -25.824919927717602
-4.690866989122998 -18.624130216336329
-3.883296134055408 -9.152999701321153
-23.308817225894337 6.863868127185668
-2.428493271781833 -23.968288304882385
55.337539458418618 -44.925232229697521
49.133866159593126 -2.475259715969510
4.931228187448627 30.137164667904159
-11.530495840575076 34.185668279913251
16.888996557943482 -10.957661580385237
-33.278452472386746 6.410096134890388
59.582551720302092 23.488574449155355
0.191803162708051 -1.087470583391830
-15.378639431650312 26.246892652535998
0.862085610930995 -35.182316607928634
23.880287303861355 -4.187309345190027
-16.474611300197463 36.667109714144026
30.850294579299568 23.293312924540952
22.643753677550215 -44.053354628173999
11.054633970911130 -14.446631872430473
-33.321089812234916 24.909781351991420
22.458599778676465 -19.527688411801858
-4.601821608815461 -17.698001378455004
-31.890346712719186 5.839005361968570
-13.741997255650841 28.745275277115656
1.951128893879033 -3.370902568315866
32.492173604501289 6.079181758327382
-30.822284919557916 -27.658421716681090
-19.665227582621583 3.045370631554154
-10.030183976723618 -4.697730141900961
0.866404000930466 47.427273765188843
5.291664044813376 -6.923858128143057
19.964226431722839 22.847716518244884
55.474523470748935 -13.207870086375747
-24.240579330942090 43.509260322664680
36.015469522608036 -31.942561555651203
-5.813155888211810 48.924019318317313
-8.509917356637480 -0.596219058157470
27.755217442267753 1.691545634693927
31.871481405290648 36.480040753825961
11.759526115317712 -16.943883192431379
4.514874471776444 -57.047712508904795
45.977738696277321 -33.186320017504656
