0.000000000000000 0.000000000000000
0.000000000000000 0.000000000000000
60.345748182574475 0.000000000000000
34.856878545274029 0.000000000000000
25.337213554224586 0.000000000000000
-28.442362558817255 0.000000000000000
33.509252541304569 0.000000000000000
-50.968938386021172 0.000000000000000
46.264189608898569 0.000000000000000
-12.967260075762645 0.000000000000000
-17.226871712344469 0.000000000000000
-23.757587944921966 0.000000000000000
3.593587637231057 0.000000000000000
26.225342703606259 0.000000000000000
23.298602170642837 0.000000000000000
-29.479383878773003 0.000000000000000
-7.274343729223068 0.000000000000000
-25.092606340156163 0.000000000000000
-1.205779647776740 0.000000000000000
-9.563693200574150 0.000000000000000
22.703216416411429 0.000000000000000
22.621862291701525 0.000000000000000
26.118594076851110 0.000000000000000
47.678716329088218 0.000000000000000
24.107995389671139 0.000000000000000
50.679637366839593 0.000000000000000
50.345573759613401 0.000000000000000
11.057071874222924 0.000000000000000
17.656946956176427 0.000000000000000
6.499185407221821 0.000000000000000
-18.210087892792131 0.000000000000000
-25.965828110135817 0.000000000000000
-89.620764176224057 0.000000000000000
-20.422785334394494 0.000000000000000
-21.848959491523935 0.000000000000000
-4.310205124111428 0.000000000000000
-9.373357000091518 0.000000000000000
3.920397859971547 0.000000000000000
11.714367028284578 0.000000000000000
3.682074784353871 0.000000000000000
-32.732017149697725 0.000000000000000
59.642015872421453 0.000000000000000
-27.465828586420905 0.000000000000000
-23.050971277104289 0.000000000000000
17.763232888202062 0.000000000000000
-72.521368875908905 0.000000000000000
38.793285793187863 0.000000000000000
1.542642234028484 0.000000000000000
33.978082375333777 0.000000000000000
4.162472011664414 0.000000000000000
-38.425456423913936 0.000000000000000
0.000000000000000 0.000000000000000
0.610954675358551 3.141358939315001
71.860854124225099 12.545743597132692
35.419684408418561 -21.015338426212047
8.331159962053718 -2.632291774199800
-8.809604103581503 4.905139624734192
-15.518608786466753 12.177159179148276
25.195344262730782 -14.178593534118495
2.382473184169507 -6.296500665393948
-19.139285569061556 -0.053104934612089
30.191736385545806 -4.211624394658109
-50.554218769950133 13.807169924688266
34.215934771216666 26.698723333321229
31.873208089137226 -33.992849155776668
4.294457381306408 6.967537760512834
16.801933299597639 -17.769435682879600
-8.014966134967231 -33.405459161109995
-27.209862614663749 -6.837394142493302
14.946545023680098 24.595383006828690
-2.425573611752922 7.592088450840500
41.881882297836711 -15.606192721055084
21.512627151429616 1.089999820676681
-25.105120318645078 -3.177873187361643
19.847872221026908 -15.266593109834830
14.647906220764794 -32.486027354708909
27.061772569092312 23.934948815265248
29.945715941753534 -19.468099409006939
-21.871859241322106 41.184465852764284
20.795447076392705 1.770018929879247
-18.436130699246561 -3.717825685994942
5.648736635975258 12.424492629603785
21.956112751833377 -9.302683971276014
38.126923513554104 8.591802165496926
38.628446866467783 14.674311213501495
16.174789436696713 -12.474512937741867
-17.432285388023541 13.126657635963239
-23.364517755271571 -22.656462461770822
-0.836341557738004 30.470684666284885
5.390396297199268 -11.012423183396924
-6.503285620970195 -4.793461331001053
-3.115396779063929 -17.855811322619022
-8.113482763835904 18.248395150901903
36.788540445806149 6.913747589937072
-9.076682276209938 11.391442476985425
5.859388032097885 1.831788832644340
2.873932330783378 4.924158595952773
51.087390880247277 2.458153707627377
33.440070692703657 28.497969772562044
-33.961050491396513 -35.876031457588105
38.569173446584671 3.158867433464468
-16.721584423596468 3.513112854932094
36.830649911590939 -11.748398411042048
29.612396233814568 -11.037216642331753
-31.806270536091031 11.550261217931023
1.833272011908136 12.489354522652382
-21.177532378296561 40.308465661264961
0.475372552762929 9.281171597281388
10.218027064069918 -16.975163048053204
0.873093283450964 -1.059257502264436
18.237374875468941 -25.192644347248510
25.329387024466516 -23.043901944554982
-3.995854699329596 -10.316478441706336
8.103168799096029 -35.612791468908895
-1.642841829725060 -20.511095830160784
5.137474996371032 10.029901400150843
16.192688787885601 -17.177938967268926
8.809379115552625 10.378793356187423
-0.423476386068661 27.837864669479785
-3.671081872476007 -0.395437498536614
-2.648240300221509 -21.418891165667961
-4.754740781429940 -10.900262666804702
-37.453267282729342 35.433318698813949
-10.712361778036318 15.592060975170057
25.121047827801352 11.139325335919274
47.645466814772988 19.343834687799752
-0.484833150308240 -17.274548043168842
-23.602975780090357 -32.095235999621735
5.814286117496072 -27.488739928229617
-36.253971589577510 -17.839805124722663
54.833453332289629 4.263090007201251
-24.401096346972839 -12.805721221015858
-10.919230167262397 -23.056075731716334
-19.573958012925416 -20.979310531033896
50.805102563708459 34.392963007941155
19.304506518874597 54.292231647027272
-2.843440896550099 -0.282852724159972
-12.807333901355650 50.489672957490455
-3.623358490118181 -17.265379677729168
1.926132691433508 -0.733420597067489
-37.672800253260881 39.483948164270323
2.434617234178000 48.047050949920909
26.332208905494397 22.465727459475410
35.975432115258158 7.510416313295084
-9.559395366773872 -10.348871378151754
-22.445552308095614 45.638611180062043
8.043951865957125 -10.200769106080740
43.185185016467891 -12.312201182261228
21.542978802598913 -75.949068248842664
-11.874938798996745 3.544532566272620
-4.026038562771311 -16.735814828658974
44.315373015055123 -10.278896904742627
3.055539228784957 -9.371715039498074
2.477469387027930 30.737829792245524
19.691224339954111 -3.392015605664771
-18.883125295457809 8.307791314934573
36.994912697902350 -12.970041755802384
-26.316704228364806 1.343740170901493
28.585318009358726 -34.389161668779572
-22.581263677595611 1.538404654882929
0.336576850996036 -1.497573783726816
-6.618169360793353 3.711007479587837
22.269532522156712 -15.441823643677131
-7.433706929652331 14.998595775345738
31.248363021544485 -24.184255310158665
-14.404500530212145 -14.521796117659669
9.816139528800123 -28.639772427431456
-26.638940094764461 -6.014938893575773
-6.178939666906291 -11.086182485632254
-0.370930224698497 -4.538675820672537
4.771906596665112 16.573981690340982
29.392771816416634 9.563742837408800
17.938513474524697 -4.629296098285915
0.836908595799357 -41.715262201681277
-8.756034739176853 29.221973175258505
-40.723017193680136 -1.315204494914162
-10.036058677020332 -6.280832478953159
37.951847022240564 -8.007503212885512
50.810319332242159 50.409977933337444
8.807444829816712 -8.042513391693312
12.257406517841106 20.751032922536826
-17.181819749289495 -17.417395030678161
23.233697844294763 15.694945470126017
-30.539679784113904 -23.375445568416779
4.926452566890988 -15.119328982420027
9.965085979491251 -5.835326767095782
13.701984126985357 -34.733701386013074
-9.287297923524434 44.121305792904849
-12.137160416602043 -27.441201041219376
-22.453075491424404 14.629019443384742
14.103708516718866 7.635341216116048
-8.816618338232349 -17.931811397624166
-26.159372630910010 -40.951465091580154
-12.741646604752829 -14.265681102683066
3.707198450223111 21.932305178641283
-28.574454718100622 -27.390069351168645
-24.488072904371748 8.150807644089912
32.664995663459813 -2.065231995354102
4.896845983016351 -1.828961542156938
23.642477916238210 -18.466022125498110
3.348829817257101 -21.576547257963128
-11.112575069576970 0.029334041141810
22.430206533526430 3.485318498176946
-0.426561978931116 5.401391319486493
0.322648902392873 -23.854283317940585
27.384857076602248 -18.723336769269189
17.821749828514374 -24.332543176977893
-4.778635987919428 26.608431082005787
7.560730384598632 -8.778731373487439
-15.154253078382677 25.925426133993991
-1.834591119146292 -6.469894101363915
34.247949399634066 6.902917642868950
-6.219769268736112 -2.415304901273681
1.971054372013547 -17.373907036008614
-5.834596575743726 22.600872928164783
39.197367164750183 -7.122646786154558
8.351769146048051 -5.939851027753662
-0.771304689014125 19.691866651057872
-8.295947491128260 -12.570016552576428
-37.652111805974350 2.638071886896181
7.288906387704157 -12.721662135568698
2.952049679141613 1.313363816688892
26.887243773401838 43.344879094577323
-10.763525460671460 2.731250938694774
27.564296627670000 13.187733946083398
-2.934576273475300 -26.080450242325085
11.473086895556811 -24.345793804372700
16.454476181242054 -29.853023809196809
43.666994571757094 2.591286490899291
-3.908690954873629 -1.343776192810821
-39.722697959219730 45.518059808603752
-12.990843962479451 5.916696931646650
8.260602230042975 -35.032108191814373
-24.394216867282548 -23.280384677131206
-14.771788028235706 -30.275756578199889
28.078292492026719 25.156179356296807
-20.530825311276811 1.216225511795232
-11.821206231229892 10.258877165741703
-8.502535766975011 28.409822995124287
-17.009823953576177 8.098774900126582
17.326803214050685 2.581665832536152
24.325406707882465 7.766486367754255
-15.423665443958880 14.085408022742774
-11.690413406669151 7.682197871682764
-16.095456866738846 -2.607985455226886
-41.433185218286773 -16.585917633950221
-26.946375996192643 -15.013466714566194
17.277153547833997 37.762427150913418
19.044742864551292 5.913492687957208
-23.894405203996460 14.336532820217087
27.924997958263386 13.507067201318060
-57.793403109523290 0.250980438631904
1.124209651143805 -9.287959896860897
29.705062035683092 15.686980491445089
-22.106076038798751 11.869756279840988
-21.408254754786142 15.803070276537220
-37.152177895996445 5.325301055268697
13.147636826820596 -3.201666333085025
-13.480196401779116 25.041274492043680
18.369487959844321 -38.328290560875431
-4.812760437034063 41.097231998607811
-28.639049192337200 2.727828610696758
9.897378813259103 -1.754499810398892
-27.993032323551930 30.048529331532588
-15.849313362163207 2.228035244227510
-14.168212926337194 -22.669988734030603
-24.401530159122604 10.507313122791667
-44.696631820418339 -28.960883773918031
28.289705635448296 24.678346999721857
-52.477340624426532 25.361573764331339
2.517112447366036 25.433874053939828
10.123254500271745 4.333876513265001
16.255532288362947 19.831147128444329
-4.994974084336384 -62.380245735570547
20.739485461433105 12.121255855235292
45.213150003225934 -10.764286873415021
14.490328530219204 19.880235308399378
2.886409929807538 -37.353246339759352
-7.563016939686277 59.761890643889537
-20.018492315843865 33.845598121347152
15.157364448052331 -12.550270789644294
25.637461388379293 0.840078586263154
18.027473268729040 -22.104434741570643
22.295981715518476 1.278072582840555
43.156009001682470 15.295694968938863
31.941286051378992 -32.432240151111309
3.636425731881153 -25.204213862337333
13.636136781381991 -22.252824267975175
9.690003599208012 35.288325061341951
31.696523663783559 23.030374539250843
23.948188953636681 7.362995379932440
26.459604422758268 20.468039909748626
-3.091630038758568 1.602058912776293
-2.544774627180057 22.740935475301214
-34.031011897484106 15.089423009091854
4.797263900206713 30.859035381269628
-2.665127070513611 27.732262145856446
0.199664721017494 32.843427627477013
-15.975114236833429 -37.421885742617292
12.962381960999302 -24.930250093542472
-15.653080344530188 16.893414771099568
17.703856202529767 -10.392141369330165
37.094454247735278 -24.389839932283863
-13.364424585694829 -14.305225760405566
17.213771668596987 5.227362867528982
25.126760866452464 -29.277624884827905
-30.803854648930109 15.323439942839768
21.454110615550121 -0.916000856693053
6.742351806564423 -17.415437794799239
-22.244718370824753 -31.944470208187582
40.474123457022955 -10.849025256850561
8.407381123871229 38.234216505438141
14.912053743912740 7.568590401406979
4.460848753395070 12.821594755471617
-5.435423303672937 -26.148778444330329
-10.414882112763250 -11.397635447805454
-16.039899425431088 49.480410579123337
-22.150754881384294 38.921031428395096
-18.524460253142482 -13.104707209502294
-30.086736955413432 -31.136723797085409
9.143465887922904 -19.527555529837645
-35.440758480924593 -33.588785315759573
-6.828712281975264 -32.574748020312057
-23.637772614166529 21.302375272424872
1.505708480954354 28.155937319887904
-2.392940352683307 -20.529063566741559
3.408423816757537 12.726996964563863
-20.270521351142939 -19.863595836609960
-5.333660146550689 -7.873942986308953
-34.429781276813493 20.207629571670068
-35.401678964461468 -11.106632055201500
-48.780272543069664 -10.127276595553376
28.364514319166691 12.516452545677000
-6.041250377669426 -10.482377733004416
4.257466009122081 10.963849806597105
63.096143617597320 -11.994145180811149
-44.175420275106980 5.305290338919415
-23.627275936799393 -14.666375129944912
-4.720538631358081 22.421812348695461
-4.838067575616351 3.264694978574309
2.908663365532493 -7.835118055841362
14.787899625103659 -19.272809870329759
18.836691870485691 -55.921094822262745
21.704288155080778 -3.870050295062412
-33.491413161516220 50.649888120671399
-16.435999716625137 51.688834551314827
-1.709227876488394 9.752308115086393
2.606484266344034 -2.432314811476405
46.645312765713996 -27.551852960774156
7.778571693477417 -20.734223922694078
-6.479935083287621 -25.457432562504806
7.198067643277707 -21.501720337318012
-34.180033518377023 1.218458141745022
-11.798647828123201 3.765286248427954
16.173836778283167 -4.199852017184432
-16.134541750802669 -12.984946799923947
3.662402756890179 13.166495791426609
-28.863458447139152 1.942900428081640
4.847722998416244 31.237929311555202
5.863674054724094 21.388237347610364
-33.847149612380797 19.645306008525747
33.412477728533105 19.019088620560616
0.115239543703964 9.588997588613742
-15.933311886148376 23.792242766668739
14.190511447938620 5.722727273962653
9.004498695770980 -22.067955357863823
17.337570041856527 28.683308488777019
-34.567700537389499 22.109001556672581
10.564864331652652 -31.336581570612012
-10.671346087285947 27.622496280793342
50.830003423201227 2.048683746843723
-26.167204658959331 15.177060324043707
-23.076684803621010 -2.645684194504967
-16.386535541899448 10.815498040332129
31.512493970421264 23.329756100615402
-57.249068757113200 0.371070700755842
34.451560984070085 3.628170169275165
-17.970908474066075 -11.616867094498426
2.141039936019334 -22.764822613826542
37.907186608734612 -9.430380105425584
30.729455203893565 7.461523559104768
22.859828901365738 11.885815687971869
-5.059710293706324 -24.004460556771633
18.218419094543876 45.312186334987231
18.496807075076617 1.850569055940564
1.928350439139259 9.079929706782462
13.102060505381031 -21.463325132680300
-12.013527449505307 3.812021132257481
-45.984766339588127 39.982615610175557
15.227819145553070 21.092713966224125
13.470749238005167 8.665307269498099
-12.191591238737733 -64.147269763556167
10.550316284915718 46.371099692382124
-10.323539500094048 -35.106889597911675
-20.502645789592481 -7.791782176592850
15.899974934353269 -47.941242411038957
-4.659119876818032 43.286747801596007
11.273298020564139 8.424438892571095
-1.253238044376615 -17.932099337829875
-19.360773064267462 14.506936704622316
0.728252292702954 -28.362592072219027
31.140564608126081 9.606712160824491
-9.601074286169080 -27.498427788519674
-40.083695884441809 -27.028351182887921
-12.183675816575038 2.714550191056520
13.935720095415697 5.991301648268246
40.183042861054247 -52.734053755902188
14.257418291807832 -22.151925694082021
9.610672647945545 -12.243483912693831
-29.747176119766646 -25.218943453956371
-5.807640644289070 -23.617607244558542
1.422742983180237 17.797162371015954
43.581535768911920 -32.645371404202756
-21.568930331661072 14.539439507214583
0.271453724019103 21.019847070938109
-11.477730201562519 6.522407488138531
16.517044695119178 12.199809967673863
-20.169254871559566 26.633160839097336
-27.683740353267041 -25.156432280076729
-55.928309569575028 3.756597021996906
39.028693248558341 12.034647797186572
2.117018409079690 19.772588460619954
6.184557069898829 21.908482901860257
31.906873648775189 -39.388616544529746
-19.445226726299136 30.190653915574902
-29.183622522239183 9.668188579467873
24.822276851191301 -2.155687953969971
24.848968338927897 2.990135004344737
20.999334776080623 11.848253484440438
-22.746915401505479 -37.947510439987099
-10.608384505812575 31.123522652976430
22.359062139308648 -4.552167959775893
-3.678961345567180 8.905768635702408
8.904648662625613 -21.937892838351491
-11.581639251238682 4.527534740756027
0.047635404603637 14.098206964739601
-19.967262144497234 13.314233741998876
-12.993483076402105 14.269088939731128
-10.692743690190115 3.977109042911903
25.051264139898322 22.729686961865252
18.573059456648256 -45.451569087000742
39.891557857177538 4.880714912391073
2.652513281514721 -5.675561026152788
28.382761191300204 4.295745182937448
15.846518750000959 -8.924975566806808
10.051428914027202 27.273075979124314
41.451724363932705 31.610643603482721
8.293720897448107 -35.222415300283970
21.089901161288676 4.750625193576207
22.751283108906254 45.891584418130215
-9.380224163944400 13.676400525474696
17.925859836144845 -15.866461600163113
18.451759307315207 54.693904087310401
17.495027597179551 42.836136568344102
-11.411042582914453 11.530599698227830
13.462620059627287 7.450261355994112
35.875921226635761 17.787710463642888
-4.763582885625757 -5.365534986442902
7.797077069228868 -20.334660002241051
-9.799078241336346 18.235039686926267
26.562368136639055 -23.453662093648454
-24.569998143587032 39.430364373423259
-19.061206409269854 -60.483273152769698
23.684649368856213 2.678635830125879
4.918331423963208 6.156607411890387
-22.988535487837453 -41.696022559983106
16.571815941837258 -27.846451447920852
7.697136007377224 20.164827532507697
-40.121379638327056 -39.434788668491905
0.987514150760116 5.687386622909750
-1.681352074646473 22.549647193546786
27.280567014775500 -2.499052187290392
15.642320606240309 2.472118157300180
-43.411480477134589 -8.266786923955694
-17.756455660980883 28.897636413180095
-38.329742410634751 -19.338650059792929
15.102717149964198 8.393547140876477
-14.975784281489551 -4.673870008744686
32.874039923218191 0.498849820600084
-23.095029552213699 20.726076671942749
3.131648926829813 -68.707619255810826
-4.231916285999030 8.188028301489991
-2.036325315869798 33.512158970087462
-45.157012019942918 -1.984872398621873
-13.427349611622832 42.175699819303539
6.020264895421223 6.939493580310509
12.976352993717978 17.842602312409973
18.832692142030552 23.134611100320324
23.148407293425173 -19.625230864183209
-7.467962894542792 -8.796331615950022
8.497912592014252 -14.476027301647891
12.319716980593922 19.670754781131595
16.471746065843167 19.871979373901624
23.879566901293988 17.948909722367475
-33.026936652300982 28.359212558947256
30.866827067969780 35.682844879234771
-39.994094506428830 11.348337586644471
11.442110285704899 24.380654432139181
-35.990518338397855 17.890126770730273
18.258932250402868 64.415663370508412
-13.405175330464715 19.381554522367754
30.829123414074093 -31.308105403608046
-2.556857117789577 45.889380351878934
-11.524781650975163 9.948521483235476
-10.632410158190243 -3.340520430482262
17.174069305331692 56.233335897934545
-19.215445441348304 -12.404992673125198
-9.166422781385258 -8.613986802434214
-17.110022458367826 6.288379007901117
-12.679089989974834 -0.819542642971251
61.431111303964478 11.947480123281553
-1.804425044249102 -20.148341758869822
1.997255673056113 -4.735827507638060
-6.089160903869000 -27.456508386668069
-22.878176954348231 -23.572795205278577
24.381889290308639 -3.594966252686003
27.275740404601340 -62.359036910131664
-19.538844971990603 -5.460366208287088
-19.504074164047481 -31.643239176495317
20.205934783265270 -7.498091077016021
47.283828937683786 29.915743114113077
15.617387498425746 11.481331821616505
4.963303921804160 12.677967696800849
-21.153019178379171 25.458423608440111
10.858751126841554 -1.199478906262157
6.020728859566026 2.468262783329678
-3.921089802330694 22.295389346131106
-25.081406694927384 -13.730905667330049
9.015237562663426 8.986775488855820
-18.556792017529983 21.750659481846061
11.427748053488124 11.945741793235568
-30.501599694824709 -18.376629383554508
13.558853718955552 4.847963398404659
-17.496541723554586 19.934792159741242
9.646774940787632 5.528467085528463
36.818938574582816 25.352389189348248
-48.714904073454967 -0.690500265153975
-1.359812763320759 1.920628046696252
-45.213269468475289 -0.144326826377818
-51.377597878712294 30.260274740364668
48.872951968559491 3.592889422719689
64.404807384187620 28.838070738965534
-21.790720149690522 2.227732938407887
19.274770011806357 -18.530784161844096
-25.287960191723755 32.508035783966484
8.992436621451199 38.001852744936052
-8.617679334893149 5.698718088985883
13.278272994223352 -17.770441172609914
21.760333895891488 -33.515432243225995
-44.626519329670181 10.609366201555265
-4.628644029581562 -15.392370253756171
-24.372725113219413 -21.752727441171601
11.405982136604443 -22.364991526600466
-26.119433719267839 15.191319744252050
44.702198685064701 33.400274608791044
4.722748535461045 3.103277545970509
-66.470350114638009 -0.945215770244808
3.328334305264813 -19.868981104687279
27.665690649458668 -23.007871833630816
-31.196055020880618 -29.032996089802808
-35.247444887488669 -27.379611429509584
-58.050784664747376 -43.831721209385172
-3.204300677750589 -26.681326253938607
-22.375117544559629 -26.095817957513578
53.684378121102462 -29.644818052581687
-10.321951273705771 -11.257854000829280
-4.742386376609844 -9.191912341812911
-3.901995705018547 2.510490251575756
31.663520816553824 -14.714689352714005
-14.585681083092760 -13.243591636480787
12.197903390028555 4.533858086765438
-15.847624162308820 16.171954575590128
1.665285896014054 26.571643402466467
38.789742400370571 2.790659443506394
-18.226644875969722 -38.595578387831246
-27.157727083239575 38.047571536114198
8.544909708730600 -10.934610231026420
24.276589958869558 20.413371458713502
28.893236983912651 16.695553607897796
13.716735277420867 -5.384445718994236
0.264041076513969 -22.503791993724313
-37.216013229098273 23.529193063151190
6.679231278274517 -19.058278563127814
-0.338719479922983 -30.481182939571649
-5.868783375004017 -42.408335768075922
-3.473420552822861 6.268547721003860
15.080313627568698 -10.833801885255616
-8.552515244296497 12.716718721585302
-17.443035990524884 -16.464683874184896
-20.758779119707707 10.400084534267870
-9.742745066471716 19.963143099031125
-21.234474125745049 19.418999326165352
6.231663849987544 4.840936854699703
-12.045711828645510 10.224076807030082
-33.451842390325645 -10.053586623202211
31.443339781771247 -2.709122555558147
33.006815017688069 -11.304095189859392
40.823152251754038 -6.958012598533218
16.088387767428781 58.906713518700577
-12.628728752556269 -22.990449272189103
-15.624803883675114 -27.863623544233075
7.173688865942927 -6.226328893393346
-5.310576015162120 -14.155524387354978
-13.753404859808709 10.975657283693611
-24.036588393663187 57.283968208665065
-6.482994168150798 11.333251548792223
34.799184515422020 -26.386733806654863
46.251432134493719 -22.546807385153297
-5.107858365288403 -19.651980554827656
23.877679921064900 29.651364560943783
-1.613843048784575 20.950659612302022
-44.911482070343844 16.307114217835661
-4.038604819519422 41.588182530668483
-36.756227863105536 -39.099877255147533
9.164501887187402 74.415258325291674
-24.237679745940369 2.289724531612996
-46.342731069199608 10.790551087059015
-20.789790482461719 1.313973709896895
-17.979841999562332 -15.858318979333218
17.512273465589381 41.314350314255776
-40.056029073542319 -2.502199087161606
-2.930929314077714 4.249757284326474
-0.730443850432237 30.111106538379548
-8.708582526467685 7.720940080352107
19.095541644918740 27.809682108645220
3.914499414503787 1.403339458822846
-33.141655531527988 -53.376276017849762
-26.904443748870605 -30.563818222990029
-9.768284524589422 8.204338359128229
-26.572593901507286 30.230169749118563
-5.724991066754191 33.006743791989891
-10.749268961517542 -11.744627023334333
11.467342046242551 -6.686701975421287
-25.939922794953951 -20.219564617539397
9.267545793521496 37.164645657667513
35.670995347334802 1.755246571817647
34.394139938085530 -11.272379955719186
0.164514474520078 22.191743565764803
21.295014519381777 0.751310195581537
-23.712019388812550 33.294593381706882
15.854340890542003 -4.528046193478510
-28.395023919374200 22.909711432913070
26.869258470597039 15.574544581538989
0.599866409597243 -23.140036266449549
-10.899138700233800 27.739443539425285
15.563203973995797 -19.329500885467798
11.535759718468015 25.001923732747329
20.359775870328154 17.469925172407240
-6.572377865865532 -27.455252276744080
-11.020457318337584 -11.692012183112359
14.314865684149497 -7.800172806227735
17.335679584638395 -1.360818654509608
21.630652652696025 -13.865960199938208
-41.802456565736087 -11.422463498593331
-5.417440745077092 -6.601495146442391
37.549452521801371 -15.124067433828870
-5.651183988856665 21.333562398345389
29.662223930193701 7.187685449630041
28.241440465335042 35.474178584772233
51.325323329594902 5.781015736657074
-0.111676681823714 -8.606999790561318
-38.461453810187201 24.972440210010284
-0.676359303176441 -9.257097416172044
-27.010176697865461 17.389718487069057
-46.075314479836265 -10.263565700845689
3.793874233662418 9.206661623829925
-22.099253182828292 -2.481366915534311
-16.350215649231739 27.644431360424786
-4.592147235740331 -48.183194857862794
16.664907389248224 -17.552147005151411
17.482295882503969 10.346780968895228
8.229824842759353 44.751467357230304
-6.639194230865922 -6.770301000616207
-4.157447168887955 23.158432648123195
-25.982752268417485 -14.691915420117697
-27.494593632273403 -6.042391411126476
31.861526663611269 23.797529434390086
8.768238171992836 10.648783965290225
9.564695962925693 18.503919062094230
-8.498220054381374 30.984551828982546
23.553967307304678 -28.073281385347883
-7.884273706075834 14.883705341879272
-45.938656359436798 -15.135274885047185
3.601661326635079 1.945186655121204
2.308189302125811 18.310514306694230
-6.116064752624901 1.330946648749778
-24.093010620198953 9.441618497730184
0.823485338638529 11.691363102139315
38.490751724756890 23.903317320327403
13.091813513374682 20.153247628610906
12.115402673753248 16.799950780711118
-37.241274491722677 -38.189925480743106
16.797409843647277 23.157678951156790
-11.260233458932611 0.721856004753012
-25.706770714086048 3.400436183512113
-10.898919728051323 6.147000005900375
-18.859724151207889 27.952905795853585
28.707545456439327 15.669631891875609
15.179699181840121 -11.746965086647927
-27.494719349765344 3.320753942397275
-27.252074729115556 8.473096449771441
-38.651280014193972 32.714402480349420
11.990315642666522 48.961123702148214
2.274678795872131 27.169945401918497
-10.408812628907702 7.348943901375215
15.404614802285593 33.455431381387761
36.260052008943575 25.652376370737120
-17.905661534036284 -8.459433991296505
-8.036723411458699 10.519942738701500
-4.145194267363381 15.185133535632497
27.830968726377858 -38.432253909018634
-18.639417110081581 -53.923067716699990
-37.725329804439852 48.659710489920904
-9.251876304509876 -15.204323951695830
-6.116796620506765 15.128274597235835
-37.170842821086950 -7.156268048051894
6.110914354607284 -15.851076380290396
-22.071155817211327 7.378166988886091
-14.948104202295539 45.251152496002021
-30.158225409252253 -4.690273923972923
4.959850184093252 15.919911215737661
14.781602719929587 49.045094955575891
24.026700617343455 -0.210607346918888
-9.845684170545695 -12.999331992644215
-10.487180445663679 -5.419921313329833
21.865317930122313 11.606244646074575
25.441091886818640 11.692145669264271
7.783326627218537 -16.812822877981347
9.115256807468056 -31.784906267398814
-13.590543238282347 0.727219415028819
-0.818520130614624 -20.638241457187487
-14.222387349871381 -18.536874501838366
14.737859084225812 -6.309124626389595
-23.911566463754355 36.773297912755645
38.707632257793847 -28.516015337252842
7.557045753240167 7.133452455893975
-20.448097511100652 -28.704066433448133
49.789156428230370 -14.897244895082647
-13.186410400498923 10.844598641448261
18.315439945552995 -45.641980661336753
-19.345876017726138 35.950384654564118
-1.074714951172832 6.605953979747976
-14.512480495597051 17.962964746414428
13.584606902436068 41.210697488205817
3.827127297065952 37.338957272019236
-31.094870409687591 6.350362825915449
-49.193172259603323 -4.970447783031045
-46.801716407156746 -32.030646352091267
0.685861544107568 -3.059364243916510
6.581163529866688 -20.589241932090950
31.195456697236139 -37.062600717321871
4.666089574347773 -0.189819272593725
-52.212554396768468 12.865294593582659
-4.305555162790038 5.169033196470084
-32.398129097598591 -15.664855861822840
-17.441273719975189 -4.869065031904934
-0.395419861595949 9.282206009938887
-1.893331422444891 -55.509124189283781
0.381782207313431 12.617960434140409
-10.567753418132158 43.414031504942201
-24.156239128647748 -20.433658620779557
-14.360360104466631 14.284846971021015
26.227926994971003 10.328481254372180
-17.572894067223224 -2.786212452409165
49.878873113179900 10.308067886017616
-12.063249642870717 36.659292932962948
1.223793944048735 12.098535349964939
9.158771632016329 18.648392278474528
-35.960546495541870 -21.120460823247328
-22.738097557200732 -13.136239229892938
-3.476722696727296 3.517412349515873
-8.247257451911643 17.369419182836261
18.525803693365134 -26.010427606173593
-21.572264275232371 -4.048531823779039
10.548397895077127 11.092808578648738
14.032059153514197 -17.237209648075698
15.365057747719925 -4.292184965132513
-14.355139384154345 1.484569105273505
30.156040428794476 -4.600466298824395
42.738291977293173 18.585700614913335
35.571745424131194 4.902000736578906
63.560556851670867 37.858204438291047
38.659146458369619 -36.683763522220630
-32.602491214334158 -0.110298901107594
41.204511927528124 37.915919019869811
-12.001699029203577 33.086760616683705
-32.288278870584406 -13.072806869702758
-4.360120188814659 42.218589287385242
-44.428214943829460 -27.249804708440408
-60.846708687278287 -5.031310103575191
1.413860577324413 -22.614079140078371
-7.950926345632311 -9.197014850619373
-10.297037980992641 -4.871308685276142
-11.860698706301038 1.499186599845039
-8.345615558124170 -16.543123800061061
4.941786792387529 19.463739796927541
19.950636096792884 -32.113642655266972
-21.831433610311390 22.499761673821222
33.239007856131394 -28.027430376242247
-22.636541801221369 27.555234623427367
35.020932824725051 2.761669712014688
-17.980514267327909 -11.470490416075988
-20.016578803256682 -0.161534279690335
-0.058869212262746 -11.314139562204442
41.406850561755697 22.327621289503913
8.172033282668759 -10.832416875778829
-16.967944053567599 -41.079792239382925
11.588880128856506 -31.974567997137090
-16.129350635403178 -6.197768154053521
8.116943344091968 -2.258475027020936
-0.204395835752834 -6.885648578256225
-1.121816231546298 40.754266658639231
-25.941819431125253 2.688185140860382
-44.251681693317856 2.916500110298156
18.453609663310679 13.242080515663986
10.065081078361839 -63.501458116174845
-11.277921961141624 29.761538829745071
-35.169386963111421 -9.005089722767476
-5.247642684528674 -25.940609781119644
-18.177399014183798 7.523354841231447
-18.944041509685430 -48.273473268216208
-40.804733108647824 -3.897493361219121
37.320447505067094 26.558586390000034
7.216965890222306 18.132080563559505
-36.856187541474974 -3.505489027976993
-16.761374990531749 21.176983397388877
18.198607409361799 7.879645489864237
7.605401424982380 12.783308533685579
15.255225523199504 -8.354083639651808
-11.593981425247851 1.297494630710115
3.157315315934717 -2.229556533196333
0.966088457375456 15.554437948788228
-2.108143134514642 -0.343101396370465
-3.417039361355456 -17.069734317634833
-23.513236962935309 -22.290487904833327
-5.987980563749923 20.356068751953423
10.572414374225607 -7.595763781248508
35.997999559281574 -23.013511477563288
10.500666346354892 18.849357941780301
-10.181850861954047 15.121265938291337
-13.039977396070171 -28.063832213395575
-37.774207320308577 -11.705567804476669
27.554915594043710 3.238114755373433
9.083451680035145 -15.047733760251967
-10.734610983483142 -6.239772006667812
-10.688928151633901 -10.465714598068821
-69.893704917736244 -40.556245287417987
21.541862239069747 19.537553193501111
-1.854781450171017 -31.365565013373551
-71.012219563857940 21.307303288230127
28.614246971273694 2.390304320558739
2.013232956955030 2.172141374634508
-3.902239081033938 27.958086241731639
8.800200871106728 -31.792079111135219
24.888236232808062 25.899992780144789
30.753310344469750 -12.843317981595114
13.388827235973739 16.769900947603549
5.525677739637669 -22.031316003358512
28.262936940472976 42.478605574232866
-9.709444835949387 -11.726431534336950
-16.772965167238780 5.204123854223824
-8.408874411322937 1.162592760017017
8.286528436810988 -16.760404340306135
27.000072420986452 -9.204463611706780
50.340988976629333 -18.978621658603252
18.674429032742118 35.132776819730047
6.346179422150962 26.413449731902642
26.326686543035791 -25.532689785856427
-30.473593966755622 3.922653503574514
9.885603539592404 3.330048648005834
16.171039079672315 9.494858238963177
-11.375094942144740 -7.963792127020616
30.329967578122844 -10.618808185652526
-6.914832174962396 33.186036003438026
0.381486694728055 -24.606293254328445
-8.145533387951561 43.712757266387598
12.030013532117845 -2.287916552488765
-8.579109434901142 13.216512403378404
-5.836055513082765 41.062995022545962
-6.561293556263912 49.992578020968239
21.786797793038350 -7.236346281754860
32.034263749516569 16.130875380218512
47.226966712822865 48.136102357792581
-36.352742211454299 -0.749299029037007
-10.492482312326404 -29.703785719526607
0.506142375338610 16.392542614405812
14.624234198555545 20.684266535987483
5.590406626917027 25.814705541555949
27.498542367426527 20.094167387609872
77.740345101187089 -19.952540799888173
49.361817505721028 -21.437773678583827
28.644060216376076 26.635547776669618
36.667515117063793 9.720700040823699
-36.999584122203373 -26.188639440019124
-42.705943026151175 -27.988496700403800
-18.747359019321994 1.770404647748658
28.535917405594994 -51.915197819429039
11.208761112512374 0.517419609700679
4.282351817179856 15.853207998473229
-28.833071077841073 -23.911279327190677
-11.700372941094825 -4.539929385202188
-7.668006967249796 18.162339377923075
-9.082742816786416 17.504576476851199
9.521731283297076 8.532810169420623
-39.939122335806445 10.831828339306021
-9.436080995807613 -31.374419253178690
-9.288632933264694 -12.383216538376789
-3.308263095548944 -1.361146631148642
25.461201839476178 -14.994640874280817
24.178761970118135 24.486815407027851
0.524699100010086 -4.845549284774856
-1.622754370334387 26.054153003047389
-16.892531258290660 18.996143448729402
42.010038443924770 7.495795509878671
14.989106436727980 -33.656701106541071
-7.715348259545968 1.298159380168638
-44.005169201922193 -14.898961563833131
-7.790315967963900 3.385357595356755
-7.018311718668435 16.790458737865066
23.497876723263911 -30.844072381646313
-6.654619720931187 -5.483269880037960
14.181802793877257 -37.631170050163810
-4.273210639148232 -32.120422030261935
-3.706546644254100 -23.089396147351675
-0.645520004978084 -17.365703432996657
2.197887113702800 -35.605103815175703
-39.094282764802102 -21.038124279114218
-6.329031732004701 -1.183484472347163
-11.163779380073619 61.410463695978287
13.874606278214076 1.568800442054604
-2.079501039143813 -17.824874530154155
33.794565074970428 2.204158902450866
11.935678402791424 -17.503465691154176
-29.709279289065417 -49.122652494133291
28.997591769445336 -23.679988688002826
-21.801479289373667 -14.163609122465946
12.895988010237492 -22.056891288730061
27.581494481462929 -21.177327526961154
-2.552432900737557 -61.948058902098609
-41.102471342812755 7.342370975172569
-35.399764799105078 -12.759216828894822
30.415271947784788 -1.236974129852381
34.819378609184866 -89.124835174440662
24.100327565937597 15.642290846047793
-13.895672573357876 4.920549006911719
13.624151169419857 -2.306528140927491
9.268819901586786 18.287611069819363
4.687980167629060 21.088900910801886
-13.228303615121394 -23.138975415425399
27.686325591646128 -19.628876802515208
-23.898770548515333 38.989163409835534
17.413971727604348 -22.554196261981378
-16.791544399383270 -17.745953479253217
20.810631125917375 -12.644042461229354
-25.082258866016872 38.036408964879207
20.032618657930861 -29.109772959829467
-50.214693708646500 -2.348960311911702
6.611301878700939 -10.612437736698558
-0.024840492058818 24.048935725042622
39.600775218760774 -17.173320176151176
-15.322277152246588 13.817600248517856
-5.935082760572247 -20.340758467944994
-18.906747870147758 -10.553405532961452
7.064183101182535 -29.382923303917519
-44.300604035477164 26.845908055244529
-11.484457088852162 -48.314026934298653
25.812024878300292 55.084468340220582
10.992820397011414 -45.839230337355374
1.349329108510929 17.802758388191265
29.609726119572574 5.332248012806822
25.359490956455286 -9.172030363410332
-24.400736891190444 -11.661099399195162
16.556538716328316 17.009843787947847
30.658782877316479 1.805353889004030
5.004681030074307 7.001052566675910
-5.230245220186056 -30.542444180203503
-27.394985142870677 6.156136818137369
-20.124106220959202 -23.621671644859486
-13.379356786639683 -33.273739285916292
13.617792833671997 -41.942721144150916
14.089401824316505 0.863810979206733
14.606177724842190 -6.267646019747881
3.625780031394605 13.016272705728268
5.467277692913587 -46.362368495096163
1.598943613283248 10.141610891177075
16.248507277983592 45.379536816279611
-0.452881203672910 -23.335843956519692
35.667112510864740 -15.228699693610803
-13.548167399728447 16.847126737917520
-31.345115338739017 13.715291836260045
-18.426851603848736 24.136233876240389
1.878354227317817 -11.605827268505179
-7.528136975223658 -1.960956534501980
-21.608708436372094 25.828626080363705
13.212984937760586 -14.458286626972471
37.739830096175936 3.214302600280010
-3.686223379477394 5.713068391372472
-4.326155413650752 -53.526834358836062
-14.486994869041801 28.976120774433923
-23.410518984299902 26.266609371491942
-11.789655116341059 8.004829898104743
26.196576642000593 -35.112654750900155
0.935678258430787 22.657259645409059
-5.953056640737707 55.814993584406743
-29.972239260022750 2.099489733134326
-13.054222721527974 31.486467825813875
45.399838879928325 -4.142132764975003
44.522007168702885 -32.804555893644796
-5.548312770880847 -32.706875226203898
-8.060319224734711 -33.639109454959872
-3.887104781443131 -31.213164474229522
39.799978597810991 26.128329210690527
20.720012781590089 0.258790311037679
4.334837332756788 -10.597910960331673
31.221003253533620 10.659751677548700
5.215356750278551 -24.983063231797622
42.336206248535824 0.753162540224615
-24.021344022449611 11.370713634035198
10.988670651392118 11.814128359174269
4.759483502005424 82.052208326354844
28.105210052568239 -28.936621720068363
27.788560532469891 -29.123283366985344
8.619502444390793 -22.841341948259455
37.713593506727214 -5.103876222655990
8.365538669339148 7.691697497073696
-9.395581595944208 -18.703405130388660
-4.776624268914049 3.029873072585225
22.495505240446001 -19.819773039167909
-33.326769052761414 -46.611406975648777
-12.387059538465602 -18.649704491669432
-24.818594883191228 30.811591374814359
6.622924276611023 -20.157321170858424
20.686028179975928 4.708634404395679
-39.102378552535875 33.641177065888499
-13.888451666252601 2.398582743080635
1.553157723868444 11.603675434858749
13.327667697482410 3.804155266749462
44.749697683615956 -17.579908180233250
23.044574680216559 -34.497748862309464
-74.671513804961805 34.854044663532683
38.059765566411620 6.343780061474160
-42.300012644272840 5.635178128058278
-18.561989239357313 -29.202063160464906
-1.494146675799002 -4.129633289255352
25.175106281221488 -15.712269882172626
-21.246538218960591 2.360491621304777
8.052245173906387 7.800893197787751
-7.458707332357776 9.160003983623724
-4.705505869072876 -16.729367898145075
8.507723233794767 16.744715038216221
-26.613478303866035 -11.421511082734016
-32.740039767253464 -13.841538761055867
-40.069853471719206 -9.452025951377960
-38.480760876588420 -32.694549251398129
-27.261356023645973 24.564939444657103
36.652677847837147 -12.060082861817300
-9.192130184549878 -18.452378892380306
-25.762774396277059 -4.343489211263982
33.473586304895342 -10.373276286394340
-17.786876119638318 -21.949596083912432
2.302225219563743 37.012863928097957
2.299721444441843 -67.065028450627764
-1.416761653938473 -17.926688566362920
45.168672055441249 -33.297553484163849
15.332616228760672 47.955507066969659
35.620232955585188 9.394872107593597
39.100141557472917 5.901752807713662
25.068421786848443 -26.543445027398011
-1.498793503067889 -44.420830448430124
-18.552409519713624 11.608879706458415
-4.455198230583530 -5.211126506374827
11.977251837826170 25.287651595651027
25.943869828811529 26.665720461872233
-30.344882622628027 26.807961238112291
-8.253302308903834 -7.581240884681326
-4.814287859433920 9.797144639837233
-0.486912712839968 -27.398976299922907
-7.901242954681422 1.041070527103216
26.220424571729257 21.688632297721398
16.099576579856070 9.572471068071922
31.177633372489204 -0.421646080795526
-40.141967019007119 -8.177266287953216
-26.693943770017281 -5.911657611255444
-41.944851669766813 18.823658186150535
-24.385530200971580 1.631975562751822
-50.306078261210899 -17.595956881652228
7.459898713217120 31.710859643160642
-5.056301347073238 11.431891803009602
-29.214296761955250 -29.025555022013481
10.095936845054480 -0.139611939976070
10.335228462382387 -16.999163801667635
21.401633482289416 45.552439689272134
-7.039585240838725 -12.410850270049497
50.113166760953895 33.313040075777820
-2.175335666466751 7.979828436954150
-2.172010356062339 13.271043052491740
9.933073789848313 -29.841344087986641
2.699099006545721 -23.465961319895047
-14.382503063525400 4.872582793632844
24.428928134390585 -45.082098086916268
28.969291779278038 10.061205844785771
17.853004324848705 -13.126150764660023
-21.307827908000647 -16.547728988805833
26.029890189388290 -18.264499456544691
2.856142230926718 -27.568545090003774
3.669183361423133 1.167947710311269
17.646768671347534 27.302643290858231
28.282068926499115 -10.802126351511728
6.422797440918737 5.451400639026621
-59.538568264549120 -24.253549444384024
-5.272841683854518 32.296275158999833
25.227261007164479 13.421819520378889
-29.723373462808130 -3.086962057161960
-7.103108772726828 37.895601539764812
-2.975142264925916 -10.006639647243379
-54.188012302893021 3.845696727605079
-40.277825332166067 -32.497450334099696
29.685717490398385 -1.603406173808096
-7.342637457800541 13.308212293838640
0.201432080089075 -13.818475369839049
-19.832419139788986 -32.699420800458974
-4.778891408700790 26.034773047382664
2.758200530423375 24.702361722190219
-13.899234762738873 9.170111713181178
0.025471312724877 4.534331127615585
2.106010213066154 40.351910565104284
9.351227741289676 -7.677045351800259
1.060861829471006 12.332425038742272
3.554821622538676 -36.164653097706875
53.595582578508321 -13.442532234108851
-21.806219964727369 28.444179214207594
7.166034305259966 -7.895760620433697
-4.020482803124803 -35.201189233666391
16.318873003752156 11.864084363080076
1.796349514169829 37.944811479327022
-14.638897506798436 26.011610389544252
-9.082358823802355 5.979586440604462
47.105505345936166 -16.881309796805315
-33.624849633852776 71.633627934079840
20.485564267581427 8.851488910511097
2.570477052521212 -24.446565007719570
1.366262603222139 -19.114985484956108
-19.986643679300382 3.366931343948052
-2.202066209798195 -14.689168523745535
43.752844601748443 -9.901366868536135
10.803475808523622 -4.155685057295869
12.726962129187710 -29.306910279538101
-25.462487852953188 -28.836835200393406
-12.691380995186272 -4.533790582898779
0.249153314908219 -14.500688990795577
-0.796989085715438 -27.305430311798506
-14.503720814345741 4.713204342311653
-27.935730069504714 20.666642679506843
54.586232165966692 -41.723058433135179
-4.000755842249574 9.565777119168322
15.393660087608104 38.666273472077727
-16.811290252593256 -8.478632031907091
-2.744432491677706 10.887925222972155
6.999361798981178 24.569423346468437
-3.869356532748134 -33.252844479527347
-34.439897412390543 -31.128836372184438
8.188946665087292 -22.905314865990455
-17.409817860805550 -47.032937987859199
-14.708543234765502 -14.949648254086622
2.316031401240109 35.647939237379425
-19.702822727783751 -36.828742716734958
12.474232744653371 -13.282889021908872
12.075019825081137 -9.657802283420638
17.849872860187798 -21.135181705012918
-4.259135451347204 -17.671579902583588
-17.120257965806815 -22.930359129788826
-25.228177191274415 -7.205359960343525
-0.116360488979354 9.201617146906900
41.516599078103503 26.687370091144263
-37.388345271132692 -10.238779387416042
20.692383066113347 2.176500273353702
-18.221350763067829 -24.948637200406537
24.454923302207416 -6.629858150055807
-14.779489268691574 22.880012844324494
-34.044558663876273 10.144990255105325
-14.035684539046240 -53.293311708932642
17.109883010441479 -25.722625513041290
-39.607058598097574 -48.412326912508966
-10.013539736215673 28.057986949484000
26.905467163780635 -9.322572944912594
5.602028756348962 -24.153810514475268
-9.073812513765244 -12.616392089757001
15.986600168564793 -83.388007291523280
35.447748871965999 -48.545834854528941
0.573378150956555 -24.368662130822024
-44.830116568491285 9.137346569028375
16.856958583005465 29.268844919600838
-30.957347456934276 9.295050470085314
-35.531098437770474 39.403472258954466
0.314554195148340 24.245325884434134
-46.356990194468274 2.238671651209875
-0.632345251570125 7.526458764307124
-25.616989556488079 -5.434281812387162
-1.636801459961611 -3.616945001028052
-3.224706356058233 -15.534856566343509
-2.021327186605210 42.622213852380796
-1.131336082195911 -19.742701772772367
-53.288924824282823 -41.650094334619162
38.549951809362881 -21.942839862541003
20.054400368798017 32.109111110501551
-10.928685792661065 58.256151150817651
30.734263936421552 -30.818190961619074
-26.982216889722686 32.321436823477512
33.330707318440894 -3.005977979658421
-3.522864603547215 19.358873146016673
17.616591319754662 -17.827058615452440
21.859827877800775 -43.569231312473526
5.486721436552055 15.131605291210157
-4.242178201081489 28.263409524972317
-13.613870450103438 50.161930739435974
-17.647209335612985 -54.439617018371749
-22.989525694506291 -26.992885411482487
62.847122485871751 1.513757950910985
5.040141991351176 28.767088407642049
12.830413332513025 -8.175044863435543
-39.413341007006991 35.146026895628879
-3.094200373755350 -0.079976128770824
20.973200425816454 30.893227463293318
-23.356995221924279 32.848507373087877
-42.294298198228390 -12.336677252504821
5.915566896950007 -48.384024375027636
-38.683140122588206 -15.180166057493308
-15.309971457051301 -15.891076247153194
11.850625184750399 10.746633290961320
-51.383820601134389 39.778398963541740
54.802589312612774 -3.119092225283448
-4.869736904673167 -39.961798689123292
8.356442213930896 5.145969077689580
18.285454989271962 37.724842000897738
19.082158214283787 -72.682070213999353
10.046094876089338 -22.583272968451713
5.936421633949175 32.240656880963506
18.464003495784937 32.266574491379934
-25.569007744440086 5.548984658894007
11.733225154553466 -15.728026961050224
42.362739988928453 -79.226994150444938
-11.627744396614743 -0.529469071816633
0.439098347113103 13.889748477105524
20.854873125419452 -24.257718429286971
-23.717486778026139 -5.458362618248150
11.498549074698843 -43.450314613674117
-15.012343419144376 -8.517139271169727
-5.238961242493228 2.860189375087572
5.367042011834029 32.229510245770904
-31.497868797130185 -47.598238812526468
-13.306647334203499 -21.435708286750618
23.354627312090507 -4.930202619560399
35.507131200929138 14.479217367420690
16.977380356763156 -13.485041255498254
3.345396995186888 2.193599955305432
37.666108409231363 -22.202072936348841
4.988890468019790 19.389593140085474
53.956514601936213 -18.982893164765507
-60.295601185964507 3.392333281696742
-8.713369571972834 26.161697400605306
54.135533801828302 11.379169009871669
-6.232602600400800 19.058835029141544
17.410490492046232 13.630101706018374
-42.173471888687601 20.349926174282711
-18.979086143167063 -15.534803021102272
19.657288648610727 37.134914956766274
-29.251770229050237 5.418588782396509
7.636770824310410 -9.352472008257767
-22.377020729208802 14.793526897159316
1.607737358188229 -39.227942206011662
11.100253413839125 -12.433352520137539
-8.219564452486727 14.093795385442631
-3.639030115184195 -65.880279241824695
6.806406427502535 -61.392237601899254
-36.639421613732829 -36.412630456901468
35.650337178836637 9.775087771010384
29.079378473391806 -1.582525210804372
-40.213128487209012 41.304697215739360
4.522033978602563 -18.257967044740326
27.495764380390906 -5.857689973290340
-2.155487667763953 -29.208787736244087
-12.958104527021531 33.765884625835056
6.547360025592714 36.206899840806543
-41.476517630421000 -9.378404383187494
-0.801890442073421 -4.977823782931446
-24.641162817387102 40.633133342728449
-4.251463023739975 -10.850700971767450
-27.383830102979154 0.700791286041110
2.385944466762357 13.060702294545711
-27.088637696847027 24.197896485194995
-4.674365884611084 46.507080271478017
27.173211750850076 43.216429207914175
20.636927461780200 -18.760707858715243
-23.582289167869305 -11.841432505662231
-2.096182161404846 22.999246832388600
20.239389435975955 22.300844235874276
24.154800476210234 -16.652429051069802
-42.261133882235747 -0.429216774207704
27.570303761158328 -44.016322688770209
-19.615448974966718 -12.969702537864276
-28.587331904277590 37.803449230126510
-13.225895745950529 -21.116701332253353
-13.973327689748778 47.226203882578503
37.511102199875722 -27.144899060741064
-18.739026830470372 -9.112339496001423
15.643160173802217 4.031142771755884
-25.018722438231077 38.866330782137041
-18.109016224357756 29.439371950329484
-11.239462337891192 -9.342370744679844
6.024617469353651 -75.045520186702774
4.599397200323817 -32.549906827020024
9.177217145405585 -18.421375373195378
-16.770777370167721 15.084278715182371
10.137898565491508 -3.942523811879042
15.539888910827985 -33.618352246981061
-27.291304821642949 -6.115626649409366
-26.329739149841171 -60.650041163127092
4.328521670788459 8.804305889523745
30.821519791515691 -50.775559885019597
-1.409069287232044 25.274844428179428
4.063128548018146 -28.671513965761065
-20.744170507436092 1.265125142415831
-19.433520027202995 0.408026327846696
-34.303749380035960 -35.553125558330173
4.134546925017755 -12.157237724849065
-0.676318542304678 -19.225893820403883
