0.000000000000000 0.000000000000000
0.000000000000000 0.000000000000000
-24.163529085412971 0.000000000000000
44.384520317221295 0.000000000000000
19.872730727943821 0.000000000000000
-14.722089675269308 0.000000000000000
-12.930956469621412 0.000000000000000
-10.569230528962091 0.000000000000000
11.628224701156933 0.000000000000000
26.111589001362798 0.000000000000000
-11.709356198082375 0.000000000000000
-34.118019281231597 0.000000000000000
-39.255956989632018 0.000000000000000
-1.212327904464013 0.000000000000000
-27.567070904143552 0.000000000000000
48.651486700347917 0.000000000000000
-0.931491103151439 0.000000000000000
-20.261179356119410 0.000000000000000
-34.041909014437906 0.000000000000000
-36.105929527354164 0.000000000000000
26.479190140298478 0.000000000000000
1.530424843228178 0.000000000000000
33.589644924760847 0.000000000000000
-21.818631094962434 0.000000000000000
20.564851757474905 0.000000000000000
7.905598856392186 0.000000000000000
-28.579397420168636 0.000000000000000
53.212514020175419 0.000000000000000
-31.098586206349715 0.000000000000000
24.269293008547283 0.000000000000000
2.628687092723066 0.000000000000000
-3.700420980291751 0.000000000000000
14.946769551317484 0.000000000000000
-13.438470581280239 0.000000000000000
82.269736354189448 0.000000000000000
1.667956094805019 0.000000000000000
39.350875486885940 0.000000000000000
31.457063851907598 0.000000000000000
23.272378620909322 0.000000000000000
-18.268783286114857 0.000000000000000
54.505815366027790 0.000000000000000
7.065275561271276 0.000000000000000
70.003412066706744 0.000000000000000
25.931097205963948 0.000000000000000
32.638036589690778 0.000000000000000
-31.885116432567116 0.000000000000000
61.831696278180956 0.000000000000000
-44.515808954953016 0.000000000000000
-58.762966248114068 0.000000000000000
0.533756454126217 0.000000000000000
45.053931806341090 0.000000000000000
0.000000000000000 0.000000000000000
0.491393630309357 15.427759035546005
3.455832849615291 16.602550961596069
-1.711159662782571 -16.340063109785621
46.861691126204370 -21.470508281713400
8.694281694825925 -0.785457254629952
4.031643635375991 17.131258157236527
5.700810739024818 -1.371173906252642
-14.985097077248717 3.496496490113540
-7.013907751289387 -4.913201903884700
-23.220194533156519 3.651067259319101
-17.964812034534773 -3.952930518152166
32.276465870542580 -24.304467435872592
52.077877119078622 -29.939281609068296
-9.937305581204571 30.679841964208858
-15.314473863973980 -4.586756519879613
21.257261308928584 11.363794627102244
-9.208454233620218 49.626202551319210
-13.837828142893640 42.120618547974615
-19.580083983024235 27.144977603725110
-11.888286779669935 17.782608944473953
15.956574154573127 -20.525780107349195
9.878138464510855 -18.191822351389213
36.249330639912955 6.936170112690172
-7.851720802393015 18.594098161347691
-17.740308584446009 -35.789228998737130
14.051445703946140 14.033828618766602
6.767514035461841 5.119679704537816
-9.892754170107638 53.504281470946104
1.902015181089950 -45.058901652839658
-8.108054713923707 20.438751453671482
-7.404005674935195 37.790843285844481
6.979580929305729 -31.289537342531624
9.255806049160695 -13.256760749607080
5.030218239016200 42.440256973878917
7.678935787927520 22.939924280675019
25.293637721541884 32.210592516459442
-2.894195267539548 10.525259705227764
51.108523409796263 11.098614609617650
-5.684727733940917 62.146008558203498
5.122385726927668 -32.667517067582970
-25.812029376445491 -14.563471414855821
-9.194335005742078 18.700292503965748
23.714239635759537 10.539777550382292
46.056889586307030 -10.857805790923001
3.428538116993059 1.677150525601323
1.979892883018339 -45.352678817544131
51.119287129635303 8.440465759052017
-13.328929965974929 1.511554752779483
-34.274700075074527 12.850999479288165
-22.425230651316006 12.111772157989208
-52.136353778624859 29.430167490049953
2.553229453335038 -2.486277117896884
-12.450673139796619 -14.980416360839461
13.476223880727666 10.938514236160547
-18.523718155337704 14.562525336997021
-1.405898279785861 -28.483789363070521
6.090221831873685 7.277815432526610
33.191772933690771 -0.408847448289284
-16.658809640033901 24.733456144189002
16.324263496666077 -7.174279106446930
9.252701715205630 16.992111717093287
-50.744935602125878 1.555588853038382
5.310507482961291 18.010490921484507
-11.893287390480335 -7.719438566018558
21.891186367205371 32.254191492614709
16.907966074954857 -0.676558195197618
-15.187309512560068 13.799946463047783
28.768904532525664 -30.220858794030285
-5.379574820076690 0.887294929908049
14.627369576970448 -3.015419134672980
9.053556033026766 29.851928556301452
-31.275977857666952 -26.815301240547594
-19.138856528839263 -26.690169333967809
-8.850263841455853 -21.072205046929462
17.419950599718092 -10.658201816983441
36.160373078640269 -0.178358168851993
22.061810798478117 -43.364881808535422
-14.847926461556161 28.024566737162530
7.981924326715736 14.694450883779261
17.166009076143705 3.506261832390161
19.169491986358985 -18.792506261586439
30.564847610173597 5.778277947712276
-14.613975003151840 21.903028172288693
5.716588955283862 33.367630355966767
22.375464714922987 -22.585177222852330
-13.474637157493040 4.232367183760447
14.590410668201388 13.975603588018494
61.929412864811759 -5.033681009022925
-2.493934301921603 0.333000170466908
66.105319138280862 -1.877557437576725
-1.040007087660012 27.525904266057097
8.361089386179209 -11.917332266660328
2.582639817507252 8.063491387619733
41.459637889623771 4.926887289550887
20.355577074275789 -33.449177336898700
-26.489670757737073 1.078261906297053
25.886061621994202 -47.067674809981405
28.365803257677843 13.263396102633532
-3.834244664583470 -17.875242023829809
-4.568659168550734 -1.858697941177758
-1.696717951555653 -1.435020962459670
23.364575138065401 35.776859406554742
18.027347162222821 12.019383253275418
-0.921441106984929 56.471376001889851
-27.722812299652201 -4.288075109825536
33.657321210086977 34.392472200172122
3.941888285616023 24.237459626528043
37.080485166181802 -36.838470430482523
4.761787531796613 -52.232365370657774
-5.316428229429258 13.746941964060795
6.110745244200302 22.427032296952557
-1.475440979824135 37.227666303876767
-24.958881379536820 26.601017657249102
-5.169519020431690 -22.723814462701561
-23.629874544930569 0.036194283123944
-11.933385679747579 -2.880942132789416
-15.628264877934059 -48.369439300074518
-27.071132404002050 -15.462000404491469
40.133287508762805 -6.013440790614694
43.375301411314389 5.335163698259925
-14.639588020516829 -9.387215724439368
40.620468912444657 -10.247063520239289
-16.453936695963915 2.031105120370090
29.547655041262214 8.226363071280369
42.830742232818920 -30.681810747907097
-3.893912365148819 8.816509358690633
-45.857869614274556 41.179676991896052
-1.378501145420105 -5.676208307375385
-7.054933873706238 23.387515528817904
5.402503114511114 -13.086108723646428
-4.690205135232691 -27.831614653237835
-13.933275215656813 1.021041548613270
-10.583931789160928 -19.752578875844758
11.927976257519694 12.080495717654582
39.243936780809243 12.135998414365101
-14.848965022523611 29.135645876813594
-23.831681275860554 0.068850555896499
-5.676592515622868 -12.655726410380165
-7.095013724542300 7.223228341905810
25.962897410993548 14.177694039571097
10.357642151072572 -29.657331732850782
50.504180487798010 -32.606589296678074
-52.885860779701531 38.626374805241959
12.617075323520824 -14.523844539049081
-9.056898342776009 -44.537157768736733
27.337910516890965 2.563685665001759
2.984466879368279 3.967008146355925
-1.419876201777272 18.110795093639005
22.383091066315178 -7.145704088538467
-0.309864237076437 -49.829547544945278
-5.374538127960340 4.343075585026484
-47.244709256179526 16.446049760834587
-37.670540813879178 5.786702245132020
22.407076654778677 5.338828649911878
-45.368984900291807 16.037006695904154
27.924278226002823 -28.106602960097302
47.650839910361150 -18.622075271954735
32.908327802745809 26.486388806873126
8.989125890948564 16.703095104917885
21.506523630461686 9.960258491457374
-19.394735969418562 11.731890151004345
54.177358495711857 -18.836328580546802
-4.156858762149069 9.758937690360883
17.806710677636968 -6.682613213994244
-19.283006099960321 6.247542822473510
-12.034365352294977 -0.844601990011967
12.604352714230485 36.284142123946360
-5.992104042324113 25.611465180111413
19.264914941450190 -40.178753267530205
-9.911365980405332 9.417218208250640
10.927642662413220 -18.463275801596662
-11.611461023921976 47.099307878590544
34.257144075818282 -14.110221762167779
20.410199516650291 -38.477942601341894
-2.652192594487476 0.360505714338767
9.441292939979762 -4.060872529153304
-20.529948814186444 -32.120419342942590
35.987452384435436 -7.319647280225733
9.735649401268592 31.346532238647601
-13.648276965643113 4.016140528465629
38.543265711790831 -30.380277900307973
-71.945780558830080 65.050898546300630
-39.221604188072924 -13.097657910232856
-28.115932965531588 9.629884848287279
31.859805475702586 -9.287102385342111
-6.853064664937625 -29.758694951724010
35.825204434599165 5.925451647347482
-12.513831273654821 9.763072953825858
-14.014154414928788 -10.060399812994630
4.864866655881358 44.455453339697897
22.302435514454153 -18.113995675532145
0.755727159107336 2.482569200516416
-10.571856668336027 -1.964425619334669
12.634059730888952 -16.240011946285321
7.937175081786020 2.727401667095523
-6.639642143021077 32.998348895349515
-21.697506160766356 -25.690327684228006
10.528454996516288 -13.662798681780194
22.299212051537939 -23.804273662383615
-14.028562757158165 0.918967411164794
69.396980844107844 12.780199183317180
41.480165420274361 54.902108707627825
15.854620468534158 -19.362163078131374
-8.744389528529483 9.177879556747246
18.529231812579397 5.937393153560477
1.893915107373939 12.026622354368715
17.440176890027349 27.764294591658743
49.056201303681817 12.738450749788775
-2.164837635278352 -2.698887047850455
-35.557421630289568 -16.299687371778909
3.073990737349709 -17.433599956555621
18.212307854477270 25.563351522003401
20.863946278771376 -16.845048927375839
-11.573867672624010 40.342368783569761
-11.889528137073899 17.666485936010211
-10.964584087809151 10.208095527359113
-39.003245477099725 -0.006741222285143
-3.003870466286676 -35.628739210396944
-3.780009541924321 -0.318730338114541
-29.487072945963781 39.998330384006302
24.552677295942100 8.935065720034004
-16.371041797710202 2.913755498314601
-7.986742786014656 5.874285430010863
-10.214020988117896 37.202118464519089
-20.317663575087042 18.581984214160109
9.167759074902955 -5.775357164184562
38.736472371508100 47.206929027801614
-32.517637606727497 20.615479280227827
13.563995084044965 -1.909418593253481
31.954273435297516 -20.502784785417866
-4.148832129338223 59.123810384454970
11.753366243681663 -10.864267198647099
52.225382713398346 15.720138718850135
8.969631731838126 27.728780732181189
66.860200051566707 -36.647815016176217
13.072052905153026 -3.503719576352068
-23.129753703005079 10.596428225785973
-1.897164034068378 -13.864337711202005
-32.700237559396513 -12.337059880930667
-27.609480975627228 -56.344675909693294
-31.930377347364352 -19.496794676463704
22.217736553900266 -2.804680453261642
-14.209799074249318 -18.967656750870852
-22.976064571291921 -4.715312426392249
7.407152780252368 -24.406504817598343
-37.087620102315213 0.977300716278642
19.140080061806461 -1.792441364965929
12.107591952784036 -11.714050854306427
-2.402827692090559 17.163721625668121
4.701055370160747 2.302401304164416
-25.648446091469005 -27.328998483362113
-12.114705416590116 -11.025572354183222
17.765413699693795 -29.915140073670930
4.434587468210014 13.743828888521021
11.128657302646909 -12.885777546069868
-6.801420308491950 2.798178217595392
14.629117340041125 3.702331103131851
-23.476915494377984 28.494220858405381
11.912214910373237 1.934449707554865
-12.328880969169687 -30.965920390801571
12.063289797556784 -9.631670260714886
29.749389386596420 16.032079172431239
-7.194159729641514 -6.222641933832107
-22.234204149515641 6.281396960706179
-20.485326510805876 22.738759569418924
-23.805143037527237 -19.431164799387265
-29.262445014093771 -6.868088863949168
-23.808656084275263 1.279138097661020
11.949239830776108 -20.755910691987506
-16.780349486855769 8.537882914975688
9.147041337566554 26.107746617617746
-7.183475492922008 15.619109409168580
16.073922369584810 13.503965715965462
22.234286724067491 27.170613559592567
-9.357989034588201 20.808241687196496
-53.744615369043522 31.529454428051025
-12.042023059375301 18.771394935052921
29.989908059775267 -14.702168571195218
1.394972645119348 56.071638464777905
-35.976577137643837 -37.380873794123175
3.991870151629554 2.956304842211652
-21.148810558028217 7.876118114427588
-39.952880051895121 11.611013525474624
-0.299959770200207 -7.986224517388366
27.443836296144291 -6.809174717861928
42.657580849300409 -2.558479085539989
14.643183244974260 17.042243266568740
1.133457418012862 -0.330074992921552
-0.853734832891998 16.052564264691679
11.709769590864235 -3.724190647644792
2.382696442619739 13.600162453720163
26.914101835426440 -5.551424339958122
-32.274330667052325 10.892424143987739
-8.067350542815555 -16.487787340590145
-5.659257439832479 -7.386381344737223
10.482177017633825 3.976090847006309
40.143966064695000 -14.767317588242969
-18.427107778074955 27.224326171681465
31.730506056432450 -21.325844760043442
13.250148533734459 -17.514053018467749
10.015705767808001 42.156494126081995
4.334305250904624 -6.948801215001774
-10.685447839427217 28.267749468304231
16.820824613614089 -9.493972536768528
-22.589376182231753 -9.332753136496121
40.532358966560473 3.572344853273536
-8.618516862129455 8.694055449847435
20.932035763137726 1.686292131909066
22.812568127235480 24.791592975616382
-31.221580746213636 36.374194559312940
-49.736638006370143 51.900362128911347
-56.067952289127803 -28.425531412834552
66.148509969144243 6.028729347893593
-4.228197327250880 -52.054887897993346
41.687102127340737 -11.340789593548715
1.358703706708876 57.696509965934240
-0.120867961814130 13.341558610604705
-12.569133734447892 -8.140184502980029
11.176976095567642 3.793308038531135
-3.274513111060529 20.861955075357056
0.246624930357216 -30.882483857375540
1.959764284253182 -0.381071141404647
16.530024714889684 46.748144043763901
-39.259883926473840 -13.080748419440958
3.725079719507198 33.187813359083705
32.254374539581079 -19.379458681961150
44.130350709257797 42.769835668047250
-4.612854043095456 -2.350877264494194
12.736903542526347 4.330717768066209
-27.170831911324541 -10.806271832447422
1.684459406333786 -17.977669991607918
-14.725936985809637 21.625006233448218
-6.479863995605679 -35.330223190452102
-45.048830802710434 -18.761060212963056
-7.821978163349605 2.949464765185099
2.434748112504563 -16.534098265372222
2.874930819528725 -23.525599931330540
-15.943206924342205 28.990932709579994
5.719220850511073 -11.060186779049197
-9.709213537021059 -1.866627483145192
21.410398729131430 -33.626901759909607
27.914327935851315 -1.985192995642887
-0.362114695406446 -31.274083306964567
17.620784878261134 32.534727270535313
0.630660294138850 -2.874421273478304
14.522058431855521 -3.759819654825165
16.343747778709321 -22.325207104242665
27.218835060212932 13.946109643390933
-10.320658900265194 28.165397289328492
-17.212600481325559 6.952137094963841
-2.611204226295698 -29.936257283890665
23.464669872628932 -21.128819472550365
-25.918716408162577 2.345284141336503
-9.745733614672458 -28.719901463664876
14.462172186760792 -15.856187866720505
-15.321750343219405 13.806042570275270
-25.771260116341690 -34.448439937449841
18.106974232993693 -31.798596016279383
19.606655703122126 9.898863827242591
-14.329585988485251 49.563460659497764
38.916140161124531 28.641289504775397
-19.382848804935481 50.800444100732236
-20.741382660482849 -25.320743632724128
15.547511365865732 33.186928784047922
-32.745485655744830 25.013742949369387
12.206747090947536 -33.901872178881881
27.300998285313629 6.891575248898843
-12.265747072162977 -41.691479647440374
-24.833582632290856 5.472647973913867
-3.420502436776042 -21.251087137856555
41.641966621182512 -28.485060302788387
30.545768461554392 -5.123902328637691
22.284463224943110 0.605106479837297
-11.708139943075391 27.847400069157281
-7.947949175400448 -27.006570935995850
0.573635723443747 68.104195776178130
-1.569076254944307 16.180825127122549
-19.183776226308133 3.140446038775737
12.106472349068831 -6.815845110208035
16.583363858180874 -5.309699985719348
-40.340864109102498 -17.574144528561121
-1.308108382692172 -13.811666086189023
5.148785834156055 40.177467516318949
46.933597901599612 -1.364298245827570
0.758155326734716 -8.438107378427075
-5.827579559243203 8.839434993068508
56.704717856518954 -14.730737160408319
15.381286994296589 -11.498643929455312
-33.454472628142298 -29.009686973470405
9.753255629655735 -22.831816562721297
6.512779057901618 28.957193934779401
0.605966114526190 17.999642166716558
-12.391715988154731 -14.648713071805018
-13.313586572127353 -38.634498822238207
20.461039417949166 -5.813140480877342
-28.684814450978795 -19.385755481938752
-8.361326390949701 35.729282840583146
18.343670596846188 29.331617839173813
5.155910548092914 30.922078233884179
-43.194802529146408 28.349668463656307
-28.981768619355773 -2.756108341585202
-25.636788481919275 35.196825831899169
46.314090218815288 7.070421782832912
3.788360066187467 -55.497224577700514
-11.489039018009427 42.492111616261845
-32.797331756311763 -0.150550298475111
-15.659857252409731 1.181599902601949
-28.013934586284989 2.654565125827497
9.024927848823399 -2.425580053295188
-11.780791197694517 21.526434107993136
-23.522905496801553 24.248859407019008
62.078671856022645 -1.189505306806040
-7.159523085340489 8.702670768786842
-6.246972855997386 -23.463470957620821
17.583855151131569 -9.102628802803768
-11.976266040070859 3.761491445583946
-18.503986145094331 2.515878530544440
-10.133994929063469 -11.526984254285646
6.188319442696978 3.901129293731698
21.535680882822643 9.720762745881942
1.453154905069076 14.288322632747009
-29.614749526685305 -7.895133696878397
1.568063734699167 5.073268466095408
31.450478395069791 -19.225128909754790
-3.724518992797436 -2.910107751683585
6.885169808531806 29.462483050430642
46.452013847729347 -36.332045752131620
2.427873634746436 32.654138602815046
-5.157849189280741 25.588163416780539
10.050383590169886 6.442505593595821
12.353968501048989 8.873000875339432
35.012237913025501 8.082195230327342
13.798354874935621 42.152889855381034
-17.531328258628278 17.093835289088414
-23.943030047915578 66.021807615695820
-29.585003788641600 -33.125462597364944
4.173408273335302 9.748358960816850
75.045152227607574 48.758728861483931
-30.807894302711389 -31.246633242304682
10.739819072852873 -28.073456379651912
20.759899528682769 34.961535707921279
-5.655678896997193 -12.181753500735365
5.890880342154273 -39.900039079751153
32.553785421093380 1.049778236655116
1.553081675159489 26.732743927938962
1.886789745876104 -25.112069316236003
-3.505348876754369 23.904119807372897
-11.816627695428387 -0.961026872859143
-30.967675144442293 45.934380982465406
52.279989570710015 -5.525334100512428
1.492961374150695 -15.771856504872188
-10.993151901546952 34.289087792645425
2.044502586193722 18.329228089177992
5.966509581267346 10.244026180666646
-17.555447149924380 37.416035239521165
-12.557437324623443 -16.990587556004172
-26.521639745680794 -12.465047579715057
22.290299355723388 -19.932445691177715
-14.011789015026297 -5.067789809568063
18.071766793700821 20.786975714079144
23.869786298323877 -42.551215605724273
-0.863659950310700 -7.800904000654420
-3.886857552993099 12.596990608656595
-9.690235655497494 -0.653216091557762
-9.608270617394204 -5.454001579339533
43.253294227588917 22.050797172681701
-18.085506120636225 -5.904352510594276
-0.368691768218178 6.130513263250152
10.340625722927113 32.353338233405864
-22.872932083636073 -0.029784764012235
3.329890266492727 6.833981499412046
56.866341255311902 -0.949588749967071
4.111528769156220 0.724951520942658
-18.890135615577588 4.648418991782662
-16.268330164434786 29.821669003248132
-24.126299400260063 10.809788595988328
-20.834836826599009 -26.037816611559318
23.387711691873513 -22.259868560833660
-1.824466127534970 -24.266828955975328
-14.856900559021932 0.173482672489869
-39.878689858180557 11.163229127719362
28.365796141525841 -4.441594797081514
4.138535886934521 27.915723687744876
36.610779290276938 -21.692561569040922
-11.470553659470884 -10.738655164966596
7.321721478988978 11.690535963726173
-5.296049227228503 29.557103130919536
20.457402354341465 -29.461516563244043
37.560895964023409 23.298961639751521
0.387353964203304 -5.938705424509070
-36.433444250668849 -15.328078391099671
-30.750525556250942 -30.225197295364040
-37.635997402855438 0.436282395018301
-30.521813330092584 -13.745712011549010
-24.282623047761078 -22.124301639494739
-21.252730051229808 22.868750447518401
25.925871739661122 -17.726260643978293
-3.138406497878493 2.867633812520748
-1.078414856189516 -10.896308086208471
15.350578529037138 -35.906191749218166
-13.024680997679035 8.478909620395527
2.260209939529691 -38.581536144052883
3.152411428110252 -7.882114689217618
43.161032452693505 19.432258794718749
4.557631325271300 -21.476678133983704
6.153262861666023 -18.993973944852421
-11.055574689641768 -12.562406366362719
-11.304942668770918 -13.179907411203128
-35.581957758530201 -8.699493712259134
27.091057380791526 -2.610588195198997
28.011643777991388 12.493056164199501
25.045003184125186 -28.077374032090201
-6.288769790938477 13.848586749647902
1.056260427347339 -25.532156865876164
-11.577460430745040 12.541786618133512
-1.379814534879605 -7.327896183703977
-15.227016281723140 -11.337253799193521
6.711177504844477 -16.176527698471002
-17.911689286263790 -5.465472488773150
1.707442189537684 7.417211177530936
28.407760659825332 -17.501395622601695
4.910796942205485 -37.241899717026428
31.544319419719919 -2.468963769673367
4.824851665834569 -19.908973355002185
32.368310650643998 -19.538138200794709
-17.523539654559865 -1.271217284143774
43.369265386643406 3.334454660581405
18.586865356125728 -1.309775805655797
-54.802102086603760 27.328905638397615
3.833297870252189 -47.358024640597435
-24.572167698781769 -29.966885488165982
-56.159088201222545 -66.706109435794758
-16.025642912679320 7.238077121589756
11.121535941088847 2.217589280403623
20.914798995338685 38.489733298974485
-2.407130704297104 -23.458346743828816
-6.743469828065203 32.153011370716165
-33.694749807353475 20.833835823661971
34.308431147553357 15.653007102637934
25.323933299554291 -16.160207292667227
7.454226988229136 -19.826034184152196
18.462008950502959 5.521721447408280
-0.696713203724142 2.460797414181794
-45.457393295745085 12.036289947813035
-18.491063106737787 46.819130348861869
-6.154479538273892 20.801106415104638
-27.288317728760983 13.459097150679931
43.190484146802511 8.742711077950437
5.683665899480348 14.853422365704530
0.428007366535271 -10.851323013747617
27.771017224964382 3.054177694394928
-17.675116949607897 -31.523897990860640
17.345931511482434 7.544723226369920
-39.839827274662468 -12.727070737563837
0.162228196084862 -1.859717436674603
-5.150593401813843 -3.918804391811946
24.536631497689097 3.694430866190622
35.102472290993518 -50.852679710231200
-11.605715249339529 -14.685119049838846
4.389432549804831 -33.596025875609030
-27.349531988655393 38.444472816851146
28.781861644215560 -19.427840556230617
-30.158724643996273 -7.012739763014803
-20.135928821129504 35.676574983980743
-17.371193233524128 -5.026738221427496
31.098760452563777 51.170453678791141
29.750590360670991 1.050739800475246
-22.360131381593366 18.653812228139707
-37.820522703444347 -1.808731534890024
-64.080573901397244 41.660084784659134
27.907851668808544 -33.019217740212518
26.495333994872432 21.364317933811005
4.739837176678178 8.967063922456211
-0.611339800212293 4.552373336837261
7.701002699611033 -8.974694690193644
6.812356968617233 7.480659063563766
18.996755484627286 -5.436851995193876
-14.281332157966190 12.538943246533327
21.728962726093798 -30.630575622289559
7.175853815377971 4.996780237497537
-1.954929955362260 0.851320453722728
35.580141423211586 -0.544318175767439
-23.584292579131258 -19.381510742546642
-11.450094400776235 -9.589360964692588
-24.990430896881076 22.024504530006237
23.495546269507560 11.099990361941012
-58.607173309025654 -31.543534421935032
-19.270078074971750 26.802158496632128
-29.537978212814867 -3.959047465290011
15.001086091932502 -19.126791754704048
-9.187799570901054 -64.792902710439208
11.597248848491279 34.699804424660989
-6.295376270509086 -38.003566177625991
9.515537704427333 17.981077749436867
32.018777622439231 -27.071233203650504
-10.236700455900634 -26.610401255058957
-31.379408138715796 7.023821578211805
-5.918826567983070 -16.240471947296072
-7.950145037715425 2.527190600132154
39.374974839797012 -10.547244731484586
-1.964959719101538 23.759336915436858
19.267221877672554 6.366342688438841
-0.447726126389555 34.175583226786237
21.113592976879524 -9.467711138245344
40.282791103730339 36.051176163062330
-14.554624943055044 -9.854839951834606
43.874929742319381 17.049587747976961
37.915735815922694 -21.920084799210365
-5.577838578805030 -6.725592005196313
3.151328335945379 1.210529643853276
-8.224756439280744 -8.654307107290913
-7.807320527735238 28.409811095948832
-18.494214130378460 -3.304747859130744
39.892296888221104 -7.986949589463927
-1.546877949152256 13.749583412367116
10.418330324617067 0.747106821220320
-24.160773535250172 -8.864879188487754
0.522809136054465 -40.421697927547690
17.563417080041610 -50.656515262160809
-1.742784411993507 -63.141077038418672
-17.559187001923203 -20.066994797432212
6.893823559012208 -6.971249917252442
37.638704530649029 36.378371984251714
7.966936124054281 15.452438966355043
-34.279320453982102 -9.962942133260537
38.056003956119618 5.132319372869936
-26.356791710696861 -19.126165130591453
6.100408546273392 -29.009685220621385
-9.905073873116176 -67.404049085777572
10.014796838035982 42.349016057282810
-7.374087542810016 -65.372337906688074
-33.139929529268308 24.207037827222795
-16.807552674797112 -7.140188250692983
15.708727677836498 40.716963381142442
-5.887286272517229 -4.816329355328304
-2.992713509552916 -30.627721486159778
-14.482103571191296 -50.916866162494692
6.858963928277296 20.240128417745925
44.196328370330946 25.337827099981563
47.869347786788921 30.373831371314914
-29.359468767728583 48.580153931471841
4.756585030565092 -2.535542712335697
-6.576534477701598 -10.773610088285533
23.669523528508947 -6.912634116676752
-12.317743538021743 6.391964534345268
8.943122759833210 33.488296954587192
-6.700260614068102 -24.273495455245907
-7.383966232881101 -21.572195293402075
-0.124845623099853 16.516513846405488
22.280763017860600 -3.560059600524935
-14.416645863541909 -7.804420520673280
-39.996116136633184 12.117737218590459
-18.059775344825958 -25.204001280057433
-12.579533007887690 8.320570206510014
-18.371204728271536 -0.086297847992925
-29.378355870237272 -15.618517610821323
-30.922808136584372 20.415779641063622
15.869119929654159 7.006821122896419
-27.842418968515108 -39.336467232300940
-23.557891271436528 -5.583956326406790
-1.508966238278155 50.846835494058240
-9.926455905991457 -22.847754780089431
-13.107189335262728 -33.568367954786495
-54.273354942739317 -3.066766100886421
29.565268543057911 29.228410838516176
33.185079326429914 -32.399466188917089
16.362055431648216 -26.550511313886140
18.272653644469322 -8.463851465104678
-14.128626456577782 -11.601190883777413
6.601041438446124 2.770222032650797
-14.379660856181051 -21.701250042982693
-11.021865650560132 20.387634252759128
-14.590898993717019 -33.380075054381962
23.015716468174016 0.835362209313469
-30.055888939201854 -72.005498979255492
3.351420634952550 30.089715452138524
-36.575085717215927 17.262065602947175
-49.896340432395341 -23.767890992063489
52.216242810962967 -2.349219838088143
-4.842829829958911 -2.223291056441858
4.681030948663978 -32.133911567824271
-30.746421725521543 -12.117026582692070
-4.345810152797621 18.084411734979867
4.366429085942302 7.161066344584874
-12.435903204506559 -33.339216067090383
2.441319181717711 -6.588855682507471
44.040015686368896 18.755603790735265
30.554199380498709 -6.543856369771660
18.164128089382238 1.624376244171603
-8.665994030501205 -30.870631039724618
4.499609809372796 -5.183423056393841
-5.922000275632839 -7.472439440963510
0.707043965585302 4.214238205691720
-31.623234620796580 -48.153731221645003
-7.493303214570074 -48.313113508028096
13.241418654702080 -2.923884491517120
-23.147167429511992 5.458693853354563
16.333509834430163 27.020445455085959
36.085748364996213 -14.814996118160570
13.981470056263923 18.376898501745664
-13.619899373764451 8.043505212643359
31.678160086482166 15.036421187015870
5.736749516317378 32.716989438774640
-2.096383850359159 -31.926831464875509
23.460812866487096 -5.481703279233304
31.597489676627767 9.954675474947820
-9.153400009333643 1.470598798540933
-4.540595667148220 21.354847312250893
-6.424009599285839 -0.653080909365153
8.884028687067762 24.667619240395570
8.227201921104559 -42.998650204639915
-28.698270604475692 25.990331888800096
27.790498281167260 -23.703271867783204
52.663111019839135 13.847389716858970
-25.757759579846734 -9.158696636325237
-18.029069709282968 21.850673355201739
-5.360986932532328 -2.632599571514771
6.399877290478528 29.952428057702889
-5.286932592184614 45.924233297496635
22.003724979517855 -35.215429065877153
-4.042986879457758 -20.717271662580323
-9.384594890719054 10.324227251652346
42.838315286245418 49.960616848581097
6.332848273390220 -34.561891042340491
17.461739790400021 6.276483702233254
8.924021334998274 -19.424981894937869
40.663921132412206 1.365644519429811
-2.797352256801791 -5.966301172630954
4.076499709647322 46.956553647154017
14.321655817910946 -46.530730372171341
17.429166540235581 1.991132849731453
-37.016862197419542 8.483197435103197
0.940363221395229 14.148244274373170
-1.024916498406405 -16.606023351034878
-38.877876511603255 -31.287268803861121
-21.614499706419110 -8.675458308927322
-14.788452133659149 -23.745466776098883
-8.748138143980977 -5.648731075717034
23.549423769582006 19.504033237190306
-24.982003409630899 -45.171652320934015
14.775835031665249 1.430398091579675
-32.263231973565588 -6.517628970950659
4.132076909082286 -6.299067916893744
-0.894292509095227 30.804241178992260
-6.752897628545203 -39.752823517157779
37.858623854200651 -38.282569728726614
19.341307623151632 10.471002104515449
30.684240360720423 -3.333102989008297
-5.168681416768231 20.175403764999075
-19.459325262836039 -3.634920550016960
5.664976240049049 -38.502727100419989
-0.411810458711443 -12.816966601033023
-11.451958698613790 13.662243164419422
14.324965047059752 -1.629723574393179
17.676383251086282 8.167824974812630
35.797222535372057 -26.362506316395425
3.401147910707019 -20.153053418297457
-36.568503278157820 -26.656358234834169
19.407997973496474 10.165213697817165
16.154084069806299 1.461698698375992
-16.760053028274047 -6.775742830273086
44.403632460919304 50.039746493525847
5.763817755403260 -13.407952782717530
5.332221813256888 12.395494593763379
-16.371946740796044 51.029029772698983
11.544393997467433 -8.560591852482601
26.660195508826725 -30.749466304862157
-7.010408409992218 -27.998900311778424
-24.789578785483126 25.067089349971369
14.191241716391863 27.397518342677373
-42.477559395253813 -18.737786357942198
52.953888022824039 25.799020030038815
3.527401779122348 -13.397364478638362
-14.237240033425039 -14.399457293243104
-3.566987150305416 -3.169084627589902
-17.490733580375057 -22.831969441039266
-26.241935933476707 36.266309662087025
12.598030461656402 -13.175576982452560
-10.960388317546844 -10.711963575298393
-7.730573244174450 22.139622298403985
21.899936144483497 8.302186236909554
-17.127553855656661 31.974322626664122
-0.548142299771849 6.452413991316480
13.594515386495305 7.188959464301929
29.138752691718448 0.318315700181195
-9.820471366775244 12.095954101874018
-63.911452834507962 14.297287940236590
-29.466020358945361 1.415235315493904
1.515867404115161 10.767805114410928
15.313797985167758 3.790091070261230
16.395728382786057 15.272860594495658
4.289978069850773 38.211092406745870
-21.841716231500964 14.653480902461521
-2.933415966209135 -11.743705348488582
45.830471122982111 11.510107881315054
-38.137474655339290 55.221706358479125
33.222954583959492 -7.094675765144849
-6.185020569479965 23.692971170003453
-19.198713470605057 -31.433839276292325
-26.054088214816932 -55.866917618242312
-25.608543083381004 7.461910855117051
24.472169534119043 -19.072458321245449
-29.909972417651868 21.531827392477854
0.114730097719673 -16.399418328479136
7.605181661741440 14.688312453291724
-13.219846097165620 -6.372433566686023
9.320294132161765 7.759150182720816
14.885118624891405 -4.109321929504495
20.742713697099706 -19.391839519661719
-33.045184739364430 -17.788959609245847
4.605525985215554 -7.275905340946307
39.522246991371148 19.088384588934531
4.768607905083558 7.414932197467174
-16.408590491887363 37.898476958275175
-10.780625073242946 13.055248705104695
4.421238756412761 -18.790973154079651
12.090637895148271 -22.428874391470433
-4.307945616750684 -3.734410355019069
-40.023466540717536 -8.744449374139981
17.055619692105939 1.709479449081382
-17.874783561236377 29.626542638281318
1.399749254226354 25.898431695655852
5.204105447039238 0.247726442146102
25.217188114304104 40.821637968261768
28.962515316750022 1.689126607030236
61.751151096458706 3.948549358511406
14.306584908208855 31.836132173303046
-4.141293057232370 -7.180784854760061
48.584167918023468 72.236502196234824
0.766741085702933 35.711077057964268
-75.783781160483258 -15.410138972039157
-18.563196410791058 -33.130627165574658
-30.642169967627972 11.684406882216400
-2.869272407828833 -4.699880147766806
9.172517660970483 -15.768439342048223
10.999924375180507 -11.140531679253582
35.109107261835931 5.554915996006872
0.393303254020609 27.346918247877518
-20.288301825750302 -22.300273977976406
2.402100724754843 7.195616818087964
4.560498367442018 3.985664025697753
-8.344413788845293 45.533264788959855
-6.305362833760662 2.391639443729576
20.344441192860678 1.802358130551115
-26.762289662966758 33.151913717898005
-9.372572391219434 -9.851400058233665
15.216150337695666 -21.552788525127902
40.173114942524236 -34.408570802114362
8.689052695818031 2.028087173765075
27.455065636046481 -23.871188755477014
1.287798666385664 8.889854934138153
13.909061667805069 14.404301198869602
11.431612388003074 15.533656574612474
-13.226633360735223 22.635408417646083
10.778342175444063 7.312238139413465
-75.056958500314948 -5.097753029374014
6.538889998646890 22.799319664676826
28.563438157818346 -3.767253234510558
2.533186455597324 29.531609763436226
-11.133142563171980 60.093620600696930
8.654427098143254 21.257894110871238
17.654388986049948 -18.571402654445070
-0.027885082261076 12.804564741594691
22.958043528322818 -17.671781596427707
12.247735425194767 18.456123843912959
43.495866234472068 -7.992925020552140
29.749014859431316 0.584219519907726
-43.456760737218445 2.490441195726526
28.724380577627464 6.237561298720959
-13.593490145183004 23.898306754015135
0.543170525036671 -1.461349538623367
1.100463474320546 -25.271493856211706
14.614476406542570 3.667700914051623
3.710590247455181 15.374477316792975
-23.734309269339896 10.648507088064209
-36.189804780600944 7.440885992759572
-29.932156540965668 -2.014205548275406
24.456327230434475 -5.330022382444221
-29.157847275867507 -1.751683536219124
-30.930640410067294 30.541318288503597
34.253602352751891 38.058206811390427
-56.379751167287729 21.920648757090667
36.331114864868937 16.169344927490069
36.916408967139745 31.778730201286933
8.597207967003898 30.646873706416862
31.073609396913437 -3.473755798966346
13.652873102653418 47.150952576358527
25.701137871266816 20.983942947479957
69.858200135287277 -3.119479244202410
7.020721388752038 34.934620696707519
-12.324983561260900 32.951855689197480
12.706575085877175 -13.095384065642953
-10.283071420512881 31.905242067128654
-26.768979974620471 3.261222245413222
20.464266679915440 1.067824094449609
-9.609521983498610 -2.667532797840868
4.290741722501763 12.502517340959933
8.700469575372974 -7.330441969978844
-1.701755440831111 5.993629853579833
-12.702800225026358 4.968542358146352
-17.173138748242717 63.608958383780852
9.433989208337428 13.283120319929786
1.480474007514592 -19.066587181554912
15.782263643349939 1.320186871467011
-7.283290677103484 31.401334090551241
-22.709979781493242 -1.011449766283651
-44.746594780012117 -32.579927240918508
-36.224770658629716 39.710792264350872
-0.118217945166284 12.279970875262544
40.733353022721303 21.471073391402292
-19.392501888109475 53.902781666752105
17.532507948795661 -25.055261568268278
39.040642596929928 13.717173776649849
-35.217420036799567 -38.007000719217800
-35.695560226092859 0.265984739163099
-17.346912103015470 -0.052871365537521
-26.223955025640521 16.882807409293040
35.969283062521257 -24.343533077860563
-41.297131198623021 -22.079743209056264
11.022623535430087 57.078937102505570
-12.297091512461614 19.448717326188014
12.005179837670289 -12.472200498156985
-15.456162140516710 2.986941058375958
5.137932356084461 -19.423626263982214
2.288278004623286 26.103043356158768
-27.339076983539041 22.939842537928566
-30.556945836411284 14.311756082915680
-1.785772644435989 -8.057761805420014
6.881433644847118 6.725036521477898
9.881753921964776 -7.909960471394363
-12.156660067263347 27.393577684847212
31.837411017286044 -26.384556983214832
0.747858620065545 -7.437819460285215
4.661343757547456 48.047778277128394
1.663717006891670 -32.025846201323951
-39.681138824972280 1.908708499036077
-12.290382384998509 -32.208042607932235
10.553627359746345 -18.595257031426119
54.040601453257146 -50.318279533769960
19.825891882758043 27.677419613732280
-3.284564149162179 -28.236870970316311
-0.648398780399561 12.224959782509524
34.352005963925087 31.770566388393281
15.694448921952903 4.585059124182017
-29.372107201017020 17.354595117115849
1.363235782515364 -11.916355218774287
8.403794161025964 6.959849713370857
-1.623772912648578 -23.351920285570138
-24.091464167890059 -22.051703479433325
23.814356048854126 -8.313653127197428
-14.713325660017729 27.121823318140294
-0.253403162731060 -32.644660585232764
-6.600958709111408 -19.830886032791874
-7.660234070007558 -4.549386261772066
2.587631104172647 69.523572579111587
-3.233721643365059 -13.417078518623430
5.466451086939736 -6.071118334123856
-23.590965835836009 27.319116214468156
20.902079060843196 49.046138706252790
4.163381517706347 26.714590194024765
-28.671765909389968 -33.138386961780469
-14.241976928270830 2.568097496940480
52.144842581599121 17.424769277428879
21.220639232216232 -4.373923587138076
-48.408722488874737 8.578751838423248
8.824206328700315 26.533596664101271
4.322503742048842 39.102373130013603
-31.188934514743693 13.056748521836107
72.668585236676861 46.037362274373614
-34.239542712037164 48.198095533665558
-23.025000427835060 -23.173390021671956
-28.824666673686725 -53.799584810881036
12.335039501070060 48.554852520989513
-10.280417891666108 27.448788045613401
-1.990876366126116 1.862709326840831
-26.225858789393605 15.640955908829566
-17.775285264337320 0.993060536951414
23.708783029739706 6.638277728944710
-21.834651997728077 -24.924501000292665
-34.542895304116179 25.619981785327312
-2.292152290667874 -1.529224617781163
32.686513981067634 34.154596984455033
-19.446941255748989 41.541790229601901
-30.460394025241087 -4.081183861043929
8.212265557077290 -14.806766401562166
29.144284501963622 1.533843982635755
-44.590262737402469 16.814084901967910
-48.839824725766320 -17.467103335667112
-45.906820310012940 3.921276314362223
-62.899363463876568 -4.735955493616190
9.747992138978859 2.905924846999016
-35.997066971630936 -35.562380400496863
-16.843418530466479 -1.196483281261094
9.577093420817580 18.394471673442172
-49.437325233422101 36.656661054231847
7.695899317278516 -13.440795972929713
2.266245093071674 11.428226786903446
30.097342413642068 -20.024987601664314
19.585264349786197 -12.063168701401555
3.693930052153915 16.933042248086746
15.095665318697606 34.875917090418334
27.885878951886248 -2.073528060692798
13.690107320683975 -11.312051367393588
-9.147171647399096 -20.945471524778085
-7.467362659353536 -29.188776300538716
-15.170805710913335 -15.126918332540656
-18.745611496913423 5.275130839647667
-24.758454124049585 -15.059682448044173
5.251989400204114 -30.940476452304992
6.523149776983813 -13.723685361199474
-24.651598414635465 -19.570695728094467
16.588372223990255 18.635087914839708
-2.418164183976301 1.221362980254117
-14.032663144409105 51.887039842903064
14.464048107741158 -0.203247885941679
0.463997333873748 19.607161051041864
-7.764073944869548 22.492235104492590
-11.557871784000849 7.087956910012808
35.897591621363610 24.912988113569217
60.117086228703613 44.422531871592369
24.252527263412539 -20.519827078450906
-25.278039902807194 3.471628207495333
30.135225299779648 -23.181101231947856
27.684262275617861 27.800562203761036
16.977696482095912 -7.349745424617490
15.342722089721171 23.168728603023570
62.534499245017962 18.064678297854389
14.117652276798037 -12.393377314554652
53.051855101164513 -7.233538373169783
-43.656529162390001 -46.111959178738950
-18.173587788760557 -33.896112456966897
14.114899230413148 -37.094919033753186
-2.027978129451540 -17.581730652785957
-9.156703525180189 -56.372813551139693
31.540866935806932 1.618909121262167
1.298714975751735 -6.047000182062580
-16.670859122508645 -16.970433893035306
-2.189629602153366 -21.085374564625958
-19.569986909301083 14.139677539347627
-13.112741466787494 -37.431692303492547
36.724576907967361 3.777057305567189
54.535327501175992 16.256479975816543
3.349588163721281 -15.250039150175729
-7.591574245216225 15.003715401387872
-35.016115667507037 3.847481910193781
9.698948763164985 -14.141221952250419
6.207184171214072 18.161098026043884
1.417224355684046 -10.272218396419158
-15.195228720657253 -5.422020454075937
-17.555738973362917 -14.178929481880447
20.909822476531641 -12.027756880893893
5.367812530075118 29.400780939633375
-13.032512203847205 13.368931876830766
13.665041801510716 7.984487666020783
18.320119644855268 -17.691317301004549
-34.075446372331378 15.742446556044671
6.978793665098705 -9.755444439783483
27.877121759237706 -20.555360435800061
12.466526006925950 28.429074910140336
34.466750259968585 15.156950882661768
4.559006202859572 -49.912158938257434
-36.232521486680952 -12.469914235095283
-22.387491448092067 11.765301367856809
14.321953887473612 -31.430861895480685
-12.823037675352545 -14.955917416905663
-13.071838346290686 1.307760547698529
-33.105895016290255 -35.321795929367511
22.243551394079780 -10.886335008113166
-32.231209591319661 3.078239860057089
0.152586037643080 -25.581222457416015
17.200528603864868 26.003070099288379
7.850121238301313 -16.135531130431424
-15.247733520502797 2.230057112089714
33.044745711327757 27.357105443349575
5.353432490178314 46.846459390298563
-8.259714173390652 -41.499542508271048
-51.616992094690211 -8.013928580761164
18.879783738240313 16.775904331241737
21.252987426486193 -19.818104967441684
-5.809050415021892 -11.643178261019257
9.718699599805598 -0.212167199914173
-3.186556351027628 -31.489132291906767
-32.864832097757471 -24.785975762142460
-34.417521340164100 28.728987112043654
-2.289963382556378 -3.498815416077243
-48.155852338046600 -41.302431314880202
50.993971366817142 -2.024318385503087
7.273536119115224 -11.627870224224846
-32.507309797660710 -49.711910427151260
-22.252715175206067 -4.415525398007356
1.664444144870977 23.586865714272257
61.821349225214774 -36.008925091342981
-14.758693933698925 -11.404288505406967
44.786317808474159 3.417607153922781
7.355556353536397 22.503518884081586
12.967907927765840 -19.754806104566963
9.689612247455248 17.664628705712772
-12.309202210305564 51.144925581540711
19.707971516126996 7.669470444219042
-63.878736396743847 -11.082265896354407
66.324041109941049 -22.034229229162804
6.552226457573394 58.542628003684598
37.147455041704148 16.752393867336885
-4.192929949445212 25.914139655867885
15.682409851241223 22.743243433750376
7.013044146002888 32.255956671351456
17.206306741991131 8.425430086580718
15.963525997183943 -24.365767769520236
-3.012198865967415 -44.598356986931428
-27.030653516168538 -10.710608878861315
-4.638916313865161 27.537996803318165
-29.585002262884615 -30.867565402223320
2.534521835946146 38.463463796534896
33.782645501084033 7.502354936121962
15.005152767893748 -30.308661197786282
56.899408131677831 5.234005192237219
-36.941833165374057 -4.341819540398044
-11.104883566520908 -70.435680549419800
14.720804540612727 16.086094578784049
-15.991870104037609 -1.840620392420250
12.370246153565814 -25.265039182978011
6.961481501697345 -15.376610789143784
10.968353351970693 8.283726426908590
-10.696992312100830 -8.997664530313280
-66.785035675210324 -2.503044801534073
-6.251066945701345 3.298623642665291
-1.872783362932308 -44.813199514137111
-45.226658613459072 -8.123058069243731
-8.196789513062638 32.508491424072886
-40.384326874865742 -52.192952117665854
-1.389741867551506 -32.186929417339883
-26.484329168940114 -36.578708887529793
28.662100422930077 10.990235754691385
29.731902488400483 38.756290832044002
-22.667528586835729 20.515262117549710
-37.238071333029396 -1.828824063858947
50.978552184626231 -22.936133575176779
37.999515634679241 19.859247945190358
-5.198449678096369 -9.840072588416112
10.746570826178052 4.393905424725026
8.676308911053839 -23.134522609618507
2.971018589988376 14.415179087447711
-5.692155220388845 -19.557621114965215
-11.572320542184114 27.216472769114635
-5.681347053847532 -23.352605292860481
-7.732064436115481 38.395914636057007
-3.216666887654479 13.241546368260931
-21.166446265535548 -20.187029805488585
-21.111274667764278 -19.494171697773243
21.664801696773438 38.275648508305075
-16.649264394853134 -3.507455763838054
-6.971815435307153 14.154173239272476
-7.010244027788747 -10.042952066507405
-11.100455384658510 -14.405109770221060
11.130297494067809 3.956997127182257
-3.481651006428026 19.409441456746297
19.746739291011139 -21.963933470616293
13.721278081291986 -33.572271015546981
38.006122581516600 8.073390294403918
-4.578760466201569 21.174509597275463
66.031251205250953 -8.052746495931979
-7.682331778305281 -8.266281362595359
52.811327667935352 -12.138910220716125
9.979684438479808 21.774815071130153
29.044977819280398 -5.825276049788000
-16.325675723138815 -10.606042303638519
37.657819156604674 -0.675168120987459
0.198144024898127 -51.739412580701725
18.920611702357316 1.273561130824261
-16.266172768133291 -46.698635343410572
2.830762940034371 -11.144746196386741
-8.687289660802106 26.998895606965238
0.094136856470692 11.633715382260061
-18.319353100215359 -11.072903789722004
-8.592920813400195 -14.629150752811832
34.544571151883311 -19.016229940214654
16.388094964637737 -24.772164698765621
22.267877769772547 11.251148967134050
-12.155547320232326 -18.517239547740402
-39.159450726768121 1.853111248919035
-13.098964777221289 19.201115847625605
-24.057711034167642 7.144342315756721
31.303039165542788 -5.450119939322204
-21.590031678720415 -19.448438172453514
-36.781021910344819 31.711605762852955
-7.656347183563783 0.365122918929216
-32.093331851659251 33.621215436992649
-9.624681092731970 13.064057949412231
-22.202801262253907 2.478660716966205
-58.473511378774475 -1.417613439818180
1.393908041037808 10.052077173154990
-0.672603445578814 39.358881959800499
21.061121603197183 4.900474983975307
22.917826282775348 14.949552216357606
-44.259074923896264 3.892740854161262
26.325145844130837 4.506676303617764
18.566746524734164 1.593347619833834
-17.566404185504549 -10.898424234390747
27.578451975281226 -3.804845409931307
-27.751147704561156 -1.933364443308306
0.231689145797976 -39.137590662761880
-23.151091608365437 17.953830175860055
14.878635358468177 30.151369942446337
1.617390610711975 -12.496576018379887
9.281332133824590 34.269330681182552
19.554457354500773 2.423246448618267
-0.126872678018663 -36.067878125209660
-4.431441561121394 34.363593938659825
-14.022019542270202 5.422145243229369
19.392871484683880 23.056292385393757
-71.689966212009239 -11.124869646641509
20.838089450167754 10.519054801728942
-34.390811438169834 18.101741175882310
-55.745512104167325 -30.210181954691642
16.014850734625611 -44.981376769196089
-22.397290874419262 1.639953104127417
-39.736023020650869 21.951674723174406
14.765064923566754 0.361747819942585
6.073837570105711 -17.945372621956903
15.925563407968497 -23.591665383312396
-23.865719889675564 -29.865640341038127
29.639512968024427 -12.491439360389599
-39.160586326274895 -7.402481726564122
-9.521813195503942 5.813468947399664
-2.473029316931613 8.129316864836021
-3.033709246965462 24.715687340746992
-46.052312420294086 -7.685594470307105
12.182728422043876 -18.827490206174414
-28.803323548991777 31.218956422771516
-37.583673974156625 -17.057873752541500
22.292285505693442 28.117737207153134
8.919689001472042 34.049672710406917
-26.499804502331262 -20.008274801864790
19.579046646645331 -6.700299182861269
24.233451215709952 -12.680091990476095
-8.593528375887061 -18.964736270208888
11.687749488942055 2.449544021811565
0.309308076372992 17.799945283975241
-8.851741084005955 5.305939419437443
8.378142371161241 -11.367084545493114
-26.115976139194359 -4.687790931559159
14.542386869785419 -8.189200056602107
-4.748831370363238 55.237336289717582
29.259222665903330 -29.645414860693251
19.590589198345395 -23.337237431774035
-32.662347560181566 -4.953715095508411
-12.994375790696655 22.955446054578882
61.361219218839558 -43.130774005621149
-6.143596462057900 -3.943803004292559
-13.684807109808123 -20.443977450191788
-26.858082946274333 6.708080700304841
-18.944701276661011 54.839019278109177
13.676596640387507 46.708245043878144
49.816466973255658 -5.518928280412238
19.363290304317893 -17.609673963109106
-2.775924918562901 1.296976193756853
34.830155018304367 -35.444337101437817
-2.061750789216631 -6.281495915933525
69.095055316819114 -13.648179338024709
39.513152324847177 -5.811583841298456
-8.318815849897407 19.856711011936458
-7.803342894201052 35.406027236677140
7.698839367652630 -47.104335764360243
3.671999969565228 0.621108370949683
1.283331384621726 4.275632976332520
32.685194442112042 -5.885623730184787
17.952193627529986 7.225516682269562
-1.486169877287435 -4.622716862839523
41.744693779130301 -21.660649685028485
33.230627400373187 5.004647843332215
11.402106484994794 26.061306066215248
2.300544166813600 -0.156658170423485
-15.727685357883800 17.378758130558744
-5.158255132003723 -44.766988135438794
