0.000000000000000 0.000000000000000
0.000000000000000 0.000000000000000
-20.953385679493024 0.000000000000000
6.262153248477481 0.000000000000000
-13.459298261165628 0.000000000000000
-19.582689363055529 0.000000000000000
-39.363892142849210 0.000000000000000
8.044965997738553 0.000000000000000
2.384880388072042 0.000000000000000
6.027470474236861 0.000000000000000
13.798621698646372 0.000000000000000
-14.728053700993444 0.000000000000000
24.986538794856685 0.000000000000000
39.018409466755266 0.000000000000000
19.526852690254547 0.000000000000000
27.483912224791627 0.000000000000000
35.785057800146276 0.000000000000000
35.278045397046839 0.000000000000000
18.923302886628630 0.000000000000000
2.926174919746691 0.000000000000000
-14.612922976192763 0.000000000000000
-4.094665145259916 0.000000000000000
52.591565740477449 0.000000000000000
105.374259152496151 0.000000000000000
21.161851110252076 0.000000000000000
-19.145015086982486 0.000000000000000
8.700723715111840 0.000000000000000
-1.318110998110092 0.000000000000000
-8.440321710260976 0.000000000000000
48.556048223309681 0.000000000000000
16.851299837765307 0.000000000000000
11.267545003176885 0.000000000000000
-1.795132838726012 0.000000000000000
19.010760776155976 0.000000000000000
-38.627391164441441 0.000000000000000
-48.963532462954966 0.000000000000000
25.761128608813681 0.000000000000000
53.505992866173358 0.000000000000000
31.588604667634147 0.000000000000000
-52.465025819606957 0.000000000000000
-18.169879679306575 0.000000000000000
34.360078844605830 0.000000000000000
-22.314719859608193 0.000000000000000
-5.823167172844546 0.000000000000000
28.281586493007794 0.000000000000000
2.008791800318450 0.000000000000000
-51.068528780941143 0.000000000000000
-47.260364744915748 0.000000000000000
7.776953655032667 0.000000000000000
-42.788920995020575 0.000000000000000
49.527931434659060 0.000000000000000
0.000000000000000 0.000000000000000
6.452341379695143 18.213824220098328
-4.861930700053472 2.417120549852871
-11.513454876714720 15.008087221708891
-9.947862858926305 -36.805349070741620
-13.859576488666869 -20.531148437973389
21.672163460556639 -0.290121366461557
9.048553411471943 16.021094536434301
12.812167860278660 -3.982916820753994
-59.890970923888673 13.277280487258691
-23.913758261678808 42.737557287584067
13.970987900134254 25.262031008672835
3.895127616309644 -16.189881824120803
56.424645553570301 33.863803227869361
16.266080302013311 8.310205156980192
12.780895763896277 13.118769174146486
3.201110585741167 -19.224138070319949
-4.244826332810423 -8.303798910068597
10.689474701806763 -7.741572936873641
-10.961350052542857 5.114699070428881
-1.974496866263133 28.282463217946461
55.940479493505450 -28.927992349053259
9.138578488785353 -14.868834008073447
-24.866854886564624 15.778195870631542
1.854091408892059 9.972305360642851
-14.574993647135528 48.368065576483559
-8.968731920005345 -11.425106055923502
-13.756152276117625 34.542371622042118
-7.447807637960030 -12.428153623841252
-68.018846033942168 -11.437991986306059
-13.301380058590997 23.948734610333933
22.847065610726997 -7.123997210219169
10.688103086724276 16.053177771353706
-38.875740479709663 34.657656865049304
15.882932094685680 15.036205121616417
18.492134667580054 1.115242214551417
29.463186836974007 35.156617182286219
-2.037862948568528 -17.969331219243745
40.666755700861728 -14.200797430610258
-0.661597831312582 -14.600414582026360
-18.921569903260149 10.781861120748435
-5.305954157204676 -23.478198236745314
31.423511005626377 24.718927907132247
2.381906141010913 -30.203238425811119
1.146216643423213 33.410601151551283
-17.005906754317333 1.020622886683769
-43.366216132623549 -25.743165211619562
-11.136556018221203 38.412090542857520
55.156119351466096 -50.208018936840155
-40.010576710331094 -15.047543861305103
10.713728880056927 25.757568298225014
-12.382934779618376 10.020771937518115
5.533006248300141 -11.383123808094266
-16.456475660107081 -6.473536545858958
-29.465596842557932 7.890417371343934
9.416981629965074 28.752429500336248
-24.575983841815525 6.160542878988157
3.275732968501577 15.131605893778682
3.022345621489052 10.497013290345709
-24.995174389515117 0.445250890244712
-8.611550045945869 1.514417875401568
18.158903065718455 2.448485771027782
2.787158403131710 -22.058296492964420
-4.378974468313332 10.639867339405775
26.146351147605419 5.129421191037219
-37.121950157926847 -23.690234474905239
10.971702342092264 -26.884885073269608
5.646548729876184 29.032911840229012
-13.058143933530109 -37.895371331954514
-8.951687854294176 -12.945587600669077
-28.100891900478736 14.282477303845759
-37.964414090720126 -10.138899011701023
-14.092179769626872 -10.197043121605244
-28.046495185809562 -20.726798708539079
43.750878150557334 39.628807406761737
-0.072582341090895 -12.055550836164892
-25.055380792014933 1.431464232846458
15.340494314132329 -13.843701684992824
15.002377456138513 17.474488239240845
25.721764606925991 18.491421408010446
-13.322952413198696 2.250413810320789
-30.962033589905719 44.602699808123120
8.490716723307406 20.623425339001159
-10.760719880785606 19.398756064357400
-0.808452996443400 -5.402263720142695
49.400207832394017 -17.843065570312483
27.936768509096197 37.425137760733314
5.864841543815372 -18.985918646999188
-67.587065975437255 0.570409813708801
-1.562419968357486 -4.264338712547221
7.415845621447772 -63.550383872947350
-28.806383190802389 20.534247395121536
60.027573303282750 28.490842919895005
4.396844136138016 4.990736157109474
-4.777072127958806 39.780041114475175
-4.062866620014996 -1.520753547208550
2.262404500368977 -16.703084302442694
-27.327133761209858 -43.798975125142590
-11.432648616940838 65.120252587621025
-23.755282505250104 -15.262413983134829
34.364372880274026 -65.054169903563036
-37.792517824573913 -20.925826113574939
15.808357786444089 -17.564313836864550
-22.315896477094689 22.761100606165460
65.456229585445016 -4.572783707055762
11.672429915710230 -10.909949442926038
14.149990016636883 21.425012861532249
-7.043486847740658 -20.744515165585895
9.971339840833716 -11.066961260824904
6.203680039708624 29.874200282730659
-17.961697198114820 15.636501001528297
-14.895699575390317 -13.769606090483832
-4.993189857474883 -19.887279582080826
-5.545264471221827 -5.533096703472859
26.070350971754294 15.814731414989007
-1.947212640515030 34.873709165389407
-22.582348301718881 5.057257720224060
-28.707589307830155 -33.708979586897762
-4.741419217640310 40.030412260874805
-46.107431739955700 -8.963247143118995
-26.393730390346121 -15.508137445836253
-24.253535840019822 -29.914555084264965
3.582967344540414 -2.313375002841864
5.313617072655266 5.644168539924544
14.131243582251875 -11.847483823553361
-39.664352233339514 12.564383181005169
-0.834544075205252 -19.985089392144346
6.126218128556453 8.098184953645159
8.114324324613905 46.212419038099519
-21.721487263905757 -28.622853766222818
28.181957619227976 -21.829141815160337
-15.044012723391290 -10.592427133172459
11.579285003117208 16.938310274128870
4.577082645938299 9.733098997202413
-24.893143232438494 23.711604786405484
-19.203385211291295 -10.507301376560653
-28.358257437154215 7.784218631631870
61.347864856999330 -36.827365185128414
-46.513637469741546 10.151749223590267
-7.812530963194217 36.357585133091256
-22.418737422905760 41.876115374472285
30.773428029081867 -7.778035881153841
-31.008052073574735 -38.478048338612801
3.921760091496543 26.258854123205904
-16.389480245852639 18.830547351890679
-43.156075267213467 -17.137458776861543
29.439772144416775 3.479656493326452
31.717978128735851 20.597856987713634
0.011976977067978 -16.972813671191240
8.675602432015737 -21.972406102822276
-48.874677068471321 21.853826913201818
-1.879258946552515 -15.264081415193072
-16.643449930237313 -12.854601218808364
-20.033875233119971 5.634901463007433
16.154721568248849 11.676256579178112
16.149047377476865 -1.148198106743183
-48.602400875035642 -15.866972112544007
-14.237382179597418 -44.143830822903425
3.903579577607179 0.282764396458360
-13.487506578717186 21.388348528130511
58.181487508628209 14.810874005043537
2.651308532480764 -31.653931501734746
-29.558236661484525 27.426115876981282
23.527914596532124 -22.028237543068823
12.208982047868099 -32.231968035130329
1.254078737559535 -26.929149985536629
-18.088068262230582 -4.378122448484000
11.349412152864319 -9.145499200884615
5.800700925428953 -15.036813948115327
-38.238671938024694 6.386725318340208
18.301501672079393 -7.065671346487520
51.872737180448446 17.748704042765368
-45.835100238894462 -32.297844386393457
15.496239858799571 -34.643705256581661
10.470896517931415 40.668915805872480
12.387145623581997 6.013729727799228
-13.898834311067271 -20.380877232297692
12.120657584220730 -18.787723869911279
9.834231251270248 8.122980347293074
-18.318487666056136 53.837970743635140
58.172510336568195 37.673387344467095
8.055481833185132 16.675379121765097
-16.879330135572218 3.663935755919149
35.797663227211331 30.203647516991701
28.788413866687691 -18.665564871254599
-14.735143255172765 25.549260862430447
-42.212829372360723 6.907662823182636
20.695006651017071 -1.567860939116438
3.612514477457023 8.024995220692213
27.552972214519102 -25.176761043348925
1.590042735571676 -20.442858851105719
9.223788681130650 24.753040262526522
-35.024415491646572 45.184691570422139
29.101816816737465 14.484062089487034
0.196392048322062 -11.279322441468976
-31.187181804100874 -12.331316479535474
16.409603193709764 15.353987889213812
53.354090819088093 -21.888609196723078
-35.707163595885305 -1.175338395992357
-18.725612787455283 -34.867740064762856
-18.155292848964283 28.386426141663158
-42.299291457622594 38.228111972348756
-8.184201560491111 -25.456115925472577
15.146589739428251 -10.018973341051938
-29.347316414274982 -2.719463838023700
31.629064946123620 -23.913860515773028
13.856201942163793 -1.494596971670266
27.160629964174241 39.562200755536395
31.216899135888113 -1.303320755319920
-12.429676799336033 11.258626241738829
16.788919527328719 -3.489604259370196
21.198656771763609 21.272804528138735
-21.012034695384919 7.938088387719403
8.226817772628509 0.675685542948022
1.860391035840200 12.659432041662480
-11.578245026056285 9.781614573424106
19.396000193155114 28.656936105834660
-21.855677403544664 -12.578916565681462
24.212225835111848 53.757317402814593
-13.024260086521915 -34.843321686373407
19.098315170397704 1.797680845230077
26.201176480018663 -21.142061977240839
-36.701114851660705 21.570731675227286
-0.373969278327479 -10.746559568621885
13.971726570374315 -25.020320873825131
-40.048830086165665 -8.013366875251354
5.709944166971193 27.461392824816020
-0.139713667964812 -34.370997160011051
30.787200338888063 -0.818901938718252
-47.076211195455279 -16.450902529597695
33.131784612135810 17.596680559466456
-14.296281286804492 11.035653321573854
-3.768852546489850 -13.068125805422820
38.627151874601907 16.402023302992284
21.798735753756525 6.551253280263857
-22.053564971026955 20.683559417546448
10.525076958268869 -5.141482376589926
-0.454881577595777 9.867326125392113
-27.058011601193751 28.105938788255084
-32.903790337407429 13.331585726676334
-1.435887413226728 -9.726825510209091
-6.477933753471818 -31.288385657328490
-31.817381366123900 -9.882873989628623
-1.402598810851363 23.327213402052635
17.549591484540787 -18.373948047279015
12.766963606528499 -4.541826134586494
15.575688201477611 8.772675295594716
3.266002043595965 -32.216941813956460
-26.437950595007084 13.530411498704826
-6.117567749876407 -14.450701660681313
3.175409973028434 2.421868459177140
31.649622449086053 24.995810039117934
40.425795739119316 -20.132330116411197
46.679830027293214 -25.192762195036746
12.945747461245411 -18.376626564577872
9.382086019021813 -5.613617461355888
15.594077993482639 33.358927713787203
1.271326594389314 14.807421222134890
30.423336310640288 -41.330154862152263
1.647098800882903 -4.005259276046146
-4.129563453918682 -23.218114809534228
-23.093858955535602 10.023407123727877
-17.399769291657432 47.829807174197128
-10.722849398412565 6.115364798865722
-1.916272282922064 12.476571358032391
-44.808502757349238 -8.547633351832912
47.077229593599910 27.997552836883795
-16.295131761780407 -16.692903217484211
23.139730754645289 23.451771817901577
-63.732642426561185 1.180256182177019
47.984156157795617 24.922398873104903
-7.184838122377506 -16.340722623062614
-45.073842879291938 -9.003671032003513
-48.078945566202336 -1.503909247456479
39.344658485735707 -36.599349326728017
-6.255191360726577 -10.420776533919852
1.556961757261060 -8.235473562670615
-39.894259245102624 -3.909937401771737
-35.865771824759278 -1.454918783896528
-8.038618311513977 5.159367172539571
-43.499702026813971 20.752751139076885
32.799926015414229 -16.752056652682079
15.836075126734318 38.184246352979834
-28.630399491043892 29.777808889160003
0.841141617715787 -7.184707493987066
-21.097584523554609 17.655314368819571
-15.841712170306295 -30.341197212759983
-12.520008693250048 0.610857865090332
-3.472496920454962 5.407391539583609
38.393345248765186 -10.021011388266730
-27.907479480830101 2.857106665120103
12.098324420580443 14.961675721098269
12.383582993433246 -23.480592435692966
-40.137216576764352 -3.866715935243990
-13.035208454439214 4.935013823827218
-10.436914464428547 -22.345598971867940
-8.669789343975385 -3.098225333175833
19.482542373568229 28.518024839264768
-3.676095209708935 -8.908429782201276
-0.328725000940218 27.695947716490792
11.165491784812074 27.816372286274774
21.791575381641866 8.573658548956574
-18.935053722336431 -21.462807631084125
39.354875764506517 14.919951111190169
-12.208160801155367 33.271874799463113
34.305737270567832 -25.690975027667726
5.617137860388901 -0.418815530080655
1.111536233665905 8.409316961314067
-7.249567084747578 38.147152061533674
-21.976254624396098 -17.211832865099023
53.765836014153756 -32.170618464923443
-26.066973617810515 -31.090448745177035
-21.422319518276236 -22.781940006477953
16.992574531424580 17.514507876607677
18.192090191153724 -36.803144626485626
38.322864711262064 27.918228438767272
48.152895827861144 -31.788690734019074
30.609713669625211 9.026414113911091
6.897463789015872 10.942301288371173
38.524351566122739 -0.517691276219079
-65.590735569961083 -2.002164702238818
-13.169239295186399 -58.205421744183354
-15.512677543279967 3.921418626245702
46.294402353285967 -9.327550116127057
-26.090240204419455 6.810276106610170
18.685971829939493 -19.719530183437328
14.924803814115668 -55.594995300736961
16.234920737400973 -24.730610416420191
-12.960717987225543 31.237784063118738
-14.232456157475404 0.259482418824573
12.826694493328475 2.742018797966028
7.679410574412445 8.858456486309263
-1.177219821451927 -15.241072901354034
16.007737201104021 18.713979540878928
40.076138411104779 19.053013638130931
6.060708090700500 1.513524178971684
-37.594481578470131 -50.446203981288605
13.916442376042221 -0.817260696296854
22.569878624480744 17.414860556178770
8.020477483751051 0.697895211625264
-44.632433610969841 -29.021223786246665
9.495191803027859 -1.752990032263499
4.660170540631955 -51.496520941869875
-8.998788219801916 -36.375640752487847
35.399340716151201 4.832889382737093
25.455482265913453 12.797176613060596
-23.565092332428176 -18.064272320617079
-4.890169615704993 9.878933359031123
-39.706165830772107 -24.095725058271675
-31.371642240893063 1.038186252845243
39.109111708550081 -36.399442416349345
5.799569370634244 46.210221607714324
-9.473350498778487 7.747274508494059
20.375116847021346 14.484632144618331
31.191683094823407 -3.647795909050608
-3.606540374109959 23.866534530517384
-1.542285903619852 5.420805012779919
-65.274258459863006 -37.140212567100704
25.413878689325077 -3.711095493424996
48.260880413900367 -27.052085241114273
-30.315457816820491 1.535435263435920
42.296305373873196 5.298800005784212
4.271825810514018 -14.102247982635999
-33.757615091064871 -18.159039382256886
50.577104746989164 -90.489442500462900
-55.037138590209402 9.275429073218602
4.360782355922248 14.552470562024203
68.644051578864307 15.136548520620543
25.419390652366953 40.801600164576783
-21.881100425001367 -35.722966157455268
-4.810220296454576 -51.087804589428139
20.268271182936999 -4.290754883749022
13.223880055697826 23.364807798742422
11.432676743672962 9.728010958089007
19.046415251770348 -15.938296231787119
24.473275220167881 20.054468400017392
-22.662121150825918 -13.733436970384435
-13.323404376659308 27.539682496417043
-18.187767701559093 -4.958800107549403
0.630807503265044 10.336298598284191
-13.061610678351395 -34.490434657337737
7.462417515654587 -29.760532319800213
14.838829580882486 -35.920919325660925
8.866585341955343 -3.177723830090926
10.126784436385163 0.744088125466587
8.855151653081053 -10.674804097194720
-15.860711885802607 -9.230075707396612
35.260720932629617 14.099718662398033
-10.009556470292260 32.756839800016451
-16.403139942563346 -23.506604214459372
-4.660634421610049 2.660077870969118
-15.280224152547870 18.849939558676923
-17.760771200252666 -9.441453539969434
44.305656633271163 -3.273664063389536
35.679716646278003 44.359464997131141
22.589339885081994 -11.141630793222827
-4.674221597306496 -49.427144266058050
26.888732828371413 21.804622956212818
-22.348591071129839 -43.938951213090171
13.131233015261255 -3.055015788337686
-7.458729548801375 -11.789353386230063
-6.412745661720239 -25.970133240884802
19.202734859662868 -8.349749997471559
-22.654027756661762 -50.520281973721069
5.207784415860320 -52.445501692034625
38.067602105046994 23.059450325002899
12.508340600338419 7.616075128374018
-11.075352495908309 -32.265210571349918
32.440720433714866 47.278123262230920
10.332316526161545 -16.824172959933129
52.690827828462659 -26.738683602709123
-3.557588509894446 18.781949884447094
25.765556222476018 -15.818432280852292
54.586343159584544 51.354261999526564
-4.303579590363170 5.392353893080251
-1.187700334255008 20.452740755175451
-13.075447232476224 -11.430121153349038
5.750970747746595 7.288269115840598
4.227046153202959 2.460552342089170
-0.509499576744333 -13.002413065999400
17.541410685332632 6.925387657668615
-0.699774832868120 -17.656635939945943
25.525414688377126 9.621478376527056
-8.923662746590852 -8.737430104611278
-3.783805303219808 -15.938292370380362
-3.663509889189156 50.703961051939565
-12.774687611983905 28.460321868955976
9.220697109787441 4.985049414310645
36.820980048610274 5.565591416093284
31.947019344155386 -6.566374896896737
-2.448023466890349 19.257515534731713
4.807496083674926 -13.269086903427254
26.930597696093145 -27.528410240527201
9.081560943225172 -9.598478175941501
-9.738402196318681 11.762798424837518
-28.093749092951647 -7.355199376721816
-9.456983749105047 8.800521080705080
-9.251818668380968 -3.597336456901816
32.542859840623350 -11.380634676863011
14.592597404302555 -19.172495233196376
-15.130917190219023 0.993305053454679
15.648679395642517 -3.103752839209997
-6.167555078415745 -15.025075360015137
-41.626326021896325 23.997208201094463
21.873307988681276 -15.147224928908249
-19.676288006651788 -49.371405901672638
-23.755866246356128 1.676305394888131
-2.583444817946077 -26.858444031330574
-21.763942548473803 -10.472987176701055
8.740196303069148 -0.091735630358603
-27.823828252673749 -46.344073002292767
-1.825512045398918 -5.879514559599182
35.316404602661265 17.525031667299420
-66.813648635046746 -23.604723309312391
-15.378165359359020 -50.662647215374896
9.404529115573739 8.428997789449603
18.228418847507772 -1.682066902833040
-32.550663011313752 -32.533436685605466
-5.460171999065633 -5.564193242254452
12.095754446952274 -10.972511455942513
-14.713015828709235 -10.712180527958797
-23.167751694840348 16.261026831968810
4.894620828354151 3.900783337090721
16.832812628652547 22.257729477677142
17.430849077693185 -41.103427894949704
9.484504521189862 26.584903356035934
6.141901314800711 25.488840396570119
24.507521257804108 10.343103668199813
-30.850615788478766 -1.582758594826567
-2.660910295263241 -2.294732227758040
-4.896117777646156 0.725926629868045
6.106219582654330 4.809703506101659
-9.406951194126362 -16.986698612256021
22.262925375219513 -3.194597137965469
17.127542562751351 33.618559661477029
-39.039894577298853 -3.663393063143765
31.441350734642480 -13.794887592449768
25.129408711124793 20.768906507190497
-2.079973141770064 24.577514639550628
25.015821696152987 -18.254073690734206
2.634840439217880 50.814721063382102
-22.578161931473375 1.294010782582099
-15.128661710148050 -4.245222466173670
25.831941310131540 -25.169938372980056
-20.743523711221936 -35.912217461613565
-1.085998300690504 -22.899259195880539
-17.842856875281392 23.324153589410884
33.590999394099725 -37.662011438302279
-3.273092213340231 12.278297348571616
-18.748702136768348 4.554335644864075
-4.930424478748124 -31.642642177796883
-15.971343376022670 0.710422816577195
20.921080075681516 25.077371456477941
41.207265467668954 20.932276487073811
5.740404278532944 -35.912695117995753
26.391555122184318 -14.966383217755959
-25.671639096834500 -28.353227204313647
13.675427859439935 14.115703056085017
-7.623309659815740 12.281951593959432
21.135578947179734 1.999178257733656
-15.774133874999897 31.649728843366724
23.602046406941369 5.886953929147705
-9.256479272878970 21.130313648172642
-2.298625549959884 -3.409513078073234
8.613554377117346 -20.760965596006567
13.832944554151766 -15.866377686236607
4.979359674731403 -20.118334678795552
6.859545304398923 5.974746681440370
45.308609095018149 -17.399619285892239
-12.777591481179297 -9.269569446564498
-29.475121207493320 -9.293038345791627
-7.022199464181309 -15.868772109531358
-0.617531695667659 16.812501501255330
21.310320544888256 1.814751928986900
-26.892019765865655 -14.604451158686070
-17.190821112100700 16.239925891253272
-19.137111674359105 -25.674574431973145
-30.601611322992767 29.413714133717331
-15.472250063455709 25.841183453672954
-33.720486321252963 -7.168830518345781
6.424089758193786 -36.148538925067612
-28.805056422850342 47.350731665704430
-4.912395753632260 -40.148344754306130
-28.754167325356516 59.661917436264474
2.443694182777753 19.450323504697774
46.754673242168948 8.144950896159141
-17.515553383528808 -27.865269760817956
-28.972159840827391 -35.084332615975377
-14.240201611695039 0.176471349993095
-38.139182459115759 -44.906778321523163
57.931758555729928 16.004474792969766
-54.610534809611870 -13.616953297233124
-22.206046630220246 -23.480399527679289
50.899472575384678 46.794506684256312
20.748070054948766 -23.585103544713558
-6.240851703956760 20.277000401279299
8.596880918880684 19.820328000381206
16.232095827426686 22.269534558898279
7.884916256843074 -41.750262469435256
43.511975758716432 -2.908351368902788
37.530574363120039 12.218664536555933
8.225075282428957 -37.660377826430569
1.421973322578352 -17.178869473444980
-32.416291671639286 -3.108692850216786
-9.053916457304210 -35.867525317948036
-11.009083331541040 4.312267053365831
-26.705096412635076 2.312161359103597
-32.274385991410298 -24.623382484344503
8.350241509674706 -15.495525249963821
-2.729129214411734 -17.123814285355095
-20.508390316811553 17.451107434633432
-1.231907719672210 -15.003149531910896
1.826081128355319 -39.514424510248020
-45.317456011379448 -38.377070360957028
-41.001875346254799 2.054742870097894
22.891975381752744 -30.082748285222927
-17.598411598398187 -15.680293374675609
-5.040764089859771 4.424383013115436
-12.893554682672963 -16.904501685039811
-12.472410082338826 -21.041772876813724
10.795356857179435 24.997693100060559
-20.312618766917435 -6.678899363335430
-13.086328869733428 -35.313800496258899
34.924061345276584 -1.713163321729716
17.929508910782737 62.650174867360995
-11.190343467619769 -34.975280421529185
21.782635259897543 2.121084482435972
-6.352632062415276 19.333133794977329
-25.918516665762663 25.027261193648222
58.432537243596620 -13.625308325717869
-14.736359851243414 44.464086829820147
11.505893606559409 18.972120035995466
28.993521613165207 -1.474682221918156
-32.338429264549276 15.420321174581943
23.259149876469774 8.594428275646264
-15.577293002588135 4.307739604604136
-26.913058946941280 4.403173879269395
-40.369244109269808 -25.773075080916776
22.461197372776148 16.575949370035314
-33.081755230994972 -17.058062713807832
-22.476604148511878 -31.384920876158663
-24.804120284662410 0.960727749012022
12.297446973119955 15.494848792954116
-31.011897156246011 -33.244767694670706
22.686240019252295 -47.175446334288829
2.837552842734869 -9.989348293057084
8.932902201907117 43.363865233801555
39.536085280462977 -18.671354015778469
25.918503256938795 -20.744018462256882
13.054916719468647 -30.995299014473339
-16.213797267059608 -4.196981014450796
1.484407674820314 -20.232952887160536
16.710574016683811 -64.738493483452714
2.174841229284220 5.495331027800749
31.476801407785594 -2.205534989352118
-26.921630337952390 2.316465727803783
-33.152880611346390 6.361565353391435
41.746744150290660 -6.976869516213796
-9.464551660495507 31.176260360275549
70.768464587891572 11.792446546495498
19.193595723821549 29.555801842400971
-66.002521974529856 -18.783975936347371
34.049289977940624 -2.578976618120328
-17.614771636550348 -2.834841723207814
-39.763539683353237 7.319034822279007
14.092724587809807 -15.978853794870080
-38.483371844137977 -7.331387532444483
35.855443702740580 -13.658152305050821
-12.449358771449939 -22.067078090579962
-17.763311085784046 27.190594525901730
-5.881268565745372 45.516053740550404
-2.973993142133720 -10.643494174054602
-10.700357308568453 -31.541454447585746
2.954078739405035 20.317650668657290
9.250023900108351 -2.146182778831708
8.662856604337872 -35.335135849561631
3.654343154204709 -36.548860713660908
-34.885448723776491 10.755154491506760
3.207704349261749 -7.678355603844977
0.380920413117974 -16.859492412907155
12.554802701229248 -9.439412418301673
-39.048695757653213 4.032944944277919
-1.850135792515337 -16.303817285330840
17.480919147171250 -33.053104446834510
3.028193658457262 0.211141692886213
0.628440028178572 1.658441812909426
-33.754240232353062 -7.459907348945028
-22.976281936908553 -43.972079583256736
56.035704605645719 21.371533128776768
-3.060497399655177 -10.353453160525213
5.546598281079609 -30.094813139348783
20.644213633654761 -8.571183705115670
20.502983262497295 -45.115159689434641
54.879752957994377 -44.352076597243972
31.365746914467898 -29.138198611828212
14.252291513570091 1.319473978712822
-47.233907271590631 -31.767963253632786
40.733639207671786 11.956867817882882
0.426787156283715 2.567736122324014
6.023368056919672 -25.570605676997197
8.752868684818768 -26.445466317760800
8.381119126001895 -2.214657392137434
7.045639952979478 -16.114226923045731
4.978975434660446 -40.807309314051956
20.988678487192423 -21.843460507907203
32.710336418926651 -29.556113631217325
-4.874268843399750 -4.091075394208706
43.919129101804863 3.390466275478210
-8.096199190420624 2.667946832101400
9.868603375167295 3.609690410204488
13.102634469482947 32.723423886746616
1.842877451224930 38.410279967151695
-13.246445905026205 44.597911485946639
-61.157842891435422 11.246704267088040
-14.395768271549191 52.830983867098730
-3.282339684943079 26.093763201499137
-19.016381258905760 20.006504543238449
4.849911195980763 -26.728788596918676
19.801008511306318 -32.315688875059990
25.458225734929556 13.307758465103225
19.848940813744832 13.014800882201470
24.014806780863516 37.893364323720377
37.830592055668170 15.362960040772228
26.176259416312995 -34.103356864772309
20.259644753312848 -19.143349849905082
21.328290310839908 30.356214934642988
-65.458799788729337 -32.575215593238063
7.182576278660445 25.354327088126510
-26.851076774650412 15.181600925955909
19.213069741143244 -4.680135811169964
-4.432554463202270 35.740711201002100
-10.520113137037388 6.630383770983413
-34.681694647155396 -45.506709953333434
-19.977997532008288 -28.459544549678750
25.898642278217729 36.289453984245178
21.537376488922703 12.575091557063599
14.914751972865488 -16.477001155225260
-1.579031102536271 -26.360970783180232
29.252513053747474 26.058240772539950
-11.441671634122667 17.214562145240901
13.583346094041849 -19.681694647024461
-56.071542180031138 30.529474947650883
-15.215802566606914 -22.345717614702430
-7.831003770494802 -42.050046556527235
13.311744976086914 -0.945299172170068
-31.494569365876011 -1.820751750091772
17.425419438159889 -19.648494739025637
-17.416083261477286 -4.006980720889973
33.195814188578218 6.734761646110429
-16.413416987655420 -22.565797354858709
-26.643051395848413 20.775045466731008
53.803456790274929 10.898278055232671
-4.236936882827583 -22.854404064436348
-25.384687405889075 27.220892051550379
4.651696857013741 14.313308405875963
20.601985695716191 -9.227399761807286
-10.463543019701291 -17.197383096399324
6.321917334293881 -1.682730975778053
-1.706919718208725 -13.103391188735865
-35.441579301291682 9.369395777623936
43.117816707868563 -25.477980211912971
1.033939622239546 -29.650862680765094
12.040696520389368 -39.065730156827527
-7.146086288143854 -6.043525548900003
9.359832505715087 -19.249796935557644
-2.647963090750321 0.835359377125371
11.456122459484074 26.439198841708347
-23.361926458959342 7.744214218702847
-3.717171937665439 15.122292648708463
-28.622114410302487 -23.992891701939527
-45.167895304990161 -21.088325430736294
-25.594656109131041 31.571380691407978
16.283889144808533 -14.641267648289906
7.778403505785531 36.108019994114137
1.247363318820845 1.481935249401920
-14.957421244595563 -17.727096896921470
-31.636839601159259 1.199820102335334
7.170314175543076 -21.089562755600792
-16.545402525882285 12.658450934399911
-9.996146225184720 24.679822245282541
-8.768260693464592 -10.038533982704589
6.979906147136820 7.285009830072279
-14.011007663252839 16.366474321754083
13.429823184621426 14.230003246423331
3.402964348862037 -27.062632603838779
27.544673541434573 37.314517980474768
-24.435632197900876 34.158435168801979
-36.145221929538870 15.987331934672584
14.857215079850901 16.765271738022140
-10.265481242582327 1.152669245103545
-28.781647798954321 -33.869642113857999
-33.147461100116608 41.444624109150730
9.949497434568348 1.502194582176103
19.145201577407221 -1.641431794420195
29.966146323051746 -31.862164908805678
-22.417650278376435 6.737840314368625
-5.053980343631415 -11.253729459918651
55.859745055009590 -42.758628137002056
-29.546442621140010 38.894810497105929
-25.728944310286732 27.169879632493291
13.320117090263745 -7.815569395302947
18.532100061251185 16.802653935456867
-1.006312351698712 -14.049410110410532
15.281940147728172 -30.899247378179190
-38.502079949052153 3.620543850795696
-0.112419900998667 38.320020933107884
-58.034767616673776 -7.079417102240340
12.027440006348010 -17.499509889478741
12.559313775657138 36.842712938779705
-46.240181953214361 20.916485950059347
-10.313511267119502 5.356038943689073
-17.241227665256922 10.964528685442167
-42.610567609558380 -2.806076988769827
-38.186218729988397 -22.942585388569775
-17.888040938379159 -14.294411541208056
18.406592389315897 -27.451839460837476
31.748056923420446 9.458948679062326
-22.449914496333342 23.879475466225266
-6.045105677529284 9.656694083502925
-3.796117858302488 -28.227056756855902
46.695500004046018 31.094967622873138
-10.452087406556306 8.163241108692031
-2.872331852239161 43.258818020625355
-1.927918539600567 11.441313491259347
-30.805105328408633 20.597271539090325
-38.170544027999803 -25.140865829368146
26.331205207111715 -0.640555015458155
-22.581923506647659 22.081065286808773
0.688656429227700 18.479760976431461
-33.026684103810432 4.679939836370268
-7.805832806216659 3.801033956884928
-4.502112637713381 0.727677706352392
27.468677744544966 7.133986537889244
-26.746590050379485 24.256666224565137
-23.996034901449704 -42.097077941216732
-16.967616843015485 32.664137594988070
17.544963511468090 -20.670988992593941
36.581247853042619 -1.728477162609035
-6.655428061320989 -23.041923989456780
-23.300866969927508 31.008676055816359
-20.471501062480598 9.878961389474741
-1.071672963671905 3.927967253909879
19.780197882490555 18.152767725232998
44.940631333683733 34.588283906685469
-31.289597457084621 3.192559020851474
-45.144390552815693 -47.745516714581278
-1.388980438697359 -29.505626014616968
-9.342462233508121 14.657433265856291
36.995993133941376 27.379768994238184
-20.539752506265661 16.262704585304576
-3.080657242501246 10.361285235358283
14.024576565924045 -11.800370649788434
6.014318343410528 -2.491738570111940
-5.186786989547552 -30.374396192642941
9.645253894310008 19.922206483914682
1.031109083574419 9.712100327517028
38.127972901173244 -33.050379805693403
-18.997694961710064 -14.524824409026573
13.606648013022165 49.809112118283402
-2.411885614242643 -0.116641906437478
26.387319766051728 -8.859742876213952
8.959796909804854 -5.192272653976178
43.638298343028445 -15.932728217790459
-14.018909876377450 -1.368502860602418
13.714798669638457 22.940911766436052
-15.515787562428434 -24.683714710760910
-42.635283140863500 7.402288787648172
54.616471896256670 0.834464679535581
16.520025376100346 58.203431416586568
65.442174286273584 25.002394437758554
1.592322955505626 -25.204134196457652
9.973912365384944 -9.377486802550104
8.810469374853476 5.273088550334080
-13.109423705013427 -4.820283793483047
-32.962284992239475 5.572202858889785
14.796576043769056 -8.586691214781670
17.284658128127727 30.906436038693794
13.309736546254930 32.385188668211327
4.824699631407311 -22.403093458067207
8.236770895656257 32.311398443207963
33.221190372087634 2.867519864102297
22.586793676454992 4.612986491528502
29.248860133070135 -9.729522847540229
-1.518832742457828 8.520471699299435
-30.003881265492382 16.467624155939045
13.754256545221258 -28.261262370943886
-60.034562865417151 -2.530220831893995
49.270775798313366 -5.632223304345632
8.185332768079064 14.783039598306837
-5.018994803570503 -18.903214707355318
-13.475532768416786 14.989841402058728
36.128016717004989 41.483314938814871
5.996595687899585 25.085293630861564
54.421476577203201 10.006199510787289
0.352068584943049 -47.452643262229181
0.113296046802845 13.386939445880802
-12.653645062961075 45.209144196227342
-0.388572353434458 2.473469547827749
12.802294437030538 -24.302042590668030
-18.463867110463230 -26.505915615232134
-4.783682080859800 -1.664680781731458
-0.096929157994004 -1.085659449073929
-8.300526909568331 26.576534614102179
-5.958169664694190 -23.481856840356617
-42.185214048920564 -8.005195536797356
-21.058715468518045 -11.045967806303333
-16.353689373458920 4.909260475066839
-6.378061395524094 -31.198409354765968
15.428604571534244 2.718901546250720
-34.577888180455346 -35.242770379113722
5.832050002795909 17.516954911356486
53.314252906974211 3.946783585342166
26.753563298076777 -15.649145886925924
-23.317924897066334 1.262748446448230
-4.910360152130601 -8.405610115542657
17.191302666778792 7.645152666455648
9.686120681767051 -31.579551448024826
8.875778947020610 21.620784503950365
2.821845428201459 21.739705469329806
53.263026934413801 24.834559108267264
-55.799235516987814 -31.510810789091732
4.391598116909870 -14.148342104969919
8.516007632813087 -16.964704383961230
-54.848401655224400 -8.178567674570742
20.761460814687815 -36.102609365979113
19.949334042731586 -13.369856109914302
-30.825125513655902 -20.360955984369806
-17.713208368138222 -22.268703716849380
12.743016223562943 2.744035362592249
-11.446726609943859 -32.515328831904327
-69.548739495548020 37.344630189368985
20.430180190815268 4.968532981253843
-61.143557483829490 37.228742976929453
15.097769838950788 -29.160819540328436
12.407964830914187 -23.259903050233369
19.901975579193618 9.515171633444524
7.251392029851246 -17.025418812066434
-11.330697145321723 -4.214836331769292
-22.620989719105498 -12.912368078964102
19.197307822626957 4.472785520355535
-17.487724054064532 -16.618372082455963
7.325270298031478 7.525786964746671
15.127793534056195 -14.764685333414013
-29.750682838174228 -11.660680354257808
13.426680833137725 -40.022767594800357
20.511191376384055 -19.498621095221822
17.828825679738287 29.262192294933779
4.957548909197044 -37.516721694653079
6.082827171798019 -23.234735412106239
8.713359430560759 -28.339125142083173
18.841947094697431 45.444900592846601
9.301983680729711 -14.825171309541339
20.147343258162525 -36.810598484903920
45.270801138406142 34.930101133620553
-2.079639177569159 -25.401802413366880
0.492609784949601 19.486894173471228
-11.650230195294151 -21.508019658551525
6.457400112201516 -8.701570109027884
8.014921039668780 -28.462532999690747
8.035198010698627 -44.457127619970457
53.696206190825556 -21.691885317163361
-14.560237397987221 4.130652960310552
5.719778108604499 -41.793633378146879
11.796167504230073 -4.239616908355544
-26.632251944387779 -29.286391456149243
-10.066533983097177 -35.481480461436071
34.600344045218627 -9.464459129542117
4.453458201893937 11.171827936002190
-5.831585739198493 15.124329772672976
13.605179046995962 -9.952641099999306
25.758592409264409 5.643691553324331
-6.182255894666910 1.005654383804751
30.591013423918831 -3.473854292761410
44.824383781604581 18.047543772663644
7.505567264625484 11.120905403536311
55.025279506113826 14.006975508616801
-72.260172169276331 9.229801165241623
24.795374263689993 30.139627241267423
-31.287068813214344 0.957063857519014
-37.188946975458308 -0.348655276715754
-12.446575167765387 -10.516538569328221
-24.217615229234134 48.475562365368944
-44.683557545188059 -8.340307423454352
27.905823473830068 0.875653019431743
12.613418479540929 -27.137058645066258
-16.723022729010520 -0.118927908027647
-10.087885686918376 26.888935303968669
9.406382131838026 8.143834613808552
18.228149691151824 -8.535200521468759
-22.273420681916541 -4.207124810807436
-5.669426631237054 21.728933233299866
-16.480088734657961 -1.895344418085454
-1.704912717614439 16.914890927386356
1.418017376102184 18.515820183169414
14.086126884127349 -14.173046816883190
14.753426457504286 2.646570720654524
-9.103272185537325 -24.354045148431723
-11.231569877042279 31.876508807166143
-3.109270367960496 4.333993126442839
-4.975748253069000 -11.032112428882485
-14.668260056782001 10.643314065779979
-60.074006632712738 -47.399958735628935
-10.336527312862961 33.688948358930439
24.212878789544192 -29.945697025761174
4.957155166831842 6.641386787061556
16.478490477157525 -3.245818540470265
38.374457615818251 0.435274726369895
-15.453373018380482 9.311539057340392
-56.791779385126155 -23.001689414323913
8.849850190526787 -19.701795246562263
7.224858807455249 15.510836054004169
-25.093802234554637 27.197513312109876
-7.056099861005437 13.698160333772673
28.056779829373149 4.072481882365348
-25.978720529992092 29.387043665786216
0.581858120501799 33.798956172943292
5.712052217643991 -0.763332290120923
3.806603776555306 19.646560154301351
12.413966184966805 59.729210195363329
-12.865212367865928 14.131786355085294
46.446312910807961 16.903674457793016
-5.018499179782801 0.970766811045142
-24.437807539026988 39.246790509893259
22.742751442738083 -20.142912916177515
-0.377860994952349 -21.602256485261542
62.186603792382193 47.100577001211448
17.376114277180051 28.106376644982475
27.939968542485925 -1.111825441950881
-0.835985775314020 35.456823591391398
-0.354517683677994 10.983614096008882
34.593062055348412 4.637226427103595
-4.492605247755934 -26.872806891864293
80.663062083055465 -44.312158832589120
-7.259057934433883 -64.233406485918280
-36.522609013337267 -4.083659914099232
49.389116358231192 -22.742703926338191
12.538471790879532 -51.253706543976470
23.605368350655890 2.055626122304619
-12.630800392641509 11.728590680315367
11.640984653709022 30.652230370827468
2.597312439197387 7.635375450497209
30.257597289087908 -63.656285838626019
-15.239412178443962 -38.132103576056480
-30.416797669373668 -10.157877357323105
20.627308364114224 -5.567397486363525
5.081467524443696 3.855147539108711
21.566235827982521 -32.311629347621896
46.387846289587081 -10.595243002453797
18.138972083309898 25.392209898126133
7.035259795588211 -13.204719042805639
0.080963976774074 -24.018353853714427
37.539047237473142 2.538653402902538
28.924100317674537 -39.972152991580892
42.382054521600153 0.114586078664642
-3.691343683232348 5.707109169918726
-3.808245335884469 -17.415767616282100
-9.835336644860675 -1.287372162866743
37.043940319674576 11.263067500544219
-62.643426378372617 -6.632867577616359
2.301353198800969 -32.899729496712105
2.811713192354662 -41.608433067408988
-0.612542513964936 10.298302539294475
-54.815872225562984 26.376156149601016
-6.886791224993607 -23.902186761482241
-28.768605529543635 -16.833546040209345
-8.887672891832272 -21.323972691861869
-35.051855468775692 21.847826008262597
17.474790075876637 -38.827269954065109
-1.725841305584411 -6.835628096492461
-11.733967745883065 -17.215760420769072
16.417819855644790 60.406930303292114
14.396673201933337 33.261522412921970
19.521419792660616 -41.474239039779775
7.660098885232137 -53.251790355442502
17.034048162811185 -1.243550455332073
-16.912212722161623 3.031534027524593
-18.784732462362051 54.051178110102626
-15.777140682281292 16.633230175248698
5.653027711659624 -52.822382963612249
22.207730082053125 -29.634962144440983
40.646932813456509 1.462589002680737
29.653486990311286 5.266980033704783
17.748578922131085 13.000727790939676
15.972314586654642 -4.088824414560378
-3.437721421523961 -16.459728342178707
13.681354324873778 -10.030877984138042
14.914327316645016 16.412417457523009
6.197392271389131 -21.724301531287782
23.380399153249467 25.118897613879916
17.236703243899711 19.957562772435899
-10.073202502734404 31.218871475145104
-37.920846432444272 -41.536883852305003
-77.157268638322392 -57.779592201200430
43.389981493049284 -22.806766994468056
2.950355504334102 -65.132411103279921
13.603064110889218 11.223109483399204
11.865011712376315 30.926249357546713
-16.678964714240667 4.105234345449369
8.342844960101482 4.989884163925210
-10.029889015257845 25.084183226054709
-1.307594046339169 -53.323219688945265
9.024461914591351 -34.273617991660537
19.929166978521806 -59.354025234467088
5.351195551000922 -12.513333225749774
-11.510200602324577 -8.099779418818624
17.670456126262192 -10.143687423788634
-4.694316990960563 5.493545811557044
18.941550221423828 -14.240684828723866
33.149254208992218 -9.986902483863998
14.261463816582310 -1.802841286459045
-14.749826260183236 -11.458803009818890
2.031896595288876 -23.604667282389673
0.121261068960108 -10.963516217510605
11.635434841304550 21.340286211474357
-25.827736634057555 -31.037825757071996
-3.285818418767251 15.049133902931823
-23.893267306437476 11.874625173616272
-36.971774152679181 33.213957779877830
-7.991446230257298 -12.342197639888466
4.551048374063706 -62.129900616796938
-27.502262021088583 -3.811180188143934
-28.643769779569091 26.905760749836862
-7.377252694946496 19.287462328081002
-7.537871324401862 13.835637495202086
-11.097001184679998 56.395416165403681
1.559225236070647 16.920569560494588
27.934107883613731 -4.929863429260828
16.810637557478429 9.776227101784924
6.199791587246843 -1.044416572963501
14.628718567468146 -17.597419212265056
-21.934345086950064 -6.472437645522468
10.562833728166467 -28.492323077615517
-31.634118837031728 -1.761486128913517
-26.452588365071815 -35.437074235522310
-23.310535949747152 20.967062469768177
39.948336788262026 -60.522141211587503
-6.301615551241023 9.536976571760135
-0.270558648738587 50.283696689917086
18.372773702138360 38.367142363838191
22.060423011450055 -27.032082358958672
-46.023157547875563 11.377576493979436
36.955546720601447 -24.653694515894575
23.666332306624920 -3.671957695995502
-16.965769899162517 -12.584167014796583
26.062863449373577 43.824159631790984
44.942871346358615 48.161744447145388
9.251814404766623 25.653829012767339
15.180601648828258 21.733370750832616
-40.163187328075971 -16.801585623065719
-6.237121276811035 -13.297490966432200
18.162059968922343 -5.373981271619064
-9.255657682495105 36.931400577253584
-20.961843789067522 38.753695371940566
-10.500446116502173 26.461680964010860
41.096015619514731 33.546142755426821
-9.191597192613200 -0.658309608827530
-20.040044164547801 24.656437966348406
-24.128759298335012 19.639018264622088
-21.138340295539336 85.343805409144068
24.166874933459795 -2.349764053104676
24.313135556523694 32.894192320463574
3.631926915123255 26.994245813728181
6.295132564168688 21.051325666887671
53.579874448432420 9.969218321048979
-15.368831572587721 -28.349701263873563
3.408508476568294 1.959507945130008
38.344071637532380 -41.711678250783805
14.500317872903844 54.918458013682994
9.355274275205399 28.338716674865839
17.540412258249095 8.809860636059122
-3.006765862983459 26.815570460643013
-31.164124931898041 15.438400348789628
-38.669411287530679 9.747313343971927
8.092626141356648 9.390436426694697
-9.896465817990793 44.140169884536284
-54.171913306363557 17.431807200636253
29.645641896408197 3.990905201904133
-5.450914886325456 22.541909347590178
21.715015335886765 -42.647990687839666
30.008084257020975 26.306044376215155
-6.784871722497128 -1.652464648649968
5.916199198015149 -33.863311678982541
22.338575388754414 55.000085298771609
3.839952428900373 -19.354348534834667
-54.257561415939897 8.633546936657558
28.137742573005937 -18.708419309945604
-10.648084007675882 25.409170435847855
-3.035000987816954 -9.796488738555594
10.647349589627874 44.587404740072955
-69.645555315365968 22.789249802945537
-0.757694206568982 -25.353118542850325
39.926337860745484 -32.382881897935690
33.379237199014923 -13.590478374441389
6.478881189992284 -12.013093208430597
13.364244724090565 27.730413537965514
-25.016066831757044 -31.864957304356125
12.565172460404780 24.502138715542358
-28.516106188474584 -25.675871408138143
-21.014231015270934 0.728866092006109
-6.498620864044569 -5.266543042373018
17.451893328036103 -7.825084524181528
19.076491290520007 -36.400595726327914
40.438136468042870 -11.375761752210400
-9.537495864216536 36.681361618998402
-15.062451323742740 28.621292027824015
11.586620707944132 4.005089114259209
47.216568347562912 -15.554728496161008
-13.616927264142385 11.181919689334597
14.295046797103351 -0.027717428129765
6.031006436481761 -34.537355358803715
-35.528535422338024 -23.273604082784310
-10.234219932450170 -29.102336671840174
35.441725533056051 2.363989071589021
-29.197011637573478 -2.400476153139663
-31.444894196704340 26.243787195099618
27.535714280112281 -25.797769521572523
-13.256469646639797 54.704627411305573
21.230693395875722 5.207772077827839
-27.720719363015299 -14.861896197828084
56.707537904997956 -2.471517146012035
4.975176644006191 -25.683452550125892
-34.854159479907374 35.994266911414563
-15.818766425218538 -61.698928797580749
-8.687413963124259 -2.202157877934480
48.877190618555986 -24.285032493173834
28.220701538232156 -29.062236289992057
15.793009172697106 47.625198460272593
29.098639865061010 39.704335151516055
-35.325029385291380 4.392799565729478
14.447930601144165 -21.713973153046386
8.427612092264482 28.247730675322924
-7.797728899466366 -9.207710462611240
-38.558040321996010 -23.225211719704831
33.697702537341122 -42.114324930019912
11.377623110420251 12.019942044469417
4.901539127836302 56.053746226663890
37.098155696585671 -4.737144122075891
-14.682663948317703 -31.041173351195052
31.046315321936415 -0.680161441458502
11.122469830228804 17.288999495938594
-23.089846509324666 20.781119761888437
-23.138318812645469 -13.350323754230033
-13.267915014962712 -18.894370770390132
-31.353976625231802 -58.209687499948551
-2.241270947630876 17.821535006173633
33.465515865428102 9.924618092248393
18.604366718377669 24.495550022382808
29.364082721187334 5.101186645932481
-6.466410829748191 -9.333420090275942
9.824542178391354 31.926309374908776
9.016361271941571 -5.056005760617380
-8.252848653852519 0.884026382807722
36.927952141783365 2.211930046552933
-24.711845095741165 -9.701889261223990
-14.675933504343270 -17.340585855314966
11.293138574252902 -2.332421915369022
-14.678098151663482 7.766066292391456
41.731084591858263 15.892185722857739
3.491159094418694 12.810198139050639
31.308069583286745 -10.042898244334374
-26.340232765825188 10.131428673802708
50.327922233750371 -39.611389445568200
20.265888970231192 11.736111448424831
29.315823875267395 32.031728141872364
-41.808599304006464 -53.609337366501570
7.285981880768804 9.805595515142878
16.042604139074864 14.153534225499822
18.648849314056168 6.730516659980348
-34.102561046209765 -51.254088837284790
-10.495447508566519 22.146250611939585
-23.296070239078315 -26.293668832837891
-59.037419791711443 3.089683721154527
-23.163389309871441 -34.903178969777343
22.329555942403580 40.899278469851062
2.645297564687298 -31.017170385196138
-20.831309234342839 -27.711369346110608
32.502893252111022 -22.035745269012924
-7.842575910135772 0.137323043086580
36.170540461357199 63.254948137200650
26.744525511623088 -10.304004961892012
22.942008034289195 4.204307062875960
23.190134811600966 9.060453484017872
12.873024302460129 -28.690351356449426
-22.324659969870908 20.755454174545054
-17.683174572952034 -14.597032988102898
-28.865700467751907 -30.047415521993663
5.317041205658056 2.839107593121486
28.304579402604972 4.757458063022317
55.300102753091863 -11.053024531813612
15.481672889880134 -10.064046901002419
3.501421999987783 -28.358139618879406
-11.042063413247345 7.039956771951111
29.950007876789837 -50.848293103211716
-1.375821707714900 35.896117773681958
-52.198416676083042 12.747048579403176
-5.686523236910694 -3.319814564300748
32.833580416937622 -34.389338112436562
-2.736711966212126 -17.580893707759589
8.041775771472567 6.565771858957496
18.209012802328459 3.506257668772286
4.562552497211722 -0.951119706751469
-8.780846754532417 -45.764310411461963
-11.760594439123746 39.461231979322953
-16.073857918735875 -31.799339888270119
36.039773591396425 -37.741340342236960
-2.947187948889480 44.795485694644150
-6.099786679839190 44.731944177860939
20.085307227073717 28.082593001332533
0.394698618632061 -40.071369960403871
-5.385408554559553 13.788923801316091
-10.655228031948559 30.299259406104493
22.558945690270072 -20.029872784102523
-24.520563108202527 -1.827255320095582
13.103114339852896 17.452946469123802
22.273044535559052 17.032781841382224
27.649495242527241 23.307726862906780
32.447236660896763 -39.177296116528915
-15.555945921475601 3.619681873723699
-26.605355609831317 -8.575192563857579
30.052100031398393 -32.725426356805968
-2.543081052104523 6.895561765776220
5.001275571164699 9.343873513306942
6.155871971225246 -59.464103159320651
-21.831778192132628 -3.428063329474819
0.583659513445076 29.732499252797105
5.603907712133110 46.093311632031906
-12.527089594599687 -37.121853858562368
37.582563077673960 21.925974320854429
-5.519536541329911 33.551321523932160
49.876877501809695 52.790640803742001
57.176144879222598 -10.035395115482075
-29.521918111306036 3.517404792645233
19.130073879971892 10.664839284103095
11.992656086144375 21.994709500574839
-1.405717537908172 -11.237847319920057
