0.000000000000000 0.000000000000000
0.000000000000000 0.000000000000000
33.395349308371422 0.000000000000000
-1.720087443991220 0.000000000000000
-11.607206868449747 0.000000000000000
49.405023510648491 0.000000000000000
0.897000488413769 0.000000000000000
6.945849469983482 0.000000000000000
9.560982467384905 0.000000000000000
-16.792459842050793 0.000000000000000
-24.415178941117052 0.000000000000000
-38.174509664952993 0.000000000000000
-61.716752733006174 0.000000000000000
13.697277662230686 0.000000000000000
-6.579700426503272 0.000000000000000
20.475653646040268 0.000000000000000
-25.639135937693897 0.000000000000000
51.854334661917733 0.000000000000000
-47.492620868106222 0.000000000000000
0.519072484683152 0.000000000000000
68.655102494382831 0.000000000000000
-4.251663561929252 0.000000000000000
13.831097267272991 0.000000000000000
-4.764681108969582 0.000000000000000
-36.839109846927933 0.000000000000000
30.356177789867328 0.000000000000000
44.525179584997829 0.000000000000000
-11.042208190459307 0.000000000000000
30.665760219873285 0.000000000000000
-60.477154977450681 0.000000000000000
16.009167497473907 0.000000000000000
58.075777938016124 0.000000000000000
-19.829966928689018 0.000000000000000
21.907455934936966 0.000000000000000
-4.303209024170211 0.000000000000000
14.081311855188430 0.000000000000000
-42.088763058010329 0.000000000000000
-4.692549313136428 0.000000000000000
-21.228718173188419 0.000000000000000
7.544344248785753 0.000000000000000
-38.537284534687920 0.000000000000000
9.255478490770761 0.000000000000000
-2.137026839659397 0.000000000000000
-31.340050144568213 0.000000000000000
33.676982134254928 0.000000000000000
-35.218883527103635 0.000000000000000
-10.471535141774826 0.000000000000000
-54.191235838345285 0.000000000000000
40.202304310114243 0.000000000000000
0.193449839928545 0.000000000000000
27.734519777151299 0.000000000000000
0.000000000000000 0.000000000000000
-7.697273891113047 -2.176487693764974
7.735785739944498 1.984723958410333
-12.285800172110706 -18.838471618225419
-14.729821774767718 -6.205837263130965
-24.464357726458097 -3.690910091692271
-35.414504736393596 -26.570663356389769
-14.563042689686013 23.922236352518890
-6.862844835324650 -15.683303477123577
26.515637955452835 13.823149976537193
-4.895123617532988 0.409828199968393
2.361572175165985 36.161145542968399
-6.530658572506240 -28.026587455852152
22.193958843325607 -1.284470519219667
12.155126717578396 23.965811322964338
-12.533163990793090 -27.455614109148581
6.706339890710802 14.939660736536721
-0.233662922252579 10.255818107991924
-20.825686674241883 -23.188542860966141
-18.258270778840746 -1.543572319678983
-2.046600231361094 39.229139900995655
-11.477491089822436 -1.939579997589230
-47.220761645658811 -12.056279134598455
-16.520748450490991 41.191382461252445
-13.029573152391556 32.039364933505006
30.265103399710870 11.714675434419554
-6.686031082173676 13.464075067924986
-25.657727266594101 12.309234038543176
-27.290937436657948 -11.502000079722547
0.949593491504055 9.748392776793466
-40.366431849524304 -35.578099751262364
-7.059309919196325 13.836558470008111
6.037190525832386 41.763479276751227
-16.855529398372518 -0.371470710074644
5.608807375207324 -16.550754259839152
-25.015272292635878 -16.372519200625050
27.901514681838155 39.528651959827663
-13.950758007517786 -13.903178660242995
28.986157591885213 3.971768490075540
-8.960516476744841 5.586281565707762
-31.236242876814558 -18.697467074298320
0.333060618841605 3.250941735937816
-3.866020039267592 -35.644216969058327
36.148922422836549 21.939378451073729
-1.184033613354380 12.412132005534453
40.589914590629213 47.425342221994590
18.511439236833859 -29.398340781274282
-17.918641990538770 22.697291063017708
55.308148333619222 24.749174006948845
-14.475143869990607 6.437196553681780
19.834515374139826 4.107688844734955
4.162126915882642 9.398849710431410
-20.987563703617997 -13.827385163702976
-13.170525214662632 19.969333716631130
22.206635631892077 -1.753037033405505
-26.980187270004496 44.359295277694962
12.251724250021132 11.292665037281758
16.652778466609604 24.626252237747117
-3.071513455737757 -7.455312335927752
29.435764126875103 10.895593882835941
-20.740792513550414 -29.383364009573675
-0.927838235686618 -30.310517899348362
7.738821466774697 -2.065261529711846
27.133257457532245 -40.486145308995155
-6.233137344071605 -4.208714540177007
34.589066429006564 23.509528398876430
-12.894963691864730 -12.435177120487097
-20.541461784077441 -13.034145987203262
-15.209651679019938 1.913019036708623
8.195193873597411 15.183437190048258
-19.509245681171436 24.224397707641398
42.308038017713791 -36.222304779578877
7.760658020347245 -35.730815172110994
43.355909777038413 -9.309459037764571
-22.509658631488602 -3.474779296106314
-19.662342083355412 8.961549065237159
-20.250923517249142 -13.137369314412831
-12.765334583302250 -14.805708492230197
5.610154277343296 -26.209627014788463
-41.818214755519001 16.640673533469194
-1.542247962932406 -69.861818065460099
6.480920828667832 -21.202388798530425
32.092021962566548 -11.911212512586994
9.756737218007373 11.857672896113291
-33.709295593980833 -51.762702610883906
-12.569144886288608 -7.615466957960086
-25.910927906460024 52.917789891699236
-5.905124713352932 4.563196610572420
24.946580260215384 17.722875615035811
-29.993251686346738 4.104589364824577
-13.311289443307460 10.685735960416276
13.893674201100136 -7.605962105916547
27.209778054479489 -1.650493663735386
47.160246500367755 21.113175685115571
-40.769176911646028 -15.601072834585530
-22.554109688635474 7.799939055326852
-0.423832292066350 22.376442397675174
0.590074985751145 8.573607455403526
-48.612429191614559 -9.957181224452661
6.757063842081213 -11.169866171461965
-29.266364063694692 14.187918230509775
-14.975662255080222 -58.225905612597110
26.501214518132439 10.084223566915801
-9.580866989432360 -11.153385225582163
1.811171189657737 -7.963213821932106
11.001343283460159 -0.917783661723946
15.278821203141554 -0.404513858870982
-26.280342533551316 19.472771846357169
-11.774882603284192 46.484890690562096
-18.652221636965624 -37.244880006889723
25.081154620996603 13.068472628461924
3.771618087619703 33.191653231333973
-17.499034942390978 -19.327296848850299
-9.896305405319223 24.037855703135097
-19.515572557911032 -5.790129053348260
-13.646814790882503 -36.256538145418602
-14.644556593853084 2.163887456519535
-10.617889676293263 -44.438277129352507
27.234056415264948 20.158736682837180
13.186923221325362 -21.287515905045687
31.292119032487907 -0.240643084781247
-51.501109766651965 -12.469091294001599
3.334725102467537 3.954077291089758
4.489015941717306 -41.714399632449414
-46.618690137528354 -27.489053896068576
-15.456185139342756 20.472292256771169
-10.286196279952662 17.677392039904902
27.450189237325862 37.152822266265964
2.933895689771916 -34.144692248171317
11.025453835504235 8.503780718016595
-12.212444370331351 -14.795270755794418
48.383697291556061 -10.606041360606492
1.915558065714947 4.731370828952524
5.087744957866368 12.191146178643173
31.453486785193657 -32.023208702660746
-13.115287133305122 15.780732558879919
-26.710422134120936 6.606196916115776
-8.094139920170813 36.305242791717546
-24.995209258557928 56.843778280055723
-21.733602751180079 -9.939320756992563
-12.337451353203090 -19.924007344846078
-15.818087551432111 44.253016659073964
-22.493486001116100 39.333876377640486
-15.484542761592868 37.167836331301523
20.818598390115802 -79.278700906967217
26.933293512677167 -5.897733731955434
17.479001402196332 -6.674665347908773
-2.445014215337634 -24.433765268785326
-34.144410471049987 6.135471244720463
-10.607663516157400 27.762005195578581
-16.985212770186919 -0.255877126384335
-22.847019414110882 -16.210505226732337
6.424932195248171 -40.067061619103015
-20.811557652120946 -1.152896290218496
10.769886384021389 10.388643762778022
-33.392933128270371 -1.480153721064778
3.358923331997230 -39.760447237423485
16.462450061684830 37.913673567904688
33.530794560181768 32.255324206623399
12.761801671857496 40.455633123065532
23.534507570491208 -1.521041307711113
3.878645119825564 6.164678020075061
3.850352789823406 -10.705957710808853
-5.664971303077945 1.444395857001086
2.421110963719373 17.472224781659389
4.824404869353851 -24.706727715478358
22.278803216497877 -5.978291657891439
-2.050305900671058 -11.450610330010431
-7.642662874162397 -24.882977249758415
23.410281551829879 -2.470656691222570
-40.398240178281313 -4.750693804764850
-16.180567681949121 3.606509301850709
3.037332360498150 -19.258346266385239
-43.639625380720496 -0.631714433767695
24.774252337199275 29.646483354989254
-37.532407398666436 23.888275232888461
-21.474142796231039 -16.382497731084204
-33.654367168064830 -4.086849932604479
0.168185259970102 -4.944222586978724
-24.787725079738713 -2.550998877924582
-0.158223600998026 12.058908357326748
-12.766775793575786 27.467322668707016
-4.413000767524013 12.597757342314260
-55.120067944348669 -33.529871947183793
-11.589022918891898 -24.674307090878806
-18.653493325550247 -26.177378751375908
15.296950732520370 17.048497319281051
-11.832887198028525 80.592090087323101
25.338827451413827 -15.642522939312897
30.787809411561753 15.456118305452133
-12.976917900680315 4.701617437663556
17.973793621975197 14.200244455864961
-21.665185206575089 -24.797972049369672
16.620968817118488 -21.969153291035322
10.190973948348182 2.186257448249143
-7.718729959733157 -32.472174827404089
-14.067426942967694 10.554718722492845
-17.158232410902571 10.773999865078173
-43.231712530795228 10.874609092950902
19.365771349793395 17.411429341463183
-9.096418201434869 30.482783625792749
20.719460745185426 -18.651965343868572
20.711816514664569 -0.914918423835473
-29.198898044557353 -27.149821999761937
-16.039270010653389 -35.940986390683442
-5.749303301044613 -6.547125762254533
16.804268452652245 6.035200714149263
1.358550895704020 -6.125107594563773
-1.400708240097059 15.269148656670660
-8.227454218809926 -5.517182841000524
-5.965959026533606 -32.468797768365874
4.757193605686839 36.265495468504810
6.825096223112333 -16.686078985185421
12.218480319749164 -37.739774471731678
-18.579258649144823 8.832418975738198
44.411501559314239 -0.053579249727083
41.294169553845300 10.794484705551946
-29.625872038756846 16.967662279465319
-30.241243162976286 27.514718269570025
6.260669457991647 15.786859707408663
-3.857486158975793 54.550696870042934
19.719358916795592 22.892364025117235
-24.202922827229276 11.969093404305871
26.854004816481066 17.671643723183806
-4.260253152302401 9.557788351555377
19.345199111638834 31.779080529201050
1.913970580631936 33.183935629780819
-7.378384310823253 2.418132456975009
-24.577532306358496 18.168602233755845
-7.915047923916054 2.306425464391611
-27.811174305372731 -5.205206373914637
-11.143296675052015 -33.320096927596929
-44.548511987266785 34.616918803051448
-52.560833433036379 -40.937349046458024
-7.116858063811168 -22.490821166996987
43.418448298702494 2.424926565341115
-14.424112851862553 -14.392476005631677
-24.464520882318485 0.219192146203987
27.771514340186499 -9.745863474886850
4.223452972905771 -30.209278791315000
-11.554586383179000 33.117639271775630
-1.998190390860875 -23.297400110498572
-7.004839745478415 -4.016828506911621
-25.940655770260211 -22.300449029186176
-9.442862279303659 9.737973910929684
-5.594543566423066 -20.953598067596786
-24.856641432539519 14.204525370650225
13.236885505491305 0.000510178314931
20.328653837544536 -34.604290862239722
5.141180801249766 -54.149958340055861
22.284205527715333 16.524936619267255
-29.293442277329120 11.706614837160437
-21.381505764853156 22.847741881689632
3.584836685403421 -23.280183959593195
12.955482336481236 9.223479323272340
-33.321284749613760 -34.498082731378943
-28.307259642655787 5.915317946266827
36.059755568478224 -6.380823339308267
10.573852690702196 -24.058081509002360
-10.700840433507803 -6.816824851115354
18.196823247359831 -21.919129839482565
53.103341468916490 -14.478097618366323
-16.030428605580347 -45.987695921135462
-10.999409511039687 13.762254932987606
-42.121557537437447 -51.957278162763565
-22.918235422000187 -2.049976579771176
-10.202506079852128 -6.806455119783449
-53.321317635303195 -25.439184438081682
8.012226988852174 0.585254952170824
-26.071933882526224 0.606803877524304
1.762778163225217 10.013954305220727
16.741861759777724 8.145308445104291
-29.488100409134436 -1.162576643768564
-11.110566134369270 22.100876591542271
-29.978496523924207 39.501281768388615
-11.822736086201063 -10.791422807995136
4.818172637075569 10.750431361264866
-15.448256317282434 -18.356973624197789
-7.473545696248435 29.456356727950308
-8.312686447539706 27.424909058945616
-0.300908671168139 2.356925848272265
-12.593051261610821 -8.088142696660157
-51.733692440541482 -42.240397076003369
29.616985127416381 -19.581858911879010
7.236131225789791 27.866339316519163
-14.382073021622553 20.872591527546604
20.626020771388728 3.877884984087075
-4.337439386213564 35.774624412137278
-32.276375058443847 -2.102917453357612
12.279395521431637 14.836082495922694
1.596709125592198 11.187241566420376
1.539177311816171 -22.116081609012596
12.716535859381207 18.655940075767681
6.558866504240743 35.760369403786882
25.756975215415725 -33.467974486879385
35.853327141469720 -14.313114019998377
-46.361456982899448 5.163787059256961
-3.246869113358160 -37.709079932888159
-13.472520528981345 -14.256716218242492
2.552949274394420 30.834491283529907
2.062067399374246 -36.427433364261880
20.953173144561255 19.671828025534150
-18.356628150894615 23.345441043823367
-24.466863793915827 7.721950235288461
-1.099448893715152 -21.663787964149449
22.676764198791986 13.947192206187196
-25.510906934950029 24.031838279850369
22.897315907741412 -11.971209006379526
18.040275668838792 56.955584823501631
-14.994803543937991 -7.900939653971412
7.934844464785983 -16.343711740137074
65.124691910327130 -13.661191554129731
43.513294232979582 -5.887878896394493
-10.457441929469383 15.876212241924017
-13.378551704778507 -30.436764127609180
-25.347289904159695 -29.349649164276439
-67.147995208668632 -60.779398787836598
4.967815275888782 4.000638953229132
2.908075094013657 27.647509275190028
16.148721062538119 -7.050231179597140
8.068771623627889 -0.676514762961289
-50.415305095257651 -35.496414893798544
19.820110069007093 16.472736568948026
-0.760271360187948 19.915918805172595
-8.549152797865457 -26.328871080790250
52.646225295433524 -13.160244178325620
1.494839735857842 -3.716846302275413
-15.962200251318380 9.947306375465399
-46.366315325147603 -27.556994093544194
6.873147076852264 -5.830770081214083
-32.939754450261589 -26.648199127506128
0.054785104210153 -7.605737780194178
-35.909526365700842 12.777167144634296
23.127138673312587 -2.171653689815651
19.392976447665738 -23.799292702724959
-2.553221325529113 20.080165331114216
15.147021280498151 -15.367136388911288
-5.786281432728860 -7.551893505154665
36.325751767471417 27.753509713669136
-12.786961451781721 -12.386759153159280
24.891514393904167 9.433104473616106
-39.938179207347510 16.458896237316090
14.418849246649250 -17.208069749605137
-19.634539976413510 15.016309891775228
-27.603036035682653 17.487659557017299
1.638872091479814 18.056642619075447
-22.422858200147886 -2.456764366083259
4.139410162217278 5.889818636361379
-26.063868222063377 -44.375470756493421
15.187995673694557 -23.461860495548979
13.139625413412817 -30.133729504714932
5.458863214825626 27.439224068513596
-14.675606112165516 -15.073827892029827
2.381024776854818 14.901192975388103
-6.921407479204762 -17.518710473824456
-18.347608889802583 -16.411905802286878
-40.094905364043996 40.305345320531799
9.059352493319111 7.434071962536406
5.564874476826339 -46.252793932983693
26.593092059884359 -17.636708351562788
-16.035938801553122 -53.075888663649792
14.547853978735326 13.880399278587992
39.161160012244807 46.282234315231996
-25.038262158072150 -5.546116553816142
26.125611793876935 17.115629668829019
-40.782939359524633 -29.129275215856239
63.877607994846564 1.365157020519265
-42.286265321296241 14.867609684672345
-34.248680587837953 9.510441776681471
7.271024780346250 -43.990235183340126
-25.749385228660294 11.421627894023027
21.119361271192471 -51.208246487083400
-10.303261236258583 -21.520223691419872
-25.503048749291057 -23.356817262731937
-7.281320622553129 1.956336417315305
2.824859858313433 31.628177936627363
14.146849905688166 -6.453430059240859
12.049676610203914 -27.539257587994992
6.870608602494221 -31.438994277564582
15.774471962791484 -10.017303451930816
-0.334394745190792 12.780981185235474
-1.770919103237745 -12.289136869025112
7.846800546096055 -7.579384419817076
34.000536967513156 1.528530150166973
-21.470145205835820 42.103110660183262
22.393306412866327 -5.778393610940446
17.406588959553247 -5.358418989806218
-19.406872179052201 67.551401326407941
-27.969719389719604 -27.431773417750311
4.188208142690313 -0.226016848907786
-6.055746486030285 -8.582766294289797
-3.625568298797822 19.483725432087535
-58.673372771656851 1.994510860461225
-33.431377003815882 -13.687005130034539
-4.745665859046624 -25.055694899846984
-34.163108069002533 -17.575008901293909
5.504892761776500 7.820656320030884
-7.473619573093666 -17.310833674576649
5.011900115417840 -1.970316387367919
-35.461360354688104 45.610144430622682
22.863203830031619 -30.308992925119540
-41.530937295920630 27.318791258811398
15.019416662422099 8.958014968271851
-3.355835934013469 -37.627604519576288
31.282199974478587 4.654454274558613
29.586123295293898 5.573463071952037
1.623997466474043 22.574118204486300
2.591115675681643 -45.584288685734982
6.222889503956216 4.011537700702407
-49.187541901228286 -26.629187911415489
1.722593219470404 18.529821568763126
32.761489637181405 23.361597620429325
-14.404765188936370 -33.801478107196047
-24.563881651848853 -4.700926493800157
-2.726580540682536 -15.730363088978846
-19.235248884160111 -14.448391892503455
1.916489135434257 13.246292281745815
-12.761677473623426 -8.571990806800548
23.095974522679448 12.339332636604286
-10.959029674379318 -42.451364856216045
-24.964149679517025 -11.253259412807514
11.115538111978047 18.823747249497302
2.378335106535311 -23.371229711590559
-24.858107873194012 -18.123649511572673
-20.495857049462373 -25.559772440510223
-30.614811184909062 -10.718713268491049
-53.439665345402013 41.565203405693012
30.128906953033759 -41.095075095731595
-3.512163003175926 32.967500159708877
38.896778441034584 10.951183247869270
3.429317512678750 -7.248025739864326
-28.535990106342329 -0.205368126589194
-28.242986801518210 46.725803522358355
0.617257485033286 19.909108144711862
-20.744912129107536 -27.037268178510224
47.236228420366402 -40.314212642597873
16.762082586640471 -2.915159475285589
6.203020112273709 26.897012320146693
-25.439617614927908 33.397463755212108
-12.708651034676475 6.676925432004963
-1.691088035529399 -11.187391159404717
-19.810328155930204 -5.328101707513075
-5.752022010015135 0.711032192026925
-13.758393497306784 50.206322027843854
-0.596020629896848 8.147950376699992
-42.548440662047014 -34.821163866205886
-12.155833260649162 45.051519983109053
11.749269071998906 44.768994522481790
-19.559733444263877 31.079883157485604
-66.730745496082349 6.902052236646655
-1.311447096600189 -13.804058057920098
-54.827100913208064 -15.555213636281676
16.582918656220020 -27.155357454880704
-3.846430390062909 -0.548911780821856
-15.279994607057557 -26.624595447282466
27.443043518497745 -15.038753451229864
-2.515932833363674 17.359893344396415
8.231853403243383 60.111859892382377
-10.453555343867531 36.167142642596524
-14.324608784364495 -11.405538639233672
-10.522723040187815 4.900413908581513
-1.730196284847680 -14.462720477704195
3.950926732819154 -13.168946845523093
-3.361652626426132 34.449124179715845
16.115515061168104 39.612561417791291
17.547242113842092 10.683045115688312
9.773465107356415 7.566949053656002
29.347813871574079 -12.704390588638262
-5.180923718079661 6.892379754789663
-0.203151960098691 25.496107890865222
-11.738987037462167 -55.617667542998952
17.258252350299518 -28.736464710295426
1.721282857141499 28.153041205132215
41.699054383780521 0.212380366464653
7.949968272959477 36.606455526683071
0.602400399839703 28.844226366736411
2.915888654280459 -0.883779463771355
51.506416901179875 7.132468541799268
1.360434174301573 -7.924933846594186
0.747753591694232 31.733375152180319
32.600250159191106 23.657171378980888
-40.527405952494412 -25.543339070449019
-9.643753586910067 -25.913679843764559
0.749378701700808 45.888440868918572
-6.000054520247022 -7.304967460749834
-12.380035432729958 -37.480813931385413
-18.663622726017238 -8.072581842250489
9.332914405526356 -29.907552087522735
-27.318701554754512 0.396775088261160
-20.740947149383398 -2.785449938284925
-0.395950008395721 -36.137380437685671
-6.825919397693522 41.481872277142855
-27.209533182505812 -27.010860471476505
-13.594775311459774 7.262446472408629
4.346207908559901 11.454348728820392
-31.940816645597412 -42.825203263314378
4.042776643385121 3.943475320695700
-7.967164427062580 -20.784538075090676
21.546741849573099 -17.426037774265335
-19.336698737903205 -22.425022914191246
-16.253286506918879 -54.895921881514496
-23.728931979008458 -34.365623237994711
-28.402467664829384 -1.655710487972779
-14.449401783038889 13.169760059898152
16.932545838301024 69.446305348498740
0.481537422056851 -35.666654674735248
-28.125316876914432 24.280282845355394
-17.926516566241357 -7.967100948163617
12.099228478889797 -4.941902545184907
-10.393548898309781 14.777775041673600
29.232419628906190 -37.187221170810162
28.593132890319705 39.138342264988857
44.833582970922855 -31.475466440007910
61.770367763308272 7.932715771985545
17.446695729380494 -2.779305235885795
-17.463484904721732 -0.714439197094831
28.627354543419962 52.993817436169103
-17.260053796604701 1.736148227504887
-19.172866277849948 2.142959722878330
34.440536079818642 -16.660494954236469
-52.974290432963983 -24.248793813524390
-27.779168194655366 -8.357060092997832
3.404014585289449 -9.764750743724914
-36.556175043591416 -10.304074472918858
21.740125865373077 11.729861230347622
41.592973152816143 43.343029263651388
-2.127871036151443 -38.086216980827260
10.916681872574669 25.028815337549929
4.165820025456417 38.162692735985111
60.635574239504749 14.916541517293204
-14.223582165615625 6.342218476250793
-10.228663930590038 19.707686333252237
25.081514759895299 14.970022672537485
-19.800415066324739 -25.149073971945114
-4.278463827413910 -12.873989615274573
-32.870933190807918 22.416484216569810
-8.074521923410837 -23.821090208192622
-7.500195820618253 10.550860342192038
-17.469071656152220 6.140889087404459
22.123609296290056 36.220665054096187
10.964163021099218 14.486391077667587
24.685247310873187 -26.368259230500801
6.252857064160888 1.079785342148256
-8.743775849233348 10.455026331118008
-16.043474559278422 11.911128874644751
5.857416485854503 -4.602523349697858
-8.854352152522148 -24.792466070895973
-26.649596497584177 -42.866516767003205
22.271244111334660 -47.918266060937839
34.783733837901771 1.727010184110173
41.574429029430334 15.952919311342310
-13.216399509068211 -14.545363568201788
-1.316281299162857 -38.515964935973301
-32.810295027120752 33.922032227398923
23.440294298399639 -27.563432880836373
7.951552853638082 -34.527794253981178
21.801968477883715 -5.684387598001718
-15.662977445990323 -22.799956105451123
-58.609467679694284 -9.424687680214774
-5.164048290743184 -24.121650085766468
8.006536745491724 5.363197630236994
15.250314917071941 35.318177604800674
-5.419308825917340 0.747063561472072
-41.882516848602592 -10.648418815614557
62.020758644651991 -6.194030844560783
34.839717554014527 27.305103088534690
37.427301702588878 -46.300213406973434
-2.301182198447280 15.963003177118312
11.597235714772161 -20.641425818676822
-24.080121758159887 -12.514001700129123
11.396079101730649 -4.935030231528025
-5.527365918037072 -34.073292863289204
-2.620852442262114 -20.159277427037168
-27.045043531369505 13.436335573506792
44.032369586071788 -1.116597239052566
-0.851702343401104 11.516336374118804
-13.239909799941135 11.085884167270864
11.375480577429515 31.047254456770965
-3.573587030303811 -23.176103554857505
-44.971418777485660 53.725620249282755
-27.076840311892447 -49.557609483041880
-17.978480309960492 34.662667238142220
8.539409700734094 13.553304868116607
-47.745733810104618 -1.458556918163120
36.386776586089631 6.678568183362005
-54.259479033518552 7.968678591061957
19.304491395711068 0.272455232903577
44.985802456548292 -10.342005181424176
-27.429984707981728 5.504637956939956
15.244668164298803 13.159208138032037
15.537399156410574 -3.176557070542331
-21.307498017062457 -17.282251092093784
-2.975767162586409 -27.586479670271252
-32.715193464075362 33.876685462813079
-13.054319834815587 0.098045172787221
-25.031913337838400 -20.647140016094266
-10.761238445937055 -5.298478580262912
-57.387448352386031 -4.080978924812400
-48.979503073274167 12.485420612988692
-11.574871699125742 46.336854604638084
0.573368550554944 15.354705898721798
-4.682684138260576 44.007208034374621
-17.209688741405547 -41.129346614632802
-49.655862079868236 -28.627171926529371
36.660308246993893 16.288107802958496
-15.230669573583244 6.437905506704000
42.904263603281265 -41.092948981307124
-25.229137675994803 29.801214053716517
51.650864546073421 -8.009324523022906
-12.310543440275188 19.347779425396642
-41.578863377734628 -5.134405072920845
-13.098056660231604 -35.572294813593018
-24.563788822581859 -30.825896758457393
-14.273521649267149 -31.251248301362669
-25.690067030559522 -22.725682594247857
4.868504197917683 29.570354457365571
12.974328926055685 -22.922285738767840
-2.124840395430367 0.088942496592553
14.666007143364737 -29.661355162115676
-13.066074972047655 26.944017907573777
32.542210048392974 22.937288879244321
2.242386740296369 -14.682195683804624
5.493298942801307 -16.185238181664253
-8.600558044983595 41.406448983986657
34.425557042584785 41.728407482031244
-20.384833254648200 5.169742336874490
2.546823759787705 47.366291825242676
-21.323280629031856 -27.184521407906789
3.046675282779765 13.196046427267314
5.407582371074823 -14.321042418961731
-4.844846332032094 10.445541842094396
-2.105289078730136 3.912681259883154
-1.476274096907442 -4.952739753334185
0.907905221978363 6.609567354454932
24.188074194016526 13.038172134409550
-32.313922188072056 -17.824123782625303
32.695006984085452 -20.075086890662153
7.872153321684358 -22.800163623923915
39.628698702660714 -6.328093260578148
27.531945657067357 19.186024034352847
37.141912482590968 -9.622972496983252
2.703164369485677 5.343638587447971
-75.793876678468507 0.119963510924850
-1.340470721566976 16.647415836140709
-14.861943411516023 -12.820438264144784
-9.222605191664664 -18.708930297554325
23.762954460200909 5.906536272020528
-35.600981393390590 18.465569882688602
2.835212252279932 3.787131468714780
-32.065456142731819 -15.412945573470555
-25.212241569428038 -17.999674215513558
43.553404834278680 51.021465642990471
11.706048669964579 20.204889648339218
-38.057106840530643 -12.701241000014990
17.248471604577762 -0.906883562105325
-36.757308995079583 6.697232400654994
28.239889121117880 10.901311443850091
-12.474298684978317 -21.285557569511369
22.074828026789305 -18.252496589662094
14.535277472343012 12.613740183553279
27.489562405846542 -14.845277731246656
13.089182946693565 24.289344609609547
10.626985789797603 10.427892430485979
-29.443906694482603 -52.115976011918150
-16.314384870826004 -9.471901432610943
-1.123476660605958 4.137246537773942
-20.032287205676980 -35.226305177416847
-3.591933560226291 46.623202545934646
23.380653659326871 5.189929103500789
1.905416146884221 9.318023246080685
-29.101687869785323 26.157793406718397
2.119992057715290 -12.916136622946579
-5.523756300831083 29.928732878747617
-10.956735367271138 -15.022972271343018
10.668335995234365 -22.044646783105982
-12.289964291483466 -15.076191041764190
29.184219282652144 32.091193426045052
-48.492942088235743 4.957576475151424
-5.265135533327507 9.620973671543767
-46.765401561476274 45.989882715847244
-13.677313991032642 0.667655577605966
-0.572181127521905 14.220948767113063
7.487450058687902 20.993901464449014
6.336058875058931 -18.074072198123385
41.985800355146488 -2.729262081689801
10.925644457019326 12.617894311817659
-6.475740401444344 23.698497870573572
-8.546491815451791 48.141682676876414
3.536469660010651 -29.537364742785201
-3.652761306937065 20.138903340281885
28.658670721108486 -11.321472886492174
-18.562324316430537 -14.489384556338438
-22.112258741992108 -3.515852738514560
28.931680126120764 -21.810302404911791
12.526798807014911 43.297933237863376
-9.890049096639025 -1.032082503798641
53.646092676817680 35.332630182954254
25.937441968214038 -6.128107075693499
4.021920715719518 42.322586124713311
-19.415441432808532 -6.937997993537358
4.906245695195813 -24.219990840992754
-27.714996903484991 -5.573420021442844
38.893547162062561 19.169310452447551
7.875525820279258 2.886853303946937
-16.915523131873339 22.644919649876680
-12.029908061465973 52.584084650002247
-46.479701823275214 -29.139638253106686
-6.830602448505275 27.053270176091878
-13.605842094171152 -35.349651984752605
-5.721502959817371 -11.544635693518742
7.627393603502163 15.389577233309460
-24.939663603473246 -6.612277117627631
22.626259439915312 -6.546631676993003
24.406876437917315 -4.588906965678549
15.094895876923285 -27.317084637861466
18.847840456730825 -20.105493973175218
-29.433273958694340 -23.110550628633877
-27.229406014348481 -35.558878678680195
26.357910709834723 -34.930918119570123
-46.215050816889132 -0.873527221000594
9.057315025748414 8.167877690512819
8.800324580579785 -1.068286443464241
29.440083967931500 25.161377620466780
-25.423675261015937 37.088856238846162
2.905492942722314 1.201640438158538
-7.279534861500823 -9.263371114573877
-10.457886640346448 -7.457931612321287
30.666722889981109 -11.736643999866516
-48.057501109176002 31.917334106197753
6.320343834374008 -18.933931978975320
14.563634284830174 19.348406580284060
10.734117056290648 -27.830484588984323
7.948655347047193 21.715675257825399
-25.901310045991330 -34.280881506163503
9.555987347584127 -27.855617021540688
29.522320474617434 -22.861442419908521
-34.685750543135875 -6.079689872637337
27.320317991110766 -3.857453255964302
11.357902909874685 -12.511329551445508
-20.069329070990669 7.863867899235391
-16.990563197505658 -0.408844817161789
2.332108083315392 7.333102698152468
-11.231684345759867 21.599456291101198
-14.388993052262599 -30.029550952658692
9.773778808251421 60.786448242443157
-32.730602798258552 -44.624882687079761
-23.156416663077295 -12.666712249301181
-6.646136034773073 -27.468534550767902
-31.381382901026587 33.195546275868992
13.037615629296056 14.554513718573730
18.324922445419091 10.828519824754109
19.043728319774392 8.712384347605532
36.649207892808782 -33.397692844564055
-18.018087543709189 11.009705773037830
-28.653514223667933 0.560955171790349
20.442090450992676 6.239132736149683
2.723939261176376 -21.912493625287780
6.859397898629130 4.652708939725319
15.769988047650367 48.571290976164747
-25.299493565619997 14.906563040568242
-22.141576240964927 -49.484327872504437
-32.554579953002865 -33.605787647593822
-13.944474629384649 -18.891368276964606
1.830775456233704 37.386302123903839
34.426944002578402 -8.434032858233197
22.242863576523121 -17.349139349156559
-5.743857804291188 13.305702674591593
50.060821196966472 -20.000645428456885
40.195747985795833 12.148944428489994
33.835940402345180 -12.135835361646096
15.048738703754466 -35.467989796603831
-48.563002603602719 18.749281803139418
0.203953516169042 25.642851775980336
-27.568552476095274 26.214815944167988
-2.990289059773907 -30.534484945625294
-32.836456964815355 -26.254367160923046
-15.546762723304589 -23.756089972298948
44.235885572678818 22.329296692144272
-25.363219088268938 28.124840938000403
-15.430363256220241 19.516607615687750
-26.558309082437372 10.005144250750735
-0.380951982470875 2.544636115815572
16.871175909030917 7.930949795548363
8.970218258917695 31.835910276217497
-1.410592746051077 -2.928148157649499
13.602752310967233 8.007367785911947
-7.494956753076834 25.673325337711319
-26.600645520923894 -16.585173357237085
23.214893968049385 -10.765501992767476
-45.723928250710500 -33.888570618952791
17.185711124173082 1.229603655482963
-35.411938889288308 -4.280641299168017
-3.105147531707017 35.073543575795668
3.941567804900480 -36.828127541820812
-28.101272434996140 35.350576719626055
-30.469165092293775 18.471370649092758
-38.770801022607642 44.014231314385711
6.662851538412705 -23.442507718281586
46.238379100759182 -33.299744553259757
4.258833430536394 8.054097158008695
12.628168471515686 -16.330472389076768
-5.007220631180658 -9.504979729641907
-17.634902581435171 30.788018074035953
-7.900775410454091 -41.332916368697205
-9.196488580230344 -17.919558676672359
27.848854165511622 36.335250719772091
56.899717700998991 -7.908491651351211
27.994039749933055 -23.192170207379121
26.465717218600908 27.041400208838418
-14.417996617890015 -21.204935454635933
20.964872185323738 34.148865894258421
2.129435880824016 -34.745323871722441
10.194163824560556 8.914813833668415
25.725742684926985 -25.216736257315684
12.291691778742857 19.036062149543415
-14.435273892115967 -7.262618107813629
-12.383039314492351 29.497718938647083
-7.830939942439066 -5.894418409078499
-17.091838918074462 -29.945632555010064
-24.723018161959018 76.053672478365300
-10.012040353668999 -36.654811433679811
7.080006071685629 -13.194171479799699
-3.786363016728334 -24.962015558125884
-55.259687221250466 -73.271377956324685
-27.006957527996203 -21.936897252820664
-43.624441646500038 17.626239364120302
33.114000161911889 9.379843302235868
48.231114837141043 -5.106467251849340
20.351062098418556 -32.105735785133064
-6.599967445375102 -5.217947847103955
3.172441853670577 28.003333895487899
8.308717213356763 -19.255714464776457
4.752958533659304 42.008785924862025
-15.493617217016013 31.440741196894663
-3.407046839829172 -8.625462033618797
10.259341467846015 16.676059555064157
3.933933194428568 -20.809797553943788
-5.709651329109486 1.617813611963778
-20.487280342247793 -31.944358712424126
3.037091849904158 -23.973802847278250
-42.267010440354362 11.366246261166092
3.562765114349431 -32.727967256687172
9.311309076334847 -2.860302208641133
27.357723795189401 -10.527992851738089
-4.374711625530630 11.453308136170351
-42.851325143442047 6.580987771766122
-9.810996918896857 7.134677061522112
8.832744443255638 18.858705186167839
39.117838582756178 40.202996153489210
18.617461300947880 27.501444963398900
48.229313010397341 8.725121202837141
1.266663807981124 20.281279908485157
-15.827891020797576 20.087740523717091
40.077128160827655 -32.176111260675157
-10.790976555667617 -1.681124510997149
23.642561289205254 15.789867219609532
18.568300030226812 -18.972124966382463
-35.908629097510122 32.635237242921953
21.159753184416338 -13.124013993111451
-10.747063533276206 -40.641443645771894
-15.509919989915842 17.865257931256671
17.324457530512337 9.433439446859266
3.491180801544031 17.427586511595823
11.790434766249309 22.248259438263897
-27.510097894537108 4.046195847065992
12.297136853537781 -19.373084404059174
53.136842927448598 -4.152350323232609
12.431798164154646 9.369024560934834
-39.857218057345868 26.676853793762973
-15.796094533789908 20.068412427911078
-24.057521058076762 -12.723493510393800
24.163396106607085 -13.900500208938784
-19.400410884816441 -65.559981460259309
17.343468813254066 -10.688580336624856
-11.596595843579800 29.264187147540877
25.191610971014764 -7.588039965512540
-6.700936854736492 -19.131626017357490
-28.361995359068025 -11.541527789063579
9.792780656082542 -33.695514647733731
-6.158033030633885 -4.992115357268488
43.307272808075822 -15.742239589832785
4.231093205878136 -3.694997267282154
25.285359790590128 -16.464383215254070
-35.815664583963304 11.254682423468770
-9.831054144334400 -3.216588509602966
6.468626180876214 -31.598567101473122
-16.587441866316379 -32.657893512392562
-31.628195993225866 -38.989806077658343
16.415600948327505 -28.602539411820292
19.336393372818677 34.210234301655547
13.782242981183504 -6.688558171856619
5.379519860602311 -17.833073142706180
17.656105641549516 67.905497491317618
-4.336752985909717 -7.792458886392931
-30.307765458770845 17.254083041140625
18.444354520222465 16.555556445764317
14.400957860037645 31.196817660206971
21.381248083940708 31.047932816004536
-9.691546946141010 20.797723172024249
3.250474727580387 1.498280017938540
7.483363602897122 -11.704594387021617
-33.083512108560029 -41.654875384068184
0.764958923495958 48.373336454413128
32.781950011692047 41.024515524947645
-12.553523392667639 -1.209820288592217
9.500196290166869 -24.086208441797151
12.554872655702605 -40.734034778528894
5.963325289613874 -27.662818922929922
-12.257875990860507 -32.051348949329871
-6.561827028277381 22.723220872644220
-17.813966141041888 -25.715117143322704
32.790415782534588 10.252249184046859
11.091604594555601 -19.658773326477178
45.926319856595860 -11.672464644969548
-16.445873753059733 -1.642367876838258
15.443840734977925 14.432983959560064
-24.633048684831042 -47.947965134292915
24.983044954805980 -15.561151791944033
-2.472599670578516 -2.747669208980017
-6.588584239846095 20.700627773393613
16.197794526947728 6.426070981718774
-4.813640378883784 -29.937809478410109
31.770029789399601 22.554469940635762
42.938739467526624 26.424618987900683
25.534216092857275 -6.010622477341927
5.394119463955421 27.619660312232565
7.054732069717804 29.353526787428294
-16.204542374572476 18.001638293013734
-14.731086719887259 17.515079816855106
-14.349590313342643 6.459886812779327
17.831331323959841 -4.722094442772498
4.172528899963198 9.973380583197205
-5.665267453700406 -15.423969317548291
-70.641999971745079 31.665698180902041
29.172487047089991 -16.851560352235420
4.071750001952000 -16.747501976655428
-56.910620646197565 -19.401284175025236
25.737524840502434 27.233489023517478
34.933899980200700 -2.169028610526153
-27.797387559528651 11.148725091773532
39.361820850819647 0.166308431165924
10.353409912245576 5.892941049040147
-9.772095686790811 7.771720049502917
13.529763263216717 1.782163812072176
36.063487217434670 -11.014310701477378
10.491341220417953 30.171695793533001
39.400058722727074 45.450986537015112
28.911314265333118 -46.206496088258099
-3.108641319008432 -5.305012854165052
-34.953364179527910 -19.262749255307249
-20.957484438808223 37.769181843801050
19.755538186452899 1.789668823292045
42.922091760918356 4.751329883204028
-21.469233504866626 -2.480490269281624
15.040243222469678 13.475932127654282
-2.104733693288022 5.874672851833328
9.186642958828916 -33.815105023062245
35.247699082847824 25.179971856583283
12.006863676871367 21.204153274020143
5.578676898027678 13.163227288026128
27.701661182217013 -14.302404836316354
-16.241059380830364 15.954065638735699
9.011247961889481 -23.126079004475031
-11.039956936853953 5.561411457094332
-8.101756483715745 39.570945431771086
-4.134251993317909 -21.742775156364136
-7.927357492935738 -48.859300676259771
20.156043675312763 -22.889139077417745
-4.613359175998012 52.250568496893926
-39.064151759065695 -23.408234643978087
47.267974267087332 -60.322309739296308
-8.186097753193154 -25.122995359056375
41.825670102676156 -20.082171100685152
33.753408055006993 -30.753196094621369
-15.366053675091495 -37.359793034613688
13.187073977775118 38.353659963020839
-8.178235062539658 11.226248261307667
-4.251428254397677 34.664600005460983
37.140203538268430 -11.724678769574437
5.483466107663626 48.638334743105304
-2.772262082950416 -58.741128393530886
-23.600215756138564 25.935261098049146
10.835415912110204 -19.308539611614577
-48.797448766466616 -26.372188812425950
-38.713311306307666 6.785009939986091
-38.563758527028682 5.689529018373870
30.914186818943872 6.084260255516879
22.887949743691980 20.809981639670088
-41.300757997279817 -13.043446481763397
6.774502893548399 -8.548642962297123
-44.928008625889007 41.179733394503408
-22.750435174436195 4.611019229741114
20.375617739794791 21.860764040989618
-43.191920394231765 2.997497323648864
-14.362339685641127 -0.871000696654115
-5.380365431369036 -45.480051608993797
19.157525405806222 -55.927323085601749
-26.426273607828776 48.396126816919164
-19.491010134162799 14.628934470996796
20.237052755539402 -6.655047113860623
-30.753319446192048 4.396712147962835
11.419655475282646 -22.171235203609360
-2.046579889303251 0.706673481581698
8.773964858811212 0.536975017390840
-16.328320337243532 48.171514550262096
-41.744409061333535 -46.510960246122679
-47.504003090792459 -19.398103201727441
24.367640847879528 3.265650768431261
-16.527376011894891 -10.226312083981870
-5.256357752075883 -27.307239592708946
-13.469882035018600 36.121093602096828
23.981214471858699 -22.875384563786621
49.424002788428488 -27.561455144219977
-30.463530295077437 21.606561444974965
-26.104610578367012 51.997843444054496
-1.270682609297917 7.580497741693272
-1.311082871200539 -55.399539024780928
-45.286162139160595 33.816708227502332
-10.852172690950571 -0.551718490572103
-8.754944377895956 -7.903264162032837
-13.770963071619128 -39.686446221561091
9.352542584052204 28.935082415266464
-38.788784879465773 32.114772169985713
19.762680799381368 -22.292791366473402
-56.529670204885342 -27.277572994988500
-9.823447253640531 1.351875483290757
-28.140948048983738 10.168276450234151
8.925890279844181 -8.071119474110052
-46.819741488818593 24.862444813567333
-14.754674497960472 1.171989537194611
-10.026101126909248 -18.028353605812693
-1.401609592477919 -34.579808883754069
12.425429622103568 -5.678309141016978
-23.862469700251289 12.746777728429914
-24.572296650154417 38.192715440180088
19.412638886984443 59.839084023278311
-6.799717732784420 -19.525282510891181
-2.544855567483349 21.987004949438813
-9.776524478521502 9.864316771789957
-13.186837597295307 25.485532431517029
-4.497297913857603 -18.046381235142881
9.068951497164031 -15.443385743591723
16.129998776003035 -69.815403451963377
-20.317176781647248 -0.170852625583410
-0.484198639282163 50.643420362596174
-45.327270469279853 -5.486998723674013
-12.944611970785312 -4.058491029592294
41.520066781151236 -19.945630863218454
5.452552682695822 3.604086194277619
10.830817708598779 17.664521276345113
3.782512767523654 10.900483586481769
-11.275290157731385 -25.331004718683744
-32.869846187118291 32.333537764137112
6.226988115385589 40.903536026391571
-5.725538661057313 -26.870168616395752
-28.882281848454021 11.398900269917160
-15.046696709226623 -21.501943414347707
74.573397381540317 -45.027926006832615
-7.348080646415179 -23.599874064827219
38.666958992659339 -23.683980874502474
-32.864668705700225 8.152732810625624
36.125046737459762 31.230566533260419
-11.337899364900624 12.773106345710527
-7.717250176015943 -15.414647753047833
11.198234261428198 -25.509949743177238
8.743407459009562 -21.388190272521403
-27.562606136552663 40.189643807988006
10.305986407954093 33.236727371559830
16.532168103843969 -6.816515188708753
-4.848735765266293 -16.771835483712596
-12.998773622435877 -17.764468744115327
-44.617445676092615 -20.572455679300568
13.875806510773263 -13.557425523479504
8.745285145530618 6.821583432678265
-2.922887820708980 -8.362795602176570
42.626119062264877 7.809619069997293
-8.520717458344940 -17.141609258531666
-19.989004177651836 18.051312080322095
14.623699216874849 16.681196227358264
18.408100833557821 11.622419993441756
6.979313732137016 -4.586151235370776
-1.908771112551640 -16.081342042390073
33.612386251724182 15.880410315994286
-17.089180556405843 13.003800997780198
23.223861568239954 -10.006159071165039
-12.299775152130335 -50.625534961519975
-18.755556678407199 -46.975199912595670
-23.486238719020314 -12.043184249598280
-43.372503667028049 -1.435720286724778
8.327317527822505 -18.465228855901657
-63.809994121517903 -7.856981063664423
-29.043305305056453 -61.671083942264090
-5.543297453923049 40.209929352734925
-33.524143438608768 20.379351236126318
13.426942229965125 35.579321138626980
-26.054653386647335 18.718490693413102
6.907837405365054 -26.776609504694733
-20.355950387408896 15.000102978083705
-20.794897887265403 -45.278666401221535
-3.038327336758507 -5.586448899124122
-14.729222328409213 -2.061951696844678
19.603174754287295 41.694802476661287
35.902938034007533 -8.251985416148223
-16.042413116806721 -18.513902613280390
-4.934575247350998 7.822512086016533
-16.173047295398661 20.485047426784355
-32.550022396645424 -7.602283530080141
23.859856287763701 16.675489960685429
10.572434601951064 -14.201058812536113
-18.440369594829622 9.957633795216651
-20.241885434000942 -29.479089800315123
27.705525330651106 -63.508520495109877
-27.039356094431060 17.943485336586452
-10.359966715323573 -6.375263100986087
-13.536299214987057 -18.111617354566231
-39.684567971134889 14.868778403271914
-11.076281350815092 -31.465571726601578
-56.388268490808024 19.087277214213245
-36.908612948625169 1.375979707809089
9.935746412995458 -15.749032355198379
-39.502110224017805 13.135307069401065
-30.732993401819670 42.209045014781140
-17.989188617142084 -26.058556273728342
15.068691266051612 26.210785252618965
6.428699299170402 -28.031282275828222
13.686162293918203 -10.601199437720691
-24.798035540514327 19.940617911326008
-25.796814789410959 -4.374967839806763
35.408447009949001 24.197841564150373
-10.221973458673064 -63.183984560037203
27.161698745027572 -24.980586572165166
-0.367365889906698 -23.122984482663906
20.749629475055240 -18.486475897187617
-34.857087308722456 -45.242607263711115
6.355754732803544 -8.963541797210501
51.041886430344121 16.734819898857008
-56.071522426575093 15.376855450295894
-37.260613953943796 -6.143855601662163
12.613526015308620 14.199384062075179
15.163985423026595 63.805606964413869
-2.384586962797107 29.345846869128188
56.209345336198048 31.643658169691626
31.101821708883001 49.482653823402870
-40.233474473019818 20.206116800951850
62.103128020243112 -27.792127196606057
-5.579215867738796 10.828461202638090
-3.971286618334545 -29.502058353708829
31.092922180996286 8.957343323513578
-28.954781900054950 10.237622570256683
-44.514831361315160 24.327795006350335
-14.958381553088232 4.231075451318459
13.655918397634689 14.717492026554037
-3.624097670564461 23.160860453644908
24.464497782246674 -1.218743602909384
10.937363243708518 -10.278263934726086
-23.965505804703895 2.141718352138744
41.771929967474975 24.144896543822863
-35.957170382504515 5.906344067466229
31.525255754933362 -7.417921308425634
-1.510525731115866 5.216564467285743
20.387595320134299 14.298951006105010
-20.708492151169175 -27.120686255683822
-6.934306910285197 -42.058655554308793
-60.616268663254019 4.092356940232292
22.078551843490022 -0.045184664049642
6.579319192824590 43.037121968405323
-7.968754347156837 -29.972987236144661
2.926894537504451 18.607361010371584
32.178239692076858 23.520820043018954
5.793205101825155 72.323779934097971
18.960608172910764 -5.470606925017957
11.108799667169508 27.233685536714869
36.959943293046152 -37.860858142101392
-25.259988669503684 -59.692199907748787
4.520813168392583 27.219513484851454
-30.729039465110503 14.439494069663059
48.049184306626934 11.439538337149241
-18.337273987232368 -27.773126550083923
-15.708339800083584 10.684781178309221
34.080562381766491 -14.585715660206851
-35.647226595789931 56.196672160028683
7.689205406818961 8.636111945112630
22.540348917842042 -35.731517442621318
-2.636189063101169 -17.593379808200208
-3.872540310201991 -20.588486814172182
13.371232943651870 0.608170517912732
-1.052415696323473 -15.336778899940436
-62.239743805173951 -30.318614602791953
28.654482554611587 18.967843741871409
-40.689248576472231 -10.636143904172762
-23.832250134065070 -31.045915195575372
-8.250728817730073 -5.335156212555360
6.542292983209435 -4.687398552035243
12.358355003071173 -9.919346112956331
-12.164012594242426 3.222124648392056
2.385912664362974 45.335990452996882
-18.904309828642464 -23.170013445006855
2.676801249975119 -7.901709011906390
-21.124469674373714 -26.814533825910203
27.706302632346546 28.638441934871988
-5.183063147855945 -27.854658061572582
-32.760856628260306 -3.381135442850041
-3.160474098716217 14.393561210472710
-5.670578709310939 -16.546038082990865
5.027941113441933 -46.033285179593477
43.358433008262310 17.711936278930640
32.635650381185947 75.478170871951789
25.399686660253263 38.212539929084706
29.699494812341229 21.769974014332590
39.525628915335709 -43.562992405613748
9.528664567973211 -8.715456082654166
-28.353477158756103 -14.611178485427226
43.911847940870324 0.900542496345622
7.580156489040486 32.987250261633406
16.704922715715767 13.519095263350932
-7.522698677290728 -5.094696644593250
24.813135205591951 34.363225797688948
-26.841156343494667 19.667138334066493
8.369398874804334 -21.417644583949269
-15.600226149989300 -22.740563044762368
-17.283306950352404 13.127457486493084
0.767149414750396 -20.926933436847840
3.356122550631168 -15.477375507002300
36.627159786596351 -47.165622113686304
2.809383889934495 10.958834950372855
7.869117735489647 5.851646359067558
12.827732186149181 -15.690513933251085
24.641340714545805 -66.382179539892903
21.962274319290831 -12.862875651478653
18.173601354257283 -47.597460774836222
20.518963819375585 38.354198622551984
12.289497153652480 -63.423542997511831
21.857876244603180 -33.518491543910940
43.280672560162181 -7.843875797097107
49.339995732852628 -6.293289714125612
-35.484620890208312 -12.291374749145461
10.339876441875978 -44.437079572866097
-37.731029575898461 12.989466290540827
-9.671108849644025 0.527898497916227
-24.201123376242986 -5.472817446967784
3.062123836076855 10.624554365246393
-5.767966778377963 -6.250069978981514
0.445469529771888 1.388959359499159
2.384036945860717 9.119132083877533
-29.445234244451019 -30.081787491443581
-26.496750907080738 -24.560508346836333
-12.202249022298329 -13.726949200275392
-14.576804693800657 16.537581796628110
-17.787747153193390 -21.043933836233265
-19.788763809156531 7.260547273048209
-8.611774490322700 1.513041364034360
-14.804317780507054 27.655054450444538
-29.575175274164224 -63.833410260792107
-2.765111192936800 -10.913143205068907
-28.818050676906967 17.592640636093826
-18.387449012102635 9.574718831818032
-48.922047657259625 4.099304898974935
-15.197538937297562 6.536421366811152
-28.806429719096815 -12.685491031761797
9.571980957608551 57.377238134578107
1.047580692696945 -22.406375852482295
-47.938761623109272 -10.460325056134456
28.095901792379959 33.427762554922744
11.689601914339841 3.207083887086307
-17.515707701988163 3.616833605269441
5.561792073088398 -6.563199736839948
55.115608448358039 52.015947982618599
3.680388874954957 -28.087074084482051
11.643148352795961 -23.251877669416420
6.453069212745088 6.621657165886600
14.279496678727540 -2.792184991104362
25.023081422430661 23.919973218759068
-31.160367421288992 -25.365707501470862
24.308117151379623 7.828428492117673
21.104259020806818 -28.108118161987825
