0.000000000000000 0.000000000000000
0.000000000000000 0.000000000000000
-25.292149735408618 0.000000000000000
-59.319125220604526 0.000000000000000
-13.131933840446989 0.000000000000000
46.551638001934705 0.000000000000000
28.850119412911923 0.000000000000000
38.150251086851483 0.000000000000000
-42.940952282608308 0.000000000000000
9.972925113277109 0.000000000000000
-34.652686374872374 0.000000000000000
-33.319001501708797 0.000000000000000
19.643275511381511 0.000000000000000
48.734103948858248 0.000000000000000
1.546719582491412 0.000000000000000
-20.314321584748612 0.000000000000000
0.513692361703365 0.000000000000000
30.229869060495705 0.000000000000000
-49.900938818707679 0.000000000000000
-16.432707108111902 0.000000000000000
-5.996299408538253 0.000000000000000
29.132544018177377 0.000000000000000
37.541973579020315 0.000000000000000
57.012071111176823 0.000000000000000
-31.343153317114304 0.000000000000000
32.376921552261919 0.000000000000000
-54.849791217320039 0.000000000000000
18.015307249449126 0.000000000000000
-43.746947109121606 0.000000000000000
-43.859921130145985 0.000000000000000
45.052127399501401 0.000000000000000
-65.435336583543830 0.000000000000000
37.694156862366924 0.000000000000000
-16.862723101487163 0.000000000000000
-18.856400989374652 0.000000000000000
27.454454958461014 0.000000000000000
-16.714702421767274 0.000000000000000
-17.891297481280297 0.000000000000000
-74.530021700030261 0.000000000000000
-44.730689137065696 0.000000000000000
52.887486235120107 0.000000000000000
-32.963044543444212 0.000000000000000
29.973988561651090 0.000000000000000
-20.736077511030828 0.000000000000000
32.549819813224687 0.000000000000000
47.374755322402450 0.000000000000000
46.879049280753264 0.000000000000000
0.026036296571498 0.000000000000000
-2.700805340851180 0.000000000000000
18.806819292169923 0.000000000000000
61.244772025753562 0.000000000000000
0.000000000000000 0.000000000000000
19.824489904819373 14.044931594904904
-5.405945295110687 30.224501169748603
28.135221536553640 -39.415705624289075
0.419791814900743 3.364612451495995
20.926436757854333 33.887536747484553
7.509986952440211 -33.903056415149209
9.131760806399555 -2.260235937915432
25.342012144324304 27.083341543308755
14.760013295342848 19.411377677705307
-27.907513156357773 25.315590937416346
-1.955395681538376 43.622074392508509
10.628995800506630 -15.159354657728619
0.553665474593446 28.691846626762644
17.374843623204757 -13.349624956687171
-4.621765324668777 -16.220168436686134
4.975038983836197 32.759300024749948
-23.825601857239199 -23.871376827893990
-0.200373905238300 -19.254471273051742
-11.389294910686253 26.359062388620345
12.724586225638753 21.098903157230570
26.140572774557725 -15.063958325328580
-27.379541171395310 7.076285791968729
10.851374850574196 -10.378196255885538
-17.179723181919925 14.227434263626769
-0.830008670532534 -38.067362814667526
41.080704128961635 -16.239567193033281
-16.378719487504682 -21.994646544677568
-4.737084654966162 -28.136907998141648
5.309118356246580 -7.919690536000273
24.586924954386067 64.475404747172746
-1.509805595653195 28.009679820031206
23.059825133021807 -12.255104316185383
-9.310323139605392 2.160440747519453
-32.712101573386384 -8.492831686661148
-11.423746805301041 25.148418253303788
0.919744595151183 -9.657244104535540
-7.732387581455410 36.979939336596921
23.269389018593756 7.717336096234544
16.677146083575149 23.590851979704460
28.428323459677333 -17.719281752439823
37.553641120382402 -13.725546277454990
-10.852107818795444 -13.215121966066336
23.433330303672729 -28.414850374965656
-2.111609886955157 41.624050484932773
-7.756464429934312 33.825177566031229
-11.847242677942257 -7.107012136939927
-18.969501213302674 3.647634905385589
18.178702562203519 23.142802435775167
-45.581686707808394 -21.281907500619251
-7.135959037208728 13.778717757292581
34.393184669851806 37.318496484696304
-23.892015223430036 -44.368830212838049
18.695386027904643 2.839817914772494
46.703703164621047 -1.231838011645222
-15.001160274014842 -4.702642132993256
1.872654113408555 -15.716544873782405
16.780455775640640 5.916493615086604
17.558992276914715 2.515669405117487
16.426826434376053 4.282446526380538
9.344541874070847 10.071686474995095
-15.822043463737691 3.478047686642211
8.806193234615069 25.988646218384208
-2.970070129187865 -2.969379460743173
12.683729582140041 0.118447234194430
11.910531087515697 17.690059871944431
40.632841489109225 6.375435829881188
15.783783127202989 -28.866751917610760
-12.454703200702898 -42.205191827714046
31.915472476327214 -19.447673984782043
-7.917181383332872 -7.448105825325989
5.814969685595533 -17.031751499776263
-16.191482208085905 3.002643665515897
19.596177134736404 -26.183790860736028
-2.997664592252723 13.976577622268740
-16.390890790545605 26.054615725158929
5.573209410606651 -21.593459980181290
-19.633564998965053 7.014711239364665
44.958141935155645 -0.070533237669260
-22.317599881503337 -20.185123804690143
-25.067745403281947 -16.894143594274368
9.734103842350136 3.272659818629236
-17.362777580541799 -1.796031354306844
-4.449761058986753 -22.231596011121244
24.767441318404241 21.732538174247740
58.379107524672243 6.903718825493282
-9.977484471793071 15.054058632738522
-14.033550169711809 57.423363814173030
-7.962106575364153 19.553693364331689
-12.594154694340885 -3.960812708817709
-22.563989765625628 41.320275140571596
22.537737631073448 -30.989844422820898
-19.135055111203446 -12.742107065180946
16.092959891933731 10.270902195256475
-49.098600338211149 -8.170935344203661
37.762667523184639 -12.081821857817387
-15.486309435105905 -5.502932885109607
-25.388067102798608 13.078698278483438
-32.851991962910191 -30.928278334744899
42.808786735728155 -17.062452009533875
-8.263189826747611 27.161174103989275
14.992280004109192 20.979174853027349
9.271921607281527 -0.356561689404323
-19.406867013881900 18.141673406743656
-7.094151789733790 -6.516470698397277
-8.593548078640266 -3.236951189049900
15.402457599821176 10.100842397069160
-7.637604528018974 -16.103071918952367
3.073682322866526 14.745289072280649
10.637905417759351 -36.671327107571649
15.340533576543175 -8.714767804092254
33.999543054696218 -1.545189501421693
-18.234277193011575 -10.741564018658988
-22.091905073338200 14.299966045133385
-17.048626965373700 4.512043176808693
7.480632626220317 -2.302824383449438
4.949945055210410 -5.605313860048065
-16.030957695414159 19.766958051798213
1.588492615104561 -38.902458382557242
2.501437108051285 -1.528348477130293
-14.150054881827524 -6.023236934621679
20.714497993669621 -7.042137684796431
33.525393419148628 -53.736341688421568
6.915789206424518 36.232009351529740
43.643644878367937 -0.943749491486140
39.753579651334334 4.780963230629717
38.185730499467596 -42.623976835393108
-22.663297088260791 2.608154556134221
22.360928578210821 22.584311623724908
7.886989908459968 3.922803270575001
-55.262436503307654 15.748442522778221
3.818757447785709 35.712918797490758
-0.567913490655640 -35.421044539825800
-10.699291701305777 10.959828058607211
12.727205270625877 32.462850219999659
4.032556155613089 -51.067644367916778
21.070177911661307 3.580773943534996
24.011624078820066 15.915851242283217
5.557069115188108 -7.976339853297894
-20.325294228648545 -6.935225827870775
-17.397858845756765 46.469160645389742
-49.326860246563001 -5.519588135354585
46.647115774152816 14.546599873417875
-1.140954895362077 24.870692456629694
18.223953709573884 18.798727779143604
-40.390903048622867 -45.848013590745154
17.296319396615466 -7.548382251208094
-35.353378526493330 -48.142013088630023
53.642542926981911 8.858853662511757
-21.681187128011469 -8.470344127972826
-4.291850768366620 -8.126556738796181
32.670122753753468 -11.541656154079039
2.253484467868885 -3.603735057342790
4.250224198823058 0.310593404864280
-18.853588741740126 20.994630859100784
16.646958130890205 -35.497019295084442
23.548712962833392 -38.613317324894531
-45.112501278692100 -8.768301100813098
36.789780087672021 -32.337198654826388
-31.902546826595998 -34.247248051730104
15.594404921417675 -49.206589172191251
23.048085144976408 -13.419961422580307
-34.980237831752007 -3.416973812271554
15.821595557765532 25.282041530283056
13.164137189756257 -15.999530530311782
-7.217300735714232 -38.002025061273912
22.208469610920279 -0.058253838706432
-3.615599629343659 29.860534446753764
-26.767443866134585 13.307540825288237
-27.807330419282650 12.641038241614535
-5.731817710736543 30.587477818986148
-13.369977547242119 -19.487668895437867
-19.261938234580700 37.002631375399048
-10.456323304349093 -16.444739546935740
19.992189579634488 73.983749138501594
12.510581869261609 2.875718190637938
35.963164898119139 -3.379132283261476
-12.652735001812923 13.788570345898467
-41.011266288181368 -10.295860250003747
-12.620669209395770 28.135290797528089
25.062339165043927 26.534683004245530
-7.447515329710140 -34.989965065685304
0.994276152428409 -59.489769879157905
-20.297566288482916 15.978842772434518
-50.103815308227048 -9.168469248248714
-34.769287191633055 0.970711969404722
21.755430121747526 -15.556939833718793
-16.125601484924488 -68.878333096888994
-9.320768012780892 -26.799665206949239
-20.412415393984347 8.639578169219957
-22.952760444868570 -108.007356371229676
20.876996689553913 37.883720714065035
-69.803654613778363 13.852623017156837
16.033596836949297 -15.650179921134898
63.224826380998600 18.515219412821875
-22.549733871649998 -3.988789200050982
37.302516294397236 14.212556081254684
-33.895264356523228 19.452634241339432
4.172646938101961 19.577142931887405
-25.330047069946673 35.395018069324891
37.858810692614270 -10.054565000564780
0.654919310364208 4.741409243316600
-29.455109147745098 -40.401344109805507
-37.433100932000059 -13.642335002857562
11.317674954151395 -1.197754294531852
-10.454764409915931 -14.098236993942892
6.094621434130683 6.611438942559894
-28.330504773164744 3.123631245930205
0.112473205364902 -20.780835672340036
-18.171298825645479 3.253499236481747
-8.499979809115992 -27.739963231160043
-25.559036228085930 -11.338170543169470
-23.708048160290375 5.633800385958391
35.447927042918522 -19.746024607089865
-28.051028844422881 -8.090569681935381
10.801741702002946 -8.595763716809451
15.456072679324333 26.455737066480733
-41.473085487109273 -18.063086122048485
12.847152557751022 -0.655286642893388
21.230223329877099 42.667521279364081
0.824529126268709 -15.851679904114709
-46.397356074979605 -8.198341869156073
1.148756473508719 -29.939604283567053
-5.382800379894949 -12.772866920636279
12.379136632491820 -25.509743112788410
25.407721410728715 -15.025143747331608
-15.714170238113557 32.367180932949047
12.103761245323751 -30.968159007069598
-29.113208811097412 -10.044171601293531
1.707220912972983 -12.123576366760187
-6.268921380063109 -0.017148917942330
-23.913568584426905 -50.086197093859170
40.023723530559963 -40.911809209399244
47.417735601260915 32.607960941995835
23.203027768376302 51.591255860607383
-14.520431142960964 19.710563387637578
14.786496328923274 6.273919794975839
3.590846492078196 41.486885748572341
-41.768516108773689 10.379040420459187
11.256178549267661 22.561182635338803
41.716779126363498 -18.220048703767539
-6.800493108587195 -45.054167274713159
4.864312623935263 4.774327739642247
53.247381100366368 -15.254893761340165
-24.927144617803624 36.159670858886592
-12.434459717865900 19.665166686340147
19.761786531997050 -43.955982127140928
34.923138394580597 8.490787955732483
-6.309544615252729 -1.672534624866148
25.890364515511713 31.388956848349114
15.501338400558927 -21.413138995850456
-51.321786100900795 52.705922793425010
1.252731575394554 -25.288156886112429
-11.755811674773929 6.591949627931367
5.389612381075861 4.902374763602479
-17.599980372151606 -16.033692468081391
15.430531551427082 -7.472250151612933
64.913630160097640 6.245454013715915
-33.408550135659723 -5.480049624347124
-24.797851598616198 7.554335097649503
-20.596274446680784 -20.334708992559115
61.540563864238976 -4.254727575126952
2.362596794964050 -6.401222551130502
-9.366952081668318 -30.954719125957521
8.843181537174473 -14.949134195772595
-0.980729904430272 -4.093990591535889
-20.547415039509076 -1.484491521336425
31.031377148188607 -0.341532361284535
-32.189703236323325 35.833097084308307
-12.979266860972524 -31.692458197507360
9.463807811104154 17.053381154561198
-3.495285546999798 -11.916344358983945
-24.693721434121532 -19.671876678830898
-20.681025410064212 -6.414374832656069
9.748047309266781 -17.477823780777705
-27.539175678609954 2.742220696520840
-46.871470051496139 -2.281821207189928
-28.339665658867585 -37.159580486092572
50.633317215697936 -36.714376931060343
-21.563254741221918 -7.692426078620016
-53.366546698296347 -8.803160604529241
48.850579968102160 34.000902443819719
10.566183309715035 -0.811538110796974
29.089350523679538 17.498485151109310
8.614480645137593 -23.590480700778478
5.580580486824407 -8.847821528458541
-8.519418244553441 -3.886890147701614
3.007657890409131 10.767907403192289
29.939106389556549 38.828288942081301
-6.594440972469783 -0.683700758591525
-34.642680693775731 15.962760219042659
0.998115763262926 4.976532914788390
36.193731127549320 3.208390366143108
20.744773382428203 -27.781057396410681
-5.125573324302153 -31.216414256596167
-29.605318089399699 -29.568338561878811
-11.046609095102355 5.821291919786666
-12.132485310846810 -38.348806360719898
-22.549792177087028 -19.152060085126177
32.118086080871656 11.839967618303680
-42.778200849470309 23.287743684015226
4.279471979178153 -8.565741920297178
5.988555924804335 -18.339405220870635
31.928674137577445 -3.477581448172274
-18.503666436487336 -39.811579160574716
10.227741981908224 30.387407806790630
-14.246613218371065 15.610172558341606
14.841011670616888 22.278883410081090
-25.778145568744726 -14.338645259286533
-6.834531266660780 2.141165780039049
20.213532958174458 -26.836178795007843
-28.488309202071346 -28.458105150596460
9.047603422632884 9.072205087277673
14.566016519112921 29.726397558702978
2.677601533239974 3.358545083451597
-15.942283068825608 -27.850467495342588
-15.645863700420634 -5.431958541276414
16.777022300370298 -12.219999282652065
-13.565838739110577 -31.394260877056453
-9.169859209635595 -35.154454176705933
-20.232627051305702 -3.384849184619207
-15.908189476881704 -0.257798282208743
9.275343163213687 -4.789661654542068
47.913905056575992 -11.061674142018491
11.839651376761587 -19.647070469457375
-12.746167374063033 16.514593395348605
10.293023467004122 5.695442573345717
-6.318489712461403 12.710547240776799
-24.293516013272821 9.514321506332381
-9.462194476146234 29.303339342625229
9.725134389122966 -31.280531369578355
-33.310785227495778 -4.035657119682065
-23.967322908952472 -2.657496295572122
-7.715379601330157 -8.423970011863778
-1.701171936620550 4.172168568605077
13.680784818044669 -15.503510567998894
26.854433151496156 -31.658245664686763
-31.343088014423184 2.251143669061300
9.417515035845176 23.428753180834438
-27.706608246546310 -23.473240565489476
21.034902740426428 35.282220195215899
-13.688697220568507 3.239526665269973
4.665448816072206 -13.276458795781855
-8.563851233453509 12.264572225717176
-32.587735692021099 29.213991237955003
15.102684580115017 3.039550545122155
1.944877011105009 9.372653447511411
-48.262715706994868 0.785872663265803
-51.601369243480633 8.188158614752711
40.773416764396252 -51.367709773124687
-46.080031454528360 35.836450975053054
-11.934635726901012 36.584524274929464
-2.634706550870623 79.637656005392657
3.678291229443557 33.246555894220670
-7.566599479712335 -4.017554922518712
-3.323860562911293 -20.749799276974223
17.047741827512453 -17.122465463077479
9.461992561033421 -4.160838180513807
17.463340135503021 -12.825662255003889
29.368432927614581 14.967570579294305
-13.590914295634818 -26.323797664493373
22.508630541157910 -19.388376641101274
-18.090688664047185 -9.758826779312134
2.097177301114038 11.684744859234211
15.363996813056236 2.117657629593777
-20.393398623247435 25.276474984827537
25.791741532155239 -7.934546208708007
-3.140966747605696 3.255891978197937
-32.876392154666327 -22.049185895076118
13.382725971242312 -29.709275063428663
-5.990206385408320 -22.695306367720207
42.177549934534255 12.755161184622802
-27.822276088516837 12.026772120345104
-21.049319899798920 1.164383172326678
-18.608278514630193 -40.346697655052246
-22.687894662790381 -29.856195566282864
12.557040028946352 -6.035996711522498
-23.644708851939331 64.777046588204911
40.010979283459243 17.770771973086042
-7.621971910165963 -20.638337616990771
-18.769945004815934 -1.629639669007499
-4.982513147361987 -18.867413403576315
3.534859641592910 8.204592037569219
18.512201270707383 -17.056583881803412
16.607480074738913 45.248357137001896
11.127291779595661 -1.232100973822715
-8.688147207890205 23.657998117392200
-10.703365841173069 -1.573845245281679
-16.657265371666860 -41.118788373460070
-14.893231847384854 12.494022466601818
-2.241268841097677 10.424249218637250
7.906198092824490 -13.281667878259009
-6.332784223347041 19.667977477645429
-28.555529201324354 -12.835089795131866
11.889441177383322 -0.621925283987381
-24.948545944611094 -14.908849067725088
-8.769286258448153 -33.974981888156535
-43.886992285438652 -13.904605414993195
10.730554816348942 26.550933491614185
7.284645849928017 -5.306666275681840
2.907182241353799 11.931569755237897
-26.083798686169132 -48.684484421278420
-41.640299041926859 2.829762474810265
-25.331721122356921 -13.579418176744756
-18.279777146942767 16.570509034526090
42.587618064337498 -32.103450309342868
-13.931917514897707 35.611944626555989
16.485380632235824 4.497969922559684
14.735207807853079 -4.616305098875412
7.229289183783703 16.665214902940662
-32.501424440675301 -35.822811938028075
2.109006866146879 0.978406554634380
-22.880967462404136 9.221883573614297
17.937914244242602 43.189443596327052
4.764062300419640 -22.386651584019258
-33.430114256344460 -24.009149729817608
9.776547998791099 -47.021959017276941
-0.508476461815163 -45.622697622493433
-17.106886432477506 30.526927817657242
7.553028048952553 14.679686934024632
-15.865825155459985 -26.814303608146595
7.467146633783535 -14.267543012765920
-13.931169167409960 3.823868411839973
11.054492286939988 3.856102829349470
49.175810549008709 -1.741446841634977
13.077422858435625 -2.162223785197343
24.236363081617128 -15.147408742829384
-3.603575102464519 8.033798048276102
0.889949921812896 -41.997998284656013
34.947357664213705 14.262147670842831
-10.396184378413473 36.070045169789864
16.888107212389688 18.130959029394194
10.255163012741841 6.337193661124613
-6.228698799871836 -54.081983017669366
25.612291767836943 -1.579781057484882
22.555036841448477 25.380920645694765
12.366633618350596 -15.477796165957900
-3.124024114748649 17.298928129040039
-1.306297382148050 -0.258879855010436
5.398016520352514 -26.169721818288934
16.746926431585774 -8.314525116153797
-28.269328105831072 4.565722927395218
-16.224255870040771 -2.886408782256652
9.178648768475906 12.858645812740392
-18.000973608548314 12.572452718994548
-6.153986723471913 1.056827293233901
19.189858799835751 26.201301540688203
35.124791785687016 -5.865136316536393
-18.498669122681143 40.329861554634839
-8.354347211317371 70.746455935983732
-4.077823707619761 27.092931526437653
-27.412536315096297 21.418178595744003
-6.014368034739061 -17.615084465717143
22.848798898726372 -10.066505101030570
20.920589120478695 34.530169676313669
19.956711155117446 -5.544103222429988
-14.524796468291569 -10.110334286371977
-4.797456490816961 -14.079594191350106
16.198205627065370 17.114625435615348
-34.889879601924015 13.974251386216968
1.745565223379410 7.929010371043195
2.617399153621708 -5.939560510637169
-18.376139359489922 -4.803746992337317
-6.051636069101127 18.840404139414510
60.405450683224863 12.591207919873270
-31.714157880258540 -16.193521926246447
-9.437923631778899 -21.448507020291522
35.307950504831119 -8.729894282134854
37.861101852137686 26.120949330910719
2.057550690285215 -10.911252281420014
23.627805324097761 -16.235047283478053
4.194536574361940 -12.924964438752211
18.144086724941968 -35.744108666050053
-25.869908383014625 25.606386222036804
2.934569974410716 2.102327110678914
-47.152097080505143 22.867242515413540
-15.175713377847572 13.377422598378214
3.747979024670680 26.525507828594161
40.435938595766814 47.478242781239537
33.242553910765267 -33.436938543058289
-21.225111603422633 5.514881963139196
1.859116106809952 -74.872567505582822
0.384279660640844 -12.151013193772206
34.470857983830655 38.609117645259843
10.538253380295462 58.296616951951826
19.674319937842007 26.338489954118327
1.197188390937981 16.106182085106479
-16.574619551596363 51.200004264505480
-23.015399457554523 -17.589361735663442
-25.763137559467467 2.155766279409716
11.227853433117714 -27.265302371441926
-11.208501275991789 2.268157801023920
21.035311878889750 -40.242902926589032
-21.946424089197976 19.462191359757291
34.056915519656663 9.562691898456514
-30.699773396770230 -14.941980610955717
10.907630063555278 -2.486914507268826
-4.219108594995243 18.556906421290105
-4.541601547306787 -7.058699794487265
-18.488024963702454 14.845698203571027
54.458884892491398 -10.567222732844353
1.383485008970384 -9.701785973168947
-34.777715298748120 21.723202433288080
-5.280985393728715 -1.018644756954035
31.631238269046801 7.906422924308051
-13.925305086970850 29.547152623469522
-2.735915281454609 24.467464452337822
31.303187547847873 -10.958614402295551
6.860012423078195 -6.712054595580203
-2.547630486461205 21.396792428801113
-25.951864118128313 21.271403430503533
-22.956580535618318 5.971090069689130
5.898225027944160 45.628938144163740
20.276675187271543 -28.591132941738341
-8.437356113260885 -55.453953615198721
-2.673484312633332 -5.446999218185096
-20.086234359821237 19.845238070777899
6.317992927806536 -13.932802484546214
11.569249282119070 79.647529321376012
-16.656107178562834 -41.865480024114575
14.383146905347468 25.842322978270929
8.147400194487638 1.873370893313589
43.140266405923612 -17.976730065035348
-19.617826045063680 -36.253438279054748
-7.161413833535677 71.763786597431405
-0.098459797324109 -23.294092122835686
24.528731490248340 13.334216561444284
0.800582473133643 22.573860995823338
29.075841481325792 -13.983713410860977
-5.054364149086369 -17.036732179235237
18.600879431704211 13.091170878798803
-34.795666517151822 -32.096431963351776
-20.065606772518247 19.510247047626681
10.595969838076405 -54.863081127793066
-7.439782694108839 22.489378279359091
-19.706518552039093 9.079866839444007
-8.276410961426150 14.410185534182864
-15.267054514040643 21.404015575121189
-17.748845979465955 11.203091449142468
-23.245565096592355 55.626929051858625
-32.249191115523310 6.925135463381631
3.372129727453430 -0.016047384193340
-20.489829964417854 17.086071105912335
-9.376943051103520 -26.635515848215292
30.500843933879189 10.721086307587802
-24.042506789440871 20.242358317798733
-2.746036876436484 0.562206146344319
-24.497279935484926 -10.297982451781456
-8.153618368549413 19.902534241593159
-3.847576805806193 -6.433417886194741
-15.054685815018892 7.314633412592464
-8.558577851331092 1.540437358940323
-14.373387076441110 -7.646121026969934
-28.589147810700240 -9.047282212110133
37.262593356439439 8.964522606286032
-22.047085458914029 -1.642190636526126
31.946537269914156 -17.521959351860133
-20.017099884030767 -16.995970504942438
7.821755878171372 20.939966811601568
-17.376109155767054 34.919525319965288
-0.540234581162719 -28.696320880501318
-8.265234845110944 -22.859100787718329
-21.843056005910299 -17.525244544336594
25.887751650801050 -19.080763638688818
-22.086361171954515 0.775863765511740
50.309192403646691 -0.575379928772389
-2.522867905416157 -20.934434786415764
5.976621344575697 -43.651651943897548
-1.375504264056801 -4.230086681143884
45.710856850436507 -3.252346825032564
-35.438484532078505 26.104879216684907
-32.779082695630393 6.056709948919144
16.348633644672610 -1.365442097417766
-23.169139571229859 24.093184097380767
12.883105319280117 2.354547144596249
4.370868109098892 -16.460753114270386
39.494023244273606 -4.234995281812376
-30.443092259381459 0.264470397443442
10.829650825010702 -10.810281913616940
28.801164699523877 -1.456784115672209
-14.631566500395584 24.462679172654159
-9.119401894084033 -3.018358011268152
25.053553820531743 -30.654403562844603
17.454812226998936 7.336932589786061
29.632643583414353 -25.163637205280775
-3.532943948202061 -8.042693543884514
-25.692314116751216 18.276366877832285
39.200019793536512 17.158133822106770
44.181756109001981 62.137632454197146
15.745495715726346 5.166456387025237
-18.834109495745295 -45.254415307963917
-9.964314157571840 17.252432093130668
-7.626642299367322 10.794670324639577
22.193783313274487 54.022670042154608
2.740730103719849 -51.450058377308871
-12.910168124170855 19.875261439908066
3.078345119879498 24.671789797080013
-19.696263085396389 25.027028407494562
-18.793983844343018 -18.100334059665258
17.667626543800282 -1.729042506603487
-43.612015664862248 10.776630062838247
-45.562468887187599 32.108825537119039
1.307699096931470 26.239510323437216
-49.810367109841408 25.944241180715256
-16.550154052961815 34.014656916889265
22.651369723255264 57.658313007264589
-31.981019494893115 30.475071479229463
5.725481298326850 1.751840858933446
28.757114504166150 -24.315030073438781
8.562267402787811 -9.113164329602732
-27.877860489653933 -5.984790424595602
26.048716041576796 21.875189270743348
0.458815962277017 8.761657915241257
23.373048910944892 -13.532367647790272
-0.931716147983640 27.914114637645248
-3.287480028424301 22.295452808575426
-15.621199661290182 26.183942398115200
6.327289658397349 -35.609311428146185
-11.652029017055682 -5.719075795048680
23.751121218122453 5.133020217608738
8.490932351080884 9.875343455767734
1.997323202263139 -8.251171875814315
39.161096633124686 16.985754899049986
30.338803051193455 7.716304306547527
-1.754405169440350 9.829051012883436
14.114812475171538 23.134818187573199
5.539393486450122 -39.745271198303257
6.614610935244939 52.900897953902685
18.767034342539084 9.049745272689025
-21.656253256109892 9.423821709591367
-10.933894798849598 -26.156874516246216
-15.480852912193017 5.879673662285405
10.979714428037768 45.783518410717896
11.784941604455623 19.092322129840035
20.637463841181223 34.069338131759331
-11.119909341178088 19.839550772595263
-23.042129971835717 33.100528972512542
-2.982496995211809 -8.317623589322146
-18.239424493555834 -19.477366822945356
-29.260535990604719 8.479698578893228
-2.102270151488271 30.231296255060709
-13.975918584630469 1.339570643653552
1.100200992263968 -6.940899437609396
-4.809106043217750 3.932907836989818
-5.452750744536185 7.326184595783668
-27.012228324824637 -15.662231513224867
12.040697307363132 -25.085982309211580
-7.846784388528590 2.543667835742979
-19.565435504779806 4.481330334910396
-13.216211870507387 10.735538682420598
-22.366835288192092 3.128932198424240
10.893279043109683 -6.536270612863632
35.352384709805698 45.990803364376539
-15.532931853960257 -0.713857950472301
-19.210685222296480 -10.089588995274035
-12.439684831620623 27.246532516996094
-10.624945687726520 -16.134654774913951
35.506550093123650 14.114284025624384
-40.517320376815945 -10.425341025316634
28.631189605454939 -29.644370001683050
-41.931207959751660 -49.592878515889659
16.296798272309861 17.490161503852498
39.500818834407255 -11.375183998887088
-24.983397621672349 9.422856667304771
44.988568451601857 -1.200295975085303
-8.586072485552606 15.583609028543551
-7.998401495710641 -9.852642910945891
-9.245289153183519 -10.608109806490521
13.021365383091027 -2.287830484716829
12.444438452580897 -16.882756069839932
27.326037649387146 32.522408497172911
-61.950639639122571 -0.318581240931693
-19.110623171021174 7.306532222025915
-19.769954662399030 26.721115398009086
1.361980023116419 -30.113236357071330
6.135312611277297 23.622980915630045
-0.859632505147224 -19.497281002829080
48.542842735252776 1.469163279660759
-6.895981728270772 55.841210289719854
-26.790271576507461 53.351353069220664
14.984199757188801 -13.028183507553658
-8.854404162725132 -1.197477851964865
-33.506614876479041 -15.725914510942877
-27.414201860978356 10.259671185797616
1.499967784110631 30.193153958514248
28.175804704237400 28.199166316368775
22.562778355304790 -2.234079174706980
-53.195158435224641 -36.951735007688853
21.014117507197707 4.421379961649294
-19.679405059781526 -13.448969902380295
1.835517080789581 -11.189333367136088
5.800916572268100 12.682164489963828
-2.412645283761260 -15.253242137056318
-7.287158492300669 -6.881275796581058
4.302932085084604 -24.754956831064675
-25.745622244447159 -7.818620986605374
-22.023984401345007 4.070390883802402
12.737754420024704 8.417306930282823
2.292230913542474 -27.147278141408375
-43.360469619641535 -13.131612097400513
17.801795403208839 -30.635321013875974
-10.480245958875312 -1.055274621427705
9.357316192249277 -25.752794573207812
-21.269600681079424 -22.013585429144232
-6.385110437668158 -5.611461486265477
-23.111044668470473 -25.007266353098448
-16.962399635751709 -18.998218737360162
-5.801990991145537 -31.833868509303390
-9.210620944453931 8.593193007332832
4.484680881590275 0.929006824999835
52.065377170258344 59.797542522336769
-14.453258946077083 -22.626946404555959
-18.357972181071695 -23.841059362403573
4.486238286653850 0.501684101935030
-38.125278439123498 -9.390719413031530
-9.144713348339497 -18.709133557636147
-20.255987134000936 -16.319465164233488
-27.180900595499018 4.093686217150291
-18.260388233698968 4.613762084469997
4.398356979236802 -10.548519779945115
12.105661854177342 20.184657097112513
-30.849362070988271 12.719621174307402
17.719848529306120 -24.293083270997407
20.172607287834261 17.394088441096454
-16.390629230134163 10.253943016164907
38.583685444922040 25.568189570510807
-13.882343927677677 6.074272350228457
6.767715158503254 30.806068303606498
30.040861643295511 -42.928761288158135
18.563152069171839 18.277614659928240
0.273191283599127 -5.600554010683766
55.167383175747226 -3.572168437365285
11.360063852282034 11.548347022152237
-14.552175257124679 10.155770680215834
2.066817450781274 -16.059101673227847
49.842733144485322 20.940736544195552
-23.994461656719810 29.088093069370107
2.965868433799630 13.713357215006962
-41.134368512963832 16.083807984822027
22.000670319644872 -31.612336235443205
-1.923569242343579 -12.306587574155591
6.297218439091760 25.533280247004878
-32.746525108405649 -65.724774707543489
-52.876720636455524 4.553715801429076
-59.112360954402092 13.287430143070031
19.639574915406204 7.730673469283984
-9.415737859907603 -0.692795703620003
38.986842424567378 23.538430634742227
35.652714988239033 -9.614067739780992
0.025316295148204 -21.334693804649184
-16.335544231091284 7.747856184673168
-0.889975443180672 1.735582107724784
-10.032150250322376 -6.044690032695183
-42.662586906991898 5.878778090857065
2.726611694999069 2.471292060458778
-38.593805833848435 -2.866953133503533
40.353491236002817 -27.747754308637585
33.719637457352768 -31.440233256632027
14.186692024339269 2.177709351770464
-35.275883411389138 -3.517789391300838
-60.302228136783427 -2.439801587731381
15.901797968322189 40.635763856368150
-5.259197245817615 14.719288453661717
-8.852003384296937 28.416660219047497
13.154107298587160 33.664812017719775
-4.486532108414509 11.342271226942252
-3.169712427992140 19.559350744875516
-18.108379040776658 -18.151947695343786
1.993555240919058 9.326327000490471
10.632284234408690 27.629297120608651
-33.027739373908076 -81.901373817315061
-45.793095969353196 -28.829750132320388
38.257251725648345 15.093894286630739
-40.721117251314475 3.528502903507805
-31.824794902541033 -3.806098780443477
-7.744459681531892 19.150372362223219
16.534168328645833 -61.427474874138852
2.076876553795893 -10.777566933518660
-0.009685322653182 -6.900967079100250
-1.438727945961305 9.023211131554117
-19.845640835731171 -0.526453923341572
-1.788282164174385 14.234417430834398
26.641770885871313 34.399187119985072
-11.807100231590555 -5.707607120614345
9.474189921340221 -37.553310598879463
-35.955023626625717 -36.023662859921650
-14.382840426605886 -37.472850824897726
13.898918598817920 -7.706867380708962
-21.027596689462030 -40.104165230636873
1.157143748681585 5.596441584749562
-0.245867353301487 15.804688357287032
33.393663080762416 17.003943351069562
37.703209972605478 18.592353054484409
18.652544071584011 16.853049385210589
-34.990438821631955 -0.067394226442248
0.295165001656796 14.697173939863989
49.369713806489663 -8.758048778564476
-18.357983668618353 -12.340217538692293
9.309722406309882 -2.524475039202657
-35.166368115262365 1.834606521566744
-6.738526621556437 52.256839107830693
-44.651669002363185 13.177439620704977
-6.566107157526526 -3.269215399976132
79.191852049444762 -2.499681311730997
-31.966325815147915 8.393361338367809
36.831544646520996 11.447896704694541
-7.712823696124945 24.013060645934729
-33.336705597023105 32.269454623865798
18.466497079986567 -23.407945726822767
15.772677455678393 -36.323013586915799
-1.319889294996256 46.182349383447999
-14.210383238050932 10.532181468021726
-46.544141131663395 18.020563430802639
-25.892851706123384 0.080132420461477
-30.585501517726161 9.082295130026900
-7.282489523877651 -18.379358343086761
14.881640341100622 -25.951210965446531
3.925480222131255 -14.303968153122362
-14.909738201838893 -19.964368686699025
12.267516179610746 8.746958074639270
30.612549058602934 4.882584939330285
-8.087273445212588 -20.792626552243831
2.714893212258168 3.173539840314326
3.682326664140613 -15.783704188696456
7.359925709507267 24.049526815001371
-0.526824390313156 8.474236567914755
-0.309143451696774 18.460689993930316
-21.727246511321123 -3.729280447377767
-29.293415123352688 -19.816846223888724
50.741205176637642 46.513922747547319
56.546914494308773 -17.664845622374397
20.605702944610751 0.519914988416866
50.829952879896418 -36.607038949170537
-14.880348208758061 10.535890822537791
15.515380223781081 -12.981830125371090
-23.523565789562280 -3.734097185808356
-15.972874014786534 -10.298150447790833
-9.981546616804811 -2.583005371850578
-45.335115244063367 -12.179524105254428
-4.294802084555442 -10.831287887217917
-15.298003586682134 -8.043556959384276
-7.614105279008973 19.098377922695999
42.051686604010435 -48.649199262162277
-49.670911401024298 -17.363397127037071
26.045147281984587 11.827545339504612
-10.865011877666980 6.787096726545285
-1.370604247804232 -56.095969987731465
31.989509411264514 50.061126754120828
13.198948936280102 -4.686453532507226
-21.985539749526559 -27.261465202580865
-14.528422234575530 6.580472807672217
26.233327652690864 -2.381851864436059
40.655645650068209 -17.103451648054577
37.179943424679564 38.872132936433964
-30.857962138407270 -1.180759886506266
1.300713743252058 -13.390033026320120
11.690061478379111 41.933863994231430
1.168625390445074 13.258423297903525
61.152623021085169 25.890751858206087
28.560842178736419 -7.789379676372608
-9.556687240149119 -4.515011452324441
31.659550926696891 11.628876015926158
5.223431713064025 8.001191658698326
62.088828973892277 14.072086701231342
0.435440586204030 -2.367540028439663
-2.958475788794310 -0.889464058886245
45.197730418356159 -19.267225915331821
13.072162966576185 -35.873764724227073
-53.164100208713165 31.755230391989684
13.774082699959353 -11.090893261339547
30.913756127438337 -15.623634551043324
-26.015021824416138 0.699954381949507
-14.607317001240524 15.606465995642056
16.314812940912141 -4.380289083818126
-18.091822499344978 18.957685708655898
1.917270020398102 34.337733352188614
0.856149853353037 -10.233240228190684
39.564125731680420 11.013417056042289
-39.079043474855276 -47.018069541326831
-46.991992718030225 26.261709695643400
5.501078639548870 -7.283063824956808
17.200331626324584 11.400986743091163
29.379428693936834 31.311318011383396
-6.200657818962571 -9.328312081641846
85.720863614988545 10.943305765516108
-36.932618126115770 6.188218728372692
-9.927836527749093 6.981517524665323
11.554335704232038 -1.651172862376371
15.763666151265419 -22.496362694264754
-14.129293572107644 -46.594890408130532
2.557742723950281 -23.993842002352977
21.069070646419775 25.434834505765341
67.566022104963380 -14.939161271918127
16.128450867116388 -9.000247802969954
3.554417987158231 -36.494465688161817
14.335137602442998 -3.222446153804511
-43.291039582049947 26.184065719938143
-17.356128837543118 28.541824953915171
-30.564981536933793 -0.107384129924742
4.206818439991280 42.019143781444583
13.135597734477717 -24.020485698601107
28.086033706018714 9.138587837533645
1.769991051825701 17.697888655200757
22.929029077712020 -17.661277028228071
0.148018264649198 2.097705042681660
53.421995107750639 41.222981593464162
3.192819221326159 -22.556215120083809
-19.344236911402259 -55.387761961749931
12.036727271588960 -34.907376436421522
-0.935450602354086 -16.382104631938269
-45.657133927067115 20.887080274062455
-6.656374090395893 15.050296035684006
-31.947637467765325 -18.359387612488341
15.694486403510654 11.856188598690853
0.325852601787576 -4.399120471646770
70.378228710590051 26.357131102181398
36.041136927640345 29.494100557021323
-64.701761712388134 -18.963330455051889
30.205252199158931 -16.184561016421092
51.876676130203379 -18.074127645864078
16.430826244176760 22.401782949982742
17.955216936013112 -22.459088256406709
28.098870887765905 51.935024735060011
42.885827811031128 -18.219865219280944
5.937399372950355 27.931142786041409
-18.456468812572979 -28.855469419912325
3.491720221415809 -5.051802317172173
10.420740223465812 18.220950480305220
8.405034896532195 13.189369776378543
-24.448279218103000 11.695329900850940
-5.305835496945196 -22.857672376572726
-16.228953726125795 11.799933155121066
21.299345446101448 -18.364720759914047
2.587472959836154 19.951541126625560
-33.031577172253670 46.184653143031831
2.529091695365710 -18.369126815027787
-5.661807017055105 9.269762075290648
17.225704656827688 -43.746144039335853
17.858830153732196 -35.684265605998171
-20.701924859375573 6.535663259264058
-4.173157030638325 23.009381236466812
-12.663392172922755 -26.570016827133912
-11.335792091186292 19.919113267448473
29.567409690744757 14.987923055094029
35.393347488672603 -65.065956351187964
25.392386023099718 56.342486121984734
-13.847189131945180 13.260186106513691
-34.962166571447426 26.589831588756894
30.731417693299214 80.283287895749964
53.549823363797969 -53.103763355108555
-4.204946281909455 -9.538650864526833
17.719821994983551 -53.454570816525461
-13.648300022954318 11.343966057244202
7.450037289617929 5.919698239465458
-17.718034498929086 21.195247947951401
41.754435962270939 27.753339022254412
22.517634031734016 -33.811040735489797
-11.301972115047374 8.369436776045930
11.401640031801135 9.402845981214142
54.162298168377973 -38.430334134967616
8.991682474334372 21.549569748713232
31.820442319979648 8.314844098358611
19.084350044473453 -43.943764089521686
4.827408482808233 62.144357493960406
14.682994711924968 -3.602452078560807
31.865038636321103 -1.965381980739839
-24.434637930387634 -0.819381269255806
-1.346408825715406 29.721620059989821
-5.113004608922833 15.736657237998587
-20.138930634832704 -43.423458477428703
15.732916407874612 13.173509615713954
22.627863484108914 -31.728669071871540
81.740856805955715 -7.009257760643452
-17.614709235826794 -22.382798582724746
11.496629947280294 56.039050073414693
36.691169339272506 -1.766760975477939
-11.811072741128807 -6.945536003613975
-35.574533172541273 13.645898745392428
-20.890046986848986 -10.453555319334322
39.772492178760871 -9.762537299517788
8.685145200870842 23.776474618599025
5.806464609992295 -16.623358334594208
-30.868721674989047 39.954619842325016
8.902493362560845 3.083355545254221
-12.339547882417527 -2.868316644205313
-34.029090202163353 17.778283247462475
-6.571144449759317 -20.642263345206878
-29.011188564736791 -1.563807548809730
-21.315204108735095 34.835129687703350
-4.954360556372053 54.036208559414867
-19.726911032502869 -9.763376219817653
-11.293388056208906 18.676667337171324
-1.893198697339451 -3.095633076094481
30.705758989120046 21.447978686513551
-17.177980895925838 -17.163855776744843
-0.713583321213179 32.593041314605223
-32.490468638343657 5.408491445435136
-25.324760660957033 16.191604605657247
-2.935258274885876 10.680236412020616
-28.716188739669629 -26.246849907988562
-24.059857153659479 0.072974534062952
-11.179288962144998 10.603498172828314
7.798236628794136 -6.530937953245767
-34.777094062597449 3.161355094219683
41.709039493675590 14.093714007900290
-26.380769485185020 -9.797987206490859
8.720685341233494 12.605337120182293
17.439497661670384 -23.171373733738655
26.835185052234152 33.933589717505626
7.467365873687769 -4.598190429312952
-0.446382343019399 -0.549506044332108
36.494933172502286 47.724360549595566
-4.562953963244659 -13.238735452986235
-33.020844257928999 -1.677858938234483
13.907571001374599 24.643724095933848
-26.402655728296228 2.924575395567194
42.070328414364788 8.785392350485079
8.430750367968312 -19.440158720385362
-46.630613465194344 23.509090943848694
55.482182435440123 -18.239547299773491
25.603356122893725 -6.719014105400612
-10.268538183760386 13.277848329520900
-4.270953600347774 -20.889316526103773
-8.924057413151079 24.031351860315194
-5.239096416078900 10.087181556084055
36.451385851268661 8.862468617765543
-22.643608593761122 56.710105251069976
-7.821756456960352 10.330240068275664
-6.721490126587109 25.563880674019153
-38.728358311369739 23.160326888972062
17.872029035692506 -32.476515081393501
-27.691234789158617 -31.761747718136682
10.493778890747253 32.486897801393212
42.482447879686809 -24.545857336521916
11.703846205654022 13.527685423117420
7.818036674190401 24.054384787693802
-4.250565264774164 21.146491338897466
27.118257986095102 27.476636757879387
-42.876692914910450 10.043711115244854
20.072355612835992 72.301178660349365
-9.172678603511438 43.867189722367776
-22.609881682444275 -1.554558369471243
-33.219766214182158 -10.429261621878343
0.059869075933449 41.043698507920361
-5.959761824171468 -31.090798932561722
23.350383773556008 -36.216181990095379
-13.054512049672850 -28.976424927017344
18.175580229166574 -27.301391825908194
32.913746463620207 9.140450846558696
4.463757285839637 18.479466717998246
-14.096584436653027 1.450730619148618
-13.168520589112862 8.315120224236567
-30.909205852678323 -34.495857674087837
21.793541052499414 35.464369485430311
-6.938419777618813 7.913309101301894
21.830138601422533 -0.484347931210104
-32.411862456416017 -29.029432639457788
41.569854291542839 5.613158749725317
-2.887286875195002 -15.433918625945932
-22.549771034541344 8.052762861380073
-14.356277814657178 5.091995666856944
-10.288460649361566 17.484457917197645
-20.974178050530242 -19.274015369196690
-4.585914561094619 -0.578975930967141
-18.357478081006320 -21.529948576446522
24.558076907515201 25.957145741282154
0.668081301638987 53.696534123989665
12.300676774437274 -5.294586048134954
9.972044056010931 17.628667334594425
23.907980954899063 5.376745035320121
-19.306539283185131 -15.914230848039045
3.084529456344744 -16.527924730079910
-23.596650130462837 33.680725774139852
30.548367719333207 10.336944416185906
25.136620013196335 7.220608294385470
-0.625640716510337 26.437569270605493
37.541512564049633 -28.211701508168009
9.667497661647706 3.123377949119772
-16.451361065152476 13.841116384152210
13.704657101149216 -2.220894283164143
-4.454562747090022 16.796687889378898
-3.704102094253526 -0.908165049185802
6.904540866546030 -27.924308322912516
-21.665097548484173 51.076610504298941
25.847590006527732 49.943045583673673
9.368367259775042 -35.643118872920454
-1.772212120151717 9.985600015652990
-23.807895241963681 31.089376151799986
-4.111875149669213 -5.358726801308365
-27.046807265695843 0.544513615198538
-52.658445775336176 -17.125500728964646
-12.209059976630943 15.993029880333134
10.552532465424619 28.317144428719768
-40.822400597560822 -15.752815766943051
-27.987452998693854 -1.494761918721001
-11.035979025250732 -33.172825133685620
-32.560553721970614 8.651897309355082
-14.223997248901757 -0.517008699528998
7.854895058713527 28.233666089678813
8.008165320116987 -5.874015570054920
22.060016920979095 22.400647276778518
3.621697916252957 -18.866087264376549
72.029068316043279 19.482623425953729
-38.502876958540412 14.026896830159821
43.357459682163665 20.879010026819195
-12.372232606307957 9.704155698110478
19.726309586499784 -21.901888147393976
16.025516043415077 56.284487311198617
-19.390448110274015 -21.411000619747593
43.630253938990300 3.791789687306061
4.366698547946938 26.201239046169540
28.504618382822642 31.414710976730934
-8.249369518743567 18.005314913787704
-30.989058124494207 23.889679028162888
-11.738579295889640 -37.638153145617487
23.643098285929309 25.457625944368640
-23.060106531611574 -21.532937107489193
39.387188846889529 9.392702388299551
0.327008562464439 -28.854040706182051
22.122519934969514 8.082146432536208
5.080162727776567 -14.683287764014970
-25.672194031640192 -33.623140415796627
-41.369621100950305 -2.119357969158720
-39.920666775443983 47.261189660919243
2.977239540028407 -8.296894264424031
-6.334921703046611 -22.837345413391493
5.818370156542338 -57.210984424323300
-27.375387316541591 -32.172715021531459
14.621991436819989 13.447829542514572
-23.248576127550351 8.890821619788545
3.737190539931947 43.112310450619340
-27.341082303235801 19.488414455274107
-78.521775809955813 -42.006300926975854
-11.577965260965470 4.214895175425900
12.881124196099695 -18.135415985954527
-1.497923401177154 -12.431944866873721
-40.705927911300179 3.514735804891792
7.209816889159380 -4.344786924445796
-25.628985578949390 -19.170383735062124
-20.135849591288398 -14.609846024001888
-8.025752421528470 16.851028197195863
-24.419628017606588 29.523644320581717
6.445103716428632 -50.485614330266706
-67.268446036527678 -0.595615072802736
12.270112024179447 -20.217503744647772
20.645103646569339 -17.424260391938024
-11.555961315979459 5.596935689329677
-13.920296199165424 -31.148326666686117
49.972776240890120 -2.183759506967789
-2.024663631016379 -11.856530929106038
1.784811499017162 4.832610316043169
-25.160679169125153 -7.856423777770700
-3.518008994945479 -7.755447535679061
-2.027758425115661 10.599229438274948
4.644975914942203 -22.190496144697502
36.669166754590535 44.197654046176460
-2.791590286165758 -56.495578648965363
-8.891542225519332 -12.628227544040842
7.949545371646568 -17.956190309142116
-24.959547546078468 54.353099508618989
15.829730796790340 -11.188270249818096
8.428030680105843 20.269827691945125
-32.813340091155517 -19.301738221505190
28.601490240523802 -14.925001676337185
40.497232589305433 -4.277320737011478
19.212777905076216 16.864100086717396
-6.531059667459486 -3.899320709448379
39.865323392125646 -33.946936264040758
33.099376560562234 -25.143922058568563
-0.005586164847817 -23.805076928927733
-49.789789408358388 11.037529685173359
10.941827064545388 40.450436612800949
-32.544464750056605 -7.703504291103430
24.525389923607573 20.576715503168444
14.330878747682585 28.775489875290216
-6.276344538749622 10.315896775570044
0.283439579535947 -13.073378875038152
1.404720252074074 22.020795587326528
-25.524224674791522 25.365218463124890
16.513536949700736 -39.749608853687050
60.067778918118528 -32.499884240453767
-15.804441010079348 30.614869137672567
35.520449094736463 19.528445207307932
18.012199171250487 48.690760175354058
-12.944160054769004 17.944248338608219
-2.998267475938873 48.604189868833750
15.923556706635530 -6.387307331051460
-16.490358092050887 6.819456384269093
31.785000809299909 25.782374996761138
-9.666701456232975 -41.854622343677043
-0.662963851660607 8.780401519730681
1.939053131367176 -18.051589484055004
-34.502907097785084 -7.426841044877127
-33.525617807802682 -8.761932297466956
48.974795456659912 41.373674786880834
-13.121301253981658 -40.874788443633520
11.388692196854565 -41.264560551921278
1.459009421234392 -9.359258345042688
-10.389520924782101 -3.855115004574911
10.452417104320759 -23.181606286289167
-0.937637845987610 -47.020240718281237
-31.799701726423958 42.081965050161152
12.910029863047150 17.856933846480384
-19.260865695078593 2.216771654350475
41.821720675665439 -6.437212695658973
-13.125544823395828 -6.381317674684112
-26.220294961428568 -9.790528032583515
-24.310286966391207 -22.060428152061217
-15.644393171330847 -1.683862891579309
32.873883263912923 -17.623304709477058
19.831364618382651 -4.846704222754755
-41.719919726294954 13.130467256473166
7.239727230990334 -9.295070150631268
11.187155699795092 10.813400549024962
-8.430822022942994 -7.869680153264420
84.332318015308928 11.675866907048803
24.203638031270469 -14.713982104991690
-21.313864034730663 -0.657989559330026
12.816108782471451 -0.485946081804218
-15.261689377578337 3.267608146346750
-29.726821507695437 -13.679850650908099
-19.971647611729551 27.811380017626636
32.150676736236043 19.754840509417004
24.757453901070271 24.474754853970634
9.322464398177342 21.217464841941737
-21.031494378613491 28.653037514259125
-8.958756133464897 2.271314079180561
-68.827820378742018 6.047799815491244
0.638900830474243 -44.473757052951292
11.266724481333441 13.613278619313588
20.688657208112794 -18.242087815298412
-35.504279047912114 26.295594567721306
-28.124577246048691 48.945662565302221
10.553817772476563 -18.108612402969374
-47.316092314627326 11.095968570897186
-0.647234750519085 -18.766057711957014
10.220605972030178 -14.731439318172820
15.181769865098417 -42.705814221956558
23.108220148807437 41.320214143754740
5.490986717221131 -44.003624626602715
-24.116410839061682 -9.364562088704719
-18.027026873145584 21.787917249704311
-33.699176263137687 -6.260874920488313
-2.106915231009105 17.333550074000119
27.416802059675007 -54.328872558079688
54.465551846755957 11.448530913086985
-3.783502705832959 -4.482927575375540
1.797623263125969 14.901857345865414
-7.966847439768416 -38.451260201040391
2.017828703737981 -3.212117972185551
15.815741793043669 -11.355370550393895
-15.903696648816926 -15.310900006423726
11.989473012898404 -18.172137092624965
-27.861108614669632 8.425873050872893
-0.228347960962440 -50.845536985825660
-12.004307871126803 17.487711441666882
-0.484957566482468 26.805376550545603
-30.970910594870464 62.511729675219918
24.218309330921834 28.038967467628861
-9.845900965570264 -40.026782892630123
7.001022314122792 -6.549832238122300
-12.809958826180434 -5.338401100506448
-25.798777991949084 17.417943422707665
51.310763097797143 -0.356122239497811
35.862386707601821 1.411137003750718
-51.680177133485465 -11.008054298050229
-65.410091863756961 8.582568020050877
24.967077999489238 -10.896662501337318
8.121246284614315 -3.522088399313215
-40.812952832709570 -41.978676137313514
21.072173388680685 -9.553063243765397
3.096689477384135 -22.453996937039385
48.688197255280620 -18.717151131040456
-6.623740418979280 50.626015996685332
10.072030638792251 -18.444166489854315
