0.000000000000000 0.000000000000000
0.000000000000000 0.000000000000000
-0.250309167042004 0.000000000000000
39.215478332490029 0.000000000000000
6.027371121064816 0.000000000000000
19.683240393648934 0.000000000000000
-21.748646235912631 0.000000000000000
-3.978650412933817 0.000000000000000
13.402518361996922 0.000000000000000
-15.716391622147913 0.000000000000000
3.821050134165107 0.000000000000000
46.431123788086836 0.000000000000000
-23.067537146117292 0.000000000000000
26.593797228193342 0.000000000000000
-57.286284041616142 0.000000000000000
27.060953347418643 0.000000000000000
22.768537107026066 0.000000000000000
30.083869512121979 0.000000000000000
-12.598674297211996 0.000000000000000
11.043475860532173 0.000000000000000
4.317704466787254 0.000000000000000
-22.247914263771776 0.000000000000000
-31.914035224873526 0.000000000000000
34.882366760498265 0.000000000000000
10.021917159651725 0.000000000000000
-33.972492280865936 0.000000000000000
8.461522368817992 0.000000000000000
-19.127668558288228 0.000000000000000
-32.177646673932394 0.000000000000000
13.389792443099335 0.000000000000000
49.912844409486773 0.000000000000000
63.815647141801762 0.000000000000000
13.657608254371466 0.000000000000000
47.140017750993380 0.000000000000000
-63.539760093195703 0.000000000000000
-37.847279138547378 0.000000000000000
16.296646471494398 0.000000000000000
-8.197383880617519 0.000000000000000
-36.916122419486584 0.000000000000000
-22.110680052275001 0.000000000000000
-2.845070448729000 0.000000000000000
-19.240204108215071 0.000000000000000
-31.355505056808546 0.000000000000000
-4.043872038556165 0.000000000000000
-13.111476996636629 0.000000000000000
-9.573474554767555 0.000000000000000
48.214259836642391 0.000000000000000
-12.162781798701415 0.000000000000000
-21.327593134225580 0.000000000000000
-37.028320159426862 0.000000000000000
-10.347062577771418 0.000000000000000
0.000000000000000 0.000000000000000
1.060447096488509 -47.410305609779670
40.145312295427395 -19.291970576931408
-21.918020393011641 -10.989895815752279
-2.268204558548589 -21.341372694828188
-36.846708787203347 -20.369365845635603
1.216434578948807 -5.307865632122751
-11.897744796194045 -37.008864118548402
10.625421624145043 -30.317581929906265
-42.206195351710505 -23.189167609248194
10.268770322686665 -4.976749515675386
1.367012692377820 31.601304270298826
32.817861122277804 -30.029842698473953
-7.060129641092183 25.437165360650059
-29.416628473964177 18.920453602241654
-28.750503435297802 0.429535635472715
-15.622187885498825 -33.018698641821899
-2.971706965024874 -16.516979870701167
17.667881194682231 -1.437863611668222
8.343434813760188 21.782784759566379
-3.358118714207862 -3.651699151950766
-21.610934446608983 20.916164079994282
-0.922333752717237 37.876212044895063
-12.874282062689664 -8.612321809209115
36.027274757368680 -29.258190730734135
27.790313056048085 6.047792720583918
-33.297127046094140 -45.403512030969139
8.848418992127971 -6.796409691423961
-10.090363370402478 4.389522170247921
-16.465407858699098 -46.840293831169987
0.973619347716052 -42.300826389178816
18.296644180660483 -34.378774073139944
-29.695004395877671 -47.559741829058247
23.675416837129116 -21.092217881394991
11.833023206836881 23.788424924491107
49.503763042218090 25.592880656218640
10.901303436066968 6.215569287835987
19.506879207938081 -6.648001225843985
71.312402228424233 -2.464174594093658
14.455116973119702 -14.179676492381740
33.999445086247299 3.463441824821340
20.121522027132805 -17.387578022192155
36.306814820921950 51.124326953959923
2.939196106658969 -24.767471504247986
10.706560251790631 -6.345864986982288
-3.556420520706062 -11.433334420653074
-26.323282364678718 4.284668865535203
41.302730701759039 44.346553778122740
-5.014392796928649 -35.730994725800436
-9.187265539878897 -31.935849966946883
48.630725695440702 -36.348041574668819
-0.031357013034543 10.260235152160915
6.072671155222414 5.407196111573454
8.018663944643514 -15.374014446120023
30.254891372830411 23.784840721180700
24.183156308692194 -16.088774893767070
11.809119383277650 10.874916734974342
10.151138014572526 -28.101252074511439
10.671315149541597 -0.842557999111876
-7.164230781816521 -9.573820997550529
-3.566632719938112 19.890183039603524
-55.335560629049525 21.018825895128479
-16.222603672643718 6.747271381778400
-30.484647362020176 -8.744543655986826
-29.066130521730052 23.161024182204606
36.097249990485345 -3.231993511419970
-20.464685635435266 -29.049438564144694
6.774221464538842 4.759709990835419
4.388094532393332 -35.950313651303055
-1.044375229171540 20.514730262789296
-15.768856931765990 -47.797434348591032
-24.424929224460797 21.333546827601932
-24.470262304300626 33.332376737161781
-6.674788923466078 10.797419352082565
-30.164552002843809 -9.656271605327976
26.750817217620956 -3.358010815193101
13.055825290792095 -7.311321593411425
-29.910730190410629 -25.268164250837629
-23.957042969556756 1.962035358143299
2.400958381684108 46.584575697531349
-16.536885210555507 4.100755069968913
-4.219066547598795 9.357515726118645
12.253909733873842 7.618113114211327
19.494767782195503 1.397108786614622
8.377666899369423 -1.112698734684570
-5.658112472631700 -14.870823183194402
14.231653438363868 2.637035294768183
-8.413581502450752 26.091775461274782
25.014724831265994 5.972714280671507
-5.975644720813786 -14.927278827575774
-24.378226692176227 -26.314183177414950
-12.987002870857630 -27.618439194392082
-46.955270526205958 -30.403321083192324
31.201418012995795 -30.027694417176004
-3.969839739006596 13.427432133870317
10.317135028637640 18.638394092637629
9.767351090241645 -1.930910906820802
35.468934914907983 -13.880197410917248
8.227919313155727 9.710256604395305
-12.342144235283600 -7.318888619345225
6.537698904432211 59.008105563353354
13.691917560386143 -2.693740860260085
-8.194149050404889 6.822612907377423
-3.894354047778116 -14.158597795981070
-6.190094820116455 40.308926353327763
-5.273218231593154 -32.904501818806551
2.898367364198237 -25.126247250470509
48.219030688221743 -15.293717356714565
-16.222526019233658 -13.578577873798407
31.952169526351366 29.596443448821361
17.830594770636583 -21.092374883315259
3.428898528500146 2.891304619375257
-30.092477580241088 12.371610731031534
-10.055577833081433 -29.679790472974474
-32.939290009220116 36.882774641512292
-20.606282233265350 6.459769702090107
-20.715150944792519 -45.575216837573279
22.258276494156814 -1.028688102608053
-20.134367342843021 15.521209333507173
-16.849018625918983 -38.989392454848279
-4.096233983084893 25.669841907444862
-4.941792186530527 -33.863301199950342
41.756977543406435 10.935448153383298
-17.751090630405351 9.011823498695811
9.263784323027490 -43.099705125538364
4.406291550232059 14.775341178191441
-28.013632484993785 -5.229372027064805
-25.063986455510666 -32.046577394035772
-29.921002294533391 -11.810034442647785
-4.498436842297153 31.654898775662211
-21.125756347054182 25.936358163260017
-37.310723832616866 -14.086043386586137
3.249326491634827 7.656078984889455
-25.940528366560372 24.763734485761734
59.873377472008464 -17.478274806994282
-9.682189274744974 16.189863578579629
15.777436570399022 15.314301147591699
-6.677531731190533 6.235251905219632
4.916841260637964 -18.530074226623473
22.557430093329970 -11.690810433653835
18.709955005733342 17.220275542441499
66.468571804111477 -36.729524617646149
-0.949552382477817 10.285177223943032
10.712154517446656 -8.476417497520035
22.659701773980835 -15.107842584049500
-54.569848365127385 -11.887689615397713
55.083665119277157 -49.995817021977899
-2.833978507894910 19.477658542027157
-35.603799702147519 24.898340233156656
-3.071401709140781 -11.623911643981062
18.825769207380567 12.182457386388462
1.507605346998188 -13.644425432667447
2.643203876632739 33.841157984430012
-30.764784112464220 -25.515392363195801
13.508271505584164 32.246493923177134
10.591346814064128 -20.679073970787368
-52.519166277194849 -24.695020353251710
5.761221239594059 -13.108370007428752
-15.814358824012162 23.082550968537753
-10.211374970624991 -29.806898489855161
17.705682598601737 -0.294915114444363
9.538942242424705 2.161349397659676
0.854251793370742 -26.756486312101384
13.171780314941529 8.212639411118149
20.804168306451004 26.899911337592659
17.106108071737200 32.603170047884277
-5.194256775681874 -7.057960920701466
-16.897931375883154 35.626341983677371
19.314462600429291 -18.800087301954736
-30.592760134839658 -2.200381391671282
-36.341642955442104 -29.240130848949104
16.465599582712095 -16.768144974456561
17.170782439010942 -45.050873942149039
-7.361875530219185 13.273247783549136
-25.869716122904588 -6.237849977518246
-11.888049447337973 -9.548498512943469
-8.949175960450960 35.045626661668258
24.794316229347043 23.380671411831205
-15.921497017777718 29.233110303729607
15.225731709812480 17.788287540565246
9.472933052921640 -39.241888119947383
-36.328438327699828 73.738280555767176
-18.613063403576959 45.108664846164068
19.894475805439885 34.820987619409323
-12.153920723700598 5.776833851810593
-27.965783722624344 -27.353949111350580
18.009604539258770 -3.747041613351019
20.007654391211840 -67.278580255292866
51.543895495522506 13.088755124470548
-17.905323004664307 -2.619803421457817
-10.093301130903857 -9.849247541100191
47.911452984598796 -15.778271636978612
43.051806805035461 -18.212096430003079
-14.731084659530525 37.641151539090906
20.451540766123120 19.382655865607553
-0.088236790220354 -8.581401642126826
-17.332359824337949 3.076978442798157
23.012192874363112 65.284220760357016
-10.812677103527582 11.869682135748246
-17.868473532575734 7.447152056499083
-0.190567445267014 4.532416649631807
-23.298069048426598 16.642412033644227
-17.321414575482247 -13.196657152604161
-7.676043183167566 4.398598158187982
-21.474394562638963 1.899544903029942
-21.429956288285574 -12.631506074787534
10.011260184874267 0.239956072395009
-45.765696526388808 30.163367041145598
-1.188080947276742 -8.153915999690110
-15.333736528719548 -2.084947203335332
-61.262696022677879 13.639288034482567
15.819115440243818 4.905026916340233
23.652402657365663 9.205788597006489
-8.697623066027056 -58.351579225040574
6.153706516766930 2.319607916099706
-14.754398344595270 -15.269788479451528
-10.575740063348313 -37.590564914696195
-3.308717116337501 38.218472113232025
-20.548079534387611 28.388573065849499
-8.692865576210762 5.692091311699656
53.598213063272070 32.611346721497128
17.580483403418008 -33.045011470620516
9.763753392315662 11.323254227521645
-18.608825223317154 -9.471641815724142
-61.417182336655024 -10.908252718987550
2.669834816726837 -19.898295812412631
2.799300682714148 1.513247210241616
-42.755148881381864 -6.678600905960423
21.388191167718929 32.722145157354333
-9.514243820819173 -8.222004023542933
67.951205443104428 -14.922552716376035
-10.827673160712983 -41.917495673623925
-4.504455020150424 4.572793578163243
4.091533676316572 -28.101699636890245
-18.206142208930707 -23.986203055430735
23.674796235761985 -21.276812806243921
22.579152432688765 -26.342372852389737
-22.619511027804016 7.373646522970978
-24.365106833005058 -19.815451592221006
-6.316288798687521 0.796633649135203
-9.860062808035631 -14.738844269435331
-9.057982412135335 -4.548649300442673
0.017084447400369 -19.158314490020516
16.539427522195332 1.039710273513738
-34.593674971485832 18.426948981507319
-15.344432350061654 37.921946946331929
-22.862254774700343 -1.670302325787193
0.688035535414636 14.470411432059331
-11.282306631499555 -4.395490529249913
-13.235795639595018 -18.580870862370830
-15.930235436779931 37.248026756777193
-3.158371444029970 -32.957734510104125
4.557302902008356 -0.599802834259325
33.352705127038007 -13.531236957031943
9.807434239936905 -22.395707723901634
34.703942902517774 0.211737342349752
12.424516858269886 9.694698425606713
-11.684466305320875 42.001636318672624
16.512339416842515 12.509420804371322
42.618869076584382 -4.009320564425124
-29.466955874012971 -30.537044869601246
4.566842366109385 -39.560234158128289
-21.472155226036762 -18.057541802243108
16.240043186351809 15.108419183088872
17.091585612850668 13.371815665717079
10.361929827978118 -15.649430795635952
-4.251095027247135 -32.249901244030774
54.407378368092644 -7.934003030859291
-32.642344801071140 10.949431964212925
33.224006542782455 40.503392653274702
-24.892248073623723 -9.617075619071015
4.350157498568839 -6.741138875450471
-25.014870878835534 -22.992616913369616
12.362844113320868 27.356536689822278
13.909871169463152 4.485362342879982
21.098132852172505 -18.170195378853457
4.300279234046885 10.107357543991458
13.136613497524413 35.134948592356224
-23.939691384521481 -70.631033021428280
4.085415748563361 -6.654279254992799
-17.527349384129273 16.008234410079869
-3.509458844652211 -19.916411559426599
-6.624644942251459 36.351293879024418
18.000997692053470 27.999049169121751
-6.804543036851523 20.633513327995715
-4.594398166311466 -5.713018690496350
-54.874809182549974 8.942568225451227
-37.906592433948830 5.952616311936707
-20.773716588805943 1.223853828023099
-14.699367407697171 1.704096840109746
4.184778087874994 14.559902343329128
3.611269139299044 26.521382711234498
-21.208340541188203 45.361787732146666
37.429251448474218 11.712488140439076
14.935385270653100 -7.183675057461622
-27.228083426744277 18.824966173120746
24.149238254517336 23.575746836457697
-7.519209831532311 -19.521132329256389
25.653072321783661 -12.679829572118017
18.324658472974864 41.529767199629894
-22.693493313001152 -4.595058263540915
-7.809683834364447 -16.737545604419363
-21.860436031203374 -37.490615365467903
14.380821601715200 -36.411636726280058
-6.144717949775405 8.607465359959308
-3.321009160647362 30.307383605327537
41.577943159787786 13.346356186699561
4.679368310186778 -28.666647817539708
36.242709988233507 -17.098683516854603
18.014418103623054 -43.737008763243864
-21.450832947321270 11.027565777461682
-25.109683322292980 2.158074859741796
-30.929618767638669 18.719255215324090
10.546514356749103 4.188114282641960
37.618057233625308 17.296190938052632
-37.155592671998505 -3.176859452676063
-0.930675389016466 0.474174422156710
-2.751562655500274 3.423062470662028
-48.093818824513249 31.314163375822414
-56.552779138903517 -0.359964021239074
7.527785102403069 4.802269327752007
-13.617926906088751 23.054386168853686
64.866994799764967 -25.683161843705388
30.582687009480434 39.024972515823592
-36.867692864462668 17.568980426388407
35.318462748253381 17.945172765441360
-15.693824047787063 -1.157005466148265
0.467100817775060 -12.114821863228396
-0.109068208100615 43.489919311163305
2.834420926297341 58.269516344781003
19.344884223585211 8.990755057248190
33.123516987182398 -20.171730007928570
3.177466807867105 16.305852164110661
13.637674361125960 1.099321127558831
1.163793788327405 5.658240063518474
21.757667445822054 21.531774222829167
2.937330738319875 14.527285151560056
9.126356951004578 19.684460426809324
-14.932069091821273 -4.985794950733449
-30.164369706571758 38.321879989951285
14.203372029797480 -16.463165617882911
-56.822514858919526 5.240838880876550
-3.586821746678153 -42.594372168587959
12.690935664147663 9.055844835750866
4.699391711418104 59.230298785865124
39.889365493111171 20.871549550328432
-36.400355928832155 -11.512715945415080
-33.204589111606978 5.648425943079058
6.782045178908733 3.203616397474685
1.407131779833021 -1.876778765044772
20.147846843195289 -40.375886480070591
-25.965648810619964 37.443187173306455
-30.630906641105611 11.002872336055999
-18.198153113782269 -10.718420534676550
-14.121007599662978 -26.076075703091494
-30.086502387569286 -19.230538299632112
-0.353172818728543 -17.292605777737080
-2.896058891454074 -12.294112049580242
-26.993065158001336 -24.055461543187285
-35.319079894019538 -12.818844747192683
25.355529432720203 1.794952565507871
-4.716155868178331 15.887995459335599
-4.859551981982281 39.017128078911668
-17.057735065028258 -54.393023497237081
-32.385059154423629 16.175161689326945
-17.798872345518994 15.305634164293956
-22.378773910216875 49.208199620235320
21.824336999186517 25.489269955450645
-51.978564662196924 20.337146279608231
33.870040240311489 -9.411272363593538
-12.522220523368189 -17.002860012163595
29.867842519298456 60.164975620215941
-44.086164058003405 -15.078882323952019
36.069862482075230 18.676928871667336
8.760102436036499 31.000860079752172
-0.906576576551028 -8.438159027975738
20.701936885668612 -1.272746490091787
15.527176444276035 -14.745980053063784
28.081175919880881 -17.154922497303307
-47.030532429651309 -17.254505984123711
-12.384699409463122 -1.865141569916333
-29.810346454452144 12.318889907604159
-18.962300768656451 -18.276489813653363
5.948562820763917 20.149464013389540
-10.087179765810040 -29.533154960916590
19.700995465457691 7.318015830762326
13.541431083023284 0.864647801318273
-34.479823673460650 -25.825523297469882
-9.595862064519142 -4.023635842236472
37.187675833769283 10.034528537842238
-40.869265211594310 -25.175612711702627
57.524801490377698 -37.413970147461605
15.239545694684086 29.031429939801786
0.837130228267144 15.882782456640735
-19.767326444128198 -26.391118181441886
-14.016226554556502 54.936221385931489
6.881501631447232 6.531165424084509
60.564361071327014 10.272627140410727
-10.901992733728996 -15.637228427441508
-26.998104166637852 14.071353850442915
34.622683316948539 61.473687495249941
37.351897932888129 55.441958177203418
0.241264813944522 -9.346889294854632
-0.702326148820429 56.843214385070198
-13.972773677978926 42.776179784439883
-4.947839551931961 3.043533869159567
1.728142241725623 -17.199126690535056
25.423240784325845 -7.152495820354796
-11.369044807468271 -16.160845389204979
2.683187880085673 38.650913110957141
15.980998022599703 11.185271044685818
-31.620706980346529 49.400525366994124
-29.117143796558658 18.207322432533918
-26.997529281338878 19.379945665402982
-51.178788842475363 -11.965261397873908
-15.231697239948781 -31.691777213273333
8.931896084681352 12.820580462160750
-2.607174928826386 19.114293499087996
-0.814897727888709 14.119687585328371
2.698443814999744 -18.208431071519485
0.128064339854086 -19.684765581264728
-1.667528561203263 -11.511881352090613
-39.569762339172094 -4.615249522238487
-18.483325352452557 6.147311065710521
6.239529751671627 10.260963165766926
-12.868613191622758 -34.844565663817583
13.940253411084429 0.759278818411956
-7.413553596572390 -40.465501233385211
-46.896587916870615 -22.623261183016080
10.281183690832149 -15.472684495975766
4.155957312998591 53.519471264843752
-9.991970811634273 6.486883608008188
-42.246350021629652 48.527742597820001
34.005326401481263 -4.292364433001383
33.581697178588264 2.872957023588439
39.992006413823844 14.725855652835124
19.831651204528441 -14.229144334105495
5.572736109186994 -1.720728999104638
28.173030637719201 10.833491935251715
6.153263119696913 -5.453341880985032
14.891782286837138 -50.337381604640306
34.443720564578250 33.717117269219614
4.360560875153929 14.114628088510607
18.922626850738521 61.624980308244979
1.369259238306224 -21.553044856929581
1.999620313700663 22.232873499670781
57.488935044600673 -17.180293032940703
-18.924072609943515 24.157184431179886
7.073503852966487 8.511524149249764
1.949454923702669 26.772440751377424
3.142544177963827 31.271488409910472
-38.204780590162663 -9.836985378191951
-13.178422216513519 -13.806958711307251
62.539307373351392 -6.512441036013453
0.973503707067239 18.836292163515111
-8.587273752752616 6.664744321097634
44.718023147851149 19.023567558089450
-9.197738108448741 -25.725995848564093
8.428686930900222 6.344770287884969
-23.240324103476866 -15.472656121262272
-0.550220254700073 -4.067883838368769
28.262954420466272 22.272593212175689
-26.030500904800043 33.032999952349982
17.263378525436774 0.816358042120644
-15.797188459273725 -9.418084924315121
-7.831218267318246 0.186664353121427
4.797644459457366 -10.134169631019851
-51.874497027385154 0.428133555772876
12.842781522013293 5.895555747466724
34.613649883490467 -30.007672015758480
21.066555143643857 -2.097202607203081
30.144753103663291 21.603585207061588
-28.728886302820133 -2.476184149828212
17.682579956821726 -37.149653160471829
7.852252347348443 8.194822721913834
11.181613572473328 -9.193602088794266
9.024068432060423 0.774622473164144
34.237577160177395 -25.637228023652195
-14.486040401411740 0.737966336131225
-35.446908606561848 -1.363366981361831
11.577556375340704 -12.049858057890210
-8.270273871164051 22.063632262109980
-20.289920794888907 30.937395197312195
-33.128526643570467 41.716746847701586
16.348436041322845 8.139002283204716
-18.249323958029844 4.456086313338513
18.051796977450937 0.522006965652101
63.688732997576707 9.494789871448413
21.999866717576321 3.271339426933895
34.498014733337882 17.297235635385068
-1.522192710360822 -26.550617412555841
31.052333325166714 -30.723319643607002
-26.054369118057277 60.404103339010057
23.327290915341603 -1.228676343214397
12.058510613328947 -4.294453242501342
55.035037928993511 19.414174890117053
3.723634811141171 -48.485928703342722
-1.159666536422714 -30.155324679960298
11.630970930833408 -13.206613192126706
-5.104906969321753 -1.541841829211917
-14.252278537965614 -49.719309090124518
14.485272531888262 -2.156937379894274
-31.033723292073759 -12.816325754214574
-18.064828036770550 37.331815833029452
3.244449024376468 -20.613500595906785
17.556548160653072 23.458619824448714
21.807566968640916 -5.911442212146047
-17.050920757442697 -3.703872167855251
27.471540182460728 2.262705216860760
12.372164192931855 -2.304221509750560
14.786527281970592 22.796154637327668
43.227785086004594 -3.684277986606815
-20.596986697944313 -16.110478591328356
5.826665631647522 -30.515287117027338
4.611514868940435 -0.171141196442721
-15.503869911032709 40.705783453990968
-39.446051864343175 -16.944296386726400
-33.991580714537818 -22.041577543770703
1.931311806772604 -30.767246454152083
15.146156291138931 -14.308076952658432
-2.772586172765571 29.344220448997653
61.306175974847292 24.256483894453975
-3.544470994496423 9.873441143334812
-5.032597428437657 1.212582853716671
7.275761596691153 40.116011550024574
15.579818581464277 -11.015278272752724
-16.841112181693941 51.186995848240066
-11.331037919117323 -1.699691346127411
20.011248531416769 -1.980574955518542
28.474356002186280 -1.171021814008659
33.494719197554950 -14.239679095827695
42.716074687230517 24.857570724558961
-39.465346950533451 -10.259934401686724
-7.430052598237359 7.637513837574938
6.055812072155100 14.236944812186758
23.135451575711055 7.926193120490397
27.125435349302858 4.774557336614549
-18.196178829469130 -5.697254655042813
10.623161459982978 3.653565394220835
30.826135121495870 3.073580718898761
-14.343921118531918 -1.150348605839146
1.192596238551363 -9.069035738358737
-55.472310997550316 -63.770500955324188
-33.457766960445653 29.222818782878360
-42.292379576691737 -12.554544136406374
-12.400292423611109 4.240095083929747
-22.161920385161448 -0.310829593674279
-15.678141507867849 13.274661103038266
9.318133691941737 -15.936574181106369
-15.178436667711331 14.812106608394977
-2.538024701643246 -7.993825684141306
18.144786655570705 23.072812542615225
55.417754762615104 -6.691456208416455
-28.021689571960660 8.426104115727265
19.802244788545352 -0.059088661359952
51.606616814341351 38.213775056559989
8.426020098072080 8.382241711889373
5.563952449758104 8.252159501379445
5.762692078129818 14.671345506191425
-27.557421532770157 0.554626177965835
-10.158481840688523 3.861849361695211
-26.579394548190919 11.190168910722756
-6.993722745727656 10.148590121622748
-15.224625543702833 33.918077331659134
16.376084382581784 -9.757635769424899
0.827882244646050 -3.903828345909479
-7.188040344878962 -4.370217047650867
-24.302652129456511 -27.677561333389413
64.848075566920855 -4.012594129092804
17.648113106815142 43.720431963831125
-17.892211582106960 28.165560259991334
5.514705915118438 7.505286707819723
-19.348021466084315 19.124122217859313
-3.464194261348592 5.001730357504528
9.158199358802987 -25.361014596903409
40.168576900357358 0.346987363515485
7.995490815768006 12.719556659612550
8.404639167681196 -36.368773662111423
-9.553317868812938 7.704730568987001
20.539809385126098 8.579538697035439
0.904762697364087 28.228063241969451
21.864974368620956 42.800619442599000
-10.199021287869323 -50.198281465162886
11.621492871902399 -26.245426154002597
48.151450020460061 23.678537925067580
17.885294814928788 21.042529506586423
49.570355163946154 5.869368199776009
-19.993556390363413 -31.072437755618665
-5.702441207903964 -5.467751764122800
-5.431829057763517 -19.094900749942671
-5.605094120336886 -1.867750711945605
44.127127174467510 -27.078811862248305
-4.339214380797332 7.520172176471672
-12.365636659259458 15.425479796913786
-15.842920627935769 29.957890116642265
-28.087115581807303 23.463464501079383
-19.930211336813418 -42.439570562432962
26.241599446491350 -23.620994124801264
16.932455880500136 20.988960341338487
28.717531293985797 -15.503497572841066
11.312251974487284 9.154781540465159
-39.054378420586040 -51.339599012192892
-18.167699145821604 -15.613299195314209
-32.709023330503818 -23.845732748551516
1.500919498239564 -57.773002551148721
6.107914484451021 31.777209928203064
-4.146652946772427 32.378311974683065
33.134652425995398 -8.902771398360274
-33.400398447705278 -10.948034623144835
3.629952698510781 32.007500840038759
9.939257494742673 34.189869497187544
-28.897609919766516 -10.810805528575543
22.768340998548201 -3.621232916586909
44.253526277387081 34.706570917211430
-3.056614960226901 7.223321242116949
-25.780337682173332 -12.779091967547588
-7.229284432631667 -15.901057757784516
-2.615739519520587 34.195058004391313
9.172823745414863 -52.005802423499475
5.955993529958218 14.530375511751652
-49.446212535297441 -14.524573203423973
-13.374265144589796 36.685903224911762
15.507342901817353 -14.783680827515864
-5.298140655954568 -28.347342641338752
-5.622170793618660 6.651537316880525
20.980594355452325 26.897271972726163
-20.229570833539121 -5.290930193562154
17.918393548415391 -8.488291929397661
-7.649918864470780 -1.498173063398901
32.733310733407279 16.720572745650621
-28.788410808068473 -34.495599385886571
-54.515241097476000 11.307265066257383
-18.824169448150837 10.902855432304527
21.847498335373857 -60.646020729926491
-17.290578452931413 46.945517781682170
26.773054380907368 10.171708012240135
40.701307398951414 -45.434789651939418
9.104621720800962 -19.352761615744289
4.840671604355421 -13.932421043333783
-8.575898457975731 6.823564179792315
-14.877505275153341 -40.475848046117449
-27.757320577008361 31.752469176832577
-6.713066620960487 -25.274928175210992
33.292483196516820 39.121640673161849
13.912034197902591 18.731962501228015
-19.298712833035566 -39.337182673858763
1.439418295711755 -0.983289995409927
-2.807427292392421 -6.023249138187639
-13.545276421345772 20.728720417296785
10.328058086012790 -45.909269543840090
7.684795899616318 -20.887037863767731
-32.573539047398924 9.282743886943829
23.446087034352072 -20.119922272844004
-14.645498259944560 26.154735967406253
-11.490019818050721 14.906802533162089
-3.524680977307711 -13.531020248378926
11.541582702670510 21.866462102752465
24.991810991956012 -24.179512431843314
26.860657794499748 -23.274719902084989
-43.631685115430891 15.258537912238742
-5.942148429789071 -10.478399125980173
31.760491702562550 -36.257328665678735
32.393893070337036 33.448703979877060
-23.016921927482098 -13.018907495283457
-4.666174917289007 -21.633121542467300
27.397153358501395 -0.979009353169635
28.405920141309327 -11.934274151039149
19.685661767882308 -2.893789277204580
-32.593156791437465 -23.433482079665666
-0.742467131484630 -4.788638904864722
-14.673784425117741 -35.829555798426377
7.123974407128876 12.392106206524566
12.748929073404900 -45.248343607133840
38.431004821023087 9.570085398358126
-15.014200026122245 -1.030892352352211
-27.257951459394903 46.624140397590907
-5.514213652901039 -61.217229299313793
16.882427274440293 -11.991275845313211
6.555579471590021 -45.595904720022119
20.404982916253676 -36.107217749932161
15.397733645385989 19.362757138829227
-20.353884803254260 2.738913201446427
-16.181137398191783 0.426494509705277
1.768556560158923 6.007671543929227
27.184782085872630 14.173234702288354
2.476276595291221 11.932186243455458
-28.751778026313083 27.027256409334946
39.770320678574627 -3.530836705408007
7.322357355157661 -11.737368823817130
-12.137296234038635 3.714570078632298
33.589844432195875 -28.928963973923395
28.346771668450454 -10.307717973302767
-37.279301251794848 10.789838141289087
8.724881030963546 -4.971382509353070
-37.987079880008032 29.543088343326485
29.185793475215416 -15.239841228241195
36.151211467991573 59.587403245999738
-21.299990320486977 29.231785420162481
-11.372708556535681 -19.410642938630033
26.648057405013589 0.334441920138345
-11.646396282214221 14.179642783635433
-6.620291004918029 -44.622686273381184
-7.919826363057419 -6.235748374699158
44.593890629591250 -7.062423120404319
2.069017703449227 -25.973003558314808
-24.860208270173871 9.785338894442980
-15.934738829192653 -8.428084310694297
33.398820919325580 13.654181952734968
-42.917938113223585 -37.452424804263515
30.891287547705463 58.104993604790153
3.671578659521349 45.105637169192093
29.190856240525967 -0.778547727575368
-5.207329280520591 -8.548634326111634
9.205955601761955 87.897856157721989
29.729730267769259 -8.901026795115190
-41.914618259949627 -10.602794113653234
39.749726489946809 -9.759845606755697
-28.596643028218892 15.415535984100277
26.865399657448258 -14.977956245354367
27.339496074802248 22.101281912368218
-38.870437012786844 15.864379610336286
-7.985988560882447 -50.885690026796318
21.007098327140259 -13.764750616570227
20.077676373528519 -17.957859384205229
-40.163487396755563 -55.937449096540192
-50.337340916126855 9.411480705842811
23.184851592434608 -37.748470726256720
10.760914433218272 -12.360499799924176
18.768823572358702 -59.922882355090039
-23.153264593639108 -41.703087981211794
-8.843298190733933 6.600084834103061
-22.599796195389281 -14.645892253239611
-8.865510873275138 10.111735005952223
44.674868515071523 49.663799759301781
-1.635875639747179 -4.753973811086304
-41.593892769474920 1.202684590402197
15.015884362969503 -17.646858609478695
11.104622139074255 -1.216477999894230
23.107869522436140 11.763589890330657
7.590637047075004 26.068216513912347
-3.712835380076236 -6.341974926457227
9.086882752354715 8.306762664779844
1.043970952982907 17.028558376277331
-27.861620116399813 5.615113108809144
14.114578131767011 6.337552724479565
-1.014373746386881 17.249223586294121
4.036536021002018 -9.483056916182836
34.124926299415861 7.630906861820180
16.983474764466930 12.594174851435218
-4.301261230185310 44.045231051608468
1.942105551717132 -36.167878237147619
15.809404727189465 6.376870839635888
17.633432479838575 29.021747917880234
-55.889816436906486 -1.280584823437931
2.836665237077156 41.663899270412472
38.950859644489498 -9.956830053685229
-21.432010333309957 -15.020523354651445
1.124938360367441 6.584857293632438
17.466147477889649 -19.212765062170124
-10.561268308360976 -21.388369248301153
-22.881529875747614 11.579893420076202
35.511547446294429 -32.430754945507516
36.738853741331532 8.460003139297065
56.496687449984258 -7.547696439121147
-12.352879145724422 -54.874967497468674
22.276483013564096 -9.396753502662019
-0.319942369874202 -38.976611955548513
-41.635222082711550 -28.080836332413860
18.794715780359830 9.449131869589774
24.652764632341636 -3.672476895673777
-6.096173717325160 5.900218840455198
11.190653791926099 26.504578609362571
44.715204064583176 -33.442523097591867
-19.125306838800956 -4.421478639419841
-7.212808117379709 -45.415307948001093
-1.086048053964899 -34.536207004719351
43.362294429223432 -9.143042880627036
-39.587180343628567 -12.788116013895959
6.470116879457809 -22.734494006837767
6.676110557997896 1.921563562550883
1.151171369120648 11.167493912902453
-5.576008122407937 11.966316719470029
-7.094626800622419 8.084663150668385
-1.410170234243627 5.892785535411743
10.829859579375341 15.752407443038264
44.973911767834231 46.521797214101184
-1.971751415119119 -26.976473131981209
5.296314976353618 -29.939727163057025
28.964408405463271 22.550167400608828
23.812679540075621 5.908072053173907
-9.816334425289730 -12.145745329150078
-25.965289336524890 32.031753668074394
-15.893171087455972 17.340076916970901
22.506257247951385 12.208834087194484
-7.317755284938512 60.881961631113768
-26.595862161376779 15.155623466626340
-14.059653652544062 -35.668186358149832
-26.474651919672130 -13.335759572311860
37.073564081517198 39.021529736122048
22.331216169089920 58.127460022431549
-15.459145101894061 -35.342840603452110
16.551221962127055 20.309293240829799
9.898732030337948 38.372566851593064
28.264044768277738 -22.591903206221168
3.006624446045969 -47.035327452970414
19.079248104112111 4.092205841104958
33.893170883486150 25.861785304968965
-14.729894881996840 -17.141046415329409
-3.362456838255166 -5.513814116697350
23.947248334749052 16.488080033349966
-23.036130495195049 46.480091177656043
13.226981729045582 -23.309770245672404
47.050112662137771 15.148420444502650
-2.955240428377934 26.041393002210707
6.036150696982259 -9.234710568441411
-42.611392092058040 -23.489872879068340
-8.808727477157381 -10.697012583409945
7.802404614787076 -21.804983286838592
22.224976580631147 35.675545365587318
-13.267198379092520 50.490906332654873
16.834609840621557 -55.071596694718757
-50.485688378595128 6.091467772035343
-10.928146753812159 24.646027537019680
74.034138261306936 35.904039200050185
-38.884721150752696 -9.704156502568052
7.488706317533223 4.164808232497201
-31.329925813713167 7.206208764760166
-9.385572619131148 21.201999160496467
-24.080092800539521 70.272247849172274
28.272780543993207 -2.737090242689114
2.717219916533607 -3.087460474016084
-20.725057168287563 -28.265275742520263
-5.973572334518155 -22.249981109442132
29.477312098686298 -15.239184139332936
-14.297130912169305 -16.316560755133189
-42.986467983851746 13.361955756953279
8.822282032635428 -5.807115462636677
-9.465232475514272 6.177408238536621
-19.724236725789957 -11.910964329677210
-15.366023534550427 30.794907140736459
-19.560411122450756 -30.991958747721785
17.309252691964211 -7.630089347652977
-12.891747672550935 -33.550614953437950
-21.841834855921380 17.759721222464098
-14.554418759141399 15.949402445555668
-41.352874500260370 1.380831772072117
11.846355806595170 -15.758913250363605
-43.856652653666202 3.950878938414726
-21.723163393036092 -18.442549546151085
0.817890779927200 -21.903404012581952
8.331072995498525 -18.242243518793344
12.253642753084831 -17.418540004262113
5.001899097284807 1.796238798685893
1.559355276399089 19.822617030774701
-8.974939058560221 -24.355597010289628
3.016707169832220 -30.810223849765460
-35.142469511202904 2.168880018631795
-25.456288731187740 -5.558115355737097
2.857695011322572 -20.061226613695471
5.391374760413057 8.404402604551384
12.373769753530123 -7.407612356767209
-57.034243763627472 -23.229519909573298
10.730838441457138 -8.852702356850463
35.517636713340941 -66.488259331183713
-11.364950013794461 39.855028090834800
-9.267288882911975 4.120498585584580
-19.882133674110012 20.341193375070400
-9.610413412251475 22.428439614312108
2.009151263851912 0.175119028347698
-14.603514915549111 -9.286428300004410
7.577542487386450 40.994648826063660
2.469483348332495 -6.068796827166877
2.744493902514886 -7.080139023637601
22.727935609587671 -14.745984565881990
-15.106677075835726 -20.309810071686275
32.309306658449508 5.231150871145347
42.954865303160183 17.920229356103231
-5.659945584844889 -22.709541015655311
-42.182402865584066 5.071348218487103
-17.398919113783855 20.348163053134023
-7.667850888186984 -36.976704309814593
-26.347650149628933 -18.323084757393485
-27.326857691846506 3.338557424985654
28.866564906589193 -3.560215610314335
-5.468402377665053 -15.326124868093304
-1.436243789705837 -4.979757327658730
-22.533401283807819 -12.897023272708045
-21.701611691392273 30.045114364475126
-37.986535988998014 -21.640768278712134
-15.252673561849226 5.253282765327457
35.257124652103364 33.168544225407182
-24.870133215043847 9.441127134002372
2.741483835580056 -15.959962771944360
-7.070423416511075 -38.585550989255921
-28.873374784943909 39.561572343328059
7.344490770401674 3.674408680771075
11.616603096778631 -2.357130103904347
31.767117879943747 32.939259521512177
-19.958510123279165 -43.201884805395231
5.168563076007744 17.386655739942722
-27.394964148773806 6.404143317630882
3.110575195097020 -10.993137014815458
-5.770307247939785 -30.991459015743786
-16.993149160505073 4.246347410003804
-3.250345449348456 -20.357972708831667
10.727969535220481 26.803833651657797
4.204233559201612 -56.862400097167622
6.732928096882933 -18.375587386238646
-45.235140565282201 -17.114651739127940
-29.842383946150523 -17.222029745436370
-17.704650643499605 18.417806740703345
-26.542005894657311 -32.518218679028237
-10.229889855859366 9.868542500049474
5.621715177798767 -16.681754471392328
-25.211684204549332 -13.982391735436503
28.448090461878294 6.618777344070796
2.015838824339545 -13.469404372565426
28.731463894860180 -8.259315599658569
-5.237618241944369 3.453516877263690
-47.455612553285150 20.340666438037260
-1.903589934960307 4.581757797696156
-36.393086570490837 9.152680282980814
-31.352083442361991 -0.579498229487078
37.054556428910757 2.651351835364579
-2.788266186659067 -18.375804144222673
35.609006964572679 -13.730568472886864
-6.373959859017317 40.013638507775539
-40.983278068623079 22.689266867663719
-17.331099413589950 11.981846087956939
20.408914835890325 20.023987411937547
-9.089035729172519 19.428414687143135
-26.266485930903002 28.510016028689392
25.437805253355428 -23.176497512530219
-18.883076921613032 21.953551379551890
-2.806118549192915 12.481865509467614
11.588395863221836 7.295885662496931
-25.986113081483644 5.813797793643358
-8.736329200291962 16.774518687752682
13.024279539046876 65.016401550939136
-17.695368213951383 14.751800287731557
21.402047631462082 -17.778191475076959
7.101968230721943 45.683035230894859
50.126704022936039 -10.727293127095868
-39.647844147122939 -39.859163909657056
-26.674261999102633 -10.462107703402992
-54.144865619857704 41.773468521918701
-3.628503201346690 12.541471624356543
-4.169179516576041 11.597982501623893
-33.959401198816195 -7.425549856305787
1.070545574120063 -41.743241111476522
-12.589364461550916 -21.925361603101983
-29.312283344114661 -34.869918797307285
35.350332012538082 -47.204185202145034
-18.244726297494733 2.542051792145247
-32.432458696053956 3.903482219750912
12.934669563640528 11.993088205376267
-11.392181795046776 -31.602806529386985
13.767197455942556 5.369017751305500
-1.449994629139695 7.512590408524563
16.382964938994874 13.331417410657131
9.546353979333592 29.381859211181485
29.035572096205840 -37.173886930922926
14.545876938180953 -0.604165596905445
18.363950800064217 -11.954988962195866
22.591076418196529 -36.010555811144251
8.208137185732925 -32.903072755243421
-49.621755414537922 -24.404606191230794
33.273128918373558 -42.642141198519241
-54.885403289726774 18.727110983014317
2.725968339620373 57.769012026762702
-20.016131906151326 -23.278127942270949
-28.986496674671372 -20.550651061189949
16.274817871159552 10.195625796574644
21.168897847926679 -29.164379397892766
11.236005984394211 -0.797904697097469
-5.748308508839218 -30.896179631163683
-12.051454719638910 -13.127574217615523
10.996475282946463 -41.648732715644350
-4.180203312511099 13.722282705538452
18.783955648935706 -16.418779752583848
-19.624865339088256 1.956691172792204
47.290960739488739 12.410869524944376
-10.864329360612610 -14.674953014439232
16.574417874439732 -27.614847147308769
-6.783745587866210 2.107356389358102
44.028584946242468 -3.044181405780915
-27.920449460366903 44.845905360573333
17.483511285899255 27.591288485722714
-10.756217585056964 14.736263552577068
77.250620289700080 -2.498107715263576
-17.035139401225262 -39.948886185506574
0.408898785418075 -33.961801662291805
-36.698388939971579 -41.525647661586639
17.988899306937938 -4.902873510074051
16.842808498381142 12.135734668376344
29.190574114248470 2.716667219922356
21.370094812549706 -0.753004472220522
31.378212613359977 -8.531839568114281
-9.605460060955616 -13.976949384584016
11.791312930290946 -10.851345456113128
-30.229356890381450 -56.886760891878858
-18.692956160942551 -47.105371244544195
3.243773108539589 28.417584035186977
53.188961395057916 60.061198805631932
24.774080505507971 -1.215382962836918
0.360130972030974 -47.104503291295259
-13.228766102236539 -13.441402716396691
-6.549685398667617 -38.841762587669081
-9.612876367867308 -14.821423735006505
-10.442524671691915 -2.521573371457492
7.535853979903464 11.706224379415282
-1.221188440503924 -26.574856504146045
-1.219930019449055 -0.007158781520499
-24.208191708640296 38.268420813609701
24.469852786702049 -8.397022831146632
3.646116951486610 -23.461005973670300
-18.947934202326586 -9.875994141810969
23.210010104484098 13.467899887915035
60.337962132416358 20.592587517336554
41.039308484691205 2.478815937735389
-38.690330090573454 20.780225850852517
-17.364918941568540 31.236091344482094
39.758724512521397 -3.058154448982829
-2.599963600257237 -17.486313597808806
30.781493344052677 1.780091560051035
-8.607626256434838 -5.858245385874204
22.196382872697285 27.334812630362208
-2.685347426284157 7.373262602732340
54.724802611233137 -14.445792509741446
31.401005729428125 40.221556541809541
15.947596067193908 -19.038115376994671
-0.962706700721576 29.920487494611749
-11.431611435445985 17.449942930553991
5.866768722432202 -17.331210916061025
4.322056888614799 -2.558641817763287
-43.945047851575666 57.874967504264056
62.329943078541874 19.317967694312710
-67.950559221811659 32.510773447204599
-1.933330535300441 11.708781980807473
11.673829772702428 5.121925439594537
-7.979567303047439 6.562400353698233
14.791952932190176 -2.494332547577979
28.362119057471688 10.056314041384482
21.320810196824393 25.519016188529143
-4.821218489060469 45.778842793493524
7.207263505414176 20.997464975201282
-53.662934787561682 1.870211254987220
-34.073254463403671 -21.471827908467247
31.136085185451908 6.930630714754937
-1.827865725993207 17.432865842965800
22.557208953679872 31.495066229532142
33.283634993565890 -23.932215353016627
-41.425351522915925 12.740927577038141
15.635813010873131 13.169637241298672
-42.804126212421110 -14.460390382040384
-22.011757814897592 12.492681242574903
4.673606303951526 -53.568440607421842
-12.828965973211512 2.309259126948543
-19.400064294142364 -36.505782918578625
-12.547128596559082 -25.823123051576086
0.763066825973261 31.347511645869638
11.818306113427177 -21.627976566733143
8.034853836260423 -11.324804859469136
-14.116795790158941 -11.912812644770261
43.533776416643640 7.510880395923659
-8.691691415834631 -27.512099916874895
12.584298194348547 -10.651829911416810
-15.115564344217962 -7.764315409894923
-2.103408785541287 -10.069778543921835
-14.509723652040995 12.059025732286310
11.517164708909469 20.597583794531158
44.957110712751728 12.394064727764986
-5.972936501374620 -8.021900372313640
8.384342073799806 27.419101891542692
-17.684072459138640 10.117047344637179
5.504530619957283 13.737537060741202
-38.583938982510915 13.692400181265803
43.548497250988554 -4.355612588646064
-13.785041807322857 -25.912062438303366
-21.379471541371231 -28.494800592221296
-17.012757953474750 28.670941081309049
1.706392780115727 -28.574482742297270
-13.078083424220658 -4.628278061185128
62.290219562718406 34.958769621901396
-26.060463729714261 5.047176064940365
21.229412485982394 -4.335349786215985
-3.283291083774292 3.855065714166057
26.739862729218220 10.733100513578693
10.990887763793912 -8.978123907664756
6.897055758038450 4.461712190070199
-0.984095816534268 21.435440634845492
10.397654929416673 -3.842587176495270
-0.319989382078381 7.871615732610149
-20.273778501538967 3.167386073858837
-15.406736939446180 4.626580799760720
16.452138103059440 10.870924775354922
-5.266823010230545 36.373164693940325
-58.200537995076985 5.004391319716341
-6.021452195336819 26.440949485099605
-34.263189744692937 -13.118930042553041
-12.944072657562739 27.948106641042497
13.514994883635710 -29.682062979240175
-35.751042464202513 -20.540610780932681
17.532862141602397 70.681510617310792
46.939484640978648 10.192427784384668
-4.363055830442713 32.127300907496654
27.244172242175324 12.699878801772845
16.343564461980492 -21.382924732577635
24.504329491308042 25.500617364007699
-42.592289107733144 18.505636793961614
-51.465070688887351 5.087370025595368
1.655652007509618 -45.369724242371241
-30.900834264047198 57.685594941542178
26.866506209623520 -20.009199423872239
-3.551237107794374 -29.755048819987074
-0.025315357666176 -14.888916528110217
25.688627234699737 8.329804135539977
-35.236992098536533 -9.645604887533144
31.674920404194179 -44.702116798685495
48.494713062480571 42.586112522481663
-14.595344131793878 37.787958446076033
17.329301649865176 -21.061897121844698
-9.426527696407200 -21.905758750200444
22.109336036909340 -35.438535787398884
-40.287779506870386 -3.658027937762203
7.876081231259596 27.720592506456953
-32.777041255362121 -3.900568948115199
22.438624138519948 25.314488639239055
3.403000295274458 30.829125133428217
2.252061900469800 50.325633854772889
-40.603975233624944 1.233968754774644
-36.894313872202922 -30.235748010877789
-26.515706840470362 -40.081466589050244
-14.663083522330513 16.570166357103410
4.915461651276348 3.248020360677807
38.890933799921832 11.519897576535692
-27.674260258793925 -28.044116880565714
21.976597387876598 47.362880222229897
-3.280919459216109 -30.887977977096146
10.292066190952575 4.538339024584557
-55.433233044686069 42.080098865571422
-12.111038555365035 -29.512762138474521
-5.234245626602505 -11.132504175184588
14.410684510281824 2.990073505302290
5.076784422862858 18.942919172134701
34.492782866769069 -23.345432969371284
-8.060094829558391 -28.242936749083576
6.276235285663931 -11.940118934488540
-0.153638659906263 13.427021016317006
-5.681803462755645 21.097006913136799
61.107419945004800 27.616849851430853
-14.134982274795723 -54.989133038737485
-0.887987739632804 -0.666910438126318
9.140589539283159 -32.727180453757462
-6.634065785286106 6.681184508016258
-13.134357271986616 42.994924792050426
2.866918763309335 27.567793891916697
51.587408357496194 36.866350974931159
-49.721535452148089 -14.064936126950313
12.881379853652618 14.389521637311985
-32.024304617348292 22.717726564534640
47.719680820643227 -18.013997497225418
31.789831222773142 -2.478332049262801
-19.611943391058816 0.403386284348995
-15.687510079784371 -2.603187111436324
-6.708514725045549 -17.956330546284271
-101.209634281558053 13.188704558195509
-5.424123237869492 17.396261655401421
32.653271464345231 3.734022168958696
-6.021857286331857 -2.461220659614523
-51.509093613971821 -35.049908038527057
-45.853867368191878 9.412352810875326
27.768761602452432 -15.151919910243107
5.524998582569184 -24.739711627409928
-1.059828989821172 -7.768931641599318
-26.751426331227915 -0.885338073755730
40.866038871071005 -40.757890301611624
8.166953859006215 11.608722111425468
-30.760613025222241 8.970734348390893
-19.578605361589631 48.965462328187513
-51.311469203568997 32.015071853902796
-17.417944120628427 5.577083590836418
-13.832110391035231 -17.637469923392938
-67.887225484868793 1.322259151230234
-29.397545344770275 -7.615802247749430
-28.865939680340695 6.964483950565209
-26.305075221493066 33.273239497367726
-26.484654584854646 15.799231350592338
-23.137990964956078 34.913700621061643
-44.226278511077943 17.916413573385139
-15.310893572864526 -23.452916300505745
-13.898296403287748 -22.433445582356708
-1.922421963135420 11.440613920370241
-35.346464287933301 -3.150407839690207
14.073089951198881 -15.605946973006242
52.345369663723268 41.357908992285488
-26.801360758814067 -36.877391484501260
-29.592692997596348 -13.937757841251472
6.977102666408616 8.567617792316947
-16.383014985412178 -10.695172107819177
1.830329493937472 12.558255316537064
-39.381456377735297 -2.806964244880822
-9.399343345373078 8.654671949138576
15.980618966939966 24.137258881331828
26.061770915497515 -21.361434596493194
-12.630511794474270 2.556906836967609
-9.643322366868158 32.638758946121264
-5.126120575576130 26.950487779525204
20.427515045055156 -15.638502871549237
40.081613132612432 -12.861939084582447
-19.606932436097775 20.165834786682403
-31.258865020838439 -13.456559795530112
-12.698559063749167 -1.078097234181879
19.560221719120790 -83.361118433234523
-39.783242133223553 -23.070266619606368
-6.433946746023532 -4.271481942171163
-17.561635711881074 19.533994859045322
-6.877477123479044 31.064505097946114
32.903909632966844 53.758399442592356
-31.037948510572427 55.962677378540654
-34.613735741699983 4.965741989574339
16.274361551201114 -24.212900653048969
5.898372068379929 -5.266578249126078
-7.335093860614412 -19.440639085805788
45.459626284316684 14.262395456217677
-36.479671480671399 -10.490817329595453
-4.865863053307975 5.658584900182644
-35.557687001374667 -3.177188789014286
-15.337516770193137 -3.320450177677866
-22.194572779364261 -9.830568957652631
5.800306390637878 -31.132548417737237
14.741286122788789 15.537016864617145
5.743264345798765 12.002838000690703
-34.316823872690271 26.330236195976646
-44.598883347535036 26.040888984364834
8.173959554389759 -12.105373007522168
-4.584054966562129 -18.507050979313593
-7.571852413124567 12.778676121227070
18.120996192929226 -32.598155149249564
-13.970199763307866 -30.244283073997959
-18.695148744458496 48.704892128780322
30.759952593575079 51.179083716138685
-29.104717065697493 -7.505652926673990
49.208408571729478 16.340698464989519
32.860317402290569 -18.934558072761355
0.700454055682812 22.877532681857772
-51.090688004355307 -31.695148770568011
6.945370859511744 -15.768762095064664
-35.852049146870137 24.104035396221427
-23.559978281410356 39.368049286467709
10.196374832982080 -7.343704862727210
-20.650167705776770 21.084665074349246
-32.591746196182442 44.977722679637843
-11.768871594117936 28.642277678927886
9.679334683779295 16.464986147635685
-24.518280131005174 41.995497325752758
3.361822341551998 7.484543567816503
-50.333797793534572 -16.813889529209032
-9.901919325878099 54.758591888603476
19.925354494681002 -20.041782089656483
-14.982343988920562 20.703381092037059
-34.875404238904792 -10.876109460202551
-0.030558599227551 43.051859396798456
-66.082823679995272 -22.970154033733994
-28.466849734310561 26.224947843807854
36.069538821379524 38.254809263356407
-23.486841688949490 -26.873482100871815
38.821784273395622 -50.831918715550415
34.970770820426047 5.079646396626768
5.948084923692472 -63.380676710071427
14.938624221239301 -23.816484148373359
12.735628275567148 -0.349126379325960
-32.537000594611520 -15.095404592439351
2.016408033525269 16.000604151387101
-11.280344942978443 18.383529615581860
