0.000000000000000 0.000000000000000
0.000000000000000 0.000000000000000
-25.779881850344619 0.000000000000000
41.992894432526455 0.000000000000000
18.579926662133818 0.000000000000000
55.372963663617021 0.000000000000000
3.008078711397701 0.000000000000000
9.154642053830525 0.000000000000000
-2.349836184754103 0.000000000000000
-1.004835500179850 0.000000000000000
-25.145434744011112 0.000000000000000
-0.576798748049106 0.000000000000000
8.985726135504837 0.000000000000000
-22.647682188334141 0.000000000000000
-24.532368079038143 0.000000000000000
-0.077630227153762 0.000000000000000
-10.724776896414339 0.000000000000000
0.577881989219165 0.000000000000000
3.786173846377789 0.000000000000000
-58.908146377451843 0.000000000000000
6.578564763477439 0.000000000000000
14.512365704210403 0.000000000000000
75.450900149386570 0.000000000000000
41.860354957906047 0.000000000000000
-28.273736565043912 0.000000000000000
11.419549709168166 0.000000000000000
-39.254893972164226 0.000000000000000
-1.436918050981808 0.000000000000000
-35.846708976325232 0.000000000000000
-29.182912639158538 0.000000000000000
-31.769338557186163 0.000000000000000
-38.715161298500497 0.000000000000000
-3.629912341244857 0.000000000000000
-38.407714682016490 0.000000000000000
-27.013994218454869 0.000000000000000
-58.324387752660890 0.000000000000000
-46.757015356050964 0.000000000000000
-76.711236245660444 0.000000000000000
46.190468998459075 0.000000000000000
-21.506094276567843 0.000000000000000
28.890522455419546 0.000000000000000
17.274823661636368 0.000000000000000
-6.275920897977461 0.000000000000000
-26.025801993583116 0.000000000000000
-17.835370476389006 0.000000000000000
-24.018567365359953 0.000000000000000
-26.676691768077070 0.000000000000000
-79.772079838814747 0.000000000000000
-13.071564673545664 0.000000000000000
-72.845033890929528 0.000000000000000
-37.919350298035390 0.000000000000000
0.000000000000000 0.000000000000000
11.475754518316540 40.296733292302527
-1.821893312706091 4.682717278423794
4.119609986165443 -25.885413811955768
-1.704851297774502 0.824181580800761
0.705406165601682 11.758479397216803
-9.368045067746364 38.507668805268743
-3.725343207871743 -9.538231037058209
-1.504574412833166 -23.361614543864622
19.424514529933870 22.736596769866544
6.774554562514537 11.379320206237235
-6.062635534644307 13.988713217833261
-14.208729701619951 -12.570181632553547
-10.287002112854214 17.947774910799485
10.951416626673314 0.094157120589979
8.237133021482459 5.505930639464360
0.089544992813509 14.071436037063016
1.431421201941861 -6.669782777857573
41.014585967429930 -2.759186508666565
-24.487926757556160 0.529629517679335
1.312090845558185 -3.074304239007302
-30.019122476104176 25.413764750568639
11.122323835672480 -38.083902401887379
37.203468189640084 -14.805192806796967
29.347740974320789 30.053228625531879
-7.278704752886516 50.870700498798051
-0.836178271154385 20.624306037894144
-13.515699218579876 28.094815889463053
-8.338153845961203 -25.429602701760722
21.371416578008400 22.791778148084248
57.853527954902177 -14.911590572582234
-15.120792840007541 20.484338135241273
27.273293521051180 -10.678137039948822
38.624403455025302 26.969301156154113
15.564363552037461 -52.617696862619447
-10.953688695318757 -24.640059171463790
-14.262927179219583 -10.774353392879977
-25.315996131682731 5.342454386521992
6.012785100647166 5.642480708329532
25.273950744499235 14.971570284808491
6.605156064513782 -41.963999630625594
-30.690037732600086 12.510967942967524
-28.883119191803004 39.711997739325057
-27.172627367226703 -37.316494162079962
1.215888854920364 18.930631603709539
28.908522721982177 38.697246759470517
-12.178217624592676 22.173810326929374
8.685695082391344 -27.432275742346050
11.417642700460654 -19.484591509599472
-11.453484687921401 40.930904481098423
36.886627775105779 17.309294009265685
-51.627938252600615 18.284516832654425
-29.344578935143222 36.698980150452094
-23.842999903532760 6.571092741919300
1.590665659024405 -16.593871974010707
3.666131572145319 33.285018396467336
15.655375234587133 9.545056434234700
47.111309727257833 -1.828351608957254
-2.394915799226919 -5.522972791572373
-7.360079721876916 -52.146439642483458
-17.091915589447488 -0.719003721133910
26.896075776833804 -12.431467775834955
-12.178495539451831 -42.529220224208238
-32.361747102411144 -1.434377904924039
-48.546895766250380 -4.014396720082653
-21.488856546024152 -10.478898872476286
-28.207361784182641 43.134788407430641
21.480878239041584 6.134704832833728
17.720173231020727 -34.572081377013191
15.615526736491518 -15.407327329246563
17.825809676650888 36.685701118688726
36.839912699236436 -27.332028176907837
-2.480654639268160 -2.101801266435842
-13.700651036595048 -17.152473496270328
-6.628295693693159 -47.431949814258950
-18.550710463464839 38.492276652967547
10.368359263129081 -39.243666908708690
-28.954519241989427 25.239985569810781
34.217214964632497 22.402533011257216
13.132567528915732 -8.432021775880868
-27.051678801878644 -13.985229567193281
5.125449640388314 -23.446004931118999
38.202199912954356 7.472516098974429
-19.061648960017870 7.701431247381787
1.576730292175327 -9.589030096718833
50.817848844480558 15.062457777801420
-29.311170943702585 -7.201440270777424
36.136153604094886 -56.346184451100847
-3.257987056694519 50.428180644483845
32.245308124596328 -48.610024631803817
-39.297340657318799 30.008166946428968
-49.787638550638420 0.508595982832606
-8.416652959397055 -28.467545135278769
38.453647346776307 26.126515852347655
-50.814422474315073 17.261990111554667
40.878644302905919 19.523491732699597
-12.184910903889673 -1.361293440587180
4.961586894058652 -19.698655378465830
-18.917079955207349 44.869733099082843
-13.491276761030747 15.029861663716224
19.557162604633199 -18.310517561332766
-15.944053510311072 -44.671082615336161
51.843413125812170 -6.888769266276404
-35.549499915575204 21.716230264538940
-28.440494978491934 -7.643396850105923
-16.696603964835685 7.481990944183877
-1.780163404906071 -35.210388048121857
-22.128913623294256 24.373503965163739
9.127978799363449 -24.135041516393379
3.696554549828121 -3.271224670566311
2.869533448409504 -22.016044513313005
-2.701871457972194 16.220903302915513
3.386298598727489 9.136030359747682
-14.393619997863137 6.078446962184433
12.923652978246778 32.324960789301599
39.373366533084166 -18.986401947560157
-0.116359905420335 -16.155410513469580
18.408768418553304 4.298971178905236
7.088472878746288 -46.427291606056677
-2.030792091339729 -0.409891617221549
-39.655897005524999 -27.226959633816762
25.810109267714644 -2.249989020619505
11.335650612756904 2.967891693830312
0.346187279323056 42.285304128425587
-0.167885241771589 6.516973650804972
19.427579923960852 -24.910673168212682
-1.898099644493384 10.206676922380561
-8.450609618030976 14.268111183472293
6.685838701646588 -41.620586818052210
-24.158125796140489 9.776600120107027
12.764894917613899 5.644921292311369
-20.001088272944994 19.883390176404241
15.292111442428993 -18.458554439705129
15.036871439945358 -1.184010076768454
-28.314701939544374 6.657493840575928
15.447865159326588 49.616467748748150
44.421122735624742 3.150998321309062
32.132153271196636 -32.045227255175291
-15.326040568587494 17.606152844590795
-22.346091255267886 -24.075400505284314
-16.354614464666216 2.051948636438918
19.018347475408351 15.199893350537751
23.345847959763542 6.973147594402124
-0.068817446907010 -38.767519276663677
-23.266263859874755 27.226179753479791
26.066510603629201 20.807141533148819
-1.476505137601592 13.663996766743196
53.691000123309266 -16.387062157586609
-8.453214463261624 31.006451064398686
-4.687850055734682 -7.030700007727268
-3.444123111787237 -14.784315149876321
16.352636116685829 -12.377557958637917
15.018875378176785 -26.196252513398996
-16.087691491213619 11.773504907468963
2.621725588087941 1.988994999797540
-40.397134540471932 -19.839689162803225
5.441895602709634 18.856898349894593
-17.214575946139249 24.688293044913234
20.341593851678383 -10.043849791665025
-22.822428841952149 34.378562410023257
3.809227130340335 2.041988329844121
-28.876322296908125 -12.068483826306165
5.664823916022329 9.082634591921723
7.986741563570120 24.606606421881551
12.430003932666265 -30.206947253769279
-22.747106892802602 -12.140130838828778
-26.086684450127770 17.586258333892040
40.869667741471993 -14.229289182686225
25.776359145958438 18.037313930762252
10.527903598567091 13.452068850481659
23.004830887825676 -18.454001098100498
24.599295932853654 -19.378886201536371
18.354103897063553 -11.569080177200982
7.221478803276089 10.471513563189976
17.692769513130024 -31.218430564298536
-38.177343082164825 51.763018854001579
5.381641582086588 -12.350853448057673
-36.772114665710085 7.191504026153455
-10.713821231071806 21.057184603044330
3.455911997918814 -4.268914961541140
4.301617032933090 0.806578905717343
78.927729837174098 1.413753545389495
1.958478180758887 30.225351354828000
-52.410017938083236 -18.291485575457777
-23.966645519005283 30.949246260798983
49.863632362047191 -18.094767541685325
43.557482159094654 -9.314899635364071
7.832923720226880 19.102345879015090
-14.607673023501354 12.570578757060890
-12.689722534932704 55.037194840715841
4.163551113866816 28.887642265955495
-3.298489362488788 -31.863878432111942
-42.994928874504126 -20.496181140087288
-17.567463516622482 66.432184823903754
1.776110376627110 13.531678776045831
18.256408123658478 0.144324571166252
6.980580566335177 -2.265543116076415
-13.343987265878530 -18.657647768568832
10.243640399216371 0.960081608589738
-34.602287763726814 -11.517781590683182
18.852388497683126 22.346720550613536
12.586503573299124 10.059616041685588
1.372298958401031 25.669293608921485
8.321276896494476 -5.700485023047374
-2.781748738319149 -14.276934703668202
23.888605126285007 -4.513360836173693
10.268572236995690 -32.465892954411409
-5.147081406184749 22.688988022315588
15.713157609729265 -12.842571959348245
10.000249283926907 9.810621107141143
3.013893461517275 -28.104029012209519
23.133049375935830 -1.354871215582440
2.071287501040270 6.838161714868740
-36.175413350739284 13.905430087024488
-0.935545497068572 17.747941387397695
-20.548376698780810 -5.054046976211503
-9.738960263471260 -17.311261867219070
17.656398100125436 1.167341168272882
-32.092560004436699 15.959824418804448
-8.152539133748119 -21.192086232046730
-38.912509572810038 -21.277550083919660
-18.988810536041832 9.302977575779778
-16.536988696881668 -26.015316044562383
14.552743076647300 5.041418622241372
-0.206549807278965 -7.406237282557832
6.963164040552527 -1.221734237188506
25.628669671443717 14.753680670793390
-17.797564845128026 32.489781719244526
39.604799864282114 -2.994573820104476
-21.677913122452427 13.441598597601972
-4.443474096950321 -4.784724906131227
-5.136415270362456 -28.367960877719320
24.381765424340077 -6.069310533370111
75.511638956593146 -10.018278637016916
36.747763234929280 -8.818057621518445
-12.245965050000665 11.475339161002950
22.198795848107718 -4.146095292687939
-1.846908385865015 0.949312949481927
16.877225508949738 12.369009977310233
10.206775655852084 19.871588684846024
-21.111665352636251 -2.062876983630262
-3.126877120943278 -15.860181492845703
1.854437772219268 -10.533597122753870
-11.333383163306319 14.986383531059776
31.432671933304249 -22.601700988069489
-19.673244119688786 -2.089594495418138
4.985887534132967 22.688041732775918
6.817792905060669 8.971051519790040
-9.459894023606644 23.314975925874311
12.307639728153397 -16.049984373088254
-12.854152718697851 17.289965067075748
8.654783376990711 -22.708587131310981
75.004632674432614 -20.750435929840670
-11.118485026568242 35.881571259111603
14.241955686843546 -4.969321243094288
1.780216023663287 -6.526287754838487
-6.031288572596755 30.346260009044364
20.747444212267336 -11.561187888136217
39.048571621172108 -4.926743795352232
-4.787903747437253 27.437868105121325
-11.814242762742929 -7.786487418186123
-9.906640892989227 -31.361785463285059
24.311209931767227 -36.669117625455044
18.452578707272444 12.667041263454665
-27.860401900505838 6.242378003913895
16.151514692081243 0.911011337567244
4.458410642852214 9.748020009185462
-32.032260832216913 -4.184756205869930
21.595074162532484 -2.286788069048979
24.525870257607522 -6.235935629850811
26.919033583765447 -14.510684489407177
-10.327209618469499 32.338769887565242
35.574449566378085 -32.752596938819906
-14.179833704537357 17.622618492912547
-13.712596701847444 18.776934731078363
24.259315519204456 -16.297881308162523
4.985578787221002 -57.873265849711309
-9.340109379398186 -44.075563915534879
-2.942203561438924 -19.526653877581928
-45.178088987377585 -35.068726527302367
11.065568055305517 13.811801748855633
-37.092051087280339 -65.506930630117836
35.691404919302904 5.710506349904921
32.639877820956322 -1.153245661189052
9.275269099694569 -23.767338057884864
-36.471162858030624 -18.803303861103490
18.230000526299648 -12.893493061686897
-18.542587340080189 19.958993503796098
23.848630886183532 14.534665249173853
-46.904098971816659 31.502064764427846
25.615801692363302 -36.841735280140668
-16.874833616822190 -43.848210887703459
-30.755218199880854 -24.310058000157007
1.537445723756623 -0.169225359237379
0.435315053294630 47.464286363983867
-13.071969079541208 28.424289928384926
-10.498209265201011 -3.673932767914413
-27.595392003160480 1.838232073713763
-32.277433836107029 0.563313508760815
12.550992451766048 -7.686517277445020
-16.686221544157437 -35.106946026865174
13.240218761433118 -41.315129575282718
-32.281894809507307 4.738716573129573
-43.909872061580344 47.948159655209757
-14.632454753995763 -17.734405186947644
-19.321416922245323 23.224967923501701
39.698190576148967 2.672077221571205
15.655755472429115 -10.284170973731317
-3.170459299360981 7.326225229380401
-8.614282708804817 -42.146400779192241
16.673999982588537 -8.803491868597797
18.340095291391396 18.801744210350545
25.474199785868933 5.948873472885880
0.242567295329789 -32.216274182139053
-10.188590653970280 -6.687242244276146
47.507032595347788 17.469039547664217
-2.677022756489961 -3.918205006626224
-66.972854793853017 0.197048118622712
-1.904744156734246 25.879587950003614
-3.687208500659846 -21.265351419231614
-47.838944943710501 3.039990151326758
14.125007631424236 -4.470278178972790
1.566596714371806 29.605522807943412
21.910358324130641 24.655713207316328
-5.937661930721054 14.693651005398467
-14.858797354656666 -15.640725244235339
19.943568526874017 -33.497350332161560
-55.104452828975347 -10.301175485950106
-5.664142020418484 6.975968222833020
-30.692237746014854 -13.619554203188198
-42.335880587446987 20.080373320113370
30.829966193479322 -32.053684894390301
-5.113215602630131 -28.499704358052181
0.232456061614896 5.283240637441535
7.851112679451211 -25.227084295412276
0.055226805714473 8.334422807331858
13.353639870236170 9.234689972896518
-3.033357442714487 7.888572482438537
11.214179579777216 -20.589866902918271
8.873753641243358 22.192476705740333
40.927275848306607 -2.233960391482222
30.901214366187947 -4.003319052470792
23.641631846567652 9.889836299038123
-13.806318091202153 -9.548933486118024
-48.684122717692439 -22.707090629508574
-31.344483363599359 22.404109579553232
-2.242855566788781 11.392819471142014
14.512735032642240 -11.330009820345118
-27.366117159264380 -11.409130018133604
9.757014915934256 -3.699846462948662
11.167986397069294 7.384262504909911
-36.135108955291507 3.117480130348049
-22.296006827498946 -16.034117861082084
5.196744648076034 11.813592646313703
22.671107521233548 -1.400940333252289
37.084117594506793 -50.554420136227492
14.022858385196658 17.339314419481219
31.360427108172701 7.612423602274768
0.883926598389713 -18.421934589840433
-21.835509841000114 -27.522044104565609
-36.995285231555016 -15.712066264496233
-25.268233162057477 2.647231450675475
-67.861737889709886 0.665326049391597
-67.132478641755824 31.801164847845751
27.757682612162654 -3.855296202854598
15.902127157822250 -6.022001020742313
48.382521009044822 28.093556845321860
9.765029861539896 -31.831189335855523
7.847940659119449 -11.688838718522909
13.233278082371729 -14.374572706150806
-25.221085856093282 9.812094722504408
-35.733433411422077 18.432716390016022
-52.154345420739119 -32.841855858211069
27.688611853866952 16.280734662845276
2.085876462208930 -34.977399518244034
-26.057913536243113 12.686801199391503
-24.922035841108883 3.674384098206445
18.000327915949324 8.984402908490917
23.592840648598685 -2.695964686245882
36.482064590654481 -18.177545430323551
5.855744837479672 3.859628398119886
-4.215406209485764 -2.332993844863170
-12.721856131822532 33.083510513837062
51.667700435383793 5.085150907346925
-1.563939472921222 -0.027002171979533
31.783885597325725 25.252506378589690
-9.798821687730536 16.084647855845983
21.280566792894156 40.005576656325808
19.505258125329043 23.330177310960241
-8.234751483618924 28.256836743899747
48.493367093743636 -13.541973562272387
-7.681030659949603 13.388420075568481
-32.664021554783787 10.439899418777200
69.559530964795456 -14.593942144405270
7.832281830422340 -34.282909421019056
5.805979788340148 6.495547806550289
-22.360606193983052 28.844882608874066
-7.384122968096233 -15.908627380880299
-16.141532988293964 -32.531771059327546
-61.790188971923058 -14.692312487529462
-6.390171137845323 12.556538901037953
21.718325170958003 -38.524251995527273
-19.736572054966494 -33.182464336226751
-31.031678645277413 37.218324817674933
-2.445524190190166 9.768882873441925
10.328078131383570 39.939862912599629
17.180869618467810 23.367096204890551
-5.555155146906069 12.328564032006001
-12.517854001893914 -23.204577628378356
30.570378155462510 3.276373034463779
2.051003823224587 -30.002778427770338
9.528089653100064 21.281770188375091
-24.643150831112820 -46.812210820310703
-28.156527984170427 -32.884503444790973
-5.131900209081170 -4.707793640095152
-10.682069424621092 -32.241034007056037
-41.459659291550260 27.885077374729089
-5.139598346709690 29.285170100590264
16.101630019714598 22.857901707651365
22.218197039519485 13.026753462432998
-6.643071858924047 -33.180855795414999
19.677580846224533 8.965129966536258
-9.582240602325641 -2.655781193024985
28.193187963638657 1.969063187775240
-11.155645499177901 -33.866635286630213
-11.813935573395243 -21.751289811611471
-3.005248911151867 -6.433867929526754
42.660379422551358 13.743349145611544
-7.166488998995795 -6.891456403822214
15.107639865959857 0.104299233102991
-20.849768667433754 6.826354873202609
1.660786452992614 -18.851583833978296
-15.246956662180171 -0.046077300697425
-38.811590588745958 43.144248923011517
28.878830448082887 -2.343615415161123
11.196903856849962 29.052756689748524
-14.315327281582608 -27.827318823822836
2.642198559958180 -8.105218786704837
12.957424057852412 25.012295245488556
-2.280824676057352 45.444911545428738
45.332015728993703 9.061381340503532
-39.378667200890796 38.511109064585050
-11.077222892840782 35.246315182326164
34.432819416157557 -23.921493022847923
-26.981609172049303 3.103880657617196
-17.560409173593751 36.151995829390415
-9.596865959710151 35.905316356675236
-30.760925141237983 -6.575428756656012
-42.256104016572152 -19.879366081424386
29.387105712354607 21.258270716318762
3.132228423200068 36.470429816414445
22.646801775703103 -23.276497306906133
43.644800833984839 7.343301708996448
25.940300541525829 2.233555540868564
-20.074573659835369 -10.513987652774192
1.460055606034912 -39.623913260929982
17.819832871639772 7.483852981444286
2.138419776858390 1.626320386669526
18.995365466373798 -19.941421915963094
10.691145490635654 -19.975976120034769
-29.240747167289957 52.192236339396047
17.119130598522975 -52.762817856648617
-41.249952598411276 19.714487083699009
4.552442711189634 -1.331149026293295
-10.287495551551743 -6.886365245923579
13.144733361147990 6.904679430699334
50.919082672802190 -13.326253192654367
-3.655277801194129 -0.795890964711400
16.799597550938927 -29.278514918361111
-31.153923859604003 12.021034132774838
6.570740392291644 -7.384079148594206
18.444465170209874 14.339969568735365
-13.669474441169216 14.125677466195569
13.124059550258545 30.551124065065373
2.079528130076397 19.956724277222680
-0.443568217103967 -22.105072877906927
-16.231443663531195 -4.654430331617634
-3.763561206498629 -65.292881110436284
0.421862713590931 -51.752691589320051
14.755569509358132 -29.431409397631956
13.619336294284700 -17.301366084284325
24.735378348956935 -35.840423680357226
21.687516189269029 -9.515477787970841
6.637481488283922 -2.438898243370175
20.785047770434865 3.596373782598203
-55.299369700759776 15.957607728105298
-26.983977655752099 -13.258779506005688
24.119866406536712 -34.820268887954462
-15.181397678474235 -24.739799655958915
58.100827643154133 45.214966862373245
-5.696016004354707 -21.797482178678450
-11.319942137605919 -2.660204985816305
33.542971647336934 31.943606463712172
42.574351649668984 3.786545176622330
-7.875622005226790 -5.394648477624485
31.418308756295438 0.895098460243934
-8.988390440306809 7.332039673867643
13.014094365209552 1.623394147124419
-8.636958507439850 -21.198521354448065
21.153900411837981 11.021046055692144
15.115262721120066 13.645638550234054
-21.926669654506128 33.216555123950599
-34.324885262699233 24.104578760114908
-0.234512401752489 -31.249797935761279
-2.603725278107324 9.007414132086515
13.874382226556271 -11.357242200680023
15.470552555771192 -43.262066905040164
9.959900961393068 -11.659563482570093
-14.397823894198819 -6.550997070951776
-1.760293820074919 9.780516091212693
1.752614684539314 5.155229540679484
8.960326816700354 -7.273198828015109
26.160772312762898 0.350959346928828
-36.950764829644726 7.956537370396441
-43.774292427438546 67.156867581808385
6.509115806950732 21.050710366603656
23.619651999261752 -21.055996941599204
32.175691462500794 -16.296251921315299
-20.055612010408417 21.231010794205734
-45.678863590480375 1.210166291402800
3.356401529737574 1.207820775086996
-52.415719637113803 10.854592605698677
28.698086162720788 18.498691901873340
13.578595538165757 7.886977273569240
-46.417639289353581 -17.602265301187664
-45.736580351869662 6.834768269134703
18.236136860240169 17.125221071842510
9.759308587359339 -21.360790493633122
1.324708455088101 -14.048099976946498
-44.120816367377181 16.145551089711017
31.030183049216099 52.273406524577538
-7.202773204931368 -14.428442594440380
6.999058564679244 -58.694544981916572
-16.350719098466215 35.175142334939991
38.203068018426471 16.956361156695120
-13.335403150479388 -5.725320882410925
6.578141315752615 -1.947869731205792
13.128625775444599 -38.018993248091903
6.158476652430589 2.710096935456433
-36.936683282001560 11.260179244575305
25.811111001856435 33.005785399386760
31.143617846479472 -28.419193808208792
10.878427204650485 37.344638090770360
14.828857447774634 -42.276116079575026
3.022271360846509 -37.176205700794519
54.565910135398319 12.055546958349176
-18.070776245183549 -9.953719391741718
23.085506328326925 17.012956128738352
-13.788374449317056 -5.099723175057004
25.711932040855825 -29.510501728047878
-16.427347688700380 13.686685303197009
-17.336170654594557 45.713195557590360
-16.456170312234971 0.271220219864753
5.661214126901932 5.568299571027957
28.516249230689080 3.057810117474784
15.262213284122621 12.474037639073858
27.451932302820531 -25.599610148865025
21.648937410191650 21.358980560596898
11.592038884035945 -12.990003771295163
14.927613421167507 11.928672627904932
16.128319792827561 3.815045563248134
-5.548465214852190 -25.046706727920984
37.517812802358705 -5.744814802160632
37.028302556039989 -35.478280544353858
-5.453003377973464 3.912803141636512
-27.434973776019749 -37.795525333053206
-40.820222379971220 -7.722743096224117
-15.585031950065448 2.154284375655037
-23.743128654849080 -35.922927542682146
-11.637224051578693 -14.510732500215781
-2.967657816481005 -30.577178519648534
-6.395339894015345 -30.137859485459845
-16.534375251846189 24.382979343081789
6.575643826647369 0.851747628413812
60.790680960746478 15.853557419091947
6.261989689093036 -20.323154961975742
-17.109974082580308 -42.211908870157131
-9.236554081843991 5.249293871911164
9.158512823200017 27.341206933453179
-8.111265867350347 26.114058493727221
33.841851342251964 2.726476229266130
-26.536009327528241 15.923968994023054
10.165483664655861 67.369367908607387
-24.625085440812235 19.224190562853416
16.698252781925877 5.008445111644241
12.644569684060629 43.620796419948569
-21.062782092713004 49.259664484853495
4.346833089427236 -8.130818385671866
-16.097899626623096 -35.469598465620997
4.684725172699774 -30.581371472898145
11.469252173476818 40.157631517940388
37.423719843207792 -0.611163865583348
-3.882754115884989 26.191369495126956
-31.927580965244971 -31.577862797768400
7.404040380340431 2.825252431378646
-5.880200946931205 7.284356848028386
0.132803937336903 -3.046245920003890
50.500035786316481 -16.400209642514817
12.422056736082220 10.127926092380626
34.228700890131698 43.219511491827788
1.123828946814839 -17.129587012007878
-7.503268068102496 -20.848655934424976
-22.366517792281705 -16.896203098748845
18.799624060056630 -65.126648372992619
-16.785782488677683 -26.997660172728523
47.590264852074682 11.299810757434187
-31.200881441381942 -7.633583124595862
-2.337829808344209 17.965883080908288
29.570290323273053 7.268986455029557
1.809451814293143 29.911088877798605
-10.581312865813912 28.916872868463457
0.370271133413321 1.768190995823272
-2.154827387900326 24.368246765950346
26.853010170210872 -15.510195745961552
-13.439289358208853 13.015924369135156
14.655759413135211 22.202324044532570
-2.458661872021530 5.646561983715339
30.971915347110368 4.149608635533845
21.252497888793215 -3.617070065349394
-1.625251210254175 -9.562971836318225
14.299975673684356 -4.676312145339512
-16.796586483670019 -13.519681605794807
30.829146778210717 -3.435123388471691
-47.821224154407517 -8.631782309553957
4.964995545276491 16.366741060398709
23.732402819486211 0.248278447235929
-14.091965479537654 -32.524075868050026
-14.141709049289583 8.009108563893482
-44.806309967618468 2.130183059618019
-9.085093219354691 4.390605194572147
7.127975098249124 -9.901471115032615
23.963076070089350 41.426623508768174
-3.532619158884271 47.863345265223600
-17.767504753752540 -18.579768638367494
-47.433343147118734 44.315027205430439
-35.107254317269501 1.662478977967586
3.078726943547164 -25.724082959110451
7.214878460492240 -0.678125951817275
23.850995215476782 -41.032360684195673
26.549212679224734 28.800911062434437
-8.988477894775198 -2.089709734939634
-27.364337069710690 1.887610706451217
-32.399631176116323 32.636294226792579
20.832840043529945 5.191162320605999
-6.339085898289709 -25.808543305085440
-11.029108288897396 2.660955948787523
18.963498446695361 18.399565410129995
4.261950407313504 2.326761397959754
-29.571399702819907 46.335355405516836
-21.143202150065971 10.998152579078802
-19.552095277296250 28.230362172714656
13.770780149454877 -4.049914878740360
5.136217530551149 -16.857949748290714
-32.272383703863838 -25.034047129560598
-1.728779824670466 -41.067943417578135
-42.974988204653670 10.374900180047041
13.255987238219376 9.324084739370496
-22.828669408848107 -5.211615762816558
-7.396784305341644 30.012570776635314
-3.006050145363197 7.631669631915440
12.386121520459515 26.109084739297177
25.262533538325396 41.689971411216966
6.124610904010745 -38.152590206316653
-25.986778517778490 -6.550779254351661
34.415702442977377 8.502994309960201
22.430710018052253 -62.525114774444319
-7.335276642127199 -7.872345712908070
-16.162296751827270 -14.852873730500873
-11.536743167384522 16.895467238102139
20.361885652374450 33.312730721139729
-11.854239288543900 30.377377907926000
-36.741209074832391 -41.198817845185530
8.350178666521462 -13.198194178392118
30.119964816612793 -51.231603794175818
-1.834856910687197 -24.009594379079420
-28.366562728827986 -10.201593520229146
27.930618453967753 4.163821823118993
39.645889084394604 -82.154209861384530
14.385837120519621 1.142560440070309
-12.237116383213712 -4.179743618205256
-12.560391068265529 10.185731370926790
6.901415913677186 3.035212876959811
7.546591963208998 -15.443631425802465
4.207118710608017 -8.547298359491526
-14.361675401839104 -43.966429051870605
6.581311346325245 -9.412426137345456
-26.548964652824793 -26.808784577043209
-26.344745684023060 -8.312709083941364
-58.637074506644346 50.485033855955123
7.667102556569429 29.195767687462308
16.922138495565324 -32.023377848858509
-23.794868549587857 -7.092883446286773
-2.405970559510164 20.827854326055178
21.737049175811354 11.743091008287930
13.931452867385737 14.269232352144867
-28.390613820397753 11.627335502266689
4.638986758837112 24.631332024715199
-41.143279463757558 -10.263757778589961
-3.630344511030004 2.807948073793241
43.267630357208120 -5.341100760923171
-64.902885222492102 18.188221691969051
32.935213014267859 -36.418851260984233
-12.929794185837926 -11.050310420135744
7.497456809559867 -7.910791906881552
40.814723367070982 9.679427910991800
18.314905549245914 2.866312941002447
-15.041022227925403 22.428883828641027
-17.996332702839251 -30.856927102423480
6.237069260723334 10.544332053462691
34.992996274158934 53.984856858854769
17.903196241379902 8.674738229539789
-5.645164618233152 19.776946818016555
16.413349330738495 -35.075583304937602
33.184217297260567 18.586961981484304
16.752683230005506 5.402836679055548
-9.348991785303340 15.316431450737230
-5.346459538011336 -69.646909074291599
-1.687661755673010 -30.257909282627281
23.749862151190985 0.302999933565510
43.285393632052944 5.275404876105678
-3.704972414462197 -55.186622495916779
2.015009209172265 -37.200048252205768
-4.112317549532441 -16.882952742851870
-2.541103897178105 -5.755151706816188
-0.331527970268000 -16.929817226697786
4.793650353356466 41.564281693232346
32.672598535990907 2.732713531084189
7.857308627471623 9.030239841932174
28.480015319016271 -38.677815084650483
-19.779048947554514 25.604617359345369
-21.966863083549114 3.646734226076910
-13.752681920334929 -0.935614773520157
-24.274886068767515 -12.274477382334126
-24.897427332908602 -13.696363694687163
15.051578574986790 5.484377718278671
-1.348808284567492 -37.523000206272314
13.504937069724704 -40.271493201183617
5.362826334359560 -23.332089309741196
18.585315811389719 16.083653181491993
-5.995657960548597 7.960640473620858
-2.889798196897490 26.994002084557255
-72.327625984318829 4.550491684565214
-2.789833264441604 -6.858960968177304
7.823207258624906 16.561393997281694
-9.252353023368729 14.679536499173018
0.473557757935205 -46.247386894352978
40.537246747171537 8.721823951952231
28.972535842639719 35.278567295850074
28.992415294258759 -44.691694803742472
2.699487706119230 -12.750739379901434
14.958709847248929 18.116305121341728
18.202760858319142 13.433460084121041
-18.914789972540465 39.798425330210513
-7.015101303735843 -2.562558949807056
17.939672487707718 6.030811758090251
21.477751114067054 -3.547564824354159
-9.320147054918257 -27.846757786836527
-3.890587631723335 5.659825738032056
-29.613445173378715 10.304077434867359
41.459259787404029 5.620072776481407
-49.952436067703992 13.687464584716757
8.288208721012362 2.944386551780728
44.652985596713989 58.694847074329687
25.009207666287146 -6.941761660286124
-21.060681383775833 26.510463251629087
14.822516057092383 -4.930246599245250
-11.743825186521738 -6.821242055344164
-27.238129182613562 13.575168209000566
-4.179922415249522 -11.658542822427624
48.041291974758906 5.617599316330399
-41.717875105914132 28.642264693390853
-19.995987986755985 -11.361018666484783
9.412781126271089 -6.680083735274603
13.202302084500836 -6.028376757862719
-31.371092704580906 38.382219672126091
-8.031826090136905 -8.722492807171919
7.362356135404571 -0.371557888195519
-11.380304361145674 0.762317984720309
-31.158092260907786 -16.516351556809418
22.676738460647950 31.620509368061448
11.864214126373909 -36.685682533512214
-12.513167517467796 -10.754882040446651
-5.356254698116548 29.657295348291790
-2.512507070189476 16.244332827468046
-2.724465852615304 -14.883679723552598
-12.648712269508117 69.182127922666368
16.925150297260036 9.689981554124492
-11.525705273753195 29.502139164603378
28.050274714089827 22.687814016672863
26.990911759422755 17.864398782449683
12.330913345868661 -13.985878463754654
14.911881911050862 -8.832396645366686
-34.672712098839014 -2.546092520274700
-0.692575703057485 15.065389408072807
20.312538963307976 8.129221789492922
-8.978192201666634 68.170583561775530
50.552687876545377 -41.553375656576705
-19.308868801666655 17.617127760683186
14.873446268988205 -16.933947537993419
8.796639569983515 6.208807987965305
-2.659218638544841 18.846390073456540
39.393254689605683 30.505429219556152
-1.751740189009796 28.365380069612542
30.976522752209160 15.267060629036793
22.427983531844472 45.200101642229107
13.660393005288665 51.250696238077389
30.396711921860597 40.147518376282576
53.625436529400979 -2.431005983025507
2.449056546188559 -40.356477393022864
17.146959165891580 33.533239346714900
-9.406861302692352 9.412396370358895
59.557913719815268 -20.668750618702393
-45.854551768249387 3.156260237368877
-19.295401221952115 -16.872709566704959
-1.209568769980461 6.905117624388279
-7.006229678844121 -8.701771864494498
-20.133599133268465 8.855210965950009
13.739043974656393 45.979143543879076
24.719692362959794 -40.794013944212338
2.170640677343591 18.809096155570643
-2.474796816012720 -3.900536274503018
-1.250229978245455 5.988519513757322
-18.502303186246650 0.921972444921335
10.365970918595444 16.910782183844752
-9.645958708275424 -6.326836544903356
12.067973141742019 4.143232599437342
12.177651083703839 -24.730533164258475
-10.354446190699749 25.284892894149124
13.808549544460314 -31.220064428885237
-24.535236489668780 0.149174199178284
21.227344475372778 -19.925469764460292
21.117731773200614 13.548870931931663
-14.943128027568001 -4.129710829823551
45.879396685487634 18.708836286891255
16.884579187863316 -34.268561472050514
-4.166618588098042 15.252760410620889
6.870150171641012 9.393788897001448
-8.367938939336925 -26.719496628207125
-54.589260061154825 -19.472752083413837
-88.093280661111223 -5.046015259917334
6.556009315715323 6.192381012622819
-3.590670750638673 34.689953227531809
-1.001935832707900 16.420988962543404
26.274699739607058 44.337945228209030
48.329799046237660 38.524877508165858
-43.647671865275136 -42.694431511265464
38.343811493466333 12.924203275673557
-12.477447451522478 -4.074226053447191
-25.667040138154409 -40.256572694494423
-41.719508978239809 -15.985985287139647
8.126504670543337 -1.158579890083366
36.950073333088696 -36.846249078405798
-10.262061443422265 -20.791529729601201
-7.873404280041000 0.551105617670025
-0.981021859934910 -17.374081887749067
11.359951607135207 -15.656814854324422
-4.202462531158954 -33.732716811799214
13.545563752804741 0.873618771552508
-0.079930700820460 -16.713435093370819
-6.967872701233684 -27.899226256210838
-41.269777059649449 42.611631040720269
34.742627491779153 1.842730709233345
1.328601744340470 -2.802509414464279
10.642974301372364 21.631863857077008
12.377443684936340 7.682437034254694
-27.599995290215183 -23.684453733477042
-4.618007680467946 15.587188702909396
-0.347243229028903 3.217918767641891
41.729941815705295 57.585023540969040
-14.217804347536605 -19.846537131775467
35.381975341657956 -26.672018911387692
45.182462649811306 40.658489268249951
13.582852158484657 -25.888968738141383
0.424061002159649 -5.210191145077313
-13.674907224237661 -10.630963009926305
8.723230044074711 1.963959644439131
2.581261321744892 -34.736361179041438
4.465703081701161 12.521202820373952
30.232341673662194 11.952439908258187
-8.075867903537750 -14.373628875529930
12.454384720687473 -28.540762088973587
-4.226203738521264 1.901458655872698
-37.975479293389668 -13.373780218710403
35.648907800566114 -31.333180226151530
-29.026778936122746 -14.647156638648013
-31.527909437887335 51.492361676054230
-20.759326741937581 14.689584397275755
-8.211551213177147 -2.757292329992710
-58.832228039358966 11.073150159782028
-35.343385009135439 17.400740133108300
4.093878270380952 -17.466465148525888
9.981637798377617 7.603107446464464
-1.511874514659008 -38.699427015043689
-27.862447025390122 -22.332250096884810
-47.378089269396753 -37.221842379212603
78.597513721363384 10.672969649195334
-3.974768334125169 7.794214407363289
-25.336488611582944 8.084053670948320
4.069734378634015 10.095657611009729
-34.838024672772846 19.701982235524572
-13.528768634610127 -9.954075255922634
5.220709808392240 15.347590532231195
8.551154572463027 -31.877772900617053
-16.888760753338634 44.703904892177171
11.822754676689314 8.826008454147193
24.947238673319230 -3.357797457370723
-19.126968595219498 17.567136536411603
19.304709302119885 3.111002606674256
-43.742494677475904 44.225667604051083
-17.423243006016211 -23.328688116137315
-3.792676872351184 49.535162886068669
13.568741009405642 26.602945439020228
-1.771955527431940 -7.664261568798366
-21.357186132886991 8.885893736105272
19.823836035373013 -7.385745662266693
-8.240320917377025 -7.486258655656795
-39.550759735621455 -31.368690938547989
-14.474740825704041 -11.242002648923656
-26.939831004763025 57.769098987983881
8.539828662675106 13.933560363518980
6.246481876038230 -38.123516935674608
18.882278791508863 -50.091707875793396
-7.165402520036682 7.263425301497128
6.862891814682608 39.868718991434626
8.889782366622729 -14.242498958016061
33.750298873598616 10.756123427521679
-38.417360813566219 -11.757574433323436
4.856199456056395 19.363044576916764
5.249291762627177 30.054138837225718
-7.887107012478014 11.911615666334663
35.337540651066305 17.799064020756749
-16.398296046997984 -37.386632442201261
22.669985896050953 -20.062495688998524
6.778362267056303 12.964284742995957
-51.313118613429026 -20.204781705444844
-11.508267179203632 16.609871409913776
2.261654232571790 22.119027872406551
36.246577046668740 -18.894577657326401
-45.401322778658091 7.840094928463440
26.983929076744904 -4.913354658268153
-15.685924538433028 -2.278559760385883
16.760431613471692 2.622458765249021
32.771066008150392 -21.768638040726504
10.298898179809862 35.140083260738578
63.678555414330674 10.625564150641726
-14.473774462455628 -14.403113386634921
-28.153960515185972 1.431211352449561
-2.952529271291868 1.775054037127000
-18.361965801921663 -8.172170487640246
39.537792838857861 -23.883882840866743
10.884185690587110 -39.941976106873831
-52.782913571810120 -2.018835427475773
-46.382240877397784 -36.533327592548979
-45.328058087841420 -11.691355192099479
-18.984708314351288 -22.409701166582625
6.107033161622168 14.200127769906178
28.304966437568339 0.532281970307832
25.044890294842467 42.905822789234151
8.550168966328078 28.789295166070175
-6.797973326265013 6.701125051588836
11.511207726400432 36.616439682161790
-17.806266136453804 6.953361935749115
-25.975256748332971 16.356384073336553
5.637608343718800 9.291200372764216
-33.282136573446913 -47.672840683924505
-8.486911637140599 39.870645294291684
-3.776919779307517 1.554999377977187
-39.308694222992692 0.057286386458522
-27.841800218268325 23.168997736392370
41.026313349601210 17.811470001355069
13.948145716020438 -0.827105649547598
26.981487597281220 4.504240574232630
20.866792369574792 -27.975577256013437
50.744870327020230 -10.236306982141958
13.397803236478930 -8.789210784246677
8.798788347233476 8.417151479770521
-30.776609095541801 10.255555829441022
5.006341722044728 -0.291154318179281
17.267249048839432 22.708329335910104
30.245333543109041 1.348982075397817
-1.597572928021319 -35.147832935029953
-21.079144043991636 -21.941346837168769
57.869310954612445 -15.801288902173315
29.876041200428347 8.831823916585252
5.418981184906138 -47.169153305026605
-19.463076330116824 -8.841288955127020
5.175698017844720 -3.791895915226300
-9.141099775890618 -4.980244447153177
-0.069820339322077 10.389453337489499
-21.516234770717826 10.209173888892421
-24.435341387628011 39.579056540066112
-13.378319691966828 16.677032269126034
-5.846996704129302 14.965569823286033
-19.955447652982130 -21.744571610278129
-26.889717392002012 -15.587015961851682
-8.641790738623737 31.276329639416726
5.043084520718792 11.076917336562058
29.472692012232887 9.208636647262773
-28.790295173838103 -19.256414847247026
55.872390907910606 13.907625324452631
7.524942683476673 0.012250135675597
60.358345667144640 29.422897275635925
-21.481364675312303 26.281815245419814
-13.524010623677960 6.701828733869465
32.748963130157733 -19.769994198944961
-7.930096259033905 6.314493167977628
17.425443555906543 -43.706120889565220
3.228433484482490 11.402962473121892
31.694546624390121 -0.553205804991233
21.099114111416494 16.634244524671601
5.540610450309345 -16.332661730242755
-7.601694685595727 2.353456859051458
11.805959080390982 -29.550108578189093
24.033013854976282 -17.819942456220613
10.364031319235330 0.002643600779837
-22.431855207953660 14.037628303623221
23.429945183510984 -9.099915837355756
2.497401148894704 -28.656296280506741
-18.321058403036854 -20.395088464145335
-17.171250290716493 -8.037737109188251
19.615353485272212 39.052723206654676
-14.259711860639840 45.673208696325077
-34.349775289865796 53.152370134870488
9.577694888206665 38.059217370837082
-22.839413802277875 -34.600861638285274
11.277337722729973 19.324132928060163
8.794825034640271 22.874922969338318
-48.162263965084144 -0.374262615407924
-15.518017099051479 -3.878657684112478
-40.006191207014957 -11.071943220461137
-8.503171950510463 -1.884142136405214
-9.179040880551193 -3.456947807975805
25.248228795817752 -38.851980482887015
-7.033706046681407 35.607357364378664
3.135338652429112 30.712002316924217
-1.800750458631617 17.275669478847266
1.443798347748471 27.700847291327047
-14.451218798431977 -53.907181458861935
-35.481794156984343 -34.109186554845884
8.002563470010179 -8.797460754656731
8.963001736820949 -7.092406855521069
-6.923239592344309 16.829053664892182
1.407432253575768 -23.408042100060143
-17.051946808340283 -20.722536656348645
-8.294351843003922 -2.413525875859222
-12.391207922146647 8.987386470020859
-14.480126520738235 4.619537308920023
-5.901977415821140 -15.336445237004689
45.401637190248508 -57.593235836000687
36.138282122056147 31.738986276470296
13.925278641481240 -14.878828640397343
-38.513995429224273 31.532389886280285
19.592747883625115 25.929878961189239
-8.612079617956288 -37.474600281970112
10.145771544372522 -3.612817667354801
-0.758775969106120 16.373560549364189
-33.569186233750486 -26.817763012235616
23.945164426849207 27.773503215144000
-14.834708147224072 -10.697809515710089
-0.268223556466126 -1.340045634853475
2.195379358351551 -1.454591748012988
-15.852683378729591 -14.513863396962119
-16.917376639323464 -32.875151927202261
-3.703998324016585 23.476076647012185
-26.197972751667280 22.240500043152160
24.979350415133151 -9.608248936052370
-4.494788410746122 -12.019115355224420
-7.262169098952838 -8.209556109653155
-12.720904418041007 -26.157971283922627
42.125178848369195 -17.778154765849333
12.809556246049352 -17.491024609947331
27.828411140341579 13.208974827732101
12.281864331183790 15.225140740144722
0.276255973496669 45.086503428833936
-7.264494462352945 -20.866945167650076
0.212081667666780 -5.038305622250007
-22.456223330566832 -27.256978054327629
7.779084953667901 -29.396158421725673
21.712317432275565 -1.576353329569573
-15.345742403407504 10.811230235639227
-0.227186996763904 -5.623783542899650
10.187484134674040 21.136987350325075
0.694373916133660 12.368680949495403
-28.934041463440082 -63.203655573311657
26.551804867121103 -17.164534638733272
-62.435265347521415 22.759618374929310
-18.523753625112573 34.772754124985980
-14.576441897710250 -18.447680248066298
-14.933194742356850 23.355968486639320
24.795670532125289 35.651597823281662
2.140664231928571 8.275966944404358
32.722674940901612 1.749147708819527
32.916747746672755 -5.740999853155946
-18.767087537502878 36.103799356738172
10.187539993645778 49.053772720894301
-25.872390421690159 31.515345638708730
-26.085795197177852 18.991310612846078
-13.565227904222601 -27.273633174542798
10.242739660592578 -10.887595495982298
-21.402537040254952 27.191984001076037
-16.523947882967501 -16.345643846509553
25.743921953217317 -88.510364416694372
3.414817513577015 -6.768701237222013
-70.062034534372003 6.393362286028850
-39.265940628474794 -14.659353886642840
-32.280551125831835 44.843625732263433
15.387777616884321 -12.230374238484419
-7.912574654074814 5.292693378567584
16.794650941661381 -24.744258596869116
24.433500155358658 32.624063940420804
-14.586354668315899 -26.004397936713286
-12.959740302983713 1.748651984975397
-18.169917785449421 -33.323244754919116
16.417203575512897 -16.652549855983906
-7.629376030823342 -25.104307586522093
-32.443477264202222 22.911231583733290
38.252197512034826 -2.995820518046139
-47.999429163904750 12.935789206625850
-35.814842125208664 -0.120617817198417
29.703984573777827 -15.532075362210582
31.782949920135611 -55.061080491480702
10.823099046810251 33.307195558618261
-41.167805201099966 -17.383205840144857
39.876258594618697 -33.646073588000412
-8.687177812457104 11.194427585223025
5.899701783005323 -62.790809769516990
-28.242267477352673 7.082282953148406
-18.683125092957184 11.169295760350153
-23.921263094805230 -1.000701320309986
-35.464231032292751 -13.733942452554793
-43.311678801728924 0.130270028264001
4.590589019928082 -9.439774968810516
-8.108366386024162 18.460096749337161
-4.330588444071722 -52.263282981289272
13.837945457542570 -11.493365658693836
0.690794822679932 27.530817354777778
19.529918904884283 -7.285760922295059
9.475678284111847 -9.900610378453283
-20.638141755081801 25.301554586822139
-3.998774247238961 28.529066495395906
19.945062139993563 6.905009646199706
-35.266312963397347 -21.980952183273367
13.352621240438356 -34.125530700975403
0.489935240352927 8.008772479861602
-10.643668822962477 9.739948268772402
3.739722348452544 -19.555574415319239
10.737468205368833 5.914425125802071
15.018746071846657 16.292803148389872
9.163593278652257 -14.141338426554766
26.060063905906823 22.618847215384090
-13.355908800816245 56.973980124906170
-31.597130589388829 -5.463413038940399
57.549538113334087 -56.270816242438841
0.858803490468980 -14.653629223421788
6.593854686040196 -30.730152733667847
6.062450434129836 -15.358248174510457
22.901862353149536 -8.531208036019263
-48.530009166394969 13.666533762534455
-18.944330981887624 -25.818163743110471
20.334745920307125 -1.546183367314496
13.845982396651470 -2.049077828885298
28.738165755068767 -70.246511136335513
-5.954538700186027 36.316772159581646
1.873160293380602 16.160359771275939
0.909478427685276 39.881984449408399
11.244228670729701 32.673620038414896
18.562902771377740 -31.473845421032664
-22.864758269055191 29.860126843767613
15.125861900367346 23.644833692731577
-17.320914343925963 33.581326697862323
15.937185797910248 68.723543822133763
-24.045792590273305 19.414175289305550
19.606892769579279 32.998985195010142
5.279285766219879 22.598413768808459
43.670723002385408 -64.200792133205823
17.071410472173056 8.722753588665972
-52.068334274002915 3.733882072849793
-2.521439368847166 -7.857947050071635
-40.775994251185054 -4.491780700073137
6.719129976143787 10.738823999988803
11.097005342844147 -39.765203624696220
-4.909757985764945 36.808659462880392
10.922964698041385 -50.877221429812707
-37.950500716049405 -26.227115490028126
-18.325015655663307 17.290849920405982
-32.768137863843442 -12.994026942519183
-26.629328063231384 -0.575080682987102
18.026097014448705 3.612235355603310
-42.286323411775761 -2.824612408598909
32.883678549629444 -1.515972419846382
60.627268789098544 43.041941887659526
-31.402810766755817 -14.544531348980206
35.226208717776984 -36.455659324431252
-3.220674068078617 -28.111533226518553
-24.200326408424370 -46.754031165419811
22.498746990100841 28.372752766781268
-28.997805541018383 -35.424796694121063
-42.430091157789960 -2.243117352152528
-41.147752983769585 17.708460230551591
-24.821937881809649 -10.985922567197141
-18.014705065944831 -13.287072242178366
14.101827437787943 -8.256223566316896
-13.794209075724677 19.297173406726330
-30.552632762183261 -33.423875895469230
-6.343330279967546 33.996694018046092
0.649357052212999 -27.506341424409555
-28.066871561769997 6.744139350432458
48.374922371133202 -4.007096585698494
-17.182846760908795 19.400237317788857
-11.668877197130966 -6.107261460440339
12.685421671558649 -0.563793918016584
17.180184748607473 16.462983463685536
11.079641237138809 -20.039335652570792
-19.085876106970897 -0.438537213175509
43.190845217182442 33.914504238092036
12.138467337804080 -7.328846429185642
-3.035753255938966 -26.542184645002781
-16.967426804486102 -56.987695634483757
21.121665783622610 5.439493185621247
-32.418634243754433 -18.448071380689324
-5.058512491379017 18.571573694432008
9.823326066645992 -29.435802666978503
3.924032853924746 -57.550606284290446
21.543770053202646 -25.041176063115277
-43.405730518600485 43.662075598968691
21.813887365916763 13.701625436809818
-43.865626674630121 -7.376060559911721
10.783095846688235 8.322356832589037
-5.500397436201605 -33.525022351748213
18.479455070490740 -29.443267198123625
-17.944598690608764 23.026085739830236
-3.820048296823855 -26.010261433069573
-33.517983332329919 2.381904565461159
-11.043868191183021 1.306266484998331
5.818439025004245 -2.923125551111953
4.095257524796898 -7.590624704836363
1.149183084363312 -8.883158116252128
15.172418929429424 38.170924127964895
-1.659896235484258 -4.041167442005278
-55.863575239546087 23.527561932669503
6.277121543885912 -34.730165760048180
-16.462122032308379 -34.678401480321270
-11.436186838678640 31.484031649838364
6.106282794854507 -7.113178664221977
16.060525424055047 48.998173128645170
47.715650248334534 -17.646353058301791
-11.460475060902354 0.155932338946747
10.518235075307951 1.397069156721548
64.840707546039056 -0.688982810130752
1.514882443813844 8.284106253260690
-7.320107169170710 -22.405410878882577
-64.884656609634320 -21.144654191098947
43.235610096484088 11.693447656617204
-21.726233490562450 6.865433977435555
-10.818756383133282 -11.290534461348615
-4.338389953131210 -11.552572578000783
17.598770367271399 -0.874107261350599
20.275111220811905 -6.017149562381102
-12.713989740877251 -26.441376777291513
-43.223774014877591 31.572692691737629
-42.738553328402496 25.335848757369295
14.756113007191232 -22.438459559363164
2.139430588449542 -13.839574080708772
-20.296072041960461 -8.365912672764622
15.280454398689148 -35.454864305426618
-3.762798165954429 -2.366789044881536
-5.006709969350164 13.070612119315275
21.837016759873332 -38.881546958322375
27.588952315423782 -63.125441158220177
-40.442453969077739 4.120697604203619
-4.188486638362631 25.675301083317066
-23.725269397397540 -0.210894889698805
-35.417772660758118 18.111455812547678
18.556129618617671 -13.131460532342141
-7.639297016023156 43.838779159905719
