0.000000000000000 0.000000000000000
0.000000000000000 0.000000000000000
49.429006060880177 0.000000000000000
34.998772817980402 0.000000000000000
34.721424005842387 0.000000000000000
23.164754231889226 0.000000000000000
-38.770989006839102 0.000000000000000
49.101681222677215 0.000000000000000
-27.879481098196674 0.000000000000000
-28.118424857409522 0.000000000000000
9.756390588939242 0.000000000000000
0.349444042747105 0.000000000000000
-87.693192392808868 0.000000000000000
-36.888687155197161 0.000000000000000
38.621351148321821 0.000000000000000
30.213598503115033 0.000000000000000
-39.686121243916865 0.000000000000000
-5.091088040799830 0.000000000000000
-18.644928672466417 0.000000000000000
-38.551174624747311 0.000000000000000
-9.822130479338320 0.000000000000000
-4.718587409547871 0.000000000000000
53.835382295140910 0.000000000000000
13.302613772944030 0.000000000000000
-21.472215488039204 0.000000000000000
6.298215236434735 0.000000000000000
-33.225730932163593 0.000000000000000
4.116256899001672 0.000000000000000
-29.129014668449848 0.000000000000000
31.973850355150830 0.000000000000000
-22.906843655067640 0.000000000000000
18.288567194469859 0.000000000000000
-0.560364709228261 0.000000000000000
-11.157176746173777 0.000000000000000
7.190020491022335 0.000000000000000
39.338689508289470 0.000000000000000
29.514624744869590 0.000000000000000
-17.882013683351552 0.000000000000000
-14.533060053011368 0.000000000000000
23.937326956548969 0.000000000000000
-20.300643072345625 0.000000000000000
-83.061208764290484 0.000000000000000
56.124238044323903 0.000000000000000
9.157054904446442 0.000000000000000
25.896733365504652 0.000000000000000
1.383982050124604 0.000000000000000
-32.361743468788461 0.000000000000000
55.653166679519309 0.000000000000000
17.528466216346406 0.000000000000000
-23.403275085073066 0.000000000000000
-13.935647764701416 0.000000000000000
0.000000000000000 0.000000000000000
11.881061367235718 26.727928281525624
-16.361102607965513 -2.780684585430515
-15.622257256793727 13.386570825955646
-9.965106066353968 -4.788293256659873
-28.602785114599541 -21.524985218258696
-45.168730584469628 6.237777749718824
-27.771143593371484 10.580850328750062
-25.197371178089302 0.072966505165273
13.521759553182822 2.298350687287129
-1.182164585444209 7.593764529225952
-34.025044674067018 37.153725395883356
-10.938711340001761 7.507758617097189
39.413467440821307 -11.776430644893541
-37.804367874066386 0.792351967811284
22.448066188650994 -3.393082528137873
19.685554602430216 20.125353638114966
-35.359084590064164 6.495640743414606
-4.466277508192434 6.251815106646869
14.941422769964049 -8.561340038438143
17.590445187259963 82.740063189510536
3.658194974450098 -42.002871892254227
29.188835551607848 -16.365253730234265
3.895963765679842 10.182708267283923
8.363858232619121 -37.926278918121945
0.922789815336549 14.543740145595050
13.980756518482533 -3.877827729330956
12.380009622485282 -9.259628720376579
18.156300883996725 56.600369403332699
2.908027031366637 8.579474617032155
13.267952135222489 -17.820089203227631
-43.828413913262061 17.936103194682595
13.057568698109300 -47.549742890652759
-3.600003442259116 -6.430231482864648
-22.503282927225683 4.134697678866617
-16.558235541255730 -45.854194751079291
-4.595891928182017 -33.263769251727254
-25.721297460894476 -29.778118730139056
-4.466266493614480 50.470990910153660
22.589868388911686 22.711269932151186
-18.678242338548024 -25.459621921735035
-3.129614618290753 21.823497709577168
-7.521884208418329 -14.513660970817311
-29.884797760976092 -53.980657774725501
-13.163052732877585 -36.936267479892763
3.284727904494866 -2.765530208260664
18.651792095030238 16.547388083569299
24.663735966967650 -12.348324802231735
-36.952922019237008 -10.747506409954413
-44.554472912363622 22.784807763387118
-7.246050705639657 -36.377748501472205
-30.373244322637518 -38.637471727812908
26.406961373172358 -12.217468235566558
-2.271048655280354 3.618574690401897
-3.764461657527194 29.538990778227944
-29.817908749786387 -23.814230200317862
1.146246402502081 3.532370170931456
-39.840416028236646 19.660318417825081
-6.803457038443379 14.057099945646776
-0.830862582910346 1.823759576183437
-22.215823793521224 16.458153390675797
4.889934518846398 -2.833914124652390
3.810534406006061 38.363613438239106
29.633273579085131 32.575554385264979
15.133016716149728 0.094749536477863
20.936481211666976 -15.777711691540913
19.175095974107716 -22.060605813281889
-10.384649589519279 10.648444310103500
2.978909699460940 12.779375082176449
19.424253175713147 -17.429038488760806
-22.379820348270844 -6.593844879658576
-47.466772284358200 15.035512751361207
35.365267711394544 -18.207942821468773
-21.087644355590260 16.121699301984709
24.272025033634741 -3.137284092496799
-28.440276133393208 8.297869976931022
28.597094797690854 -25.249717648664845
17.721569278826827 5.939166625123101
8.509119564768641 -0.193662422963708
-16.086042877510305 -1.156802568104916
23.501754582053366 -15.142241486871850
-24.828220636952665 57.905927936017996
30.636880767170506 36.556281585579434
31.484139653627533 28.725669028486877
9.214630392411234 -31.115002328355054
6.179207549550758 -16.114583492744998
15.831720633249063 -28.348599442737367
8.994393219542943 23.266395656023580
0.668310582400884 -0.589639922569138
-16.816864387676510 -20.178696353334974
-6.399142572010160 -5.233533242982088
5.754159051949910 -15.033828220730491
-63.228225978933715 -8.857314343354883
27.315809005370141 -24.029994977002506
-29.919236897437486 23.235068295532184
7.081233113182589 -4.774107847335029
-25.330579387527163 -6.793010413005026
-21.878625934897972 24.146803301443779
-14.143792572528103 14.464359601616264
-8.196858634876351 5.867994065195718
-45.717477359054939 24.948714109988153
-3.365774291796127 61.428366056330361
4.223575326903676 7.833736507830825
-31.496555922296199 5.380827077781988
-2.123332630920670 -20.265049704076940
43.657939867593363 -28.582298948977119
13.993382361695680 7.327691128477911
-2.779170944007711 -17.894410735504326
16.209276341935684 -15.277056247819969
-19.531080702359390 23.408523899479487
-5.720241140058983 -13.743329357482102
-14.777979170062041 -9.131302726667839
7.626682822069861 -7.687347165432540
-3.934621260782322 9.167382281585224
43.507740275612612 -38.445308050381087
-16.360724437121064 13.749177593671895
9.309238829764590 10.656507725012485
-8.418309598699240 -21.056157720729377
17.123815527506213 -21.210615895230781
-9.597348859160823 24.526000904911022
12.158842154162203 -7.109855120738922
15.890290542319246 -19.486436822744281
21.992151835329395 -16.989706472592605
-21.886354253654691 -10.859653918606496
-32.699348434235006 -25.640381405995814
8.906994324314038 54.312707655634981
-2.857842507907736 14.514989603281858
10.264299371932241 -20.602160590967991
28.755032860559755 31.067809414989149
-29.970936659998777 -16.024937776725412
-11.267117896146349 -22.841260185345718
13.247050919949009 37.303327712618795
1.756337704752287 12.386097807395839
-21.087738079470604 11.958426698381594
-36.222383818345548 8.030525208934959
17.701751463136027 -29.423190296668299
-13.303724154287774 -5.792446706300238
11.068800365791450 -19.714255580866350
-26.913444285610485 -19.061499173633560
4.177852659480345 -12.704563010619500
-18.030750665390954 17.280715870341222
14.816602778964175 18.366648372187932
12.310857174430655 33.523668638367532
-0.789218605686048 20.194898532467288
16.521757843279616 58.706314122152044
-25.599156929935372 34.248189741304714
20.872361515722716 51.830975063773771
5.835332418390949 -47.014591431622826
8.100796905659367 7.515640907290717
-4.220611802911421 2.489920432907523
-19.563538105667508 -6.500603951690762
-11.064334099245215 -4.577757841807236
4.306661428701041 12.131979367096349
-21.114374636139008 -38.941584229392220
-5.621020169859460 5.141575111715199
-5.270745344585063 -24.586331952243622
9.406319247880838 -5.193279255976134
14.617585530533113 1.453358687242166
12.699402874846136 -1.681320807194448
0.083812631514751 0.196993512075720
-9.366031514719808 3.304955133505390
11.222990942703889 11.382136781603691
20.102771836541169 22.794914630583360
-17.488484307628308 2.742273900399461
-4.082911221781946 45.973479836410206
5.341340075419379 22.888392003865601
48.066515946049606 9.172440630614318
-16.706028551987096 -11.083505515230117
27.101337287620243 10.748571900268649
-33.264273987468719 27.517334053147714
1.039492778449075 17.924026869124038
-7.938428914302813 -8.876047512570228
25.940506518551285 20.254726346847495
24.783367469422554 -1.993324852117719
-10.956374105130475 -5.823422174992478
-0.438143042263209 -2.706879516016517
-40.797250495581942 1.074995392818564
31.501559196576405 -9.186559593899629
-3.065445308957270 -4.122518693516033
-31.384099706525650 -10.623429979975951
-20.330527332816096 -31.001208583978116
33.170455927996770 -26.754053826386528
24.360395709214501 3.416875651483114
12.210487366865172 20.267950404967568
1.525363726009010 -6.007717752327289
12.039561889974889 -39.251419743474258
-26.825214922661011 -23.913494365682737
-27.030084202234555 -4.065539960935111
22.349233104072859 -16.665476403586197
-1.922211816744119 -57.759763365759952
29.887130080948534 42.328570975766581
-30.215438880084029 -2.953082469211459
30.017940630624445 2.016153298461631
-39.152334827947875 -11.233954052995809
-1.586104370457537 -0.320519941569266
25.549831039809238 40.353284593191468
-3.674657565726288 16.662081271569164
1.863279947942934 41.356605007697731
43.465906479878967 -5.183502941771801
5.536808621038019 -3.886035008976996
-13.636990157031502 -15.205725180491127
8.046166059300313 -1.518040155311683
-5.436755727456005 -12.617563687750650
-14.494908438904419 12.078249160291458
5.938225160647192 6.031807933380354
-26.782207772423231 13.693149686863441
5.500246578850818 -3.634325803139814
16.528736985743759 17.917025141028855
-31.041718121180157 -6.190261302164465
-3.620575667452861 16.116779169605614
3.657942163788801 3.695677869797751
21.660135136825126 -1.180689550876553
11.694642352810179 -2.160151163410797
-14.058124148402008 2.788353122657953
5.168644342932255 23.494341109777356
-20.555638041844475 -21.574206371963250
6.463694920346910 11.223262657503716
4.616219673841117 -9.775764249073008
-7.591185283588485 34.560921556712792
19.904145019045210 1.106335744817772
-12.820884134542382 35.803220930012095
12.420313019229013 -20.042343961928406
-12.995477993803124 2.448492383220037
27.815870231031909 29.887899123384649
27.575971010631008 -36.954700683677750
9.174322007917429 -23.044841453389285
2.400770139557004 28.476944205848529
15.418758452042271 -22.538897005036652
10.422932857199537 -11.067409307497703
58.374486508042601 30.787017696502350
6.068221909616143 22.028478237901002
25.020917207233648 6.273337554569340
24.488573746017028 -23.158359093423115
21.061806267929999 11.498114240374179
-13.454180902946568 6.686938541564881
19.592780757922796 -10.422496079500579
60.466376391486399 -7.638607618305531
15.491279718076015 -13.831729570085864
38.381091572965204 -10.118957968770795
32.027783629806294 14.147189079677798
26.155649524718616 20.948177138540391
-19.701010756807140 22.688194818536228
33.125113798711901 21.099703428903965
29.483381238923840 3.453767490752223
4.371456946498526 24.071243316964928
-27.898903188637252 -1.661169115855636
-6.980353416625574 5.199131242849803
-66.333049791196473 9.876061198824104
-11.340959809802360 14.843982110905211
-9.263723681587278 -34.698226607691481
-5.313825432082096 1.359871298903681
-6.248295325101648 -23.172592150008597
10.461877301650901 26.524085326546210
0.179038997147350 -18.799951314728915
-10.400140710730255 23.852384979199716
24.315827020923610 -6.646268188840382
9.515667461886173 11.997226457779014
-7.751500302969340 -21.605900984684951
9.077210587632480 7.683206311124599
26.701949058669332 7.266667024847031
-21.304447900940676 -14.067857113657038
-12.064187106942528 38.746013950844265
28.390564389434196 -23.308965981219774
-20.622431755711997 -45.638352123473844
39.497905031447033 -17.456611102541167
-0.273583788572355 -44.030846431045802
26.399551454549567 -30.257785035176294
-56.507336791939132 4.853661020610200
15.366031879258992 -21.402406749874867
37.747968031830176 -29.474124159904285
-15.942155835877548 37.011505098899846
17.239014529718851 9.837259881252843
36.144170948234816 50.840408021355195
-15.953605348796671 24.309924096534790
28.002409253115978 33.535139994662352
26.440168011035496 54.125634672466241
11.497264059402942 -7.561650223721820
-11.613854401502730 14.897104157176077
-2.721906301781106 4.816838224390266
-37.569879547058015 25.586806308628923
5.703345635942132 -58.829655953427874
11.613707005003874 40.792740611367897
-5.979177184206946 18.022979636372003
-71.329904965970627 13.698651654625099
-19.876612863994222 10.549113469740481
-14.772471850270254 4.122308669648403
20.268018323761535 -50.646017883749828
-9.287946789533672 0.091774501721275
-3.343232089796731 -3.875533043362430
12.700983148015062 -0.832729610270599
-2.925924045691048 -9.634464888072074
-27.639401797022014 -11.895768549341177
21.125271868302974 -26.397780575173066
30.099347187524177 -8.084381459145245
25.442044506944594 -16.034032099509268
-3.669438629136499 -28.445788013292287
-32.224406198388280 -29.040105839250156
-15.949301964760858 -5.666132673991063
-1.482071351937817 13.819131069772919
28.033130054444218 -31.522579840209580
-21.604192571036673 -8.916367786658819
21.407769538744144 26.784787048864800
-3.298214764855889 -41.117512523470012
-2.963698106431057 -43.760900887315017
0.325402307963889 -19.880233780088215
51.397662646818553 -5.253306982113558
-2.092179435688584 2.326104680369436
-19.614170582818300 -16.834345207084830
-20.599908158821876 12.333183624104388
-22.594803773508854 18.886334086524297
0.675237042509408 35.842344115218090
3.979624957385143 24.719754563769381
0.805865850420205 -26.045966014897392
-2.134296112636078 14.510084215409067
-27.881671425076846 -27.593176585163064
-20.441901341069272 -31.461866276951167
12.002129860432900 13.551427880541503
-12.089649470354734 -26.586261005943840
41.858234743480367 -11.117365392166155
-19.768807114597724 -27.218800983917934
11.858397538026130 -3.687934145043307
-9.826386848432398 -23.637811792844531
0.716888987299859 -30.888892943208781
-54.920638951018624 -37.382462376478884
5.205059745707166 -22.645077032346535
-44.423178452921498 -16.953317510456511
26.503977857532512 6.547014153481973
-30.759259436247540 22.785879180325150
13.450066819553070 16.728644719775652
-2.447049780437106 9.021109444771179
12.233693584823403 28.722915342047052
-1.794824289138977 7.463567591844418
19.273051466282066 -11.336695450766642
38.487489057634214 -10.028218605890265
30.568827798835336 -6.223942380607579
37.836701229896448 -27.354606150019400
15.624998399178249 13.436649445977164
7.278754368379018 5.666870159782400
-13.458540945127734 -10.797734376224209
7.502881747360136 13.829147547802274
-47.366235077753728 5.560809296664072
21.554851732518724 24.090702764382097
5.688547892237215 6.973469503278744
-8.904330112740775 0.458211084675041
-17.590183908232596 -24.697505663754377
-27.701554906210404 22.754015173445360
-0.018008725722564 -16.433918101029427
-1.362076854561166 -10.428303356018603
-15.698949224098204 -18.954619684801379
-24.075548985074462 -14.966154856691572
-19.810322079901304 -13.615055898049871
30.828366581380045 -2.411143829613802
-27.999224991175396 10.148176077604916
-34.946495807318705 -19.611756175834824
30.811977494510568 -35.680570972258955
1.595511078799652 44.467859742306253
5.752462847418402 -1.866469224421784
-22.290727225460156 -0.353814795914137
-8.069567990359504 23.555504384847431
-25.377911921455468 -31.369156196074389
-13.908750021090789 34.923649785313089
4.195283167636185 -1.196597776081486
-22.687714356401454 -19.036655988982268
-14.757135994211065 46.035684082939547
-1.981301474449016 9.989211038554416
14.880453779863092 9.811904053913247
10.759469950163924 54.941041260900320
68.779597179834198 -1.476526464729381
13.528691032828885 -19.534135622609643
-11.015360070229079 -24.619589224240471
-19.372008683130467 52.486241860499433
-80.707307317079398 -15.819201705975177
-18.230124283217073 -14.343881059626240
56.350834429251989 4.592472618007509
52.779857284334192 2.614869860090193
18.301819042471998 -17.432788000025301
-12.680165431687277 18.984283749991729
31.625103429440351 7.350404016965534
2.458012944859837 12.491137021594154
-4.362008653455063 26.592323488349138
19.995950259404452 -0.964021232813536
-16.048513064247537 6.893083411671337
3.832099177481186 -16.218698134271214
-19.204234375946182 -12.382209013188236
13.955118969450377 0.267405421941845
13.325169727995791 -14.030994988186068
-14.857896690273932 11.013025537567545
42.629520386722028 3.910525634801700
-27.823475430211829 -4.374460761365650
7.544044169812496 -25.221182311939767
-28.264471716473103 -10.576681127931504
-14.377036576118281 -1.903223301881892
-25.999962631968810 -22.187034706377826
25.386981658328260 10.622988912908701
8.537575663342214 -31.082124946709047
-34.143279164682191 -28.369409466926115
-28.584593032738674 41.138956940651099
-59.630681734325357 -31.545969968698312
-5.839724395473902 46.036297654990577
-11.512808933910707 15.510288756031565
35.028060592437306 -9.852929144585394
22.449953885493805 19.363642863923818
-21.201640094513390 9.063322211723030
-39.358837529086095 8.400659720724102
0.582812048492899 -27.194267701411093
8.044846587509094 21.866278555187712
-29.265764962202446 15.950504703529914
-4.084116899500923 -27.290062075425951
7.525484862570054 -6.441582456797756
-13.874811206581574 -35.055422494134142
58.529523507120409 -19.171792372460441
25.164011141732637 -14.021340845971267
40.537442949504431 7.855622001312441
-7.017909119427935 11.660860207270739
-18.540173097678313 11.400200212757952
-25.579007115530406 1.939632194768531
-1.590858682589138 -2.470734649673215
-17.837023703322266 -15.696271246595694
-21.013031009086347 50.378060363549352
17.074391709075279 -45.509769634711589
-3.383844083744338 16.917315899843267
-17.263366515513187 -2.886833020485897
-24.814873469557597 -9.323001228113789
17.475309595402155 -0.070223118488115
-2.445082436777680 -22.554245194409575
-9.926963303566129 22.804394117771952
-4.430762062866462 -3.348542619057086
-5.150756346104074 30.728133840639519
-1.421392574515893 0.907468070566728
14.141704925149590 -31.982828867688852
7.552728249036057 -11.512065805224649
-20.681317688360398 -10.443179554501622
-8.787359724890310 16.486871002645806
-8.496295866657510 16.462148333128468
-5.217132627885131 13.160186099489385
9.651102027952966 17.853264535974557
2.939237694023832 4.058313264230485
3.711909611987785 5.409849325839718
-12.825522676754964 4.858508163726315
13.317803872428783 -20.155205526599595
-45.700338137485048 8.792203463351719
27.945552245069688 -3.139444487320476
-2.654526835989238 8.696910906737720
20.368878371785787 -40.275313251917311
10.611310534332871 -0.724833355040466
41.698141705399571 -11.739916482553479
-38.204554732451911 4.974259707182157
55.441484618345370 0.828373851560360
-0.707149455671613 45.460409462659456
1.911901248081971 -0.915032023171101
21.970476382878058 -12.811294424758460
3.507112557986713 -24.686085332222163
18.917967558635308 -5.597919660629502
8.223883434738202 -35.192641817532625
25.609843502091319 -13.527606135665591
39.215317418820042 -18.516054279718034
-7.054732355865602 -8.122001902610240
-45.951735174149384 -8.711988517921663
16.593158135575436 -3.463710137074267
-5.653740747659871 -8.063236545454599
17.915716759274606 1.588730638031237
4.196204873019655 50.321246727625265
40.907091354113327 -34.161220504833068
35.385501010588335 -15.814973343181277
-16.503944854400494 7.542201416570293
-18.600049689225859 -10.190043996425828
43.617696252449939 35.528372278714833
6.262939068927559 -3.123586813970892
7.457754938345324 -13.635147634155622
10.793480695939527 23.057912417490531
-12.632948936063654 4.079381211951680
-16.165540457131879 18.098808815779446
-7.453050160257559 -25.675518978101927
18.648242970068555 40.993807437311403
-10.308784514971432 32.813256127328572
-20.612180496679983 -8.648015522687393
9.956000377611673 13.241485724248490
22.199739717746390 -4.247492279491830
-31.247240463670028 10.143660162202373
-36.311816441430558 -31.998124694027631
18.727051012840271 -44.582369913297903
4.038776687450954 54.424756230878472
19.572204905621319 -14.554265607009954
-40.348109927013397 9.309342939082168
54.153869310280349 -23.400465422728693
17.905487047832501 -20.461259370049039
-48.277099426334551 10.558771654790526
21.195706624894612 34.409255909871021
-3.083848822615908 44.592143550349867
-15.395522414740100 31.887731962915279
0.562437941024114 10.761679226432538
-31.812700346055841 35.971984266517644
65.730674603480054 -58.238394193597117
18.764434174221748 14.878488687316690
1.527851989013613 33.568077376043568
-6.410303650183709 44.179817179672391
1.530475453693095 11.618750697974374
0.929751223481152 1.168061233468984
-5.574714108064387 -15.815153427298092
4.379617545009149 31.751272029594624
-10.720818446164154 -15.992278622330842
-2.688656638626578 -23.510249269853791
0.203110837806623 36.560565160352560
14.329690613159697 -47.184229783254324
12.123330651927295 3.802134394855854
-27.250369593801821 -5.142542554216292
7.621592883544634 0.035548881811990
21.609759210869672 -48.832212975320886
-0.237740982521650 5.018619474757513
3.884164377116274 33.726937258380282
16.763566400587035 -17.795595522593572
-14.354568269225243 28.899001737226673
-21.850586656900251 4.269034008642264
9.835733914514121 -23.659219634747650
-18.767894607091165 33.167929434762861
5.849877034251599 18.765207633593654
-11.922427477597362 -22.683499904250404
1.327353755873283 -10.241855879333675
8.391693334147551 0.362452275064290
-10.892701799500509 -11.685592726041801
35.935749759643194 -12.445744222245533
-4.039008788711132 16.377886332081779
-17.969166540043535 -2.494932733523012
39.676513388771674 -37.098510698427219
-18.549833246097410 -11.370291283158439
-27.472687473190106 -23.076780947676479
-45.658212700925340 -45.781093568449450
36.012251935401075 9.769335707980110
-5.875633877476373 -3.894146747843287
17.070775669360632 15.889009880790017
10.240692528126807 -17.726152886115386
5.501076873144692 39.210676421113888
-17.820811468752510 -40.044550012336032
26.548110377878675 26.165214671151656
-9.400023013851179 -19.969754697236869
-6.319548513790541 4.232358916248307
5.557226257398699 13.857663668640912
2.183034927500484 43.034592262387584
-23.547304051461659 2.837753730594794
-17.402893402540538 36.677064898228942
10.187795602015074 -24.959468509957308
20.580202925111116 16.118378669078734
-13.248413017178077 -17.151933750699225
10.834622683284360 0.818059777336804
-2.329395336419084 29.840735992515114
-27.580231401358422 1.783999620346696
15.969380278900948 7.405496284591753
-49.223239158020661 -7.047998821024956
12.428273109803845 18.999537215609678
25.729371844986147 -3.368435957593143
17.044057705622752 -26.934993120157092
-5.845425413991568 -42.095659482545898
-21.684243346610515 -5.519155571771478
-16.133999154926698 12.165032567596969
-7.386171976371057 -0.680672325764971
-45.533488488858374 -33.763718372797996
18.691691837495949 -0.077804457783954
-35.808587945308552 29.058039902665019
4.642385140777638 -13.361890032095653
-13.003659857883067 15.211882416502082
-16.245307660791710 6.663459543851381
-35.888364889979066 40.911113962386317
24.739350559599369 2.945019174579404
14.645242506691799 -29.746278102525107
0.892368090194353 17.434124359585091
-25.712504588105329 15.975969598847415
34.439494493018643 37.112407811759695
13.963465330077359 -3.151641684268527
-5.292785458707140 20.921150870062004
20.086206933930232 45.875109742880881
9.143284380754405 44.218670568541242
14.570430650861837 -34.740400030855490
-6.158217662156047 11.203810496049284
-0.886831150665781 18.199477658078656
4.692232988349548 1.580717812914157
22.951345754417286 2.558609879765621
-1.257975140264650 -60.144960273970071
-9.420052062720126 24.645914881020751
22.512730812509290 17.241825059874021
33.068943688573434 13.795812617026419
11.934757789648256 -9.743613085082979
11.122005381332224 4.773438111676521
4.227987156297617 27.641684447310176
4.976199430525277 28.553508209943821
2.504365112165033 -20.689905382890302
-32.801781926227832 42.004122686091748
4.451975383368563 16.093730787087260
-34.172250930439915 -15.882065214251313
-6.619696819420404 -7.246144661599865
-4.301611619298665 4.790548835996589
-16.086846887131312 -19.376619940362879
12.732712324907165 -7.803937944111973
-27.388106948106234 -34.369557494897023
8.806065472043995 6.566410426702194
0.586271531619207 -23.921099390754865
-12.950463256686495 -15.343840819969474
-0.582848994296377 -11.342108476413298
0.865365429174692 2.709291541550602
-1.280480685595581 14.166824485564318
1.791096318347243 26.303540167456894
-26.685093837522697 -9.362344693828462
-35.080988993236268 -24.663079647211031
1.947254436203840 45.187469372252075
-3.820191718254585 -19.894735916017503
-0.793252879226529 35.479150241019070
-35.727794227863178 -8.345860619428519
53.672718802496760 3.448777820362936
23.072298886542093 -2.760143146523293
-24.292215723943816 -4.087933511083574
2.820888643184190 23.516407930487546
-15.266944077677739 19.264395209784485
50.330664128708889 12.117328854721636
1.240654550195520 53.605453096798158
15.251434930257085 2.866148254011824
23.825402542200955 -10.966632386952744
-47.770845085687675 -31.734802869993512
6.352973100633722 -26.165014521793903
-25.786304235808728 0.890105848887699
-31.639229100430299 54.702672102534983
8.571913973756834 7.626189994819565
-54.979908948734504 -34.036880503169606
11.085362016927164 15.718164817944810
-2.164535066076545 8.452955599080626
29.411712621160820 22.756272338910865
7.521359572025064 -30.105861906087274
42.311383123817286 -53.945370016382896
-53.329126074359287 -33.130983250876682
-5.912306961467071 -15.919208841684300
20.023160106558464 19.809356961031970
15.938531165897231 -19.497149210704638
4.460853011788263 -12.709187394345953
-15.217001702268124 -15.936418140275187
11.394239522621298 9.783702510760119
3.306539834665030 -37.348476102873391
0.007475833815633 -22.834287853310997
-19.448545404717976 33.211690368491894
-26.263049507329079 7.688669624181315
43.262605200434216 -21.824996511920212
16.792837938771441 -23.872777495724961
-22.572677228653379 -0.993423265656717
3.370983342671762 -5.702315017898907
2.664821125448477 -29.972111421687426
-12.347057614589719 -15.359018543726011
-11.891382680734864 19.633128279258777
25.791662564912535 32.132726762641141
5.373958661764521 -6.039762109625775
-6.039887452925781 -0.621122567259963
32.866489532249567 -33.103560725185261
2.979136889349146 -19.963164423790889
5.002115925080290 33.464830600086678
-7.991137473599435 7.048508962163010
-13.430415873274868 -10.397724436738784
-16.097435790879079 18.653377661312380
16.481441914699563 23.495006857802796
-28.719685682570280 -29.980569188185896
-18.739241950774112 -12.577198414007901
-5.074224236228055 -5.353665457406281
-26.569077531187538 -0.629272867570429
-8.500963884075993 27.635177586510622
9.897060572930188 -4.952948287966529
-23.733735446409732 28.261297809620743
26.651141376675909 20.959560652142081
6.339656796486434 37.141613241003455
2.011546593294043 20.957544170180359
10.933627489404785 -8.191840095234564
-28.941824884133503 -32.209296276548365
0.048004586978863 -14.031137707334294
-41.182677362366697 39.506933498590826
-10.882010018411494 39.448745978102124
-9.717625998756111 -38.022075636341249
42.244288472958658 29.112399129730612
20.859690070201925 1.485755543859985
-4.690011374665401 -30.350490874376383
32.342189203528392 -7.650340298444898
-52.209283964958338 -32.562356900110331
14.911014599845885 -17.070187180366556
-16.004114526449889 9.452568172002101
-7.781436051099769 -0.667430310840203
-47.274909440093438 81.011475012856792
-12.307184612927527 37.617276886823547
-10.894293402372933 -1.624533837224658
48.795432695616590 -3.273332784363764
7.525014106890398 10.897657503758422
-1.359230066352039 -4.992379515383633
-15.606222691749451 -21.691650527355471
11.992489268848171 -17.979261055134899
25.740408754402072 16.155849562269143
-4.473249732262715 41.539313065288169
-20.959053448986815 -46.536636018503465
-7.276639070431052 -7.882677727775151
-27.360440300095163 6.135044872934357
37.116142302369113 -13.361970413326915
41.397542212356626 26.282094461538250
28.215037121082119 -6.019802577109320
-22.149179197944342 1.668321665473944
39.054152766891249 37.480364394303287
21.503851987260830 0.474153369971065
-3.689678848108293 -17.025867305384818
6.792835824589175 38.009960212473871
18.694301029141354 -9.079638274270009
12.423788291463213 7.670674206434853
-32.311545630865005 -9.788458675105128
22.872718756166872 12.710084205495027
20.107419474197357 60.548528664338058
-20.803366713245723 -2.360272141728675
-9.073945038851971 44.597311738140576
-7.450447377555985 -2.463041354861564
6.553061682675996 -17.716945793523095
25.270614000206098 -34.748616155639795
65.941003252226650 -6.773524047460730
71.636740528383996 -24.202327009966172
-37.303862582711197 32.109066051393370
-47.336393929462453 44.140839718597491
35.254987216315897 -28.554373609352876
4.655846294329238 9.055944153305475
7.062602619428099 18.033916239351893
22.532535243669983 37.949329095959932
10.129659394438686 -12.156697108991642
14.068211445397854 -10.906334526940661
-7.584523505840277 -14.090766474288548
-34.099086135802146 -6.156330328563206
-4.277128784562549 -17.890104462685322
-2.072404925569624 -44.252640124238582
-21.416982713312283 -19.440125398076830
3.868697208769643 -7.174815371461614
-46.979758461508318 8.730113128706565
20.765117779220969 -11.806903178708966
-16.471783054238230 6.926589559289536
14.590581012744677 -15.208354991891735
-4.634659025386230 -3.052845404005719
48.432573791413347 0.721495662177117
-11.093745920414971 -11.113703132641147
6.608213575280534 -15.045158554834947
24.884965852463392 4.686786415014437
4.742455489580347 17.974963304406032
31.240305963657086 -20.021806369367347
27.956731479857726 -8.278748442658461
-27.396445066694358 -23.707074905913366
-8.331191712773801 -2.924099027533381
-9.693800137564699 -54.062503894661624
7.867578897658375 33.196709710394671
-27.224949315876106 25.785868892313722
-9.231358227208240 2.232156444211025
-0.569770477897061 29.095176373278008
0.714416874846304 27.433434728494479
37.856817915222223 -69.825298507879296
-46.688908113710973 -82.916979486772036
-0.483359716460875 8.653443462097050
36.019157037303458 27.875320987482414
5.759598880265888 -10.250607068310751
-16.319958762834808 -34.507633005358052
38.035676520633409 5.898833450311240
4.180378885941705 0.232054709020007
4.348367579067520 48.770498218256755
4.517103193747607 32.068173282474071
-36.356951599408951 -8.557744216604325
-2.482241065342587 -2.025661990867362
-13.029531482962858 -17.575300239774332
-1.663004293008424 -2.072325127829134
-32.418762539530086 10.545023319438616
50.996984512920243 -39.990895205279770
67.321541639154091 18.001659346848584
20.396399106515332 -54.918168103248426
3.727143582801838 9.334478281570561
-4.637369336870155 -3.301655421355562
0.091604005858884 -35.956382824534465
24.010160935305020 -2.423991705993869
-18.560812799617814 13.388277998676482
9.609133543070838 38.598437316978831
-31.736958484564841 9.996549518926892
33.783614686357737 -25.075965634186350
11.729466568262270 12.275861590961282
30.280812805331056 -2.354602982301036
-17.874681253980530 -14.432865757574126
-37.489523855764631 4.856822066035011
-45.516944400589253 -47.883529178597456
-23.021705208020425 18.400454037498520
-2.698113815056222 -13.314921151369465
-23.424774245673511 30.602369258269029
5.279471972066061 -10.587771727712632
12.330549079941754 -4.883114413518788
43.722120600930396 43.526355534025804
-15.931424661559458 -6.944276484085520
32.824857610566433 -23.451239187209250
0.519036873108990 -11.394400780542000
-4.401198140136310 3.159287736554779
-7.203542941160330 0.178578971962182
34.110512392086960 34.271470845600540
3.891457499771226 7.500422200724144
23.011301090469114 -8.555693138721276
-15.587092536815794 -33.395302155997079
5.835902924088171 -31.709971411174372
-15.073979769309860 7.909464363851844
32.164908573290511 35.757175185317799
16.120331027350517 -18.571795188833477
-4.834455125955928 -10.799323758347928
39.995488986309844 15.060256713799562
-2.911121840134467 24.202192678060204
-8.023008302785096 -28.013664188861462
-22.596226973524985 -1.742103424492981
-40.475060947846529 -39.354865820028856
34.572327510264302 50.398816534497982
-2.863820615916049 22.316788130682664
-6.027948621952430 7.170640526726534
10.911303508205087 -15.577840479702967
-3.535476137763566 -13.441867415250305
-17.803088136488761 14.072345546670174
18.876618946443131 -59.200145935688845
-4.768854943236831 -8.210805897498600
-35.825848935020055 73.726161385220635
11.629222395783652 41.421376968539249
19.915281300861455 -1.929459589125443
-11.165525371473620 -39.837643382985910
6.430073258242903 -12.069268848281139
9.163354117509714 14.467700979852557
12.023719029569293 5.159439556355832
-18.286768153974215 40.892469031480751
3.009533981279729 54.183526737342206
-14.610070072415589 17.072552706594880
41.159156325850837 1.397555511255860
6.587757766262748 30.616024386526604
-3.440887338528581 -14.184569723355638
-12.430789135129341 -7.073446400298539
37.276047903419183 -8.257612531320021
-3.239218097497003 -36.159562128616059
11.429049430435146 -15.464845416196072
-33.641631223684705 -15.342270971232965
-40.427754152200414 -12.349410731049263
-15.756770028221686 5.544789799417558
-22.909795933986810 -3.927609899469205
10.857928896597622 12.528950989745264
17.983898406508391 -27.135718129383953
-13.189915911425873 -37.310909129776256
2.652595122439115 13.274102898141178
36.443695518618931 -47.471369928645132
25.512147663270710 8.714367324113677
-26.166528615631279 -41.837609310215029
-20.649719377482882 7.365120593708367
8.442535615398221 4.657268731434797
5.605674762479937 1.088105921927727
-18.528406006400353 -21.314320203106803
-1.092079182443221 -6.394450134334300
10.236911480640419 39.261193475642877
-17.295945224388056 18.592932211505328
-9.233338398244806 6.355539627714816
-20.740636877267850 11.210766990315999
-19.461282570673387 -37.370783268598103
10.336348937405475 -3.158119145623623
-20.038563282501656 -15.905228681807689
16.138549024982513 38.438044963310929
-28.633534557565703 -9.002916977727798
20.179627947122597 -32.311939022359120
31.090920669019710 27.780882232692012
-0.469499334893111 -11.985289728979112
-15.791448273992120 -38.110534295415867
-3.158711533060214 -15.825901086551175
-32.704889975628753 7.436041578667165
-14.631198150690256 -4.931482276992083
7.873956746018449 16.274355373617450
13.186044282463850 4.953275512120941
-24.429344837853126 -3.940199764348919
26.132070867437456 2.676094980836740
16.016596806051890 3.315606817664827
-52.419317601938303 27.297452672184665
3.744633603745386 45.077482192441963
-19.209816534353124 88.818636590199333
38.270323025911992 -5.421892418027785
-3.424209141811790 16.311504888814728
29.213424185148465 12.561382354153380
5.937651553200102 -1.734397922742265
-9.923470117336123 -26.011039848363570
8.971436322718436 -9.810841925179776
32.803404342886459 -50.218312647657747
-6.121681961195326 -4.331425042715533
27.599701693292747 -19.491516279006579
19.099580801591713 -1.985671979249243
-13.691599567185484 7.625461615657991
-7.362743700660523 -21.808234538286072
-14.374352360412455 -0.960723845488673
50.944237827614231 1.172271265568905
-16.138197377659530 1.934234462993268
-0.881775613657537 -21.186173396370048
-49.180564773948937 12.848529231919846
38.541893275328057 32.400493252110238
-34.707217280552086 32.064219443382349
11.908046698120067 10.523312655774449
3.278810690477200 -2.092068527502593
2.065855884994907 -10.715574378827277
13.597606787010998 -5.381667252882091
25.808974628135459 13.287684445398003
-21.104398558862822 -19.024694393730559
14.292399009530881 10.983188180013682
-71.805953761058319 19.395556813051872
20.109960558988650 -17.400592891134583
13.054872354066005 -45.303152920673647
-52.753044493306589 -7.249673795048101
17.980601061657943 -12.592817880502091
-18.280475766954822 -30.485729939961672
-10.507875116202127 -59.830635334480071
-12.593383520384135 -24.157215636061817
36.112407402303326 5.465776333376008
-22.780273353017563 38.843703370566310
-16.015123346631068 -52.587406119726708
-25.402047493841000 -3.981112694846484
0.816538371646117 -31.393582052317271
33.345102762896168 7.516292269698879
21.934311375975710 48.054226577801906
0.930970848346702 11.408342551655148
10.543796863673691 4.455101078360991
19.839339805133758 36.297042161001606
-2.866140473479734 -35.443902260836296
-15.078003716035019 1.331902014449027
10.340127322589053 79.462851726161048
4.931215338714954 -7.834999877136823
20.859143053022020 -46.654281367331990
-9.922925427350064 -8.129093634939260
17.604059245182672 -3.361418059190600
-13.979309590000966 -31.697609879439383
1.316603592905821 20.579242953146370
8.586868636330257 42.628658427303058
-8.014214507721183 24.523001041908728
-72.861396459372074 16.852194332226180
6.938200797782694 -2.116985590520908
21.596688931870229 31.696544849565459
-31.894512944519736 5.898550316301057
8.587081815677617 13.910507243091912
-25.757634539332056 8.965459820544400
6.911387018304779 -0.084582637009153
-12.168420201159195 37.889986241087641
-8.981731893536006 33.526514239133924
-15.818988933755643 40.853021960043606
33.424756008180672 9.802456764817698
2.928088304484211 37.973682795812884
-12.376856191794412 -7.553517641296735
-29.656656370252943 8.856542054788914
40.280159212592928 -1.914478754292548
2.659882499533743 19.666850842322063
-26.027332465257619 32.657365354538804
37.168691311787029 34.883541439979936
29.274071497485753 2.756456518670336
59.563139828389239 -4.067518589486963
12.736419992635192 39.684488022207162
-5.720858014349268 52.868071766138605
17.617524803325157 38.190306034794943
-1.189014235532771 14.216897148571341
21.045987536645448 1.057755428722700
11.925722714172929 10.175473948099032
23.122985056321731 36.783920476870406
44.183857665153070 30.022832840890665
7.401353327694722 -35.857012904062664
-24.568575870132484 29.049418472700037
-0.088498719454334 18.391138345795188
22.542386663582214 19.848113537814225
-2.711103938725381 -20.418972160131272
13.950111577118939 -40.642611211919970
-3.172037862466850 -24.221086907345601
-15.100649349216898 -10.908913976155779
-41.299712346294662 -10.417519996397425
-0.236292286503649 5.443519770358973
37.760912073509218 48.782652861391853
13.003178348277862 -21.261443808007684
-21.734906125128923 2.088547619737245
-20.617976511586523 -33.587726029657190
2.013067115466010 -10.558156805929130
15.851767048339136 32.235110300148008
10.323242637572347 -27.806254359615632
-15.849626611447086 16.184987575600935
-23.870771523460789 10.683374438880946
-13.018660661032273 14.242643477316033
0.869829362084937 10.688660677994219
-13.096423229962088 -32.676794572490770
-5.243025626992926 44.092393577575919
-36.198614479008775 -15.031280220675825
-0.771882201547859 -26.400310385479631
35.989319332671414 -27.153251407327534
-5.394807029760313 -42.204570464202369
11.802896521384078 14.643632981986155
-22.197068513685817 -8.281303588678698
8.003643646842427 12.684734975507597
-23.309168326528642 -31.628750645878249
-4.152425577636533 -0.941190248704875
11.812619046580114 16.788672206965263
2.404479215607349 -32.881103811534288
36.572759895947001 27.249450506839256
8.499621642421882 13.733753108421814
20.711953240810796 -1.174778397202693
19.469213237607555 -31.904694272053138
-27.422605056663624 2.676808555276207
-4.141810146389256 -8.828746710331927
55.610243926033817 4.096468299391519
-48.117911475760742 -14.058156239947744
1.007440204086687 -64.790492165002618
-7.207111298346128 -0.991655308444542
31.862861128318183 29.029234319714337
38.293281150571190 -6.523269680883864
20.109844806130923 -7.041619611456617
10.419778734906114 9.274947655864700
11.650057465944959 86.843223591823005
3.772761997841549 -67.235886551176932
1.640318350043819 24.185462663553356
15.353247827098985 -19.951861668812466
-11.177437350168944 -42.188065660252001
39.507084746600086 -7.720407021873974
26.623277375816539 3.284557244162618
25.115246131932150 -11.860485113218559
3.233548742080192 -42.810428129492969
-6.409166498733372 14.202174334241798
-26.520008956439931 -29.992467938473983
-19.786398874821852 -15.319854215052771
-9.476022669562102 6.664986937389967
-48.992859997904105 -11.477889560084250
15.557939956296538 -3.587222028020598
10.336857909132048 -2.079455518081800
-23.165666340974362 -1.936098933409203
12.064549571474643 11.235823543503274
49.050130677270886 18.415510410316681
12.814081024228596 9.468800538723537
12.427190516001131 -11.072767326105977
16.617343915068968 -9.974434152643804
-7.365100270677332 -14.696908117266515
15.176213378492585 9.493278787301353
7.085786022242461 -37.382304016015013
64.062800378693524 26.170219890564795
2.990519318664834 38.008381279926986
-10.621920121789252 19.723270381708300
9.008229906458050 -23.926949332421398
1.871102097067634 28.904983149623337
38.571648842500650 12.620087312393439
-32.794527545384284 22.337156779385747
-29.878492888997222 3.068593235139097
-25.490105645249574 -15.923945963867800
-5.074890614862142 12.630551207562895
17.742283972204042 -11.502850116029427
-2.990947397405268 2.996956927044565
-27.088354146455934 -3.030045348642623
-25.472243248156083 23.430678652247352
12.243437650032432 27.555353737329149
23.408592670588188 -18.016241256969010
6.600265825536634 14.021811022048269
-28.529207011226173 -17.639128155563881
9.911384952814588 -17.424085534589512
-4.199145130838106 0.952175284651348
-22.611935368640289 23.867196385646821
-12.127176603677100 10.161221424349595
-11.075375895883045 -34.671755800484014
-32.899468293210766 4.216197032842265
8.393288299520538 -8.807761273144399
-19.894791827658679 -1.518915226617589
3.195804035658748 -4.068941904231663
56.543340984896354 17.753854409619272
5.478447229138006 7.945468289310492
41.770899310005539 6.972481867686144
20.914143156997444 21.872520720811359
-30.997228395362715 -3.595106595984837
8.745748319246381 22.415579231871149
26.125865814531299 8.316567108669714
-5.981489259653942 -13.918908191382757
64.998408077005919 -20.988176696414630
-38.546299506220009 -6.330971442142840
-11.177481836385894 49.478165870220948
-31.500117562566654 -21.230647401514911
-25.682918280821188 -17.729847138604928
15.830266611979820 -0.850292783840401
-17.932851758511564 -10.969374813336970
11.695313049098415 -23.994220498744529
39.099971034010522 2.852789929136990
-13.967062750194440 -5.246707045289928
-18.897408630738418 4.770582696966417
0.983715197979210 -33.391027743660402
4.746955592669320 4.578310057772699
18.059209298683566 -13.654332924593973
20.448620489106222 21.468996891846523
7.101163001726683 -1.937047907993870
-25.885950784142629 8.240654788538672
12.479968490001795 47.271638871230493
35.942946253278080 -23.688414125197788
26.421914579511157 -5.135937083753971
-17.993300124602268 2.667154405053071
24.385121921059184 -5.927366040112660
15.867527531463612 -11.027947955791516
27.306464259303958 -14.519545044508705
-18.376224068021106 61.659355740376938
36.944469711366395 41.971784175280270
3.791583397668860 14.338677184488775
-15.772317154087895 19.220020108394614
-29.091730936571260 12.575196711820151
11.693192013326895 30.750596493815287
-20.659656433596915 34.181001908086557
-13.714271830125446 -11.697348100920069
-21.142609345885948 41.651746811970810
0.091686659180837 5.141869699817860
5.695198884056623 -6.488068234567416
-30.488278717006327 13.768557566117527
-13.218827637863381 -5.955441865910610
-44.291816303226149 -21.819781056467814
-35.404884857989764 -36.109064551044746
28.323566890998258 14.908413167556409
39.713587634833409 -18.709253549153559
-36.909478516825573 27.649559626123271
-5.856011953594410 10.661985301268549
-0.992715144559667 49.903091755682745
32.160904690221926 7.599505454727724
54.837170615045316 27.942551811232747
10.250921160017917 5.135977617205898
-4.114482300474883 -24.344155022685150
-29.024284736915970 -34.177495666173328
9.697947700144500 -24.714901647201746
-10.095794732297039 -24.238193586440421
-30.613929005322007 2.929904398677868
10.596984236627081 -24.093514665371888
1.706297260223304 -53.049395198977400
-17.062895964207058 -9.157599502308095
8.272778259554128 29.913092412870448
9.789584610760768 -28.583009601058116
-24.472888906591901 -24.669799289873474
-32.305099063354838 1.232620102777465
-15.117204127474869 -0.641137571450798
-11.823655666393545 -42.041690023910618
-12.637661925196113 -6.576733092006999
9.033237925678479 -16.499385730378872
6.886610331599411 12.645717870889149
23.193702174474446 41.916057193091973
-16.087553026868175 -40.355702669056527
-55.009961217854553 26.955020691444993
56.252358092633770 8.219480158622416
-6.350322002548459 21.406427660112030
-1.611875151114442 -29.435249066632867
14.637160731315738 -33.302627258929149
-34.805611204121078 26.113455165000786
28.060948872505460 -16.737046325157447
12.652772157862838 22.573376473585274
-38.242459504808608 -13.364409315416841
-54.612768211106541 20.702024358941557
0.959664029192624 22.963032706496691
61.779384722204121 24.162451216464174
22.874268776450812 38.189635940146800
-62.112028388934085 51.261813121597065
-44.466148301925969 -54.777905735496098
42.796172295003537 3.470843747638999
-3.592416563877241 4.556428156197152
-16.887596732710161 -1.798269112128711
-20.075236768865704 11.111469461272449
-14.212559526842437 -4.012346708742771
41.441491514957541 12.836011780261384
-46.411603746139448 8.174025227016958
-27.132202907220236 -26.612188999522175
37.450812554051389 8.657356543188387
27.936393844263144 27.238243969993608
5.365633981058989 21.959545655098058
-20.162664980991782 -17.745751115926790
-15.683395343122585 -1.164142390985350
27.029772291717304 20.783756020767946
52.858821836823175 -43.128683226094431
0.995257179073524 -2.972709355228143
-24.782627694200489 -7.875503363831567
-28.204226124616230 -26.179281333599228
-19.877448813527430 -26.603013691263044
25.313169863398681 4.018120215930811
-8.749105005770181 -34.775661404138994
-17.998598157256581 52.970960736754236
30.951564699870758 28.810451577472094
3.596209495627193 -42.675587870215878
-41.933519294829196 -8.499536238905026
8.285997141525181 -8.641584956573636
8.481784037300047 34.502061222728869
-38.498000219021549 -15.890851001463984
8.508689349339058 -35.485353283504352
22.663396610916973 -28.071067079599700
26.438636366582596 5.890882710828814
1.874164415428015 -19.468171514554921
-31.997499977843830 43.186449392631133
10.710762685026555 13.618597077341624
-35.972953983253412 6.392131814666230
-41.253012503227779 1.450816264190098
-13.119012344633379 -15.178659077538262
19.215665012610348 -12.329866943405269
9.609816747871108 39.236080543761744
7.120347987999593 37.663480807276173
31.324778432767172 13.423101538888000
-28.213785464434540 -24.069199325316795
-66.047696421724766 0.062451491237563
-27.753911546353653 -34.473350901751211
19.067067039364439 47.714541375444433
49.929268677564579 6.705565779871969
-13.707152988711554 24.844145314191518
-7.224896587915722 25.938296504818926
29.593962306246553 -8.591747785544641
-2.265402562874053 -6.376313354665496
20.913573395680956 23.070121970261926
-23.846761906502010 71.173723654820606
9.764746602395659 -5.377231138435262
-31.289221956054693 -10.013292672275574
59.066760852609598 1.363630229236969
7.727314513021681 46.608871171000864
13.690377562506335 10.712979628321582
11.315785170909459 -23.543689105481075
41.342333667792445 2.101086815876749
-37.023163654038079 40.187180186070933
-14.049265059496278 32.375083462330672
24.914802510733121 -71.243868151743555
-33.704594542385394 -6.640439959759842
-17.496661306972261 -38.931936267160388
4.495587582056004 -9.919824497187136
-60.346429215204658 2.880164364937932
-3.118608773254465 -0.259365180456172
-38.357360229590370 -24.722493085311584
36.759475105603030 0.092350381956392
30.301545040672487 -45.966182619255150
3.777128334604654 -5.737762310342389
-3.591409346914348 7.303640685780429
9.903333824332551 21.876693202199377
8.151314001345645 -43.613955112093926
-3.748405155721686 -1.615620963920203
8.235745577837802 -25.698981797135634
36.427728581025129 40.926699504457979
-12.179768251882102 -0.947376233696727
2.479045971711745 19.650002170602320
24.017594648359193 -59.910545155461463
-8.060162403092606 -22.621654656880182
-4.024001607973387 -11.358228002101061
49.846820299577708 26.041368514554875
-1.277470995138003 41.868697679166679
58.550834378278729 -13.739004361702456
-47.820063652192040 -23.336879424859443
-11.284192724428697 -26.063457268326886
-36.144129509340189 22.081726474893692
-39.694650769601367 11.945227161806478
6.284779286166486 20.053879985951063
-1.933290314505445 8.420863640697215
-9.723391976726640 -9.207529735701293
19.834476235780080 0.141643471635578
17.058529379761701 -12.388746857516399
16.977692597663928 5.374308222835752
25.766259078440459 23.753846044087005
13.920543259551600 27.008807380080025
5.989803012316858 19.494777777770032
41.099182745310571 -20.975559247939174
-16.431427160184537 -36.435473622942453
-37.136799206359690 -4.077427635104565
-13.875009146236360 -9.622032580051449
-37.272967126999426 15.605094044768155
0.599779502832751 16.515376449354676
60.348913260531639 8.083961704674335
-35.197588545629678 -5.637225233865585
17.595660785792369 -17.554035128794204
10.883124601416354 3.860010559352099
18.461245987510679 10.199048364815392
37.255382893983459 27.974779177652618
-11.139041487728203 3.625222162399313
-11.404548152898927 -6.103098986947715
-56.281294886473496 61.018486311353101
-2.598772514968242 45.494417934585115
-5.679258672439104 -0.647940168476741
11.986106511369291 -5.972951102504331
-9.863275648866262 41.775001347645592
-83.626886717595809 -14.788067878979888
-12.478170085760061 64.351298827604765
-39.394963901029975 -29.926640694019795
-0.456784234838316 -35.491244761979004
-22.468694349164295 16.920254983103302
4.056195185077432 14.429324543039762
37.108650741206233 -36.431822104139442
8.840679028662551 -8.127577594306208
-8.844517909043788 20.291844393250930
7.491599187906906 -10.703247379012598
5.145268524031512 -19.272040665574906
-30.686392299781609 -12.028743846495521
-8.996881391103262 26.198395898051814
-9.124933225239669 -30.403538206241709
19.025474572989463 41.367696365021750
17.957065246972316 23.698638874263821
-8.596247641131985 37.277630528154098
9.787954172810897 3.424408642823512
8.736878181687928 -20.722221234657852
32.090321511382449 15.828470989914754
