0.000000000000000 0.000000000000000
0.000000000000000 0.000000000000000
55.094146131313472 0.000000000000000
-0.631107859417673 0.000000000000000
8.239119007752025 0.000000000000000
45.902885397543450 0.000000000000000
56.918608811744548 0.000000000000000
-21.344150122510186 0.000000000000000
-58.609822674793101 0.000000000000000
-10.347749332970997 0.000000000000000
21.463782293517898 0.000000000000000
51.833468925908008 0.000000000000000
-6.219123580887834 0.000000000000000
-35.922845975194519 0.000000000000000
5.037692881147215 0.000000000000000
12.771907986928792 0.000000000000000
-21.185422773697027 0.000000000000000
-22.377302534790815 0.000000000000000
-30.649925418476499 0.000000000000000
-5.231246296427309 0.000000000000000
23.716887887030794 0.000000000000000
19.976311583235294 0.000000000000000
30.218052090766349 0.000000000000000
17.189554373396771 0.000000000000000
-4.482349466240878 0.000000000000000
18.203370892794847 0.000000000000000
-34.773371621566454 0.000000000000000
-12.940275255994797 0.000000000000000
45.801167741552277 0.000000000000000
55.320372760455491 0.000000000000000
46.347438719552713 0.000000000000000
1.277933930171803 0.000000000000000
17.573536066290931 0.000000000000000
-12.583577571567734 0.000000000000000
0.172655226001935 0.000000000000000
5.935450701599520 0.000000000000000
10.411465869491554 0.000000000000000
18.523138691379497 0.000000000000000
-20.465945643951812 0.000000000000000
12.093499197748073 0.000000000000000
10.475055703282395 0.000000000000000
60.303965278275285 0.000000000000000
-6.792036785750926 0.000000000000000
-16.564664403726550 0.000000000000000
43.460474318748233 0.000000000000000
7.170132367689348 0.000000000000000
-3.935599981560532 0.000000000000000
-35.344819290083940 0.000000000000000
9.471372708964111 0.000000000000000
-0.923811574892442 0.000000000000000
33.566241444020477 0.000000000000000
0.000000000000000 0.000000000000000
8.210685108794726 -6.478577535444807
32.827322421981336 0.822960405375640
-2.520699011119403 -2.962496299913723
-24.329225630486992 -29.954760339781323
31.407579443703284 2.108401180218006
6.704754460148461 -2.999505889901715
57.117236910573276 25.684361655412200
21.207778124939637 12.870101698252514
-29.338731673990392 -0.706719862592065
21.248276195381603 -11.710013986154303
16.973387619457451 18.418853857172138
-44.216002859013031 10.496661201603841
-2.610533392386323 23.246689167528125
15.014569117755059 27.745473050585439
-33.307538894175757 7.601734458094431
-2.353466473300498 -8.790570139828811
6.942473231441882 -15.441106609464295
-1.761997094230287 27.573685773522040
-4.190507697429420 -8.328642808015944
-31.982414816747610 45.797784891058853
-12.820042833001558 4.597993786585445
22.847058647373814 9.175956472702065
-5.323007233382516 25.516586522157517
3.590288929303489 7.630022375332506
-7.078007511898320 -9.434935293671909
26.249220196525712 -33.253252805445122
48.902259844283734 -6.702551817371667
67.699912241889692 4.581466824642543
-4.716085298292571 31.180465460261914
-3.734205848162537 -15.428773948578698
9.268511749376511 11.476080687364062
-6.913494711510910 14.284608583612112
-47.163462799179136 -26.086319124073945
9.064003873118159 -28.206422359113102
-26.599644321735415 6.705803600704515
32.290519825741399 13.056879975003890
12.005636261979843 -19.193646053232339
23.029057425254244 -1.726622679781743
20.862507577185628 31.324919580970363
23.501411167555268 21.982642018145707
-3.953977906886729 -51.186055789622152
2.315241484698153 29.369016231226162
-48.354636682749643 14.828206025511347
-47.089342915194578 -24.515189628224508
-15.514806694593483 40.392556555128223
-7.886228258444850 -17.460687107223293
17.928007646702333 31.331809636882621
-4.696514170474865 -37.102478693034541
0.260236008627559 -45.011908078724254
-7.456766721282728 12.389593539498494
2.209005575517133 20.089722079873233
-6.300162906080571 3.422706421645330
1.654011877735725 -8.281513958438030
-7.151814374825289 -2.547189638424352
-32.552974417927757 10.145791615956941
10.038908234383364 -9.841253115747195
-4.792349039745519 20.529131705599013
20.303480709511604 -9.784222194567308
-1.610258506489067 23.152861201978389
32.585049008316943 -30.131986384371920
27.858064667843326 8.635997191526407
22.072768386508024 12.824730709510066
-27.033490601966907 9.986387432451762
25.488762800208598 33.200292663274411
0.580387013703521 -8.570663037268812
11.405553030667056 26.013908932755903
14.613977645537062 24.747030600418778
9.967124756488744 -2.962675133235771
-21.595493039393453 -36.256396605109458
2.366048934199811 9.821972465857646
-0.949088059185603 -6.318086678246939
-6.375675898746216 7.577244359695514
-19.135547546540671 -3.765666037568428
-20.682563076266959 16.869202597051064
-19.389123388662597 -16.368745306319973
-8.065131037822107 4.986883599201118
8.843539338508222 -47.204687385469960
-28.198616623815340 50.865340246794965
-25.429911055967750 5.161053292171485
16.527889722850738 -54.028238196269129
29.811604605334281 5.725971591803147
-54.321806892836740 13.257730436668655
-18.282522488437742 46.496897933005201
-49.550176043552817 -28.461850391703848
23.543611558826012 -23.299272103642821
19.413295984881536 13.036642727722628
18.691219343599389 0.424489923244755
-26.335348876129455 -22.421763766616330
-20.078959238745583 17.945938088638620
-49.396148239741763 -12.300784259691586
-13.645761340897137 20.611608828523373
0.034764072197902 0.986150278937576
4.415341898480682 -14.199046291273984
6.292036553664157 -13.869833690925969
-16.138617607124843 37.062376532904963
38.871400697968440 -1.546421854386265
51.528161240274123 19.272226427261685
-34.988651797936996 5.485714789288790
44.281107034403071 -26.427401751509525
-24.137231020254887 -19.172550356582818
13.498591347531381 -0.322544254610318
-38.248074030269194 -9.906549972582132
12.665237366636328 -31.074859254093607
-37.049524484792840 -22.849575320776868
17.924812619411249 -4.589777627973129
-1.609959237954993 -33.809453894603379
-11.584035456497253 -45.985352664762445
38.112266324955897 -22.408249651022054
6.560408036862409 22.393686503505883
3.864906102447440 -7.399603476363604
-16.883877550868220 -25.443707085523439
41.884597364023293 -9.474534172866054
-15.073432240941781 9.492492196245919
-10.352697287943927 10.451846233642581
8.796318239880334 -11.034879589354794
25.695478709748166 -26.196651677096916
29.186537179098430 -27.358772395080543
-10.201308324046444 -4.645712857552518
31.060729894365611 4.015724006043687
1.646401548175953 -38.077820151700593
31.762359734986237 2.567362351593629
-23.908780306748426 -16.384258298275121
4.959924269949561 1.922634593105823
-60.867388738537862 35.114824270207613
-2.869914202444441 -18.482728240189690
21.964295433204949 24.669569006408818
-50.784796761193405 -33.017915238089145
-12.340631729766045 -49.157758415491500
5.953503332674150 7.829916889617984
26.387618638662271 27.034561433881798
-19.414717290607491 -21.408998728011021
-6.390774508024307 -29.629299765603559
-11.010453443465993 -24.747768549172083
78.130106305126532 -11.217835288766020
-37.397308859729023 -1.597296236557305
-3.618648272527526 -6.645920863167532
48.967176684647974 6.795296924213033
30.513087014577142 -41.772934942339020
-3.718185899206180 -18.318126875849519
-40.117629543976044 11.207384560372448
-1.727201665610555 -49.775380228309601
17.294519095956886 -18.501070285570631
15.996027610373222 10.729822490825697
-2.943345533287007 -21.808668028606007
-42.586362545882665 -30.704715645236334
6.360333989593635 -49.338668538572804
39.124641813376712 -17.974058682971421
-9.967406567536221 23.957751916753942
-15.818031792874761 -22.818852784466060
-46.144304239039990 5.104814921631689
-5.989339043386096 6.261964903655574
-35.111602177683181 1.078215565349740
12.769656117352726 32.753075336595302
34.900049550981855 22.228307232520510
6.843050693945230 13.810997237099775
40.113419274075625 4.311970693768184
-10.531976584474226 5.927295252298653
20.633191525847000 -3.067371123128868
42.239574957357043 5.593814641052352
4.219698169598119 -29.083923132134366
-4.225001868291078 -4.389733721922426
37.105888779771000 -5.540436553686244
-67.806440501201834 3.000358760187200
9.661641648201712 17.871247593877229
-10.614379172096433 -11.174617273123705
0.150188929010204 68.479545448942531
3.425160230329265 -35.737336073727192
37.205200383839006 37.602946476853518
46.798178681446977 13.188248338856495
5.316758590685803 20.973919362672795
3.951890258914004 11.496606518304599
1.621091565811955 -25.627513618713142
-20.766798615097230 21.799289771641071
-3.840503821394568 23.922580180918267
9.629306562551896 0.693078559063420
22.567601146080239 -30.813665725963922
19.110618179438760 -32.085927002027155
6.236937614197932 -2.012814176311681
-15.704406540391552 3.004660689884165
-14.080265595647489 43.235771453589201
30.249159611103622 -50.431386150610372
-15.722089943050122 35.656636476016551
-51.143685711190855 6.401367829707965
-28.007907661464898 -0.835123121674454
-11.145913534057062 -3.361901800470877
8.897343762444207 -10.816628205184671
54.648295486217961 -3.009860914368591
-5.311651232737474 -46.811236103222541
-14.009809639830459 -38.339134413950674
-45.495639793172089 -2.102649220745369
-9.819665904144209 20.916334290208127
32.375437321407091 0.361694361353671
6.836544061839232 -32.579547980264167
-47.772340063084485 -13.866747843313792
2.010193574108171 2.317520969392290
-26.501650552532425 14.843047516959151
33.660932524261497 -32.412691159918808
-23.957625760114958 -49.041028927990958
15.782227389742845 -1.745695989596319
33.148017987415699 -8.584149798021665
5.809233384746615 0.415740467150719
15.421621787218882 6.132599171531132
-19.901641072952916 8.114299486649731
-17.705309668938604 -3.822687656506119
-25.913031497208017 36.425957030199100
21.212161464774908 -50.466319837835243
19.168562505937583 18.136823989626549
24.837357487683445 -20.657377913950608
-37.153110579701732 8.707427344834361
8.951807945178350 -0.445195685514582
-7.191256644304100 13.760085127818675
-3.899488851013390 2.293819527118796
-1.857160693635266 16.828263894500552
44.452254791655079 8.393907135532551
-8.910756122274679 -24.220802869876675
-33.028729169574135 -3.422666562537016
20.371630385080408 -25.273140436049921
-33.816387076104292 -35.976400315202923
49.063513217292865 -38.907785024138065
-47.949771132482446 -39.925448983026826
44.797586010264368 4.485155080140775
1.700462465079974 -11.985364323006575
11.557065623380614 15.018519893372108
14.736326344388548 -30.424467549021227
-33.872712421131240 6.507966206064159
23.773842908694050 -26.067689709909345
15.280757524344745 21.205717760788630
29.214700164253635 -5.798794834848817
0.989232779772274 5.290754769383961
-4.668557829243261 -0.052212647935703
-0.221084836838141 -0.870495434563922
-22.767951380702488 5.980566749892990
-58.688679422814495 9.120647528133734
-5.134503062774967 -33.415594209222860
-11.892442259844724 -32.611605630132104
-2.314143578954540 39.733501407822729
-37.064288790532544 57.493305967418024
8.062635929323221 -17.062460944623531
-6.409965429504498 22.207577873320442
7.042104263970779 -10.063162207892816
31.978725250126637 -13.107234380867810
13.993998305673696 -30.401933003150841
-1.477184319839326 -19.557766465356238
15.061077898050417 17.164582261026645
-48.047784882817268 18.322635321814261
2.228843105374597 24.772520851466194
17.654133741697706 1.717241574001727
-13.904031706765846 -6.307793952520188
44.580997725472614 7.323702857104827
-8.659529168850963 -32.403800016789198
-9.717658614230436 31.555227781004202
10.174197274067495 -5.797119406533715
-0.320011731511427 -3.848214762018806
1.982443141474374 6.914192285343332
-40.768093162349281 28.583787359826943
36.418559667712742 7.085074649404165
-33.161520702644488 -15.689143493135884
25.075909211187675 -4.908824667419467
1.601001721968791 13.213816091340130
-7.878656581176227 -23.527310087337327
-4.784896570431139 0.903457596786005
-12.453734901551245 -38.053429668577330
-21.977237996865352 8.625510672440196
-17.933416752098047 -20.223236436846495
-0.880461407883648 -42.308502775765199
-7.827277600045742 14.751373152835637
6.812640502358652 6.809167935858995
-18.191420270060846 -49.240338867546626
-26.040890258385961 -12.053492801824726
-17.878239991360893 -3.634179295514401
28.164388636399718 2.028343102134037
23.473757782177351 21.575564602878973
-43.213846710533943 1.216775938818432
21.483534287052667 -4.875663629768245
-6.079275260545769 -43.261809019159465
76.590731560470246 -25.602005027949243
44.586053948265445 23.003771820926843
52.127284491123199 -47.515682508600598
14.321939824680598 63.712399967613685
-33.867899057062409 15.728897997163948
23.463972638898422 6.511637911328635
-20.571021120214883 3.638971769092147
18.094068517230479 4.199636673635310
-46.647798019334914 10.539286367206653
-2.229507932398568 32.188709008305402
-5.797711874123509 11.406435994480571
23.096814364235609 -20.207459180247376
10.690249404386387 22.238290307584649
-46.114638302375610 -1.379329537024094
-17.835551029911180 -25.306097578847911
14.491252043540369 25.323939033443160
-23.340493849238218 -2.211226511193146
11.931144304869306 -46.164089793282919
-19.605645635090408 -36.501665237896539
-4.368828922509683 -7.525621942414437
-8.207751404625730 14.215725832226450
-12.095607824251861 21.805270424354251
55.839234563965839 26.846620984422177
-57.562369364978174 -4.600773199116368
-29.660462600321249 18.251032196033769
-30.298619910084771 44.953844098983900
-16.222331453750769 12.331570768570746
-22.790274749813310 60.310228009332263
-11.059187474607786 -6.987125970739033
-19.332157666682352 -13.685470308581907
13.336730708647963 -40.016886162640446
-38.358450235470613 -3.852703908566749
-19.547172228791879 -10.754956467947327
26.700461967827220 9.049592166670918
-27.722693393185434 -1.939093415748064
25.427726396479340 17.487066339414170
11.541926378743108 -24.136076763484667
-30.479747441952735 -26.956130907172238
-15.081171587568230 6.093952186587610
0.467151820897960 42.699540171797914
0.407336599960906 25.045333185686541
-2.871801012621805 12.413364175977529
43.463488360891574 7.885241933122012
5.767437991539368 -13.612548821341322
16.496754936303784 -1.736158280666936
17.805541023077332 7.710758968577051
33.166546425860865 14.643949604905623
1.896345091850886 -30.368851352852275
-113.521084393203310 36.195374205603372
-22.912898162811040 -22.086127330487649
-26.885222262803797 -21.816276155067111
62.412325451428686 -29.081229823646684
51.620612728246122 12.645571688376364
19.254271722374082 -7.372489294595343
27.143239631347182 -5.798020029642762
29.073543804428283 5.712512354042813
42.610206802511932 -6.700022138618086
-7.844124685008899 25.685263996626571
-5.017923141912043 23.806843172121273
-15.234858458837689 -12.859859361666134
3.438080981101592 -4.602271217631164
-22.532227100558096 -1.944870546839229
8.910426327142876 -8.759551452965557
2.610194133415622 34.783946244234500
-16.323045399449050 -9.886530387048458
15.544041267273663 -21.109868323043496
19.859275742088030 -10.413310035891465
45.666097565595351 23.148424372002367
-29.258826146042939 -44.512172848353785
4.029506363703364 3.394573320774638
20.409770901672580 12.671025445674157
-14.285429499895519 3.778937712399871
-9.004707850014920 -53.442069088964935
-25.729237847757389 -20.913026887656784
-14.397607591240474 8.212730274599227
-5.235495800326535 5.015231439227922
-2.455302958559519 -23.061986052610106
-39.953129379929436 -6.363138682114424
-28.163829622116488 -17.130390349432684
23.704242068736256 -11.753902340716870
45.923551236286734 35.624593162678309
-16.943394861010869 31.055835809655338
-6.068888029673514 -49.911900169713725
-25.183969338446602 19.568798332325319
-31.044563682335177 -9.500237315560044
12.845299837396002 -12.560171266466773
-59.563957550739431 -28.353132228311622
35.584660114903777 3.548458699110082
27.477126224801193 15.831396953088673
-55.620229004991145 41.786789690983348
19.136148175480354 29.237619192164921
-11.718060264286592 8.314195910591193
2.210019581762252 -45.454061801566652
5.753774710035784 8.309909878835349
-19.600710065577857 -8.990062211414099
22.564552856036297 -49.473865635172949
-35.024051455715963 10.259634868284170
-51.050615165790383 -15.950331773969403
-35.811756792647806 -45.691910299145633
6.853954058738822 25.598896992157627
-6.451785581415093 27.632005233518793
2.005551828665521 8.091094565607811
0.040719184800817 16.806617094457650
13.879334795814549 -35.463937860817019
9.653360053403855 19.268636206998032
6.623246834937851 -21.728509363577576
49.452355635237481 10.383667224792889
22.972953196981642 -5.178842363008652
-11.117480476967176 -2.225051538519929
8.305404465010762 4.218869399850483
-36.181261357420176 11.270315008357379
15.721325314722604 -20.029627251840143
7.587675862415307 -26.061328915146191
-42.498592357100463 4.662877313102939
10.186162904089400 -18.881982868836410
7.079102585636356 71.432454477552611
7.739072225952671 18.259508591930427
0.166760322454067 21.195153297131689
-34.567161139689794 -4.017292825041015
9.632338983449657 5.339014311585321
25.388155184632271 -54.919303801858000
-4.425846726317838 -0.231597206935601
-23.792594298447387 42.176508158760164
-45.293875682251546 19.244112675666553
38.520601186532680 -47.139412724500545
0.789643129966420 24.708043989716060
-41.001215691281686 31.226380468265173
13.287839989364821 -48.748438124673875
-5.023611044369208 -16.073759651464158
-31.456722180593331 0.571125608206604
26.870633666266713 4.026253222959911
-36.064987124070143 -22.837953464137239
-33.519430629381446 -2.963963042828224
-11.985601041485694 -3.592506312059258
10.684520486125376 27.782178685098515
1.394876207553221 -47.213920639870366
-49.139183650806942 45.823989702792012
65.743354122919328 -6.624451703888962
-0.618578709854440 -24.222970108429390
16.779649706567682 21.444696048129732
9.326556515173623 24.725887114670655
42.978072006030672 28.537771232359841
-14.192728465327860 29.975180836473715
16.472908122562021 -22.514506648356882
9.461527549625821 7.026555688783024
13.947888726560526 -4.309095577979330
-34.035368113434153 -17.769170634366315
-18.235046675688164 5.883383163820869
1.914210224853449 18.372727055049285
19.342108904458868 35.306477035313108
29.215870924029556 -18.241349007858400
14.204699660172526 -16.677846455703108
-8.789483735344572 -21.202889302569059
-7.550623754951912 -6.316697114129409
-7.386111137637792 9.071145836242970
8.978615252990465 -8.678802555783074
15.865480130586779 9.171243224239538
39.490938330342303 15.881979860267450
50.831557490353205 12.837692045313547
-18.753808875597734 -10.634129541426487
-2.978292414294667 -49.023216517935282
2.937762411097180 -13.171636121357281
11.892336939358415 -69.199010999074275
18.878148198218483 17.194784174269426
-35.165475441130461 -2.039397025780711
-14.992362681420680 -29.094645650808896
27.373421550937987 -1.505720986848960
-39.049619848044820 -16.862008899569197
2.342539798427103 -20.513133183611405
-44.064372344443235 -23.671160794374835
18.197098632975738 -25.209020689336356
-23.811811245035702 -48.772671928626892
-30.942650119523258 -12.074227913738213
-18.970297279251547 -19.716513401638068
-5.549067016384005 -30.084805002904375
-13.811842432229833 7.471625454634498
61.062264252495950 -27.260286390113322
-21.679732844683940 2.063733214863335
21.438604059168874 17.991643786898397
-19.293961299837811 -18.283038186219269
-35.912694716826067 -2.696487317326594
-19.807943872655919 -33.063160661607611
3.527625235923900 39.069085788353767
14.921957766551721 -6.686962910890812
-9.063258899339621 39.465000297120106
-1.666265103913675 28.595877722440441
-19.549549545062355 13.636494798471919
12.258124368730750 -13.814960628517758
25.492154605181653 -1.614677488339213
-19.934263509175128 -1.318572788022505
-20.776856024140308 10.074393905884751
30.963439525885274 12.374093302791712
26.800408164159279 -10.229837802654574
24.738776538406196 -45.627874340895190
-56.033300039736119 -2.078911335301695
-11.071722994454159 15.921453032329627
-16.039757873893503 -0.568537423061539
31.331431836993886 -5.541681440091197
16.149422743092945 17.639905647703873
1.323034270708872 -18.453968547980313
-25.518301571154655 -46.365302822313573
4.213757607142429 -18.801198309616360
-9.690844026041141 -24.139743487379882
13.859188038405531 3.428731542487527
6.559645874818855 5.123807424959819
-8.865754293574261 -7.920088668111990
-12.214248758888321 -40.658784448437871
-45.586848128647205 -47.558301031890345
14.468850324090969 38.429144716819167
-13.864820233750732 -14.048852559828257
29.319978571244832 45.498122349471195
5.057266500358480 27.897467748851554
2.830984931137688 28.392687187249436
1.989810828627000 -5.352878336326146
17.400341637504830 28.113344784460011
37.365931469685172 -5.679239202195656
25.563585661758676 -12.936555916633642
-19.406256363092606 2.771733794581928
-5.900226313691719 -4.846753798179678
25.802474439417484 -5.585339611799568
-7.068397434617887 54.099888108229379
-0.056251395366189 -22.169208987089544
10.143113431351679 3.413530543373616
-10.020752378371339 27.052499383778709
15.873783723219594 19.910353362028271
-17.184404682200054 4.301352389670583
-14.022229841096792 -2.063363393845810
-27.214802308485698 15.590602936397850
-28.778130259015796 -10.158124096332703
-13.814327059045000 61.538158731045414
-10.311796048896511 16.024402977617726
5.989394534292107 -5.324341818321292
8.062565874957246 -11.665272885368786
4.133776771836245 -43.242906104693304
0.309838241560976 -41.806804969165299
22.380896202939052 -13.564791570960338
-7.116493784619214 24.075520311574852
2.555132495897454 9.943582636748175
-43.223060005638047 8.964712195885394
-42.583201967629876 -10.903622807903046
-2.426141322365090 12.624268957083888
-19.152110170542642 -17.401506685478562
0.495208283056575 -18.317018291902123
29.169965670194301 -12.686812437986882
-26.923430737625754 -30.428339122393936
8.535083963461288 7.274936970182870
55.644856345707169 39.378166165591175
-10.833168123802789 -45.524178293692735
-6.170114069988037 -20.199043274544657
9.919693982357474 7.278082408186625
0.865092535291949 11.565634978420213
-25.650176369414680 -13.890243571737436
4.436332490961422 5.699578276776189
-27.103482875713105 -31.920759369704729
7.678185163867836 -16.141106727578478
16.118216769865803 -26.730681112890931
18.937725092288783 39.466387117106393
24.188632734739539 -53.987877523149912
-37.065172127008637 -37.328360747293154
-6.863582748688449 -18.724536191204436
1.949505312165606 1.962192203323624
-7.515158118889131 -19.383690358011080
-9.534704728474352 28.297798098992516
18.188631558911268 8.056102592136847
-52.889872888887012 1.498095343803775
41.893239370203936 20.904366174335507
-8.481663748169199 -3.530451881853244
13.810809147434730 29.288089350153154
5.468513021291219 27.467939141424448
-42.721008864196911 4.600475453300906
-10.446778397419262 -22.954960267487863
26.058585144436897 14.193361214710146
-17.301904954115898 -8.939222706180505
34.635467892321664 -6.550385795040462
-2.408180517271284 -18.567818554313966
10.225496427335969 10.669799511109570
62.436888531301719 -34.023043320400568
5.467674517463214 -21.710677262352284
6.720531110895089 -2.450734715882668
10.396579133205993 23.260541818701480
-5.284140570575545 -48.140446527194356
16.129572281523796 34.194456700732253
-6.890985666904850 20.634450094076460
-1.419042175384832 -16.063141402224101
18.917737352205130 -45.711805376809444
9.673183204481127 -45.879191902719555
-14.559682080617854 33.183565183648227
22.157120153711997 -12.437503822514044
31.540198923881373 32.906481723898764
11.430056398093448 -29.138669263717205
-33.287707178315010 -31.507738256115715
23.557055205970446 -8.245544517501145
-23.897892027051633 -15.401015832144520
-6.467711256992959 53.614144716094287
-14.732452801540839 -16.689374885108965
86.194600098374167 39.723604116743260
-9.343028229941565 -9.304388394939037
-0.303064272730698 -42.696020942773238
29.243515264421049 15.558013444415650
-18.771963864490058 -22.951129388231827
-26.080400615330714 -18.219211063830411
-18.616404246236304 -9.016234321662902
33.074978931868131 -26.033125520099755
-2.034386096607134 -5.863726309447454
11.495483060709958 -3.950412580852898
39.823776112909009 -7.640214262628580
-30.353272252017167 8.970729608428341
41.594192435727244 36.432426523447987
-2.140243139070664 20.350489903046380
7.637472346083094 15.872811407376087
-16.413062288247481 -16.649270309146942
10.366540058612424 -14.734513426745590
-5.389306455358724 -19.439771663406997
-3.331334138182244 -24.942662589296372
5.908772299213144 7.161910921034027
19.060621983236530 24.538346710141386
-7.876743663391772 2.972365673992686
-21.697978168743703 41.778457377828083
-14.353662630068959 10.245339907007253
-34.352545368695409 6.493831778580091
-32.721159154130291 0.367489237697680
47.292866079503554 0.472047265797480
-6.824109267448815 44.061853345767261
16.661351116824410 49.952130636617106
33.466484796619497 27.682337855931909
-2.176596995921558 -26.733319139070943
-41.498940641383086 1.025814214860847
47.834879938375956 -8.565782299993668
-11.900675118875553 5.196627139726114
-1.533545190101635 19.193462041239059
-5.587514963565456 3.373627558996475
1.059373250603635 2.819497143014618
6.839270383525482 18.256485542914216
4.730535115814373 11.060888121032312
-2.986337956857948 -10.654713811909497
1.384193607530170 -37.429791744536566
12.944003167454456 11.123687216627273
-16.309578905993867 -2.644031342177458
-47.306796098961655 7.533003519445394
9.277301524233836 -35.360995404810986
-26.472385048981018 8.464951567932829
-24.807018720215957 -19.794044933500484
33.086585126199289 -14.412211040803539
-9.699427662632875 4.768482464814738
-14.723987898399930 3.429179359134817
19.906397964824436 -0.823093448292253
1.029492929083131 -8.345643489631351
21.075628573006615 0.427326479077469
14.846966591197424 -7.441181794870960
0.724443020807884 -52.836997432506323
3.769638290614885 19.198762694630794
17.627600028301043 -0.846288125305705
-14.855313971359758 17.889288883679455
-8.944191443278612 11.017842629474712
24.948031636168039 15.532370381071312
-19.902944160699231 54.060402786566733
13.158865055458099 -20.493392867041429
-0.399477590684828 27.503326984703914
-37.289898555981743 -2.095135717745886
2.624013342401348 -3.498162965193518
8.472050750965055 14.461634430481306
-22.998698190681733 64.141707472244363
17.212507850196136 -22.875028275780078
-4.836503129826299 13.953076718934428
-29.761393827716425 -28.801871987408731
7.019387131061670 6.744291719212113
-34.131385893457789 -11.880175967075509
14.630706721311730 5.724559980889647
13.257397434197259 11.770350066070161
-14.461608003108127 -4.696168881185256
-0.033129451885891 17.990198417695833
18.385729054843008 10.396059386170103
-15.938886939965572 12.573622723361204
-48.554791553552583 -11.368499964539248
-4.912960039696791 -10.970467989654516
-6.915788550992471 -3.130926957825835
-5.343883089920864 49.733123351847510
1.795186040844352 -41.759505993598772
7.914955477796120 18.010255280208089
-38.372522339038134 -16.400095343595645
7.627379876187228 -33.422117848202483
-19.435624244721438 35.492287753372281
-34.969188381341411 10.541371176623036
15.143544838146360 19.062100063761211
39.662031818978200 5.042695301721992
6.509996623333033 -10.785524755777304
-19.715827645653576 13.326085824496653
12.765656203994999 -8.205811355060431
-26.661606402626042 25.345974359100513
-17.118608718396377 -6.061071240654454
-6.541137688840426 -28.201444358212967
-13.394972146101749 4.239365846216007
-6.699241164843014 -17.965594691348056
-25.991635827457536 -41.126219188062962
3.042219841952551 -14.339100870552263
-12.270724848835361 -9.747378540794726
29.929369907183833 -19.800176650971295
26.093712389068884 -12.166280046007060
10.847785304448838 -40.845731758518184
46.686836887073781 10.544408312004990
17.403673632923820 35.685210687309819
-8.516175811307003 20.330994580791486
-2.811878884992157 4.698498120215855
-28.846095245644655 23.110963435398375
23.823295511309027 12.667202532033603
-9.588962249866519 -21.233943093381107
-17.577341059182473 26.840892538347060
7.322747749438793 -0.131311979040783
5.433824252276692 10.537125514481547
24.692839799462398 0.885216751232851
-43.533387202962011 -4.087170935088121
-20.667601081663204 -9.163775540480573
-58.413585524989337 22.893529330667437
5.516359249153174 -38.038456708158471
0.434898950489009 -50.515406871658151
31.204986548456599 12.208817835156697
3.085185570546165 1.901395654412937
-7.607718932844272 -49.130638665813059
9.628653260283784 57.871193454358789
8.354061305486185 11.093494806533030
10.093300445254997 16.707568213747450
51.187162106053201 -12.204789791660456
34.803276376590709 14.291120191185815
10.625879781742466 19.902348738119645
-16.103128647412539 -2.009359448091587
22.662893563167568 14.056217045491559
-18.919891675755917 24.092665671161612
-45.502111095433932 -14.042248872252975
8.062595337999424 -44.929174402924815
-0.458021462280203 25.899984046400128
-10.476513114025998 -24.261766800024674
-2.200126403886014 8.100373498970335
-35.138238140953909 -5.282369907417342
5.445692584912322 -8.265245616177721
-43.228283673797293 -19.648832195450794
-23.176824256240376 -12.944325125360610
13.892992448407563 -24.985274571416973
25.628369190572833 -5.240884581819463
53.535143411582844 14.392070529864265
-10.553091868292720 29.237631127720562
25.985883527553170 6.769575342465953
-11.500493710558541 16.517011595491944
20.810243793777520 -17.068344543424733
-2.778980665386535 7.470635166819502
26.691964690102342 4.461750132841251
-3.978248810336476 -55.145867335936416
-11.064177940364875 -18.557222881200563
-24.308887140684824 -6.734980619481570
-17.446996353558962 -10.067319341759699
-14.426025196305158 8.988817411247181
4.557028170749430 41.706794058079929
12.754466933975198 -9.325007323172700
29.007873187333885 17.880201086590858
-25.207748220682404 -40.191075243896663
16.947379425097992 26.160239508921883
-26.689280109043246 -23.708847191133199
11.302970101864425 23.623663816858713
-1.696677855350073 -30.432692610129191
-31.484313740443309 1.421772495315324
31.677007938409055 -33.403691716464643
35.385885468318577 -8.818322276709962
9.092005736204666 20.811850870949669
-34.819377298343170 27.955363992219869
-30.339206861152388 -31.669661598405742
5.774485760367108 -9.123397407376775
4.309286090593534 18.139103158644208
41.008068516228555 28.710538082015045
21.618014212464939 -42.682573710994490
-35.335908647122622 28.473142109371292
-2.115184736481959 31.155471257975439
-26.998080418401205 4.637408427893374
-29.785878001978841 -14.911717936335020
0.714122911841508 20.379884007213295
13.462884682638691 -33.798977791469305
23.570628384544086 8.763489240625937
-4.126486134129244 -3.552319806013840
36.001843492271192 33.156373314601652
-12.715376126658860 13.531199487759860
-20.468083224919635 -34.647832586416641
2.734846906246208 24.195846325732390
-30.959743074369172 63.320191710454793
-12.210046806963257 9.103751070482012
-39.120105440920682 -8.935141568937585
3.627515271890758 3.845849098757805
5.456566565655159 14.652474462339418
-32.068006709460064 -26.795268961232452
-34.247185452477723 -20.463520680887459
-23.525217948424963 -31.909656486363815
30.436566868772253 13.818116534651249
-3.101782878417387 -13.843437503712304
-26.828549176027700 -14.214752633435122
29.205775873822549 -16.088782999458523
-16.965469091559665 1.991480989896973
2.764081066290550 8.363314187247502
2.735062826042137 3.652318647621614
40.561536719119481 6.061818316756351
-28.683615970105638 2.184078525825440
18.008881303965275 49.600105943537578
-34.967306960593952 -11.490800906259274
-23.828890478696305 -11.858361505485918
-35.316738443008745 -38.044764485644215
13.529604277885191 -1.570374606979769
-2.310512374780859 -24.767067073758501
-4.062646037674676 -37.635472675550389
-21.594711364735552 -38.774954527768266
8.993051881598275 9.534046218258023
-9.386697789217532 -38.347174205190008
-0.821348158607800 -10.084878824589001
-17.097357961017924 -21.862349357159754
33.880789289942356 41.299180380372341
5.395568220384583 -24.288280516140908
-26.016362063213652 10.437695524626678
-22.459246466968573 4.556121837499134
-21.201055261407031 9.230837051958668
32.784857831321759 -4.991735390830347
24.249566491194269 9.697551071349496
11.935255809669224 5.171258667550397
-25.951221555253912 -13.397238355283807
-1.971443254128272 -11.699075005310734
17.347088285137030 23.030027264328723
-40.581166934069543 13.033099827245962
9.363990771676381 -22.045404312670495
-57.403758052042114 -70.313265918582360
19.287522605336253 -12.561578006069485
-10.877288920145171 7.087031860910443
-54.138324724944418 18.452177494570652
-38.031368966800727 -11.129213321162176
-19.081066715808870 -13.451387727884503
15.359412840748149 29.816729261568643
-2.127779063204384 -51.412434127538539
52.956146633060612 -49.569433209104396
-10.819668190350983 -23.843014457072620
-39.916729625432694 24.338397389081049
-18.464031015757119 -34.341685015200078
-12.826935054148997 15.420022783344372
-30.574675085976661 0.275761061514321
-25.378779917341475 3.230895584031325
23.322691114764769 -2.380470595205015
15.590401161002085 -1.860929036253187
-6.617465469641704 -11.577423548185088
13.764536553759514 -25.834955830864963
35.641788933718288 -13.739237556691050
-32.761128139469228 -39.215773387753096
-5.821008110806550 -19.233238881940729
-5.889246941677683 -4.029766723809079
-18.301467819891911 -12.928709612787028
28.287994880407883 -9.239439080797005
0.114529968630450 -0.385507974866548
-12.043893613253235 -38.648326104268293
-3.601374282262121 7.228499633883497
7.110607125372854 57.564756553127211
26.901144145796767 0.622459078081100
-27.897930935036364 42.037104718170902
40.237365226463837 -14.152842856309446
-40.305450067156663 -10.948051285340268
-20.153285703557092 -27.157669257384153
4.985125605532807 -16.836691349681956
-11.250078194434005 11.020052033098558
-83.376912490450493 -18.722143701145576
-24.773932093372434 17.111433725909432
17.901017376366021 18.367580761167975
-35.193542126080544 -11.618007959987198
10.697795039759178 14.835542863816647
-53.763983421579916 19.731628771586607
14.724818833150277 10.696760025084002
17.780083406921481 26.303386540482986
40.156042885983560 -13.604571211801444
25.442859303626616 43.640003934751952
7.622495274647086 29.423631256459110
3.000122256746478 16.297766410784405
-52.415568847502243 23.120243688380967
8.247408360095708 -50.302590210074349
1.446614586271625 -20.234901552895067
21.454229395837551 -2.556921407130274
-3.379447110302674 11.585786237518818
4.578730098734354 7.157333469018590
-1.377257675018819 -6.605609955592940
28.465242187896219 -16.006287589434397
7.422512368779440 -19.118305511708595
32.232606522738770 36.635894009448954
14.655236834918496 13.011570850620855
34.835496580664895 -8.159003065186651
-1.329068109097591 3.118372460574635
1.334972536572985 5.703150986925682
-2.296717425838158 28.182376387964350
-11.753512643049186 9.879270367622224
-28.698054551453897 11.413222403414569
20.460128105136441 -51.851020423334504
2.464412745894615 -9.296809167521014
-0.483692615550898 -46.572352307313984
43.446249838229463 -23.338501320678599
-25.723455456296893 -33.717229551117036
-18.353114751818421 -2.728042613746428
-32.362186802628031 -8.481015545974198
47.957087172347912 5.483701805741291
10.136582704649925 -2.211434812729088
-42.652603470581631 -12.378875943131479
0.841586886465642 -1.673603381407381
-18.622323687604489 19.516428195286327
1.221630817204283 -0.881013755658124
6.216937647102800 12.579550691130462
11.436992315722941 -5.800254302436183
-32.243455289477104 -33.069298482445603
2.071648859443841 -18.553190160743274
6.693190656279280 1.990210029348051
-20.190353019521968 42.715326773663506
5.591535310239124 -1.762315611330656
-18.283484357806742 42.869207410763963
-18.620630072717031 -2.335180668389114
8.080959737950007 -6.337963833300206
52.234001684857567 -36.092515511205825
-10.822448021795038 43.659989913114302
-35.880856978700827 10.912822932209256
8.381399362155470 12.106769571592755
-28.984437316037052 -6.377787755351731
24.454997902363516 -29.110952002970475
15.346458738403854 -18.663658168441987
-1.550931911172013 2.294043484230416
30.322741583671718 16.524250710156728
3.712999412893982 43.642288817314316
14.083758332001679 -25.053531127061042
5.785654723482041 24.034754451367224
-17.870200654231802 -28.541693115268821
4.786151815325828 -69.113782760667362
-20.854679995596690 20.206061905066498
7.745541537703439 3.794154809198238
4.684877039615850 75.138710814316624
30.544069836958343 -2.616224950243305
-0.044025875039717 -29.851353599391842
-21.469651444404594 33.664406420130170
32.079343549206769 -72.457029725905926
-15.308886952586169 -22.156139133080739
9.063236074578544 48.601990988991169
-35.606011266854459 26.117543178719131
-2.316505963442837 24.455978075338734
10.007823348677235 -23.167931318260063
17.606674010039008 -26.105702245254076
7.118512633067877 13.075743328906114
-7.585697258235533 -45.847404034259988
-16.087235161353213 -22.713437541999163
-0.695176451587238 0.300455239880740
-47.924221673282126 26.926799759488709
25.686779091046439 45.894085586685030
22.055781208910748 2.023191399314678
3.028974978016684 -38.818671922498808
20.855170911826953 31.216746386203884
41.901228022463307 -45.912409739344611
17.483131767772111 -15.990214186171887
0.179282187903557 14.952319302202559
-12.761209571698627 -24.752044425827098
-20.076470155217493 -3.364553213873599
23.282502776146256 20.748510251928767
-31.272038683680588 -29.782122316515107
29.231071860042867 -19.652313802945507
16.861485902521160 -4.939142790605567
-2.096138561023352 7.655967773275666
-25.508346513278447 -4.381761627843551
11.265431509227295 52.808389870053865
28.084791874363763 27.496770356476869
-59.272618189908314 -5.151516297715409
-11.806032385168551 -2.084082620876381
4.408981687744073 8.985850168934883
15.381387141709332 23.270304845902579
-17.167024866297574 -11.295175933991475
-40.576926337392536 31.474088553309279
13.650892209876561 -57.103616767760435
41.778927208615528 -29.885765679192922
31.592221270263437 -3.554100808087759
31.079147130843115 -27.200236887435306
-18.839924616106867 42.342951646945842
45.036241749644958 -14.391896602529085
-16.278586819524808 2.576614908098159
76.083995223143333 20.042225891008329
15.051072223854261 -30.976328941194993
5.695779634121783 3.097694027298333
12.477117399165147 13.916332091380198
22.825363947984922 30.776183327495026
-12.396332810526800 10.228875176681402
-52.081073378951345 5.138135812362769
34.529604937370486 28.826096093234298
23.522932359449470 39.650710568155453
-51.505743273457917 -29.385592516760969
0.522074103000945 -32.927729407343179
-24.206243296602079 -21.971548599714843
33.523366961529923 -8.173438829382604
3.737120995154214 9.599826857374605
21.483026350188581 0.066569378104706
-27.607856736256220 -26.415886445989614
-23.528607375407194 3.360837177049955
30.973679442457232 6.219521414856652
-1.096084833941307 28.967999728086870
-9.853882234458718 22.193070550566258
3.151670570711060 1.230148607916234
-1.308916088977181 12.929642576754890
-0.458974111566860 -47.043109469868476
-49.802901367809596 12.404194823365772
8.641154612671139 11.985141720816578
-15.567497160102604 -34.168889275430359
65.191420085808986 -14.700831709682280
4.112946225664480 12.344337493217592
-27.400770025341519 6.213196177753395
-26.255437809041290 12.455695520519615
-9.421722429883566 -3.506215748772050
12.209853490830515 2.221877677167476
12.019793431702395 26.099032851654282
44.411247017484733 -13.697464297070439
41.515527994558177 27.784702392847205
21.176181487377146 -29.653249686311636
-19.491495328098349 -29.142771590665966
-27.894460830519456 -55.238315241369868
-0.332398628334976 -26.653814989260109
0.183104672673711 -6.426021482168878
-25.206006566435789 -23.264868296728320
52.228438535552243 50.688922218385336
17.803401225190349 38.802249206768131
-49.587569607160781 2.277753568592153
-26.811267568522538 35.299619793384998
2.709027210382581 23.369728628797841
35.884633848618471 -18.643200602826390
30.055149316339481 8.317924789542072
6.998855279477245 20.671179770418320
45.378382635475525 15.624879153595597
1.876473155447563 20.671002466684971
21.332630456904557 -20.722285891576419
-54.821139184380840 -25.282979613029582
21.309280836532697 -20.114414899694655
-36.482840192934091 -12.956785695557938
-11.736451465676693 -30.558029805220080
-21.148900408520220 -25.478430207409474
6.858710765874017 -5.174846700302642
34.932416865268280 -6.478366579307075
45.024122899840165 -3.334527246393901
25.347531594277953 -19.912516924725011
-5.896836102291654 -7.077573024455213
-23.763334423158213 -6.473569519369898
-10.540019848775316 -23.769538030961581
8.640101591436892 19.678802999689598
8.597782345218334 -7.251136033465285
-4.473223261534555 -20.913109326925976
-15.025278816535863 -9.087563360271984
6.140462936211776 -31.334472733540139
31.459908493406658 0.366427663575355
-63.802583027401440 27.143561857037348
-8.823779670992334 4.841755046893747
17.704563454694899 -27.851635867894416
6.476094749060554 -15.443869369781909
-1.830542693608974 -1.748141055807141
6.254351876669336 -4.074856963848910
8.108630029940894 3.558217082884616
-41.935907472912000 -38.198344312547299
-12.288987342467925 15.486001553988224
33.632232176468712 -29.445228315500650
-9.158965439295445 26.571868440177518
25.003023678102448 -16.704487650640392
-19.303034847744421 -65.416534315759804
17.121625798082789 -53.456262075381076
11.562631569002102 10.225021592293716
10.766142991558297 28.552833754025883
7.173975089091254 46.380692827649462
-36.384558775641977 7.551017089526737
-29.101366968256784 7.247655653585048
35.351731301762122 -18.188405520425864
34.905393281508573 -20.130745324604245
-39.033712466497008 33.887105126899328
-16.826207673740068 -20.668957299275316
4.758253071037469 -24.390768525058462
-48.432985292376770 -23.820232814169469
-44.326806669454200 21.223896761037906
10.964517887994354 12.775922467159416
9.334577540651805 6.875757751015398
-15.452680545006785 17.849723521967213
-14.089469274441855 -7.312390745648225
11.100077917296620 26.069697363151633
23.773858498939294 18.592797571919270
-43.666362476771774 50.400875076160744
-44.522506338438937 22.832021210166989
-6.334673847348224 -15.999886161444715
-14.281390854760788 -7.360564247331550
54.045384893538845 -1.261422724816386
27.523253498456850 5.536666433608374
-8.679013822662814 7.394331222468356
-13.380840123285216 12.583439326788605
7.141011783705760 8.898003735485410
0.302764775147021 -8.781154508929951
-9.651114766178097 -14.013829713648427
15.214690649070457 -19.056097098520919
21.616017162711739 58.204027441031151
-28.682718301588181 -21.475858526666329
-31.935739819910566 54.293013131928817
-0.004359728734683 13.310529864716377
19.367114818608329 -14.917491971665466
-5.666172122531442 28.067288739606273
18.922872246273759 -24.499644241167292
34.258258595871943 -22.437310105484187
-17.508626860275996 24.691608788499170
-24.285789938555652 -13.324484007487609
7.102459760695647 5.561302293895584
-15.028589557187980 -29.994816360425144
6.024280323496977 10.809976001918711
48.782614919723734 -2.829880656993119
-6.420539791823405 1.354736684088025
4.586011031252861 4.368137954822752
-28.224247602081356 8.126924882243152
-63.227514872760594 -9.663763608361972
-42.557997484658792 -27.968112661349888
36.289956440882747 -4.855925413720732
20.513265385368623 15.621147034074307
8.679541266624897 13.664023409097881
-52.464818960930899 6.959509663261175
1.235426052027228 -26.000345149957909
24.407923397805522 38.812047725430880
-31.494094975630873 13.771665887985971
31.645427589426301 24.368314105254353
10.458190894603934 8.252324295422000
27.671543792395926 -28.059750503641109
41.162803138557550 -23.455590122698123
15.539336260934197 -18.318063341872602
50.398713323841321 -15.926195141935043
35.005969464680632 38.871771015468241
-31.671466434144627 2.661316303020708
21.413057859891030 -4.705306994400404
47.749374130146528 1.096520007617765
32.110930977396109 13.405863869701042
-19.709413058360113 -7.527209952298381
24.625607054870120 -17.387021120893397
-32.192054767356240 40.726593483966425
-28.091501916891627 -18.652113849622907
-30.291985564905254 -30.338116401277137
-25.240182337240416 -32.840941774886282
-28.770418985036446 18.880403163089408
2.804408222108985 15.142293694046405
-23.863268378808126 14.890440002176236
22.781486393104373 -7.293645727810768
30.129574512241632 -27.177765321534757
25.870708198240607 64.540768776273723
0.014247248551773 12.156732850286806
-0.135554118479819 40.467630777964168
18.337755530311171 -19.461439472316282
-17.698480940312397 -12.728263338889338
10.470647374289930 49.914070438784456
20.925255057933267 -3.126636405203775
6.263154462660549 -34.896362774677321
44.543983070591018 -10.595698215025886
-43.676637237888833 -31.215256270282040
34.716301086923636 -30.604885639088604
-55.807743689649804 -6.153449565058430
-5.279723318715241 15.504884135987574
55.716426016758625 -17.774191039303748
-2.599630182683816 -3.003400846591928
34.795293336768125 33.030820551330500
-8.361089988090164 5.818993474456579
1.046977893529238 -4.000342423024446
11.811248722704136 -25.441804301367483
-3.690250425192898 -4.215710660692160
31.733824748229353 40.869816880462459
20.203363702844968 11.163431461653058
19.174560297632766 -38.348524372259817
25.830285770368338 -55.948925183937455
1.633915260221755 -12.107371427024066
-21.702050028267994 9.983000003856075
29.816170165583245 -30.586886036715672
-7.218775119557417 -33.768047530935455
15.019816664038620 35.617823561766379
3.761646735121177 15.706350553928093
-23.295753816609491 13.659766489536507
-6.405769693753336 22.612385069815350
1.723003162515516 -6.286492438332896
81.678755142462961 2.519146782558531
7.080533908573544 14.919997005056093
17.293679695088304 32.679116838987689
-18.806323027500802 2.230657915842849
26.617794943390368 4.704393329618095
-1.215969917864109 -3.485881590440958
-20.001509915977184 44.650696334050224
-6.891456773038825 -5.714255431162678
5.212388385301294 -7.200749208445815
-39.581215498754290 14.789681629468804
36.189308167354994 -38.205904865999337
6.332915001987307 38.091309037247790
4.162247059626285 13.556627603547392
14.131124096662591 7.221549295320351
-11.846959151863279 -8.258196476817320
-13.722820111274595 -6.699833027053918
3.020643474862359 29.197860840159777
51.100372798426591 -9.297297786901540
45.261210282473094 8.043792770554967
-8.749006081767142 -12.297585569310606
3.525560687450108 -5.412043414960267
48.803735452899339 -19.136545507805334
-25.977457421249632 -36.274281695258971
-2.095909506855761 -10.060630863819787
-16.241732827046356 -42.842349451231350
59.187742433526751 41.530162140231432
-19.788045351487149 19.589455270528799
-18.946479838245345 -6.406367957857617
27.098665937716248 13.937261952194408
-28.454323558177322 14.341666691503693
-25.710792594504007 11.883423328075969
3.879060274630615 -0.124793147797843
-9.203109011071634 -37.770060701179169
-3.315409645114040 20.100359788752606
40.610353833701602 -32.189181958104761
1.664004521753232 40.338289727761193
23.270704137843151 -20.241294152524159
5.117800630766052 -3.516627050667637
-32.931864503386009 10.095441651881252
-2.856869295857432 33.263087607696889
1.508390612727422 -12.787982417495073
-13.814293014750975 -23.489499557077313
-15.162389976650728 -24.789776860468120
2.319202594467296 -32.267883019921953
9.438685338493414 -50.250475312132522
48.503966111267289 13.892020709630705
-18.483511161143841 -0.940738790096934
-36.155336774506132 45.524777277138504
-31.912560349687489 -14.376309870246613
0.761747451393308 -14.981719480272661
-24.744992880394687 28.839642336975285
-12.139139697832508 37.170391896289885
-12.696178535483066 16.630777576638536
-6.853797105789685 -56.722206388110330
27.907256961803398 22.825387623563579
-9.882991905925577 29.765068460113696
-20.128647726344880 2.690356610730605
29.739713488112059 23.840432713133449
-25.667070173322060 -18.625798517263764
5.285617458882608 -29.606617937950542
0.378177193523962 -3.393330292311843
9.284325519508757 -6.857537863159223
5.384290887078552 30.376882149026578
-0.056452825013645 -34.200954039374921
-2.846434479289625 64.939717986194793
-21.291711419758926 -20.264852552967511
8.653565842569675 4.323936857028849
7.377385700458999 34.358938999554674
-17.864907600923104 2.581901078712524
-15.734895680465968 -14.551712353632793
28.299568311181204 -27.347480658248074
47.848483711901160 36.405391852612702
6.106995276001451 12.133722550883819
2.928506622605107 13.195796960259374
1.462062504929494 21.951386032556986
25.901479191100368 36.309984293750965
-22.721089537993400 -6.983866291720251
11.312506643533089 9.620781036420249
-46.588424349702436 -25.896471963356888
-9.142851039959687 -24.938450450663822
17.240132103114593 0.879281070882175
-23.493064092301548 -2.739753167689047
-33.280026435015017 11.674294309224546
-6.573548152448514 -4.050982181931126
-18.437692783703312 2.790638930573922
5.880201714196210 -25.255819031731182
-24.594421536313025 -22.597390358946310
13.760008226076103 -13.958310217980573
39.040306723629023 65.439506550898230
-46.000776054096548 18.613183020883955
41.716371458419218 -21.339536723881100
63.439689339249639 -23.789087699897639
-25.763336270555850 -10.482560857594441
19.847319489440796 -18.659695092807091
34.265813689325867 -21.486560555764303
33.267072920513634 11.785980777411732
-11.323788329344834 5.706907984178901
2.138799069861885 12.702025839215644
-24.347836590166921 -14.571189319073078
-8.850727404524786 -3.189841239284106
-24.446530287234378 -1.015109107437531
-20.730895739601500 44.530336281512213
-8.997048474918588 14.447805796241390
-12.933556618783358 -61.043206458537732
23.049866576853049 23.830693256700979
23.411742569468007 33.949902195393150
-39.464448731528442 -0.354053206402481
-19.149475737228524 -60.684236447816687
7.462950531213651 27.163091850650709
52.895265398760337 -14.246902620687441
-26.760708382778372 22.044223625511471
14.431786756986009 -20.241427275694342
43.642751114876802 20.342800445184558
-17.209476831890960 19.169350663935063
-2.928631484665462 18.676441073675448
1.773547737690855 -9.568936923936755
-6.592605668540934 -7.762769120780095
-43.017032803877086 -24.062901603391296
-55.711799290632513 -16.333544786181914
22.446274386178469 57.411831559815212
-0.523701337429490 -22.407443436785709
-19.328880241254652 30.595573930614840
-11.093510175026040 13.195836431625786
38.910911358034419 14.901538268581783
87.237216073361964 -5.909741143381944
11.352774037200742 23.615955976614895
-17.097447860853105 26.251890056605312
19.805900922938481 9.865464766946761
-0.535579564337286 14.074271135843251
33.191983135825893 47.821069435274140
5.862451921868859 48.503872193909594
-23.026816864630167 20.030527489217477
