0.000000000000000 0.000000000000000
0.000000000000000 0.000000000000000
-19.714105672947213 0.000000000000000
-14.544867167363527 0.000000000000000
67.411762699066159 0.000000000000000
-64.091210751147131 0.000000000000000
-18.629854229186904 0.000000000000000
-7.582551493240349 0.000000000000000
53.358966996269316 0.000000000000000
50.158967564335903 0.000000000000000
-36.143273425982763 0.000000000000000
18.470530858649933 0.000000000000000
33.398718176767872 0.000000000000000
4.480526910244967 0.000000000000000
-14.036264289100444 0.000000000000000
32.568931856946008 0.000000000000000
-4.742860034537185 0.000000000000000
32.330212626324830 0.000000000000000
29.680604479437399 0.000000000000000
-9.958704220736593 0.000000000000000
-37.198911617203265 0.000000000000000
0.617561227862490 0.000000000000000
13.169064071785648 0.000000000000000
60.372502697466686 0.000000000000000
-43.970824040191864 0.000000000000000
26.218985875800591 0.000000000000000
-21.658821969593181 0.000000000000000
-10.314996298196588 0.000000000000000
8.323217294849439 0.000000000000000
-11.345145822960541 0.000000000000000
25.383740796625801 0.000000000000000
-7.787587090394827 0.000000000000000
10.998793528431246 0.000000000000000
-9.975503712888264 0.000000000000000
-27.517702315708650 0.000000000000000
-45.704924088737300 0.000000000000000
-41.323602089843455 0.000000000000000
-24.580255438842290 0.000000000000000
-24.296715486481556 0.000000000000000
39.202690980151097 0.000000000000000
-28.957152290298318 0.000000000000000
42.389219288831917 0.000000000000000
-2.166040943559742 0.000000000000000
-26.821094230747015 0.000000000000000
-9.467334193470718 0.000000000000000
38.460872663283787 0.000000000000000
10.106238777815820 0.000000000000000
-55.756625557489436 0.000000000000000
-39.368420070638081 0.000000000000000
6.192322735567077 0.000000000000000
9.086754251926520 0.000000000000000
0.000000000000000 0.000000000000000
55.632650062781863 -14.678126214643108
31.787985099807987 30.894075543568249
-4.047355329994208 35.750121980682970
-6.374211868286898 -46.196191623856066
-40.690823554684300 -16.239493097807529
-3.895647370584399 -24.866397534292215
41.908809607384853 7.510770629165385
-3.256746557162728 6.635448367726665
-6.691410656876160 4.559012378742469
-15.061289726318984 -30.280777739357273
-2.622973593160101 8.820104259746214
-27.008600529833380 -6.631428460245250
14.087222377287343 -6.316526352204151
2.866681576366534 7.591110663786764
21.400769705647704 15.202603378864938
-1.751709820111510 -20.341356444079473
5.650110168807122 33.252852492336011
-7.262764906940474 0.853026533351190
25.030292981783290 25.267484986844785
-9.653374966151246 24.020502479933146
3.228430622006029 -24.494763591909340
17.219788416618211 32.423922851629470
37.090931520911013 -52.811194650510451
34.996878894455719 -18.432263647343269
-4.516048354957711 33.601698398397161
-7.169598832858724 5.309619272735217
-7.539062336615331 1.914857573423894
12.170863602477780 3.976913777376764
14.707884721008293 -21.448363860666852
-20.144651496731527 -41.949858799027794
-15.231134176091771 -30.382536477661439
-23.487610964248773 2.507841867847632
-16.810291741167124 4.834600107562259
25.952749722820947 -0.826016374514106
24.931826384217626 40.833362866578085
39.331952391968414 -1.753440419101176
42.568502289312129 -19.012361351947867
-2.162792409430844 -12.169017860230433
6.698186017793273 38.451274197841776
8.524093508616005 6.798777100609610
0.152836846166651 -5.809127225086474
21.990213274469877 52.736780302673289
-27.219548054758391 13.798452137028494
11.221449851716567 -9.875978223343330
-51.860820655163252 19.071484168768784
46.981988027921950 40.568982802467261
32.506476309196174 -30.443938150856770
-2.128779884790919 30.474008445089492
-19.008948094569586 -9.094283404031732
-14.658548097984761 -13.559217143506272
-15.360854786176452 22.149722423514447
-13.303089876766823 -3.937203872772976
31.136431080373459 -2.130277026762784
8.266921873642996 -23.218352827810151
36.205119698806122 6.992822035272543
22.251550766975114 15.127108995053373
-7.011788873078153 30.287498395393644
-12.225988805698842 16.748847479992779
-22.716383715379205 -34.337528191331707
-34.215079891952612 -1.469949546045814
20.574383628542471 25.436442920431258
7.611431786701376 -21.839572062201032
-10.140298675958924 -13.688431858693665
-16.763398858291591 -0.920735374762107
-18.078723783631435 -31.631348002418132
4.151829440293166 -6.644554735849403
13.975228029837238 37.148079358950149
28.441398710444570 -70.661548177808470
-9.589723467448920 6.628373832633708
11.783290406353935 -8.472065176108993
25.290252559055698 -7.639318449959314
6.414491526960169 4.365250718058578
16.032092286556516 -18.305494033484614
13.644828201440916 -11.635280694723559
-10.117693105616944 -21.378370791529527
-28.897747143720490 -19.711262576209652
6.317151232881590 -25.593066411897770
4.347269069511579 -9.264214017850248
19.934183554540809 -8.369298543766568
-8.652407487172329 -19.449379282245189
5.526844821954359 7.340043045021909
-33.383939633997421 -1.861392019692022
-17.198642804948470 -36.908334300720298
7.313551730487266 14.769716990945460
47.074652720639065 -51.811624555822888
-0.613136397417339 33.594269742000868
-33.922468104526459 6.483537729656036
1.547038596142141 -14.248196045873167
12.906676172126884 -9.845793457560099
26.770099530870905 23.655872873087457
-14.156212345243773 32.528905833169922
-8.098235096318268 20.177309325859628
8.282314701696849 34.866361410114749
11.294147284895782 -21.478500070817788
-18.632340212900527 -37.189783897509145
-13.915062126417562 41.870178550907532
-6.583673684991104 51.328875452102245
-17.092504065614673 -24.878195270716905
30.184380036612133 -10.724154067858429
-19.128487211302470 17.204555444353367
11.029406473732520 -22.424439377492675
10.646536618347042 32.457192648960557
-12.263619487054838 -13.985745483629195
26.147380528899749 20.214654941119498
9.986949172939463 2.371409938546647
20.091494735531011 -3.273434928401286
-6.296382949420550 49.833939333496780
-7.887943314657879 -30.656913247870300
27.338468757087895 7.727089052824248
-16.608755631589226 -20.947368343419761
-4.929662298370179 -23.610833606804487
-5.053909506592255 28.720002143950154
3.844533677080148 10.194249183853680
-6.408598894522289 12.759687210961221
-37.036431412496121 -9.563613408717119
-16.348706811128480 -32.888754063519109
-11.265567511008031 -38.269242565215116
3.855878337555417 8.002026669781928
-4.436157166821535 34.327405317469278
-34.449421754668542 -5.049552487338066
16.656606195658853 15.942640197348563
-23.783513785262674 -30.099715306606335
-37.773129703970497 8.226337537547908
29.528778078458657 3.064249195833541
-11.865034521459837 8.093395235215093
-21.210822903774062 -10.384262088076188
-0.783064374235732 1.637973949508333
-11.524499494131394 -18.056994735191711
-2.905258920880472 28.046973269880361
-1.358791853712871 15.630701564778164
6.734418857833834 12.148614491630259
17.600685841317549 -38.879790563284111
-20.701903132478453 -26.665143847613820
38.134984584103407 31.051721554444434
10.780898752564680 -14.342590506158807
-28.916914726122528 0.374132836764713
12.429526750726467 5.797467874186933
-30.501481457123187 -19.592393938795340
7.480794464834539 27.726546380076233
-44.386605228676956 4.012368644794139
-34.225823251298294 -12.038868700574445
6.850451875338437 -38.486671053207559
47.533656750474876 15.270382832093276
5.334715096017277 -20.984235923084832
-38.204650017770362 29.661565746846186
9.333289716723828 -9.862237485161616
4.882046011584772 1.031432680615931
-3.786055142621049 32.904143904213257
11.390260559375577 -16.616006031610613
14.923745818402226 -22.359085419302794
-2.947800063062788 -21.924401012351911
35.041416158596199 -17.108916660705958
-20.897110270873824 13.387273129592611
19.146591875652526 3.090924572941297
12.596946603578173 -13.682941899973949
-38.093279841417917 41.726392964745422
22.294440375086143 -4.236341777484093
-2.706849211286751 -23.598896117133762
-1.435111354354249 -13.742457201569382
-5.259516318819571 -0.508163226727667
-57.543157840556134 38.312035719571995
13.341478887523722 -36.569862377612083
7.444970573716029 -1.702096955786929
-48.585547190644284 -11.292901857793789
16.765707147364338 -11.917718961120174
54.675178502255740 -5.364717828714486
-4.462411717517074 -8.602745872475625
32.250325876569740 30.928146668913907
-6.223027149602567 -28.842667553125491
54.782940775825764 6.409054584812796
20.865897178467044 -34.966066127432846
23.839124396632087 17.464445485032030
-6.880774532923319 5.071888011392143
21.640777157647999 33.206873017348634
36.488069569248289 -3.249930175828479
31.429672454608593 21.572750388671881
-66.711085450062654 25.682954333268775
0.381230365012376 -39.851680384552580
-36.678523026646388 21.154330403901280
-0.620499866340647 37.130814267618376
0.649647287469048 -15.409664357725150
10.150485834702263 25.012312453783913
-8.377246253768595 25.824583541225660
27.926087328728286 4.076958500618396
-24.622559772897642 6.639703954572204
-32.345846148325990 -14.756141520912335
-29.140414462079058 5.866203050309544
-7.726593224195983 33.675444603321431
3.018445987980716 -27.966440159932830
-20.187881944577644 -34.463773760055538
-3.819727088387310 3.298581159193737
-7.309047079665471 -6.509081081128746
-43.344372770522220 13.995316084789872
-8.263362904545891 25.606281409734450
-26.907331922631229 24.798710749592029
6.943202791864850 -7.975487254397793
-8.858512325645655 30.048661019203983
33.822731889627008 22.951569723332454
-16.127374811652118 -23.854696040536972
-13.337419948037638 8.219028511438578
-25.572982986703437 -6.499782769427457
-2.511362960407794 9.231005666411029
-22.344896509980799 9.300675348472446
-28.581958140782223 12.066711990543574
-18.485238433615329 -3.424203235032455
-19.082778139540544 33.128830633000440
-9.499504883949371 14.659704424361209
45.665237263286244 -8.031172532184319
-25.178959768386694 8.300363321945467
9.994981028308469 30.344218153019515
-21.102890624190628 21.545063757933068
-7.691078983609404 10.222685934040292
-45.212504791224582 24.845290050184079
4.214180310691285 -21.752313431970776
-67.742019362149179 20.784916775594578
-49.498095706201234 -32.529075712391702
-17.937990891677210 -45.812332874814679
-13.843905170401296 26.707769219985735
-8.544411118022103 -24.049093812621358
6.163184863994939 -0.641014903626123
19.724839992886650 -19.553888349693388
-17.623655303213553 -45.649756036563311
-3.579314427852919 5.584090166509197
16.713204968743156 -0.587725726695362
28.829343468826700 13.041368220101447
-25.813171625466055 -9.736605290086903
-47.251421764056651 -2.745868100096134
26.541568761828533 -45.452763346727401
-3.334251403872153 -26.538761891990472
5.665885772054387 29.649600418792343
4.078511107285832 -31.375243293529270
-22.732996550509785 5.004575052224566
-18.805897614724511 -10.545083970981059
-17.779946110894191 34.348572070864435
-44.264706900544873 78.070257756178549
38.791858804167767 -21.386297356223032
12.902154002476326 18.097853480718637
-5.368871131666193 -5.556322651112010
9.429479760807446 38.620998402255118
9.571840082559696 12.510391766929652
-7.122989323872464 16.013058130075528
2.116388478271079 39.128979728229901
18.367764722804420 31.980099444153225
29.510101200691516 7.138954547093062
-13.942409563211422 13.212485958968884
-1.695235044643078 -5.375134877617093
46.873986289829482 34.295261316142415
-19.368455889407514 3.959929910983933
16.649415537475509 -8.344304573538261
17.296010872172634 -4.601000852686136
21.754596731277950 6.367919148345520
-21.761845441391575 -13.393174623761462
-15.409574518820870 -20.882257722706289
-15.312036442416446 6.755743088714317
-0.440913088620399 19.703274836420064
40.341732747982618 -17.186750981467235
11.852784188731333 1.838274587438311
-22.835048927689666 -12.237923225591198
-58.897025340762916 39.831422105703254
23.203663830692356 -4.204459390241117
-0.257770591505933 -28.669859524577859
-42.976011219919535 5.369095960835826
27.835359624430648 -3.699084448768112
-14.311512632239010 -46.874222526643884
36.623322470259005 -28.260961512169938
33.720193159834608 -2.635901417888780
-24.299722150249206 -37.030577003426089
-34.254442213416993 30.949048293855391
-19.608901700388270 20.194230159867299
4.441029148670763 -13.572986331169238
25.207629722364480 -51.710994136006896
13.688917016156957 14.820217734951656
-38.551620872648755 20.554856171434047
-45.146774036170108 -34.551964550141939
-10.820273959829057 9.229087464498189
36.018134248365918 -1.669307313006605
-26.074154146813822 14.259848841833954
-13.225411972309599 50.845752285453656
-31.925257679782803 3.308728847636766
-11.638918499300829 28.938710909175100
-1.272633890160877 0.701028856482310
-7.619007470842827 39.941334952351184
-30.977496684755156 -15.777334463149288
51.102350070183995 -16.968049640345491
-21.940479051025584 -6.944765048841645
-13.819582956581639 -17.826824682980348
-5.578262905851206 32.465771313914956
12.307549520654009 1.240497189284769
9.692407602901223 3.511609719412029
21.400257757467806 -49.142077708568046
9.521393422092917 44.234808208443603
0.388083471763833 8.451239418261832
-12.922502889252552 -1.764684197541713
-30.174673809532951 10.558998784409475
-10.979568234407644 24.015530776175261
-17.382093563610049 -6.326859051373559
-9.214845525558127 -5.962417146876571
22.670843068205333 1.984657602969606
3.548694438006292 -31.391400252468273
-27.550792880271736 -1.801417211638097
18.620022046584499 -6.103270484896497
18.953313792005730 19.445349060728731
-44.849224643111761 1.166669563558048
-5.614535590357384 -25.212107777441481
-5.383991702780514 -4.012192353693880
33.521052396590704 50.654091750888746
-1.809612579173248 -22.919996380065378
-1.073070476139530 -22.145757044287986
24.821305947635153 -10.239633571995927
-11.543608883707376 -32.942898544151973
-10.591892410427272 -26.910732696331774
-16.385599826545810 37.295428199261913
-5.666081088340427 -24.329590620600179
6.023059311857408 -24.150844353691472
10.101686455238783 -0.994045434104380
36.666234835362346 -6.549382988286632
-26.286539621203314 15.590683747132321
-15.153263123824219 -57.523369039251541
16.870326404635737 -26.680780015341828
31.932784000838083 5.273132027844410
-0.470270773557568 28.545336751555322
-2.199849584901457 35.495794741639081
-47.973503600123486 30.271483934578946
3.161761658454997 32.367553221049370
-21.647695078063929 23.751536206123905
-21.974465955369066 44.087688823246644
42.920434027616892 -6.118213872590630
29.611381943348906 73.444478046004079
-46.332279417091605 11.747367575562881
44.184434685214050 12.181646452416357
-24.165350341730232 -5.194879208999016
9.514220083069807 -1.101430373330118
-2.736270307671817 -14.819238977778362
-10.303118306104912 7.170565760126940
34.050293173338176 9.476959161884192
12.797075789596052 -6.791103192822577
0.070499364359601 -8.740331825892152
-10.505645028371385 -10.037929417524852
15.142620702632204 -19.122602460099646
11.839153400948835 -29.441261523900227
-10.327775222820758 -31.872694674680723
24.297285950531609 33.289637556800891
-14.272060690245345 -21.598933296080322
-7.042238743711624 -20.587032367759370
55.510697011393155 3.849524515900458
-2.899959945014532 0.847289699775091
-11.468355999002679 2.172299992077154
8.212813681959025 -30.921482971272528
-47.094540759986408 3.632281594901423
-0.697402816740810 -27.512972205786994
-1.340342732044744 -1.288499098680363
26.114265063312569 -1.325687245069407
36.615363249499225 -17.008975097564235
-24.674934815950635 -2.883471904141212
22.162299776403081 -5.933457827017236
-5.256198920850858 5.638272982400302
6.434528655170827 18.888922630012129
10.152786988768666 -53.447287591235785
-18.717086653744019 17.725741581838200
-17.456832400955800 -54.436250779109365
9.115586466041909 -18.501565698111975
-6.912325123691395 -2.760540618237329
17.617237267730534 29.926459597038047
-7.490183494882173 -8.759378957523312
29.369251099319367 -4.748859408071518
-19.501670427532204 -26.874207226019632
-15.691924244649632 26.254304220766219
36.564453849996191 1.517639938330410
16.257284266204621 -22.611040233347829
6.480222558144029 -33.129011662473879
36.512912453775790 -17.411718320907983
34.321801351234740 -34.168457937710677
-15.140888185519223 -7.711291341969496
4.378386277439152 -21.570489007051613
29.476215532777864 8.865097097694946
13.789517577125658 11.083529227844956
7.337422160759532 -15.520868459283834
-36.132258772936424 3.689074070308163
29.683985203318922 0.437410177682019
-41.158890771800849 20.287824983620574
18.207123028401757 8.640689076813288
-31.220779856544002 -21.252008875877241
12.247427559762226 -22.392511273662048
31.874676587528299 -3.657312121101758
34.216955250208059 27.621353166298377
5.970119439108925 -11.078961146742159
-11.295606590583690 -0.112155851192745
-20.707249732573619 21.305428041287410
-19.696932091618322 -10.975300509597103
66.275157451331040 -11.624028504777193
19.683449093417828 -6.674304244217745
-7.335896456418991 3.247327069643476
9.760692053439875 -1.409449584252903
-9.521795604563753 -1.385574825532443
-4.583935193947043 -31.876524271382262
-1.494742841994804 23.451036618246725
2.635655404303287 9.559705343715379
-5.922615496585562 5.447866843450248
-5.629438184860242 -16.848900050630711
-3.386006062898710 29.494624160549446
4.555769910114918 11.531062343184406
7.861525493427373 -1.177090319176029
10.363383041955888 15.362855409057609
24.827596039763527 -24.222576610594011
-11.845719409615016 9.789017401065260
32.694245836627466 -1.744325166695769
57.496915020223511 -19.375512313909471
29.107895213482120 14.700217085748044
-8.388850707874647 -25.543679151270439
-0.128282975983790 41.345548042242207
-38.162823032034325 24.920085088679603
-13.882109794420909 6.717647050656661
-35.497506725147502 -18.315269418896388
-5.053614770416630 -8.548241973931161
-26.512552477454442 -1.062375965565269
-31.827304912734622 28.355476441420493
17.647041358111551 -16.951936922039121
9.313267745746462 15.907423761326518
11.865350708112036 11.725917390152828
11.761460073946013 17.482573428463137
-10.521868749200697 -21.651354396860004
2.861832019047974 7.001555068312491
0.911783438112558 9.420012078430645
21.743102477282900 2.420330894562415
6.251605735526622 -8.456269318711783
30.855286690730097 12.915759023647404
5.022890729783263 2.498715722325564
-1.998225260477195 9.565683984708610
28.671900004020049 -5.124286192534580
-28.140921921921148 -13.488095267116970
13.704247941688870 -11.325472291969211
-23.229759076232920 35.094392693491457
-4.347473497039085 -15.044352644772530
18.036741546410497 -1.265220619034717
19.759962245176141 8.814384673774825
3.382452297314477 4.388460898561022
-59.963569242500341 12.004274062798885
28.909546397658001 36.279714675540824
11.485916531258242 26.176552393394179
-10.229267777970572 12.804082059803893
-50.397256734115928 -32.713977648046317
14.562389027458813 -21.716709399212704
-28.253816119366114 -16.377397494261160
-7.756106340828626 -14.878164866960429
40.420744619307698 -21.325442119831294
53.873445366252376 -20.253807539281762
19.976905053914095 30.896028675964374
49.896736732363181 -13.853659297985280
-11.239384784117474 1.440735012618192
-4.105106338221870 -9.700100541034132
-16.705223581828971 24.857803262269300
-22.785326485886518 -14.383202973457063
51.454898601659622 -30.164517215008576
3.325598884522320 16.531140465994920
-19.765783355673619 -15.725101804151100
-25.387540086044492 19.621411008307717
-5.807114133752403 4.452974774333994
-3.634972817978849 -14.638821938704980
-4.314668814763497 -1.878744709512893
-9.846364459608816 -7.085637204936725
19.626873591616992 19.030734793626493
38.830466540584496 -27.260111787219177
16.340343318902509 -18.908238964713540
2.964520889264990 -19.853049540716313
-28.532001060921548 8.613995515703383
-4.006526633535425 -19.207550126823236
36.323608362903379 30.462370635104069
25.170335033294510 -19.240644835225183
6.359791551603404 12.516552102762295
6.466619730715712 13.724364138258137
4.017669562077722 -5.121066756986334
10.557689472948514 21.396170871574718
26.813184602529024 -16.149508806278792
11.136038658160226 -12.015134144322040
25.209903634555545 19.090319239337401
-22.801635575193362 -7.198196374008407
0.307163924714733 26.552905507377975
-11.879953056033914 -2.845651872310669
35.166980110756569 -16.275543796114619
-5.559118350856134 -11.295372744434939
-38.098012944919383 -43.281693380009983
35.223996432844729 -10.279243005917134
27.715973373764044 28.002234772681199
-5.045575750522272 -13.426339606228114
-33.385292185920591 27.313338955812583
53.803498482124688 14.199255960677569
14.401860866013202 12.682933189583531
-28.961032439662016 -4.142973468244509
37.022792083737905 36.463711014146455
1.146996826107249 26.025687893156878
4.400495481289698 38.254672665644961
13.047861632739368 25.857238010646050
18.277650415164537 -18.927152818698961
-5.271563834829260 16.805138288064526
-18.461307363761840 -23.553538745734745
32.234708918442095 -1.570168877364455
14.555557382995021 -13.766083051208016
27.437512122131139 -6.757151373898551
-0.105724052948742 3.630108084391888
9.944089148322877 -36.503640013935808
-12.363490829465908 14.435334566812072
13.417795657713192 -21.482129942330101
7.009420483700816 -33.409131519628154
37.198969748106293 -15.744197631366408
-44.253765921306012 -18.030227268772524
0.732715692814232 -7.546726840592893
13.406608505046595 13.849559168929749
3.714543846904812 -3.072474734257214
-8.482328604214333 9.493390141957542
-5.500050634228680 25.866394738864575
-10.174094942474364 1.462508310447224
39.737932690930045 -44.722647862045022
9.299410908125461 -13.399049329590961
-6.715140876730702 -47.345944104030586
16.940783013614173 30.416812017382117
-16.564949824791817 -40.987776569052002
-4.207125207246043 54.738075659404238
-4.376369662526097 -0.762856036687747
17.372748125030107 -17.141134779473607
-27.892540555084629 14.356525409382007
11.763013437518421 16.836049806484805
18.638057665635280 -3.244308657719655
10.704493762140721 30.634497168760340
-13.264892607037416 90.688794121559852
36.792412352516742 -22.474239901712849
-22.614874986707921 27.707601696879259
9.071573891911848 -28.592673871529840
6.060298026340210 -3.393910604918768
4.329993265099096 3.333279909180279
-19.240246676793305 24.134327636093452
-16.621667331790725 39.237122057243482
-28.063820746732794 -44.586295908140784
-18.396922449116587 26.902890858304964
-24.879674876494921 -2.555604634593512
-1.456360964418412 1.154623081357559
19.025714801591992 -9.637350424003369
-21.447255787664666 -14.010166235422396
-14.700253530798307 10.057254330603211
1.770555493585726 -18.078006345695169
4.893232071783754 1.978675706189313
7.479120432545218 -32.405101506491590
20.079583044104908 -21.873710933575296
-9.496666010757734 15.877232290001812
14.093125082188763 -15.427914363572999
-18.595611650399238 29.460446476305204
-18.798652334265519 38.075352217189391
-2.630488697728668 -18.268145982240782
-25.030391157528211 -26.524158613031776
38.387135822096717 -6.221034669998087
-8.309751653087243 -7.647589534541988
11.665989879283977 33.871818083403312
21.461864637020497 38.275081468404110
3.157360948516688 -1.401720896685557
0.148277787131221 12.525320425328349
-19.594548894272172 21.959437002029734
20.269423885145176 4.503189228561556
-27.005673919861497 25.288563491853985
14.342504211947119 -3.968506252957264
-16.843145618004687 64.418883071839034
44.533399289060256 -28.742007667870926
43.785548342834488 -48.667035600612159
-25.361176751906147 34.359390145290888
62.367901407954307 -24.868367586328382
41.514413578861770 12.382439252345788
32.497678073182790 11.868544799686854
9.826702481133918 -12.867075140651957
24.764369925185392 21.905933265858785
29.073670244396578 -21.185336965777964
46.325608484801357 -26.114254470919569
-3.484264820150790 -19.933011216390408
-27.266663392494031 -7.796209220161754
-15.561826662009347 19.760465127092552
15.029943733919566 4.606543722555398
8.925266938145453 1.480943029963759
-15.748063100513439 7.315214729658739
-39.194220215905446 17.240917677285157
-7.103226932938282 31.645248084800240
19.191894988413839 8.181946913694063
21.476932677953283 -22.137151390611731
43.155764329637485 20.442110531139878
13.779747827085529 11.217526587033657
46.319846970858954 9.288386116376483
5.949188889895199 -12.106396891645510
2.367350369100120 9.175857981269823
-0.822898180251182 -16.499486027464652
13.420085172430550 -11.059872277595529
-6.952359593420480 76.014759299186139
52.650571514743675 21.897965770551000
-42.262199951108393 5.960329817671997
-18.349330945491051 35.728300986550749
-38.946216768857035 35.699461920528066
8.843898381280843 3.150700691532026
52.338663393246719 -18.660161137369364
2.498739680813713 -9.363464756441282
11.064144000885124 -15.731499375734515
9.564269060536612 20.017663836671531
30.025138770459588 -30.248460321411862
18.999235685941468 -15.065594726194783
-2.822637311639160 -27.527023395712231
-0.264730558461702 -33.198041246112339
26.116058189673971 -19.117534174901454
8.158806912126149 12.817855580249143
-6.530019395627210 19.926974219828285
-39.683048568744184 47.305414961102812
-56.876409305275658 -23.617716642542554
20.578085602624050 -46.760952455857471
13.280856973581221 -7.308282699268389
16.860733133215451 -20.350447412975718
-19.349525170473807 1.299946937988640
19.745772493666777 -29.686014013178660
6.537495337148309 18.048507829882581
20.356770255858176 25.456707728969686
22.913624102592031 -29.591793406843369
2.109900010336751 17.104273314939899
37.781089059088828 -22.146524160240563
-16.755463430979049 0.519837636702195
-2.341160610618422 -10.266186236374871
12.145523540781236 2.213979106100991
48.215164883139259 30.433320519259642
-6.258331155451764 14.889576609880706
27.955977041945129 -21.836175539927275
-28.838944942842076 10.984057821383363
27.094401725255970 24.138467478840013
13.938084319014521 31.698276972213410
-5.324440047933905 9.887326684530828
13.248089281106067 -17.885776852511281
-20.891776157008117 -6.039025837212248
10.721772509105092 2.099700090054896
-10.191588638714757 48.575773720187456
2.507632170692028 38.145714260912712
-46.014034714457893 -9.273003888343796
-10.022409872262582 -19.952823189993111
-11.516645537869069 -7.377116797332731
3.244027377557603 -0.058671303189511
39.026946796508888 -34.963848087181091
-3.862800239681528 -33.130119774363266
-7.855685382362296 26.784900739391066
31.046924693492031 19.421685245999040
20.316769451682958 -34.316579055185919
-52.900344512800949 8.184652155082839
31.466098420126645 -15.218769542217917
-61.670611022587998 -3.681784445134712
19.301612979596843 4.525626178413295
18.480730356599057 30.796033900459204
-10.245593771226243 22.099462218036525
13.371962163625613 4.353258328605424
-6.305052252293368 24.928442387625310
-71.928412478385383 21.389915845237457
10.577312492315141 -25.942069409345681
14.644147312596091 -32.165754609872593
5.278808277683642 13.804728477552329
-3.145972856642738 16.549672245500140
-6.786247109935757 10.410429775765646
-20.752048337991482 -10.406329606620156
-18.985507743472098 9.014243735243404
42.300544014722561 -18.457047915755144
-3.979694647259505 -13.767785876973560
22.881596591623726 -45.482733848624946
-6.307808217783324 18.392687880340088
-58.664165892854918 -7.014420722857017
33.033533559757394 -13.974728910545434
43.286081624747659 47.435710397173501
13.236912483141461 -49.874554012691881
-29.851241065277431 -6.184691129332974
18.495422296717244 -18.705600771143768
-26.273578432799127 -10.709360405859451
84.439809430492588 -8.106033082561883
22.937875235819508 35.559408417666177
-17.989765372118459 -0.881804727576072
-12.613610038245049 1.555947086849806
49.175368366082168 -21.157089931892930
-3.391562857821590 -28.457238980644483
16.650139345171159 -6.567163903677010
4.996382180841342 -74.367644001457833
33.626916290166257 -53.541486146392060
14.112565478266912 -0.717890630197805
12.247306944407669 12.130894342993066
15.469941052610784 19.901640972062339
-2.338312419235669 40.065581090793280
17.468483192461093 -15.686297440243530
69.176672243438475 -9.677274133160545
-9.076620387828431 11.496039734411431
3.339286266137085 -10.242101672350898
-12.528171112552245 17.573689079838978
5.399685499107798 -29.706087289290135
7.392379287106309 -41.111643259576226
-0.058534092767970 0.983706176568187
-24.995150414865556 -19.205153989316120
-18.573468885310799 4.954337671601940
17.788130027600221 17.912113131413999
-30.273880072724726 10.359874231162445
31.995729902268636 -3.394707679852136
-6.787230799919021 20.095315817376555
19.007116199559153 -14.012281446743888
-43.572860800887518 -36.187966438901839
-45.633901194906827 -3.791231961168652
25.465963273256399 14.321285750130832
26.738305503208935 8.558537648501121
-14.360439229157334 -24.198117949104368
20.267828736606393 20.634110367171150
5.598694617024655 16.810193837885361
14.494460254076889 -33.588776682351515
8.398753349391932 13.442014820474308
-23.070288666256207 1.753846725203158
-8.348685711649360 17.607809490635422
-24.050267298051214 -0.735506501084987
53.241092465412443 13.112536912628730
11.794517125182093 -37.534437839060047
0.509999099081147 23.002014582878104
31.302487133720721 -21.639402343495330
0.936962103545670 11.272236123924978
-19.861024349994253 -4.446559885133459
-31.705475513518454 28.775792012750749
11.204179468713455 37.260970762652832
10.931667700495735 25.259011788156915
-35.541064303625504 2.548396120043949
20.918714053523278 11.964842201606860
7.091391423358185 -0.581778147562930
-5.840178092313935 5.454712984672338
-17.279162905283382 12.550059647200047
-18.780733116408239 13.079136937650150
53.173253465244606 33.817562355544460
-2.846019063086410 1.468633232537086
-30.041885422608157 15.999579480971850
27.624123330759385 5.891336674153774
-5.844543661388165 23.326430538184514
-20.950378123468319 24.358751342712370
33.945567283014164 39.423248339702710
4.872063996028063 -2.618058664496750
-11.274252619848957 -39.931842177739313
19.544083954815633 -0.081464613432618
-21.167923752077016 -5.384250376816308
47.076276484460678 38.802124357597911
-1.215376117276258 -30.383517925721090
4.580697013440992 -11.736404301832557
1.495866255256918 24.706015814015494
-37.533772511439302 -6.122119194613877
14.977359054834697 41.094227896898211
-57.563300101082170 -6.257088245951037
-25.016144599152998 -24.264652257304210
50.427956796176659 5.285850735182303
3.203497469662675 11.269532031533057
-30.930482897082200 8.461430156045148
-49.864297630347473 40.536689042689062
49.114498945174837 -64.150850758008673
-12.376107611687434 -10.303874454483042
5.708155732768213 16.418243621588605
1.306956461658427 -5.261313597868972
-14.281384080548614 15.353703429487718
7.926665558718605 7.904207079045388
-48.680851061029635 -0.995904088163436
68.906550377757867 14.612402318183227
-43.897093914579784 15.020101877862466
46.311509254666795 30.771732531326396
22.631340481551181 -1.674090607684609
-2.289517690693812 0.086170647973218
15.929148508488383 7.857111129258426
-1.116032426282622 24.334971151511272
-18.849707419378440 24.916463789677941
38.918340254253060 11.266369998244818
23.088054628911987 -20.838202377646173
9.052127506567153 -5.130016332136922
20.895876630945171 -15.658417877315097
-4.147915960231541 10.159077569817450
-23.152380509616901 12.665540887007765
8.605787198000792 21.132828035467590
2.256579437423426 -5.937367162606291
-10.039632424302308 -1.497147254034581
47.006158725091133 -35.341002452272441
22.515865300363597 -2.173518864899636
13.705105834456543 15.223423250261582
13.211719485840039 -73.559959189983402
36.969058372221973 -3.378463407620097
35.686673446808420 -11.508919584063825
-3.424256231234419 62.861703930326456
50.812722580576413 39.128059647396256
-34.258735662627380 -42.879154255356482
-18.859014083911951 26.901908647663184
0.771946015698394 -10.841601998206409
9.494287630285431 -9.424389299410720
-48.478060017273243 -32.511375137086496
-6.359921520141180 -14.307838111100050
29.379010797775134 -17.321193148400887
8.186545036041352 26.842423710455058
17.051998935356391 -3.334370148170523
-6.489424968425176 -31.328310430121075
18.562611387774655 -0.444886288263912
-16.218269056666081 -5.575899517894724
8.609549946048443 3.436688162635381
15.027162546862554 -20.892807062227259
51.458047233133087 34.852470997879024
26.878902022721469 0.627450546100903
48.484616082185013 8.209146259295494
22.033122836682765 44.458016716696818
-12.597657410044453 -9.322865252537063
-29.125934541933795 9.014172023924278
22.031858882384341 -35.305007402237592
-5.505653478290489 -9.091784498862983
14.477430162897400 58.473159110559386
20.161362738791837 45.394103173303805
36.982711402185735 18.548142455643063
11.409740695158289 5.516713413833486
4.710904610453018 -17.541165700428785
-0.928356862474065 -5.415509115660360
49.902153140234262 -18.078799790648713
-10.220442464183561 -25.649769876736233
7.306812647348850 -36.907121997775114
55.023380812088305 -25.325081922208653
-41.565527016082719 -1.886326987213953
-28.596872803035243 -10.234775861930551
39.668073708145322 -2.558611753278561
-30.973088920248554 -1.623780921807130
43.960290352654077 7.068175560547449
-16.996674591659346 -6.576775174433655
-19.828959754462634 -32.231245779997124
-32.580803115329921 -35.646025469133654
-26.764394865530619 6.481208280777150
-35.808917793357480 -13.121317455512607
31.600562021861126 -11.005265318745607
-27.968330648108012 21.653262946452902
-0.043349957540416 12.575360498658315
-26.735242482349523 -27.599184930401869
-14.179916599481402 24.214751110858955
33.191858912585282 33.399257353141245
-23.340714936490148 3.953678639218279
-62.121282930545419 4.409951305706868
0.166823352070091 20.796454916952609
24.791142530991660 -42.446716860761214
11.821605625361940 -6.411174027844440
-11.584756661705912 2.098184042421378
-30.548274925514029 -40.788390635687001
-20.256731480821948 22.073516707848036
-41.761293406073968 -46.482533120869270
32.039480652580714 18.627558572733868
-47.239392451679564 7.510969799797741
-25.018573958614954 -27.379726111961023
-9.963310388309313 50.798203304565334
12.446707655212700 -2.492213045857227
5.457729744281029 7.685406138162039
24.581392256089067 -43.998267112428920
5.571280449303873 -5.745656165299783
79.119006193332922 10.126729412339579
12.093301980296516 -9.471006335036670
2.717621443066204 -57.704980098476291
23.940880710936874 33.150288993001169
-8.088078554634595 25.109511430946490
-27.051232018667250 -10.185962591146193
-25.900015707803654 -20.281906374067386
5.800116838109809 -13.430756904779885
15.865039445124296 12.866203821875377
3.484520501999739 62.993819208956495
17.247172775031814 19.840619918548242
-13.965422872094296 -66.891064271878051
5.544663007957143 23.296650353648896
-14.255477000654063 -37.631086111593874
-6.090208171152023 -48.101530803013013
-1.352765603461089 -35.289523933326926
-31.854993339423032 15.640110135062130
-6.251745499597522 22.503980811415218
19.308127362248971 6.420361257420794
-0.558328713245260 37.218913887511405
27.855945424971644 26.615741425753502
41.128346123575191 14.791155932698405
43.212402434078022 -9.705520264222592
42.671257642071794 -40.060588685070279
-50.071025117263190 -76.551273394818764
-28.400224352722645 -9.060460424342152
4.529303217678941 -5.127403711132341
11.711158138831946 -7.799521056442771
-4.682733393005107 30.854313494162835
-7.327021694080715 1.780560395413724
49.992923971736019 -1.060830334600673
11.399182547114759 -34.796220558520773
-3.529226995146404 7.522619982513914
-26.500073914232932 35.161547543331864
18.363665348876971 6.057371233881875
26.086157325388761 -16.130725189470521
-42.422131831768631 -38.147473111391825
-6.227201415762829 9.463646497423595
11.574423607697769 -7.863412978085440
-2.115890066842890 15.240714300587847
-17.067188663371848 35.271888025905128
-3.425043427383807 13.616063282106200
14.034163455468629 17.699746352952733
-2.447654226365997 23.804413425102965
33.830485973927793 39.823911106527881
13.465669399229883 9.554152263623472
18.301648885333879 -41.026700114599315
-45.394998004077678 5.315776140277145
13.095651290390084 22.974909508475470
-2.173331760520993 13.958175571410708
-42.436172303077967 -2.908564736325525
-11.283934086502398 30.748698756748773
-11.595159454605040 -13.721573358158661
10.763483420692207 -14.694146969252817
2.949758398646001 16.028124538752884
19.538311016818763 23.265460596591812
20.306458060810346 -6.424390817815215
-9.707801470396749 11.512733549527498
21.600534289512719 -53.276954789162403
-25.026263759310780 20.949894015568095
-23.984897824043173 8.723194791851059
8.713282102018880 1.690579913898546
-9.553946104269679 3.549024703093039
4.227095850836881 0.935034389835401
-37.215109895231897 -29.725062644894464
-13.599960623702810 -24.546002374733273
-7.613739931397729 -9.220416087852877
-47.386313268501340 1.152993612278231
-51.088887097917116 21.240379757721218
-17.702115104980340 -17.354373959507896
12.836989189402917 -9.359262729220491
38.398987511278939 -23.383830987706421
26.552111030698160 25.903544373494405
3.395364774547339 8.925145468757355
-5.539382965512817 7.309697294943722
34.657219047177890 -18.118566956900008
19.726205917652713 -30.384686195281251
-14.650419954318625 -0.076258566631884
-9.052642542826943 -12.214527306498638
-10.838854353038750 42.806691738247295
-19.796153731977501 46.224558874181547
20.634911629497836 20.338079329473068
-25.842606766192912 -38.603602746945910
20.306483205069679 10.073747183018531
-40.684336938376745 14.289236335035243
-0.657091845712637 22.361727191638877
11.719717975927475 9.359183567558395
-12.627323126122787 8.038125853642027
-2.342724316403392 23.711101887592893
25.229542836207479 28.379272780422124
-5.003238427689972 -7.825292580440238
-14.489044933032130 -39.165855205201773
18.066153847091762 -41.452171614883525
-4.016598007867500 -44.971302536529741
-37.072778223830724 23.208787488689413
-42.092996357951655 9.704860008852735
0.824948975703016 4.911050704399202
-21.759359506434443 0.589993822917645
31.150239759826981 -8.712838246251561
-1.633079540824467 -34.956895565069665
-25.054009208332651 -13.653673683879715
4.694150444887302 1.699310443200660
-28.194620719483389 28.187268113162943
-28.689131142564339 -4.653855099510903
40.539124543624780 -30.230654101867170
-6.921553734686861 -1.327449387046412
-55.011184172160171 -24.129876928156296
-27.296782268520122 8.058852712855993
11.770926983985550 -32.216973759523810
-10.515883702307539 3.959563760873412
-10.316802200003529 12.171619204489902
43.799127763553109 -13.418842175412280
-1.369573593024613 16.634624408057565
-22.959132807408391 -14.962396021785354
-27.121580938739321 50.926488102671151
-1.942757127963483 26.623966760505876
33.429637814169602 -24.468943490211739
11.011094261889955 19.954825039955452
43.813755027421735 27.021966385245037
28.006988531741307 5.249873853820561
6.313816491593466 -23.063776980550216
-39.640068579323724 -5.171048786959126
-14.801149029700797 -2.841271347651584
-11.799150765848724 -25.297706705383572
-25.382297718864546 3.386025501215220
5.028381946461657 -56.185508357214346
5.290434279227926 -5.809525675432445
-18.464214685323391 18.811333382812734
36.272965379341585 -44.414008886803209
-60.763575149276548 41.195143169552146
-32.884586632428736 -38.422611135328374
23.877121557186516 -39.689676100898289
-13.894499967804396 5.797389619105954
-42.938365536889052 49.591425566907091
29.554835221570858 4.734012868095278
-22.651841460113044 -11.954795615823127
17.716423762711123 -7.411916518424328
-18.352993016505348 -40.010596402478825
9.432139711567954 29.706912425094028
14.782737966372974 -15.630993770518820
-31.897295001188930 -5.537275369014201
43.789520235486179 11.970031833934383
31.552960947244202 7.309700016824601
14.885370700917555 7.252514074732395
-1.253127773394594 -57.828039681416655
-33.630421242834515 -2.069439884911915
7.151870073693886 -33.305362189026717
36.162136889222204 -6.560086559370014
-18.656937768754414 -34.003189207129822
-14.214729249611812 24.051047093537317
-27.356937352466737 12.977803051205637
-51.983850973938829 -30.331055408842101
14.769463027047502 -36.545786873447931
-37.088039950975919 14.404908102536675
-60.527584288208779 27.114439301543982
10.948196350441606 23.841771571794517
21.452281247556829 -12.859345359081052
-12.609088709731736 13.870988255628120
28.940451249859699 -37.654469734964593
-26.254634695838394 -49.221061401285716
-51.664500151123910 42.831572992437835
-2.600861714946782 2.231554045869626
11.438085132088426 11.593190445688126
-26.554763807476341 56.771948870441932
-5.819821303670341 -7.483278616866237
-38.984749963882528 1.907613164959644
-27.200918076162022 -19.148756570937749
4.771180375441928 -3.857484183528385
10.561443300079713 -35.365793635465685
-18.854704618225217 22.270867947839033
3.015527523039859 -38.023741477763039
14.332929718386961 22.254801155380026
-38.846860457164730 22.164174102601027
45.525760146205812 -33.146520889291125
-31.602624578947697 20.095652866624391
-55.836678855462964 -25.172601399467734
22.654367116511317 5.208617615413499
21.771316364787925 24.264139760268705
-16.042186993337594 45.742846360417282
19.925131828269546 3.136415356585461
17.849561787202230 4.013356177554400
22.256518334924085 69.463419263050270
-8.556373343323877 -0.217075527375519
32.343232563537548 -2.822591608247040
-15.365552717890010 18.957139458707580
5.050433829454589 18.381270323468492
37.482092201585182 -5.331197954360067
19.319821649553027 -0.358927399250848
-12.507846251486967 -9.549504977024444
17.744191610644656 10.090934076747505
29.342066960959691 3.590428034633606
27.410637794008736 -80.723954559353785
-7.109709705552462 -16.785783458438132
-32.099533325919495 -13.695880551952971
33.981264007513317 -16.082099846246596
-96.019960683016748 -5.629166016613695
-24.813696520415967 39.332887893944594
16.425809074679531 -13.348952655192997
-44.679603255829775 27.782613298115685
43.844964997636346 40.452339750895156
25.357075920807159 10.595210670612495
-22.062905581988602 4.105465070147138
-6.785658977231516 -42.946573359984406
51.153614957344551 1.139364367640840
22.882104229798696 16.682952109271756
-30.183897558921551 4.239676084037440
-11.135582755686091 -41.561140779107113
-6.667259227841682 22.758971444403510
-1.948732908912933 5.933366818177010
-7.449651204212992 -3.019421313550282
49.101419039369524 10.290550993577240
-6.141852036312287 -13.504340482673364
6.019947717507198 -14.475009289814190
-18.274536652940984 -41.156337091835105
2.046724960320719 43.640619645279799
20.298574999158468 4.852658089451253
23.740633472493052 -10.911794364676000
-37.005799689344812 -17.902815544155796
53.017731084384764 38.540663579910145
-7.168060016579856 -4.795520659218314
45.815666708706665 0.320146119935280
13.007370941177669 29.615050587689538
-16.572033627359080 11.259146551372611
25.618575666867304 7.683528985261368
-24.926332090455563 4.700854654296442
-10.573536986341315 -13.571706963592014
36.311377160364501 -15.851704181439644
23.000905105909659 -21.702585402039695
16.776385402034538 -17.549211141155418
-36.414728937070734 -5.805858480636627
-20.735472602901140 -19.852605363462352
-27.967839407920430 17.868811406391700
32.530661946787262 -11.117730037051095
19.709874958652897 33.586978361859870
-35.533171895958432 -27.205535474775342
-2.910230069516479 29.043151603690035
-0.723218349097370 27.467577187202597
-6.437997522976690 -20.889247823666018
17.006705887565158 25.850613386319722
-12.248474375751538 34.498019351011322
-22.996682294956607 7.475633181162666
13.365056377136169 -12.372086982064047
-1.684729575036952 -17.956106592064259
-53.678719471427478 -36.402038887116959
5.270975174829108 -8.491490066554988
5.254513080534528 37.669019074365693
15.515506341321613 -21.194776024180150
-34.851035363973430 36.412968074938050
17.404923135222106 1.189849159186411
30.982625281096080 -16.121454762112794
-17.171252795218528 -8.197044994447968
13.050982256660319 -2.682629019926996
8.715736784353288 -112.843324192490897
-12.283435415915580 36.020702343271168
15.497245998197139 -4.372565768649409
-30.345978707004605 12.003579039214843
21.847608147569883 14.172603946871854
12.811624725900863 -34.826882207348028
-3.655451518850042 28.151625488571341
-48.111067543616208 -1.236040035262862
-65.704012975421435 -4.475822200595346
-8.847472274605000 25.701889996574696
-24.176087024768186 -17.202001323997159
13.003221969998155 -10.937429575136203
-7.502768354429922 2.088834372875902
7.502401807468839 15.082110231134925
22.851839791580751 -0.843517419535712
-7.740193707116507 -0.768059080148673
-14.472733280491198 -7.529579123981285
11.507151739491160 -24.351193674284840
16.119473297247382 -7.800925980031397
10.160848311722754 -0.737169329264300
1.022670335392446 -14.263225738567883
38.574763706830971 -39.593229531745074
-12.844322279618915 -7.151053442842104
8.374434259994635 9.169324213809727
43.853800297452139 31.582632470570530
26.291949931536266 -19.281325699961251
-77.277520884504426 24.229481771864641
34.615318091887268 -11.642028016556219
9.234676355682584 -35.135907465497318
16.909441004067865 -2.820489603847720
-10.121424862892496 1.083686043144829
23.914873761086902 27.075143511729550
-24.559356792838166 11.776212075813346
-25.592056949316632 -8.037559366141410
-47.097998075778293 3.403065904252515
19.230347069464820 -32.921612415054305
17.399850958825493 -21.962809197091506
-16.962377852765936 -6.664064389653543
-18.141056893505976 16.116854752358986
11.851511495180892 15.840836644385385
-21.733211993510967 2.355525540726231
-39.011206365082842 16.882190824454543
13.187737167445865 -17.156392187902153
39.672786912958372 -3.247621385849284
46.787692988608583 -41.251944411126637
43.886684231063214 -5.989084911120532
-21.755322395401205 -26.042416141338027
7.435387521498022 -47.307869259356671
-12.258587992512732 -18.741874208182200
11.467615181398930 -53.127622255829557
17.525749121877123 16.555560282678396
-5.143753228987757 -44.888305645449435
3.580735349429903 -12.333032377489511
-34.297502941227442 49.568709218784171
34.138701857449114 14.426167849805248
17.832145725881126 6.412618325463028
-5.161647117647869 4.545133865461958
0.960244604929671 40.397613418016924
23.398656384294476 -23.871353862258388
-1.086279086580946 -12.256355634407093
-47.184032745874390 18.201333100156226
-9.740742363011197 1.007381124707676
16.908238195968490 -20.364722096810095
18.964928745901751 -6.591603367878264
14.893082647749530 -17.495822256696361
50.815441429426997 5.383813837948360
30.345420054588409 -31.785290298737745
48.094565795329629 -9.845013764868384
-6.606259784203236 17.953735020131457
-28.020141639550598 0.460631227354085
-2.975266855594208 -29.818556058315359
-2.027822839453191 -18.456465542833296
34.545298379493950 11.929715224200708
13.352571046860479 37.332132473881778
56.583795986562599 -14.336282776935800
12.746231984285096 -5.848163862806730
-27.735766842652804 13.639542977479634
-1.539201664599186 5.935998384455016
-14.719789390101983 7.191751723359442
1.927752943899378 0.378595596188420
13.115269706188244 -46.886451214693004
48.691383863509870 35.880628658778853
-20.530032402813184 -14.079476071837904
29.740775314165401 -12.650420597352880
-16.683178577884870 42.081636801252252
21.497159079008515 5.383293658436097
-7.872531125006987 -54.639224626145470
-12.139406590982446 -18.918328359574168
12.783634543796440 -4.104633462951131
24.511815481682671 -36.148656154726837
-13.485729848057920 8.058426407587794
17.904803834293645 22.751259797019280
9.002840702991803 32.712538990137425
24.310180068662472 -13.711419933150944
6.289968760274709 20.565368327291484
-0.610266389392926 17.489258698403898
-10.681689540789424 14.246376719365751
-42.755979473129130 -16.147418128622331
-46.515205463884328 14.861752922345451
-12.249995813683286 14.516535346457236
20.618309849049140 13.825412941946782
20.773922579675382 -9.255443019554090
36.517678287053954 4.900908464532442
59.384297488792569 -17.673526750980461
-46.639006066780567 28.983745072744405
15.436069204413704 -13.960590740468664
-12.568494144744671 -25.211453812665813
-3.061411799709121 12.481448762201287
-20.814287996960445 17.232568329640532
16.704705439279902 25.275530286625742
-3.563618582489117 -39.792440435713978
1.271787663931661 -6.910231094956463
-25.018533779311305 5.484564663043966
4.931075318276111 -27.562820324617263
15.175408293999883 -28.795928910268330
8.711068851818029 -12.752118815552327
-42.791451713825289 -64.267758669310368
12.843409899391389 -17.179305071073440
34.207341625671972 27.007648138880572
-36.591227293387725 12.640563661467599
-64.282079114394250 -37.229171001886179
17.679309961662156 -5.606762861760080
64.208457793313229 15.742802240472580
-21.559127884954240 5.049012865092480
26.777675572412289 -26.506592320311899
-23.930794438982783 38.588434421427181
0.052069089358251 9.569170032946026
-1.278415209600671 -7.141189241036576
-30.247684259785117 -0.805626042670059
2.686366769708353 3.952452557535854
24.012853881550139 19.923748537563064
0.508155621001387 -27.947130671213230
0.492181542617333 17.540789383196906
12.763807213683970 -18.138560446047375
-78.021730451198081 46.702081880929086
4.201539282511634 -27.637163669366320
-47.305026876588755 17.024126398448750
-33.728112784334975 -9.997395846765821
6.876560967137956 -7.642892241275199
42.180313497516735 18.830367867502165
4.856433704914752 38.197043183920186
-20.199383088751770 2.884252028469104
-39.933659937606443 31.834114023162247
-46.560967266215592 1.939776814739248
35.792110481708590 -2.668722510069649
10.663146176355239 4.365563045132033
21.458953531827103 40.668534630945310
9.987642034813936 1.010876814755458
-45.629286346228334 -29.060220294480455
9.372488517724172 32.273798214136200
14.258048992057065 -33.189560168921162
50.934706852989194 19.483337406699455
-23.495476533607842 23.590966103281541
18.438298017086758 9.391509052508795
-3.986084292566718 -19.354808944875050
-1.465458907479003 22.220763159430057
-84.603366540429150 24.349219769705748
-1.578511933872100 -28.462189066680011
27.472080572491944 17.191014908185384
7.648057308160060 27.943428726439713
-33.448023226845777 -9.676632782581320
28.781079148285816 3.375484781970362
-30.954101599050940 -41.301674157893920
-47.844524545951813 11.934359174182136
-17.908553242393147 17.046137395716070
7.999230500902150 -6.520143894046032
-56.896099388582812 19.099506205880498
17.971216691886085 25.122087727876838
41.493609581154033 -40.312878562728550
-19.714454244881026 1.076594622400336
18.983105921761506 -9.094959097416620
39.510537009332864 13.159148376530847
2.718499309903729 25.244815897911685
9.744204081071750 -15.419118785483990
74.815219743182240 -17.571844950197029
-7.064002256599310 34.114649483046406
55.240226998809746 10.309777376119143
11.153129597020090 -28.862523322797024
3.462453252407559 48.686499928505015
-34.018747587144141 -4.250933749139095
-5.457336372528488 -41.497031838203981
