0.000000000000000 0.000000000000000
0.000000000000000 0.000000000000000
-8.314290492021302 0.000000000000000
23.754740224484468 0.000000000000000
-37.172427934085711 0.000000000000000
-18.442942858978739 0.000000000000000
-31.030062664174832 0.000000000000000
-17.769169307773357 0.000000000000000
54.899699945311319 0.000000000000000
-53.838787922509930 0.000000000000000
4.671986891800731 0.000000000000000
-34.353956379931553 0.000000000000000
65.325463455775164 0.000000000000000
12.839977026397301 0.000000000000000
-24.263176745436237 0.000000000000000
-40.549457899735380 0.000000000000000
20.578834734383143 0.000000000000000
-6.948396140381367 0.000000000000000
-81.149519146206316 0.000000000000000
-33.305659013813091 0.000000000000000
-21.406226685126978 0.000000000000000
-11.281418353231107 0.000000000000000
66.296661225383232 0.000000000000000
-71.123971691600204 0.000000000000000
12.092242946611270 0.000000000000000
-55.574513903534388 0.000000000000000
35.564998735691965 0.000000000000000
-25.309728966830711 0.000000000000000
-24.949777537299973 0.000000000000000
-10.948178000671597 0.000000000000000
4.521724073778706 0.000000000000000
12.003448288997790 0.000000000000000
24.123865809148050 0.000000000000000
-43.743620938703188 0.000000000000000
20.682551680879193 0.000000000000000
-0.785130817254998 0.000000000000000
-48.657215467141164 0.000000000000000
-30.304878797944887 0.000000000000000
43.852854679018492 0.000000000000000
3.580378525959492 0.000000000000000
17.570792691116456 0.000000000000000
26.969065534752517 0.000000000000000
24.334386792131511 0.000000000000000
-11.796911390961244 0.000000000000000
58.118575247612817 0.000000000000000
-8.643882571329620 0.000000000000000
40.154393767215247 0.000000000000000
55.331264283899507 0.000000000000000
-28.019021659621490 0.000000000000000
-29.481380685513944 0.000000000000000
-49.202362443601530 0.000000000000000
0.000000000000000 0.000000000000000
-17.776016107515204 9.093926033943049
-24.172093386616044 3.843273245308606
28.682006827835863 11.664954638742625
-48.494923634479591 9.629923692294160
5.406286614076336 26.006972084958331
41.774698559208964 -33.227478185469238
-56.798256109748245 -9.084705096747200
7.604307020732077 21.651073489876293
5.376507871522365 -19.249075143954290
31.780341859736847 1.228227521696069
-2.617145012210089 21.427598767423042
9.602239920733417 17.252058835298161
0.576880932776267 -0.579250850444828
23.651776080518687 -6.277499017350348
-28.045208407547300 10.559823999751986
1.469494426261322 9.962762633674878
-32.316741586068801 -0.693088840622165
-26.839618842924640 51.702549775151986
-4.636947619568476 -37.642249004421089
25.540612514640642 8.482015408054018
-19.515205195081965 26.171959007364759
35.729338687992609 -15.446421707784845
-7.663330185956895 -26.582601922336295
-1.366479026974775 -21.306793774834428
-4.526737203542698 -3.608841670983464
4.450933703905783 29.260961000273618
4.764094667840379 -11.964399394056381
55.695576941398976 -4.945459533257579
8.939405550429282 9.424489240609972
15.766160163831824 14.756689726938513
-18.645062818310134 36.738913497044805
-5.260852511472538 -6.719755662576794
-23.542583387190085 -0.722335106695614
10.278951242610702 -16.706483436840010
-58.984813287493999 -6.673792221806121
20.645607167716491 -6.577233313322370
37.556579810988481 -7.750839557515210
4.576980352210269 -35.596360175327668
15.735631779185029 -22.201648890815274
-6.337533445552149 16.473889206519281
17.576660303879049 -18.235704059774317
-17.035390915532084 -8.780825905771037
-41.463229417415562 -8.096050930286912
0.125814246285270 -5.382326333491809
-17.197081519179836 -15.366542396864473
23.125582815189215 24.841458124285271
11.795473745163415 -12.159823035272513
27.768548923032430 8.677878101282269
5.203161461454367 -7.021321646020596
13.219024785224338 16.161344535176799
14.537379192171583 58.717896705711134
-15.493233215438234 -27.630763651067618
26.633858776279773 -11.764293421395360
10.272616151520049 23.489420080536476
-19.255202955331541 20.842116578973382
-17.951280222680762 15.347662888111659
8.262597924923092 17.033113612706831
13.645943013482785 -0.463232252100744
43.014880799530964 16.744086547334071
12.283593816323684 -32.666088322928744
2.990628039458415 -8.448820340893187
15.618830377861675 16.253482651250881
-18.468822655049923 -2.737553195792144
-16.968564869823300 3.410703742429794
26.556530339395309 30.418004076444273
-33.614234688583565 -9.867313797007276
-17.010712224466879 -15.903659724163855
-31.732710431648570 -40.089598796944806
15.078702975978048 43.845147804624737
-5.705798938285609 -0.459448212054955
0.011422701736092 23.306656266666618
8.564720035681693 22.997343292975390
-33.267760337781880 5.919442113042384
-28.015381186317803 -22.547424533418319
-10.954838139003478 -6.901598093660174
50.501292565691742 -17.363155218354450
-30.747089590196012 3.615964393469447
-39.353133165892800 21.463780573088506
-20.631391891485638 -21.550693352441254
-4.734512763998810 11.679826460076535
8.238470630120428 -22.040605079656896
-31.636391428685318 -6.934998294219741
39.168068375806840 -2.350812004505186
28.039994928137602 -0.991697329196325
-7.679351555637484 77.327266186008885
12.403572990707437 11.380433717987701
-53.950767546807299 -7.868673172090427
-5.134888057989918 1.177095981179977
-7.907281966418156 4.960006665309949
27.135116588053812 -39.536582352806853
-31.432486798668528 -59.140440283602913
55.295157323134895 -38.528505867249372
26.421809711520364 -18.187073200478451
21.007339084317064 -0.808489665273799
36.707130619054475 -15.994490134492542
2.648893540798664 -55.689261348160962
-10.955083257826258 -57.049265057943430
0.960928376981638 36.867353099754148
26.991576113280459 -30.870903817524606
26.087694882680559 39.974047882510988
20.760338507022652 21.557335649060963
-12.935924414882555 3.755307010124589
-19.522821308485064 -43.965238606021053
-35.021023969135861 37.682887551351271
25.193221600772755 -1.957761964405600
-32.672468357579362 11.509792501735756
-1.357121677594941 -11.717451642325289
17.046347956622583 -8.167000951199498
-15.803717083176187 10.859894909829462
38.718733025847648 -18.218180086379046
11.205420786444909 -40.206308543372849
-9.563669682936945 5.825300010864586
5.672457100189029 9.142462708201736
13.321584102041546 4.931965768892423
-28.437854936100504 -25.775510284951160
18.024351368909375 -18.845837312191495
24.047970335209222 -26.468402986874917
-8.303531569815807 6.065428021179023
26.863284590307643 9.624191851739042
26.555516696470924 -8.715620842236053
2.460693813304253 -0.858671050761052
16.950177667356794 21.456132018792051
-9.437569352075553 4.160771919968256
-25.409698968749403 13.939748670983400
-20.525218679620767 47.961715196169230
22.078594909065007 -30.693649222083867
-37.661052050067994 -1.708701290304397
40.434393787730038 -28.257299764303166
-20.571560713886335 17.334984102712660
-17.015852790614300 -14.953527886243407
16.544557676351420 17.933921989091576
13.345549073219312 45.254639840433761
24.698637198714287 60.959852077537114
13.713272098811748 5.970969633413303
-60.172067434310428 11.294074127973994
-18.758557940195388 -21.568917705087866
0.316292324568926 -5.733493166807335
-2.873361904579418 2.639615748700140
48.495569688524839 1.714986464239168
12.240466575384188 -22.244692316758076
-18.601218368674171 -5.825498443479390
-32.382774346416930 -8.727054228140991
-33.282637833317224 -14.191667375549425
-13.769523600831468 -28.951460240801296
-26.392978263707079 6.124833993000658
29.496281999650733 20.732655277854022
3.415472330329190 -9.676699548367525
-16.126306509032538 -4.795655095157391
-17.276726670098473 16.163142488891683
12.401519504386318 -6.648363102195693
-5.699861015920390 18.042028815543713
-5.546422308591909 -22.965332735084679
-15.111207050798935 -24.324021246941303
24.956966673121762 14.853972979185530
-10.378828794484312 -5.812665604068436
-16.215651834080671 -33.367161429004128
17.900162990418636 -9.694891512675687
7.278651949081500 15.106100121253373
-16.644844025719593 51.422622501178601
-22.633015056261328 1.632717423924666
-33.486837760051117 24.819981618346866
0.026815129603937 8.166847632137149
-15.663183314766139 -17.836765643687880
15.244396999041319 13.170621412922829
-5.927845770946583 7.809368563145083
-3.608739983581470 -44.411387814974951
16.396486469471228 36.960183051073713
25.070163767141416 -74.037587860319320
-15.071578427966873 -20.625314392458609
-18.763849693824408 5.945408583821759
-1.975450953048443 -10.206363090805096
5.062860391973071 1.280593867429656
-30.393781727535064 -0.772247843767506
-4.816486874161798 -33.584085166473955
-16.882668751617711 -8.893276816549804
4.462949596213279 68.494323769999184
-2.867466396386325 -27.655116502437490
13.043193746451223 -11.269237520211311
7.680558998879500 20.350927745283137
18.715892959864359 42.816441515129320
-4.546427130335210 -1.786803689920804
61.541180350768101 18.906997235244759
6.643998869463723 -18.316595328032218
35.651693609977443 -17.555569036469535
44.429273650831192 11.393963851319592
-11.395917608389702 6.172129821788686
-2.194373504569517 22.099525207539681
-42.284562373329955 2.104039362934535
-20.004117189819613 -2.518858518261242
3.939052892316827 43.318313934551782
-78.167755164377510 5.077884902493638
20.515609419205820 25.019348973655422
12.784514074118020 46.649517752214223
-13.244752661256685 24.289172990546238
13.782136447915320 6.516641453335883
14.616786510792943 -5.970110716170470
-9.545783947831541 -17.752600518169270
23.817789871528660 16.760383158543537
-27.804213683627371 -27.436651507467566
-8.038979280817509 1.414737082094230
24.936849149461469 -10.443355589715297
-6.819148664163498 2.113787864062238
-2.072088566392861 -3.999409184180312
1.494394705196611 7.886618157838615
8.173656589408802 15.344757178343716
-6.906259639907876 -27.267919608036852
2.880357824864408 2.761032915269518
24.594950837304385 5.658844371706767
11.616425884401563 -16.500444659386396
13.259395061307044 -10.628991116684393
-28.849327040471358 -46.626033714953373
-24.378879636108298 17.233939373357973
44.511453845253079 0.826673478016904
2.184640599382618 -14.870570660118155
16.678519692992214 -0.858517074092452
3.721877397816505 45.805000548086333
-37.663308841270293 11.368863320240827
25.373360951093126 -12.905269212412417
13.615813415498435 7.053474618047877
8.781167309663642 -7.730298253865891
3.185180196468917 -24.676978998707554
-11.380175010709101 5.647162178714312
-9.486842414699073 15.892526775130388
-24.484387986125416 10.146761911507687
-26.843569318400569 10.212445727101544
-46.631772253881145 -9.727285707774623
-5.579488572222792 -26.183686685000616
-14.140593577578191 6.551924667305220
-3.162674922646565 37.157331020647185
9.850833157360189 -26.491711053224094
-52.172865511547862 17.613662686361732
5.606715697413313 35.345713790383250
6.820788932575234 -38.151373541475671
15.019551227335169 27.280769140919858
39.177189613242447 15.181558368369169
10.400885915751104 -13.161916499595444
-8.983968644118608 13.144989234839311
67.306708725891326 37.746933769642958
11.408234297457668 3.272453528009649
4.043291165066608 -29.775551382149160
-20.620205204215601 -33.126167423174948
-31.403946666648437 -21.979161456365787
-1.828461106787755 -23.345068057603804
18.829470175458116 36.843157886152802
26.066858593536534 -28.314514303125318
16.277592961400149 24.391277002698072
2.726268458998301 40.878508912785549
18.402795329964651 -28.420639540779710
6.186152288312938 -20.711897075993104
-41.522801301030519 -10.802885852121701
-32.002829980959383 -14.076794781409316
-3.309060691239039 -10.021193164362479
-4.030859309422216 -1.006940214223668
-17.242454324908323 17.859954103201432
-3.329066768783287 2.463440769910024
-0.924453286748378 6.866839586279421
15.226548035494053 -20.754439806109968
-40.497939690488607 -28.599839090509949
-14.119871635805165 30.196406594868336
-25.541666434000931 20.995836837799196
-96.064338494104163 12.537670400667903
-5.571907392207839 20.613825325381320
2.773192103840631 -29.544624829118764
-8.416314324957646 7.117353660411204
6.594268942908927 -21.324606682388669
-7.401071425824318 -23.257543733171797
-17.668127259548818 13.449915578421258
-6.839976956220362 41.356731718812618
-9.746974358038102 11.271121113495486
1.621389703255678 -24.706292365613578
-5.327867247238138 20.488840019576067
50.330076395343227 14.029663144924623
-3.312507394857235 17.540102699914122
10.408922439984678 -2.409830436310743
10.393764957137913 -4.473156464256141
-5.518117556769165 -29.980859125961352
13.996792315262798 26.032321895926103
30.336667752984866 55.478453502150842
-20.384281670063093 -65.849835794921390
-28.122992252162781 7.754391633773929
10.722022291619195 30.807038154514448
-1.360017039626522 3.770376690478952
-22.281837867859331 -27.370160410667459
14.714329821191779 -32.937522717290868
37.748206896446966 -44.189688359581410
21.846713644357941 -18.775678922421907
-17.433123822368238 42.697929725059304
-3.313138842305278 -30.061409861485906
26.594196664911998 23.931693582533100
11.954359290100570 -5.821580916789088
-30.834792687554128 -11.453195642776368
-31.752012308610951 -11.618116701188503
-1.539008871258114 16.957696373231514
-29.288947926056913 -19.122422490533189
-0.302536475206604 22.613613297730215
7.536483896111482 -13.395748730412450
22.438310147425138 -8.798468486131521
14.999419008715080 -2.695376725465085
15.469952440009074 24.955830751524189
-7.927317785850296 -35.745939493692767
47.455347658476001 -2.820095484955837
9.121011477397765 -25.401411648660403
13.273573890199344 57.426645546991523
-18.802030917352390 7.416762330014747
4.306255475188799 -39.882370306964638
-13.542551227579994 33.624592211140978
-1.570025051976100 -2.929913956210651
-27.773073775326836 -26.161211817163505
-17.549956209599344 21.558480533701939
27.743046028024366 10.777563554605786
-4.128370383496332 17.488341713862130
-15.223690295165836 10.452071622898947
13.240108744718286 -29.587669229457862
47.585336128116928 -26.477673085296004
-11.437250099470376 45.239788925635551
-44.301708490742072 -6.027795501153305
29.067770823112699 38.979230941835006
-26.071838773088917 -10.413008875827803
32.256334073010215 24.057117180087886
-19.220447737210375 17.802603336618393
-32.055244338538465 -11.817746639809892
-3.216000222313851 -42.815990373769090
11.143238975451453 -24.494122042428717
-22.571320225163102 22.097074444032359
16.457150545449863 -9.879160953075429
50.404453149410131 -3.676849347079250
-34.469535123917659 22.627715262000567
7.343690212042884 13.210154842404652
30.145223499381654 -9.444299190724081
21.950859905709159 -1.030703002293911
-16.089870810650062 -46.167743181106459
11.912481189166014 -29.907647061153479
-9.127479289001128 27.050069054607228
-36.780044391373529 5.493378098355276
-9.530735188320552 -33.004346880970509
9.771320289966516 -20.008405353657608
37.599628406130002 -4.319733866677026
-9.314714325634446 -15.197956799681199
-0.610713691888046 -38.826462732263735
15.206658428332682 -13.148138705392842
-15.568048141270596 19.605132592006452
9.352840163708517 13.396431234073141
7.041123108586349 0.766377577500021
-25.554777590940390 -35.002801372151154
11.170023033495371 -3.501943279680924
26.465906030623639 4.621165886020693
-42.812842572297917 -8.117871919784404
20.657195073378571 10.118382044430241
52.364197273322176 12.941956112635992
-28.328361597049337 6.590430771898744
-1.167778798828579 -24.071736277156862
-2.905992118989377 25.126138593601990
13.755058125872997 17.708078620603420
5.741617968507522 40.305300497602758
-31.218323889496478 -1.392912602488256
27.640457763540788 -11.898561870678728
-10.167526726217908 38.462041137733927
-34.030583587729183 20.074376799934303
-28.797728177085212 -9.462569350257018
10.562594146866456 29.582844489050601
1.053917513397100 -8.921611698700104
19.104343428479943 15.535533862458838
-0.336980785344253 -38.981106561328488
7.682502565140608 -9.961273176679510
67.548474738004202 5.946425171199664
10.798266610152462 -25.235218512241467
8.197033775345258 -3.145505978285510
61.715880348845104 -8.838222944321492
16.634394627305980 4.060777322161801
13.168376671953531 52.767841472002793
42.516295542722254 -5.245204070516647
29.356896839737981 -14.119803103194172
-23.455370715787090 -7.565262842724769
-19.077274761466736 31.866965563900280
-17.770325237526450 22.843438642249644
-30.757521427595762 -22.728574861430271
1.919172008974833 5.613736453155337
-8.775112344171063 31.042794453129371
59.380169166059261 30.410867445807309
-7.085786193773608 -15.618678844336850
16.226825986473422 -4.377495864855053
-16.340054656183888 -11.035589395863079
52.348048601050408 -43.546144293571018
2.719663256033669 10.688069085432378
-9.437254835703447 3.754704440512680
11.719844361407375 7.805228482729904
-29.566717533257275 10.865588312039263
-7.462102162840978 5.742415603077448
-31.146117858218311 0.449967284338217
-25.271900740082572 -53.624088843282273
-1.691237005016752 -5.432372373518170
47.412569971119908 60.648853863653827
-1.425764924802913 23.084917838390975
0.022474787718192 -11.531708625029577
41.439206370936880 -17.302959533755011
-23.262629289173322 -9.478479066919324
-8.409923202978883 30.038793935536404
-22.196920190039478 -0.059164120586896
58.906721913230093 -16.312274830071392
-23.778998754684228 9.458784992367281
-10.812944548585964 -3.530299411892224
9.605119109044628 -41.402286130377320
-9.936114934961273 25.937508493232905
7.928960615168872 25.350670829859808
-27.055463895342232 -68.441842871808248
-4.073197135117816 52.723185882334732
-3.214106459350886 8.016631642419252
0.500844160463376 16.348324720227950
19.302441885694673 42.536850600255512
-11.673793465616084 -59.242150272917854
7.478197139838707 16.600290659268580
43.875881170994340 31.163937449233956
32.111791536750118 -12.586207151262903
8.277572086591702 -12.519710211530224
29.093041060248130 20.470505847458970
19.744572630274696 -4.026190020296861
-0.994091419836586 22.223432512252025
4.705676754608012 -8.577706074952168
0.079042988431136 -13.273540394772644
-0.872802422975195 -27.104239473930640
-10.802773083303332 4.964195201536979
-35.422942442129596 -4.360770908362943
35.569166279083944 -12.818901707121450
-8.175455379270780 -28.648215459982751
24.266940447203851 -1.721676296233406
18.313396482459776 -32.006483172968565
35.408430834976564 4.365304569113299
11.264732995307112 31.346125345722093
-24.261462215949994 5.346392075461658
2.738834480499261 26.251162985946429
-12.338927918363519 0.418821705732234
-24.337469965799162 -12.142622739070163
29.989830060933723 -2.889616378071436
33.930306398537795 17.343363881927353
38.937383630399928 14.515547789762687
-25.720753899992761 9.110392128175597
21.095915731556207 -7.057392886410645
29.164591189132103 12.599789859220284
-57.030964406452398 13.072353679244385
43.198431612280970 13.461891076592417
-27.284492072857159 39.099183061941659
-32.805116858365778 15.720903594589124
2.072049826199575 -18.598154126384067
4.164561447577526 -6.379193582769116
-3.308057466579742 8.535245029632769
8.821076661753674 41.755491663582774
33.262345775758135 14.086565160155955
-31.871098720885740 -2.657103540182534
-10.942605710440853 -18.370951038833628
60.461675728858360 5.589385864978607
24.566535536068262 -45.265305968915719
-23.205323329305397 1.064966988887056
0.412468018902875 17.713635251201506
-9.324688314837376 3.664007876406138
9.081618268573088 -8.010163050645094
-4.784787346734748 12.560862644735973
13.041646058843169 26.252367265126615
30.008802436217099 9.838340385609850
-10.558874029869974 19.374538158122157
4.732523666169714 4.140609417828774
20.390477524193408 -24.844270751674078
29.018695740083864 -14.672912822614109
-0.721726447403074 1.176697252338146
14.270974721190138 -46.328581165946225
-3.614084475876798 -6.328664985169847
17.297224226398725 19.012164052747877
-33.141440785499739 -3.799105133044514
-20.393850922721477 14.637649008461425
-29.004411750759743 -17.048255575089229
-5.742470722919294 -32.934645555337042
47.682058909585535 -14.124043606630629
9.668475464325443 -12.478237510635267
18.407155287132877 -61.821049868037406
24.459035577243110 -7.889096045318306
-5.280930489783699 -48.432043454988637
-66.959906286975013 40.324303206003982
31.136184771415003 -5.880285965308145
-43.108905532310082 -24.155652974004614
45.337830054498291 -41.908615249126619
4.366704004374976 -30.523512599224915
-15.636304624852146 24.031217336717777
-7.154604665459839 13.213946420719637
-14.458446745428546 25.495683815883112
8.414000225356162 42.303777177845959
-34.045716037473390 15.714009707151991
-13.915928140118444 -18.808907653583795
19.592814784639820 -29.356615048008340
27.601825836183426 -2.710652397891036
5.635771553460077 -23.165288640670479
-13.572065366504139 -11.083152463234391
38.569475025574661 36.628185660469406
-43.945385229722042 15.386265761260276
7.189540046886878 10.752529874393463
43.047698424082178 -0.577819143589979
-2.609377779531111 -14.097346863947051
26.219074394732772 -5.397584920541612
-10.731670993463046 -13.769283197241824
-5.468519907813536 -5.102430006135446
-3.676803154665961 -14.456910807571123
-5.700077918151494 -10.723773178792010
11.603908069709734 -9.147718863523059
30.113955080969543 21.361427944168028
12.278945896245602 8.812684174787266
-0.746654346783166 25.965836219582261
-3.202058044634283 -17.546183272959333
-19.111427521495184 -44.215714171539439
-19.468040835134598 -9.857673855141803
-16.580934466053929 -25.846735144565443
21.738122423074909 24.014582040885966
-24.492172441330862 29.921236055337531
29.179082635367884 26.560847239663552
-38.879120535782455 -4.763378815210672
33.159538321226869 21.305500676447071
9.464509976717848 49.711588044966803
-43.300258834951485 -11.222036778769551
-7.801608519166135 6.699196005034568
-36.172070007100402 -56.018774747769051
-47.902147494748050 49.889358394147266
-82.122985555019469 34.564434605808977
-32.025082036804861 -36.726453992767603
-3.804663721517907 22.936222025669142
11.592768283472079 4.429309296719591
-50.340967651972299 -1.972493260875203
-4.311931992861855 -5.199751926774905
3.384663938279900 -73.718378599899481
53.434081847335307 19.978862740156607
6.443485343910734 17.133045425802734
-24.529388272521064 -14.754426844442850
-44.752012277062541 7.278293450442385
-18.799368123754366 18.538204565413924
-29.714015100419985 54.871511525672332
8.197559906222466 -29.111003306399613
18.166958800141888 43.256381813157859
-11.116504293568189 -19.565627385104182
12.555775829088027 40.436005527159452
25.273520138276268 -22.977614838086378
-24.704122094003157 27.220886812667239
-18.932478087024215 2.199281289524839
-20.162744187608904 9.906189907726304
-44.828416359833476 23.650257737058713
-7.933070210878998 37.496411650251567
35.462923048010552 -52.060969022079057
-22.117860607638075 -20.291680333021912
0.416000901096546 -0.436729774676796
-1.311675829495141 -29.122913794178420
-1.155661624243492 -8.106868059723189
3.050719701991255 0.759798010453062
-3.598391052542290 -24.481043309413153
40.631752772180015 -1.364828300840467
-33.363715637624836 -14.787770388801468
-2.786377050254934 11.321624731145416
-14.633958160601894 -29.345497316386314
18.589350257997346 0.337607557416387
-11.512043254143389 3.231794664567532
-18.601677958068247 -36.119908273831548
0.069983740905644 -16.162637906031268
-5.171462008293783 -31.425452388440512
27.900018180855071 -14.040661744668192
-15.478862449232651 21.674672207632927
-14.701175044364728 20.369590996740566
-39.397397272528131 50.620537438635033
-29.429647836774055 10.063608107165516
19.497751599146287 16.352062851967261
-3.833172972374853 39.023229748382597
6.156034098274424 -6.897840223543421
-0.455783134156739 -2.301407637411354
-12.566273809172085 5.768153631114219
-20.278624841776281 -19.048934253835245
2.341884965676152 14.238078584157588
6.200361752300994 22.001394070787146
25.090542816560120 10.593997320057865
-0.182652309045207 -11.182787558947879
-30.789513735413983 32.560602037996418
-21.789212039921569 -34.424560682854192
15.836920936829396 -14.185090941013442
13.515247324556821 11.357682854149253
7.226389693846088 -2.056064472590464
-16.625195947960165 -52.142709619731704
19.151961987554895 34.538446581407015
28.049747662543858 -0.152023341980676
-29.838875982929665 -14.306046584714688
-10.826484071497260 -0.522305115494929
-46.357410671591353 10.884584942130669
-10.405287587083683 -39.241796425288143
-9.267104895232043 -29.360180930339606
15.839488469098137 4.041810553254067
-12.570433811068794 14.541134727533425
10.582278242634260 -26.698535553882749
-2.612677865823011 8.713563279168387
-18.495167408441358 39.296069108055299
0.835995287320321 12.460161191796907
-10.624144127345675 -30.598624286343281
26.865315149268582 19.426421420290200
44.651557132399915 -17.709142126027956
-31.653578718061571 18.050344198130698
-29.589152684695929 -2.613868646946596
-7.686051792490841 -7.577254974851411
-29.588809108497113 25.051242053466545
-8.449190239394760 -14.538789524059547
3.261337176845293 -6.622897535960292
-7.565704545196774 -52.416755534406420
1.246201332968051 -25.260299796649974
14.222551502285221 -6.652426506380439
16.711666777834544 15.707995580376465
85.579909410167801 17.551748433738272
-59.546316518618070 -22.765218230629092
18.721866979899104 18.548269216908022
17.093346140047061 10.755867975932301
28.109163251718357 7.703680582110525
16.766094633996364 -17.471201889476347
18.559991034411929 27.573348157240638
-33.834973913151593 8.167243293199940
-11.942062832512763 -31.542571009405293
13.818822360299947 -14.543024682102068
9.313911821568389 23.559803749162217
9.610780019285514 -30.501780868918381
-9.087731743724305 34.620473580609008
-20.449215956446761 -19.261460101218226
0.805817403711658 -6.535742141390000
2.460303226265217 -49.034013627836011
-42.701083346895565 23.319784683745393
12.553505076681699 25.358675742475789
-20.038390646614822 -37.238438022494087
5.965035703505231 1.259467025827143
6.866912157173765 21.770721456970175
69.546754611617246 9.126681815376138
-39.242764698856760 -32.267661024925602
2.404302047802189 13.562647493848242
30.483330420421090 9.559100680389086
20.269636700547562 29.932516613442715
-49.262750899427189 -11.411646374132541
-7.315699028648033 -13.948453810708012
29.443246521733357 -15.326573624701110
-62.663945234478781 1.412975882759113
12.309623310135121 -22.843642411908597
2.321720480666356 -28.048005112978256
-18.262468976398363 12.112555279950641
36.121589785446261 -25.776371347858611
18.110108612600687 50.265181811813520
-26.014343888600759 7.686048563894703
40.014810051498216 3.601075586302053
1.025206670220201 32.828240078316519
-25.555290970284169 -24.946252316454444
-17.746110360386091 -59.044666402664951
-19.797989127559774 17.767417702599747
-10.134832664687726 -1.217057608784186
-7.522266072566438 -17.269805634597667
-9.245406734151551 -29.892095154543131
26.943472075147763 -1.921398375239176
-7.244517637716138 1.002596287949957
-43.168229888213013 -5.691284016500207
-14.684950306824726 27.811250876757576
-31.365319307263043 -22.580582234892056
-0.666410997853508 16.962930175839787
1.506030285727845 -12.829876095534569
21.502704283506691 30.780389975825841
-61.201285603175997 6.337522718254156
-11.900329884463561 2.746878244371503
5.075172716340186 29.759929241105354
40.209465934925824 -20.370141914512232
16.709732988304225 -31.766161354496532
-21.489660250334197 47.680022057547767
-12.123535724840723 -8.890305208261008
-15.364553435562197 -42.712269840697765
-17.379038921346773 23.403554939395065
15.269487881615238 36.958644161796272
2.831011986895254 12.234589073923807
-10.985996079604041 -10.953004920632953
-19.929203143904385 -13.640872204912569
18.378983436518546 7.124105628689525
25.862999930075315 -20.769652632957346
-11.661817620487469 -2.749682938477553
-18.564619517410076 -25.516315067346170
23.908377909529385 0.539492172666305
-1.571009415147971 -17.601386705972200
-19.569126491024207 -7.921728091646973
-31.108858184562592 7.556756543947073
18.305979591647329 -16.651828860309806
-13.338749396556166 4.239122616792928
19.814036742569435 -6.578026315396612
-16.700283726112197 -7.879467499497530
-28.693442498165865 -25.967329090472276
40.172184146196471 -25.611408075826112
-31.103818721788354 -13.002774462271733
8.425940715829647 8.776471087583134
-50.949482678925122 20.922051394330133
4.032516823776015 2.812234257429135
-18.015296693383114 23.423778554962073
63.273377136390039 -0.612895837570151
1.974255865111499 17.471614823617962
-15.453920140805929 -30.284359960586020
-0.070676578818812 2.393988373766000
31.184030273016873 -32.006578916927616
45.855359298922693 -15.302658841460087
30.760276707351935 -24.199959461831757
-1.357344212077372 -30.539129137435861
-2.795673700957578 16.516350323459282
-7.464147895463364 -15.315919541209876
-22.739923102207491 -25.069725263837082
-10.430999060219078 18.822070851493070
-34.212467034695635 -1.208760669477604
38.322688561103284 8.404244407977574
5.479534103779167 -19.246138521275320
-36.475932238512705 -40.983318301667900
3.918541462534364 29.082798865013189
-7.796309877427473 -31.916709103857016
-26.850691180607505 11.419669676365583
0.027762257199839 -40.766040429990738
-15.714712843436086 -6.235862234876264
-36.054638810376069 2.443141984170763
24.496990370593512 18.741765642082459
-28.514802888272566 -3.783925771054620
29.891604995369985 58.699209798009676
45.749573670515588 -4.030399079121099
-19.131650533024885 -28.253655634710217
24.622782474229375 -15.611888474127202
3.336810380499150 18.368645407456174
-10.085616554548407 9.134432317643558
-32.261619747734180 25.338033374766589
-11.708298622860562 -14.077672760260858
2.606213006427751 39.788344031771942
25.736884441563095 24.015430536719247
-6.966456628628406 26.683064735629642
3.338893555322671 35.057446280376425
9.348072811590921 14.102711108485845
-22.380007921930890 2.058448080997014
10.810793167369013 -4.093556131552535
18.867132751914063 -40.680958545270045
5.479484975993596 -20.527227741350877
12.293117492732266 29.580892983921196
-33.249264764619113 12.130399528270914
14.230425376093651 -24.354389594794267
26.753929320409881 -4.135134405917163
-34.720919109300155 6.587155908263284
11.520419920150935 9.287525475018677
-19.582939924967626 -6.498255662331114
-35.719764599719305 27.495001386225564
32.133374968220430 -9.922010450739828
-21.055472284853959 -12.663987113682778
14.304581998620137 -2.963310980926819
-6.820314562347908 24.827834409019808
14.927195326268299 42.948028451953469
7.412546184660139 21.931808248162206
-37.982803146583471 -1.161029457206590
41.593411599130384 -19.535401263575000
1.170725977691973 4.093391163797749
10.661723820707046 -7.625926286944708
19.282883794092594 -32.293154724800672
10.870318175676070 -28.110526578266192
-33.477359787964701 -25.144562211271545
15.598689802681790 -10.332632428505313
-23.817183343413721 28.353424845183778
-20.920381136892026 -21.835098140125531
-29.009192816561363 -12.363153556522835
37.669932028193621 -12.812012697521968
57.831091128850694 39.176797552779512
14.722548368488866 39.684522448320720
9.027090941437761 7.446691598886023
22.621450380434425 -17.755191173559183
-10.781272129975759 -36.591414397539587
12.752914871894905 27.239598662451847
-29.069044780813616 14.718201307818431
16.221014790608642 26.122881173856626
-21.013753819929189 -1.173847668555116
-11.632997053747891 55.153257338870503
-24.996121577244402 -2.628354673877374
-3.088023310434950 3.082928771893957
1.974874200798734 19.115340928810827
-43.585434850779109 36.396883992641975
-7.762664315949978 6.296698217061005
33.647155636657047 -37.101914550229665
-9.247609150865136 -3.091468802645295
-42.556585173719981 -4.280219658800142
-11.329174305710678 -9.653704066738245
-12.950320684029164 4.737444660564834
-1.404759818679582 -9.019767439549160
0.019430087077035 -19.239932681062463
9.968313644256131 12.715057032471471
-10.607044262517661 -26.594890087519548
51.168694569394937 47.730160254930901
13.837339378759975 -7.674387911960542
-41.225362119064101 -24.932265188241011
34.357352336663006 43.486924242129390
20.275737478222947 -15.033473118879519
3.275947914157599 -27.801092411714180
-31.795727421928348 26.920196144976710
-3.813481995792840 30.022552908950829
13.113671069485990 -11.768647557006890
-39.043039182253274 -25.732045937338356
-21.200606396026039 17.481168999037351
26.896571610982548 9.106204023004862
-20.819553761644940 -10.549144127554785
-5.565039762533686 6.645391011620976
18.070865170509933 -35.680090168707686
-20.961636977487640 -3.638909448817177
-3.898273776399201 -20.518267161818507
-23.828902439591001 13.281631992983217
-24.883523812435111 55.618222529995784
-6.901288647332341 -13.560554203869707
-22.019897674525410 7.312756843634524
10.013313434804413 3.302829632212408
30.485180370453314 12.923556840984498
-20.433934807834152 -31.648810073728431
11.808317737536866 21.877905567104175
-55.426965403244424 38.546923340625128
39.387120714132976 -15.243263876403738
-58.153534878713373 17.701982581818093
-47.675217007815149 15.229887962178383
-6.110904419998824 -9.863201797137654
-16.346985613151059 -17.358321128507399
-18.915211273054084 14.612222960890891
10.297195633197965 -12.434580978705828
-18.200918702754414 14.525203530109408
34.230000197093680 -19.758607163823164
28.932542807255359 -11.340417472121286
-4.939833733608812 30.040361313129125
-23.340251167468654 5.491586555605156
4.362670110884591 14.005583636837788
-2.014619381174591 -37.243280880206171
21.984145033545051 -36.305338651258509
-33.267950413007149 11.269895749282719
9.434173300816600 1.907225389070779
31.626332053073551 26.259590246864104
27.464250180598906 -6.176700917108520
19.953467417612760 -15.013403859127852
0.137576295400613 -3.589942267808913
-11.004198867623085 65.431324053765323
-0.678700679696974 -21.901805709340334
0.066453204934010 -17.832841540357165
28.316965249504587 -26.804002101735144
44.106531971472052 -15.373862180667180
75.347301996506275 49.598870845168996
49.414059887347307 8.236992184992527
21.969094309403616 -43.999588302611791
-1.389703731164776 2.409662634111232
-18.998196510217046 0.149057674703502
9.060634785899172 5.395993661666505
-68.495821906793708 14.489394864982964
19.749220379022987 12.016659173718073
-11.582987435169132 16.389502957716193
7.996379495669995 -3.366944049410430
-15.220619516624543 -43.780998257700936
-27.710672196595805 -17.861364343127004
31.161663450892920 -69.395053692241390
-24.994422082767667 -1.941454045039672
5.346805079188617 3.670568740152263
28.369596899680957 16.009926521069445
-41.002697243876050 14.819305147327134
-1.788301893277130 -12.187998972303303
11.736364870848753 -43.313238883602246
-4.172090022812754 -26.002166747604061
5.841829735626609 26.414212523964679
0.532114520058102 -12.243843534350146
23.318125270820264 -22.420498007318603
-7.682889895659864 -23.240694341056482
22.154127556776828 -58.640411524361220
-12.601934992344638 27.200170686879371
-24.142888990870681 34.448951680255696
-5.824049940294563 11.363263749486832
-30.584086339895077 -11.080280689029738
-13.326221672402493 1.237534293414555
-26.273033245936602 6.212107113447911
-17.821216695251476 2.962573019971033
-15.985542535246569 26.535820436427070
1.640361977708892 -8.759154714206735
5.935527740217233 38.235096389520173
-10.116975784120365 -13.627963000004749
8.974658450796912 12.477811089308508
4.746911366051475 -16.155925918214443
-64.022118074544437 -6.025691511959936
17.474943078295674 -38.062289985725897
13.948521709238404 27.087281957616323
2.377172844172354 -11.963620489861686
-9.143202684789435 14.040953336843442
-18.300392875238074 15.713820732322601
15.957541985973272 23.617496805559465
11.890261617526546 -7.285722722554695
-34.793372701182847 -18.289144375703668
17.151425715646809 20.974798632868954
-3.423464032880206 -8.346161400891217
-20.420395624587865 -24.726649435011677
36.516327850739096 39.044286479175227
-8.487815088478412 -5.258569073161940
15.656082457337492 -3.281112791286859
-36.308237930329248 11.618611528210820
1.015238293409300 22.557712930501530
-39.402710587963625 41.594386270948661
-2.927419229434677 -34.339784264020899
2.407430209794766 28.889765985799652
-40.902687046362850 4.494012218723912
-25.433309304947688 36.271223232061075
-12.191944635420901 -24.397303174192544
4.119845244078892 -0.597673713679907
-6.407214873417921 31.419829681069299
41.455077452027574 0.751018665381212
-1.479047995931989 16.421489212834540
-24.304971467002023 -44.781528297407000
-2.437750278297989 11.908148380790685
15.218925377250198 -26.884868886497578
3.588446069818366 -19.034845044764204
-3.128238966069050 -2.350671500093020
-5.284423758817251 -29.273824677449266
4.190134384134251 27.993017544454609
-40.060594327800310 -32.161644189071957
6.087566091486352 4.757864157989888
35.622235133682558 40.449190417510422
10.809225205079899 -23.428963659853107
14.790341474872925 -16.797897926180553
-2.197949225653160 -39.833554902148492
33.695985817008342 5.041533578886891
40.086023321438063 35.792863537315647
-13.112575899608638 -16.160748145723613
-22.749871290177943 -11.243242924811716
-48.563111258161804 -0.695817925150875
33.021575359792052 -20.337922023144298
18.541576540904924 11.963959631236069
-29.240968597578938 -9.115948183711010
46.142564957146874 5.662310656610986
-21.808548983876801 5.133755391306416
0.744860761024704 20.872441712054467
-7.752943178351555 -34.798533142898251
-11.523281683137236 36.645089120887718
36.928304417263547 -5.269523170855824
12.843158818614897 -22.784470557669099
-0.533397871980754 -27.612307246732961
8.250473198798041 5.604946975463455
-48.205304613244721 9.420251730458970
7.234580450723334 -22.841164239958836
13.833308636642441 13.109679671606376
-4.535010117817961 -35.803330492582745
-2.056061015169824 0.656791720840297
9.548478426408384 -23.908039808394363
9.944247146908220 -26.402819240086504
1.097818792736817 20.029317966825804
-17.414547215720404 25.806956948948116
17.068926533252210 -9.308125477114384
2.343257809598024 -19.124536995398532
11.136603793824680 23.112986561620914
-63.678274339833486 -25.599181637767114
43.300558181518916 -24.808915709394945
17.143396775398230 10.443331584686625
-26.540379792478227 -0.718709099468114
3.714201192089180 4.862053608622690
24.787012901629716 -14.339529912585091
-4.759424924654153 41.759980099896488
-13.960628234884670 36.194462613181280
-7.088893769609410 61.025217714043556
3.387529360997795 61.683360342890715
56.171336102884446 -31.144299575765658
-32.439185373498937 5.176905367563861
0.250680884096848 10.060020807497136
-43.428298758225743 -47.927539719517867
-8.583257489163312 -20.834048608852310
41.141870061549270 12.148432520484858
-9.255280570932062 13.158779135442105
15.150867659583849 -32.798208732490941
-10.232808087808927 11.349906559527513
-4.635060057514675 31.036956075704683
9.631492875316011 11.783839412781900
30.513364536214208 5.274096753678100
-6.551182383124420 -27.326246563927189
-8.545752820504697 -23.526307463838233
-27.390094518681995 12.000830592554083
33.286869364308345 50.354614524834858
30.016507505243727 -13.867931034769986
37.868630769052203 -0.607412558715448
16.704980992417642 -33.732255662128274
9.967514311195780 3.203272978554428
10.686948134005462 1.933394364316781
51.388174093032553 -13.681140322045421
-25.819804190005033 9.948414343219994
-26.413521717652220 31.523394910503960
53.483944009986132 -28.271095096687773
67.986440421815203 25.689992653123209
-16.043858982796799 -5.484712707022187
-47.330543836080004 29.652012951450718
-1.353084213324757 -26.691383974903680
12.641208552184159 46.799855021752457
16.502514578735802 47.798707289159438
-26.430599492426818 -27.755250437855882
-20.187672889840798 19.366918371262912
35.962980912541944 7.068138268407327
-41.797587375223820 0.303802154892460
11.702524455029037 20.473997449479551
27.857451268358236 8.332509060091779
1.501739270701277 -22.880452238741203
-20.619771257622102 36.844981638582276
19.773600595073653 2.582187174195345
-12.484795767775340 -61.314083026300843
-1.623206959829386 -8.177781865735176
23.885770269595511 7.070581543826510
-17.410944225261726 -61.866865037023864
1.910565711895644 -25.768953471793676
0.254381796929310 -20.274907816749760
-12.399750921362788 15.580072828716528
-8.665762360293709 22.566772237252117
-3.031100690228651 7.772244037359921
-0.414338079519221 27.181296553671171
5.155730293603499 -44.513912582558760
-21.393352429586255 -15.514690969247859
36.031100267285716 19.129951671645717
-25.286632767566310 11.283574305996327
-0.672168479187680 -26.294849693794681
-14.635844045092119 0.827580389033527
-0.538515606628087 -9.116250768039887
3.571364517520495 29.167898435582352
-36.432801232666307 16.663568159408097
-5.157741258831781 39.704344481593928
28.581604966601617 25.574290660286270
-5.581788950336709 -4.589087837187934
-7.745313484629333 -4.809879523818678
10.711648991636748 -1.066496759126011
59.433887285883166 -9.916259065687200
10.924085248562335 8.525337655570407
-79.148386959399829 14.859056244583035
-20.078941546710620 27.326841737125100
-22.416219152240771 44.139325170862008
-30.497271468292290 21.570453284094302
34.743001417506527 34.898352881307837
1.401915636651751 5.951123802606553
-16.686596971321432 -33.660849953229096
-7.128930888138584 1.587721466993600
18.992660191393899 -8.797687145211659
-7.010203969208494 5.506369610228238
12.871331745408142 15.494634784769532
5.585704698855822 -3.796724591085636
25.460258647210516 -16.124467131713160
-13.544012213450689 -37.257217754516496
23.761200478347231 32.237479853982563
20.403649221644429 4.422462485708131
-24.989734259756784 17.593829542535133
23.724228800515430 -3.035594111537955
-33.828724370007528 14.095931268812427
-8.010536822145612 7.946346239606123
-18.996989852823905 13.132156351275828
-45.969703056330211 15.133127832768436
-20.591730412095558 -22.715167637348070
-5.329962252978945 -12.657200359014531
1.817350346946023 -59.308162548214071
29.686308796153536 26.160403388838610
-35.559662874574883 16.269962249991121
22.970963088099065 -8.943541207294688
-9.069103006673384 -34.740375526219154
-1.808366083562599 17.519303353960780
34.884639943815799 5.016478928860327
2.648633922224506 -6.033104595330877
-18.799704405900037 -9.825843692448062
-13.890403606497225 -48.470830074294575
20.464175976585025 -0.265852092618875
-48.830793216765954 -15.235897585283912
11.890689074581477 27.321604409387778
-10.997723795866133 -56.179142401661530
-0.003266474286968 21.369959147095631
0.390849660117221 -26.800543041328119
-17.605149463501409 1.926854279843147
-19.363181221751461 30.692504255635061
-29.888452060098665 -5.056737642373513
10.326670679231317 -20.839025901667167
5.651422201444959 12.345455085851286
39.270544319414874 -33.782738699313775
-3.792111264971637 8.547160316635225
-10.599571297226909 -9.531526795283261
7.396918322038784 39.723332243528802
-6.474942792289311 -5.552767743651105
-12.168163944105565 3.991935753059312
-30.291236764506227 10.054162814624016
-4.047107138608993 -40.946402078326365
-20.028492005784106 9.916699612014796
1.751836899118425 -50.194345519525086
-12.186167738928324 37.949256337921305
-0.243084243568951 15.103130616162238
-11.421121193538841 3.440794899660439
-6.299289638503772 9.347854861176948
-20.410509682068231 14.438973015917153
-4.993026693128640 9.148794949120871
2.966962503425142 56.992799667905842
-2.862348596739381 20.106218571774672
8.195970345082909 -14.351795088958632
12.163223196409660 -21.373570494141934
-19.044897719418159 27.965724764153819
-41.096938759434657 13.964304474982026
2.546448716372397 26.220019677609276
28.927347919530675 58.824379331571606
-5.696983139618089 7.978227723870634
11.419424272405061 0.300415295408375
-30.152702252999156 -1.429748340000646
12.705164462197986 -11.686723168124612
-7.693049244946475 6.480515405540708
-30.861694170609208 -5.895295504704815
5.291303370299804 -7.407946668811738
23.427933279368254 46.111361896246834
0.370528673735510 29.503428832868231
-14.304766584184408 20.537432974804119
9.289105922749881 -8.748588866472469
-34.017635960521019 53.959254589827815
-20.675194165603180 18.084528454766133
32.521407260369450 7.663516037164396
6.348228356993261 -1.142321971088673
10.944079085571737 -7.388938199318389
14.557585798324070 40.051586645780986
46.888498135658388 -35.091211790538487
30.289148305757365 -3.699198993886744
17.448430268584872 -18.879001164165807
-35.890229901448969 0.055593523542324
-17.055936796313073 4.422839801786279
-34.644804265219250 94.201475024199041
11.492821203268955 -1.268020715603390
-16.891399244933755 -12.357873910637618
-15.348100139099703 32.007260037448525
29.435157331429156 13.325068547073323
13.759228945470451 21.264650642833331
-13.855541541662909 19.827912957382797
32.427592836908005 -13.106715378116512
-27.526883501522430 28.831567739146696
-9.221691389568166 33.836387418332500
-4.809314302421024 29.063795302097731
36.365411654868645 40.333020277094469
4.040245760156074 49.706749498697121
-30.500880429382381 7.447488665629919
-2.312771911269856 -18.901550623646074
-45.718065350916511 5.618899876558753
16.370725147505674 -13.887177812250137
5.404559485021498 -15.827609402954675
-20.855895913985080 -5.187915256101073
-13.301784736648651 8.807065678214567
53.513294869808242 29.151164731083263
-25.619798542098920 3.197384993804374
8.961981705895868 -20.319921406609836
-25.884744496666219 -5.256158271234384
-19.493604731431802 -26.292928844218714
-0.441741110923000 -6.965746547259942
35.039572475461917 -18.126545789276992
45.389685342836081 -54.334458188535692
-17.725302123105791 -23.745295707890836
9.642592630538113 4.378459862939344
-6.681762911404539 9.502964437350675
-6.480546916994169 -33.433063703131182
51.118444550389547 1.650703865313664
-3.839434210344834 43.328188389988753
-37.317879947999572 -14.277711418458523
-19.139143690426035 -31.317974978317061
-10.548606509761420 -9.370391687468851
-6.007054164298798 -6.074484442177854
32.608580280568113 10.285106674744462
17.643969084870601 49.127311687975762
-7.986560028956550 -15.962025395672475
-10.784235725084100 -37.406153950315584
-36.536528451036610 -0.937982681656055
10.401635221131047 -13.436799078338366
25.929868302752627 -5.115168359362359
35.464755806507263 6.414737078421036
23.573565659442430 2.398135767362760
-6.995340629957116 -30.946243353352234
-11.157548870075706 -4.751840238986087
26.864809337333021 6.177843124665372
-40.998469287349451 -30.691760578025185
-9.898957821547214 -5.083625232357618
-35.512803570519729 3.093928882696389
40.121403340110135 14.263989097744403
12.007377413440452 8.351172900116509
20.722366589166455 12.526928921795164
4.348299185474229 6.430241112093142
35.925859501997998 39.158747524417031
19.209856826484298 1.131226493718202
-7.544135059768509 -20.119612676989544
10.223925645318628 5.807550222835554
9.639929156635898 -2.025714747290485
19.970169212505784 -26.376118016951846
0.073681066619144 10.004596824520018
11.445979208723616 3.073491239709137
45.649856354498525 20.625939882144330
-28.749971742820335 -20.256308628053475
0.777659728625208 -26.288791916023580
13.615109791200052 11.557288032538892
-37.725005412282187 11.427171589745312
-1.236398733662726 -34.977978047805784
44.931551743476007 9.317045656476678
2.706587670917331 -31.078722168318375
9.276959499813806 24.478269026876504
1.013350109062635 7.748640891938426
-18.101289672636518 -3.177242008150917
9.570978204263779 -13.213252096237850
13.407354003951308 -36.003050171372024
-17.951707905271689 -26.226659309325839
-46.136227378745133 2.257301601683574
-22.863429135999500 12.765683472995113
30.259106702818070 6.719309001608441
-10.686429575308319 3.462839904453148
0.280823506301081 6.905476992702573
54.221617501717482 37.106196756809808
-27.948752517522671 48.044394910192743
-10.565463235019267 -0.540285884787384
7.657944051129383 48.750224037494803
17.236732608240526 -24.398496445442973
-15.442244047760914 16.339947761622259
-28.015460980755631 13.508007431741641
-24.208212273208815 -1.841529455909589
-10.400843835097353 4.747156142389951
-5.155469202649961 -24.152537388264562
-29.107134719589936 -53.074820246497623
18.099712936573376 -3.637065837392334
-15.698208318591265 17.866470554820999
-54.048818110508819 7.505182530141902
-32.479647418871224 -24.281052759047064
-11.768975183852140 -35.823860097645969
19.240758720812575 -36.835511062791809
25.115079898774269 18.806627929717642
22.893546186858313 21.199147835293704
-24.084721962515420 17.918994179393319
26.125408151693097 -64.249268892044938
31.156383229913434 11.408338683895110
9.431307832331539 29.903719492028738
50.065255607464707 -12.616008624084140
15.298075012195085 1.499312051390609
-0.529354852419613 23.605955958357089
25.961729619301408 26.884588321013524
0.661507666319000 23.845263172136914
-41.538670194115902 -7.806356589274166
-2.938741852927575 5.079447939654963
8.663022980726600 56.043882586056455
-16.169989566634758 3.417794537986271
0.463792284547856 10.035918189808294
17.929835687357283 -0.050352419382534
14.997477734859498 -31.140758588556139
17.983909285731848 -32.849700341219460
-26.884759290350292 34.851000316666990
-32.858136088936348 -31.213916925515420
-35.664135832681097 53.780871319529219
46.425121577265273 -24.604206616422076
45.045588429382939 8.894330544791437
-9.064859818074163 -37.950755048299428
-2.981970770793831 21.371961860915697
-26.133997895257306 -21.703076848368891
6.549403974036722 31.257705630271033
-7.260702807838330 4.944580472232707
-19.894773832662509 -1.878109915464508
48.319795919849604 -2.736050942730230
22.466969194163077 -10.127457102800872
-1.318312338278832 20.506023613761617
-20.565068300100933 -7.466396129469375
36.011880407936872 -14.430678990172570
-12.369113461559857 2.623366026378831
-9.206114722235405 -13.321657490959474
-32.052131405518189 30.193090538534644
-25.542398309506616 -21.248791258501402
-31.547661105447460 -4.141656169475024
2.140526462886547 10.687768793242372
-14.702539930971636 34.447752108879229
10.545774635528820 -7.297459751828885
18.950443522301693 -47.942192217522077
4.234612061848857 -1.160231671539255
-7.153513166008112 -68.223421570582218
-16.848026238117601 91.683678280280617
28.470170149807515 -9.657183931667687
22.515581947114377 -26.891080889917326
-31.947169332961188 -17.351104080211588
0.980493185261252 20.234171831231187
-30.212594926558353 8.552317249018451
9.106933278867755 11.452592510475752
10.154562294269160 15.752210847432115
-12.820686823731679 -35.214364361937321
24.997178447221930 -12.545660407457008
8.091301738058755 31.173932957137300
-29.396315577625167 -1.301006232098647
-51.017531148915019 13.922605680259551
6.899346973062167 -39.650208667991180
4.993619216347140 15.011015796588570
26.053316065478533 -30.797258400358480
26.801886479638885 -17.614914425090113
-16.303980043369691 -16.873965936584728
-19.084866377977999 25.954852023428412
25.687756177664205 7.984477854391525
48.578558043198683 -11.621095275686280
-12.067049632366098 32.343983253025137
