0.000000000000000 0.000000000000000
0.000000000000000 0.000000000000000
42.013022137700204 0.000000000000000
-9.054346226384025 0.000000000000000
11.565667164057089 0.000000000000000
0.907726097613547 0.000000000000000
-23.148968699331633 0.000000000000000
-8.485196031859939 0.000000000000000
57.236171645073064 0.000000000000000
9.342454967044013 0.000000000000000
-50.977245745338436 0.000000000000000
-7.252082939793400 0.000000000000000
-19.455902817477885 0.000000000000000
4.217769710210872 0.000000000000000
30.158265563218766 0.000000000000000
43.307932052236858 0.000000000000000
28.488084300600338 0.000000000000000
16.799877997415209 0.000000000000000
19.519816529994902 0.000000000000000
7.939474667726986 0.000000000000000
-30.118028752245632 0.000000000000000
-28.304887209140688 0.000000000000000
-14.719704634866119 0.000000000000000
66.723989848368788 0.000000000000000
-4.265336423060422 0.000000000000000
-62.676419583603746 0.000000000000000
-3.687284863562299 0.000000000000000
43.128660780875173 0.000000000000000
11.651451027770293 0.000000000000000
-81.687009682274194 0.000000000000000
-27.217041992568948 0.000000000000000
-41.407269909527386 0.000000000000000
62.720654762890526 0.000000000000000
30.195824030986227 0.000000000000000
-18.447932683690617 0.000000000000000
57.967049237960467 0.000000000000000
30.058558663908695 0.000000000000000
-28.198459413028282 0.000000000000000
-4.514094897645657 0.000000000000000
13.174904048811037 0.000000000000000
-11.927050424292968 0.000000000000000
45.470491583660376 0.000000000000000
27.158902003415164 0.000000000000000
-53.029414931176305 0.000000000000000
-28.910419502299398 0.000000000000000
-43.358041086693440 0.000000000000000
-7.773041267411498 0.000000000000000
57.628784864404984 0.000000000000000
-14.609215574513303 0.000000000000000
-60.600459902296336 0.000000000000000
19.430671991355073 0.000000000000000
0.000000000000000 0.000000000000000
25.739715220112231 30.483191340913752
-43.965843109850411 7.222747303501704
-9.400370577907717 1.186827087355751
1.829564678079246 12.924785753483507
23.866575511142802 46.268542043633538
-57.231521154533503 10.252185201086689
-4.317969841298470 -8.092322843800018
1.329359628958561 -0.899928772894244
-11.776855861691367 -12.763682670210855
-52.428472060264525 -31.072631086574962
-52.016802154685919 -4.842252233615174
8.590416239515791 -28.889149157456497
-17.690059392711881 5.455265385814541
4.178386987758823 1.802495259468756
23.719067049351185 7.634777357911329
-13.826833102232595 6.570927906927637
10.472373045332906 -24.679839556397177
-6.388670782227869 44.415205075318497
-1.288812146559148 -17.072727534839878
0.751013807514761 2.526313444970741
-39.880624585185572 26.367627726206273
-10.513692452871311 28.152528883773822
-11.911761789775873 -9.926317348294658
3.345812070947960 22.145301068874264
31.516850965939245 -37.405474187256317
12.238224321784955 -14.940283848200213
15.415442211458029 10.757053905315276
47.632522870943120 -65.483978310323153
-17.412142444215494 18.810789170834610
-17.786250198010070 -7.632808504174064
-5.622197962787829 -39.887813073556408
-24.984483025282465 -23.937949367555746
-10.634981854969414 -3.501254531099029
15.326934556986131 44.729427560602261
5.563822494001363 -14.152614604730436
-6.479752211647090 -3.831485701928700
18.966557162987510 26.370404892375774
-15.604409068563591 8.045316524061118
-11.243417510662706 -36.645958973858612
-14.659017559361859 -0.770993067220867
-59.059076889275843 -17.912358148632077
16.078398388978428 16.870760481570816
-8.114753950505877 6.483324437803662
3.332807488056218 -32.437042506290538
-17.694285793508243 16.674815408105577
-0.111599519928199 15.230810706048990
-35.722516840018002 -19.086345262644013
66.531698478210657 69.774777040783633
41.831373696547530 -21.245068780980411
22.040491023943758 8.692878063053879
9.895141255124727 -15.705448050499406
14.190857447571014 4.769193248296679
-8.711981519789850 44.946004236424592
-12.309655225339943 -18.263264623112825
28.810147294323851 -21.775383042009878
-28.943460672990735 -2.443554478862400
20.185588729008913 3.860151421777880
-17.198686106261569 -25.780884817354192
-6.622406623609991 -5.021066448949108
12.089026480956546 10.640113125884140
3.718019865550866 -11.897055277757685
46.822380173531975 22.296903019435192
33.612257175989988 5.631691030674377
-15.127882843003611 -6.772119112057682
-4.631773311282192 -4.158693081598342
10.157985989324063 -4.154072128147916
19.120192628985588 29.964036893143728
-18.047427467245917 -8.058403946745463
10.254340160209306 22.957956174347967
48.165325432269157 14.013192777694432
-16.082172773178730 20.879685516223660
9.316680761089366 -43.268855464730663
4.398349886048729 25.390425104872566
-4.279537100226742 -12.814327865941159
17.907173846676194 -47.876742713898608
24.272484335728048 -25.756780887220714
27.692185712266451 37.581244451606928
46.502746987159263 -43.003557181921707
32.034757182008384 -5.119103700684092
-23.852647427526385 -20.319226503880550
-31.669588293771497 1.719612544726181
23.408674439183930 -4.269533239889441
-64.504092217325478 -18.121870888931550
20.489844611284035 -49.157299324850797
0.091186278341924 18.933475856919994
-1.334416836076284 23.161866681018811
-13.260357390927256 -24.450038005439939
10.471329984833829 -13.104604009234043
24.105603969251728 -0.736725201215302
13.717449433799816 23.597577969058666
-4.430198960331535 13.788913062387685
5.317338293578581 -15.201242991650103
-17.764748937354046 -12.418905612864181
-18.194121882008645 30.872772680746337
25.471778674653532 -3.190310027073582
-37.390160887761091 12.158107313731541
-43.205839128968790 -21.805931626096857
21.770037088872030 5.766416588849540
0.201722996401860 0.285371518834683
-22.374559243744560 18.359060589230268
-50.915632221577070 -24.643173493156624
-20.090822970635632 1.822124319721416
-46.861883004874912 4.717241555290003
-37.101314248449491 19.007532934181548
12.971658127975198 3.766888055208785
-26.011832319384826 14.884997670890337
-13.042643527295585 31.715978167274070
-7.114123381643030 -34.516178642774008
-24.437512998984122 6.972923084452335
35.646568605684976 -33.388907728136367
-1.605005471828751 -2.621923077963360
-33.158444474952702 -5.089962422495172
12.618234740210683 -21.463858498969909
15.303680836351692 -19.997201493760208
-4.678725322890836 -0.539935863619889
21.215944467945913 -11.478710095470367
0.078655521601077 12.452722263856348
-21.679586079042664 -36.170998489891822
24.937144342317279 22.234615147943725
25.727031197046671 4.193250440772443
17.047902722356529 -13.821088198829374
-45.598482833042830 -9.121305273895327
-11.941442589536877 -6.496050653164164
-19.151727388449494 10.449064498352993
16.561577972592833 31.979981208137872
1.578060019966915 9.146515519318941
8.864669973826594 -43.964740070884829
-70.899238195408927 -52.009973704798455
20.447324269302705 -23.280187197539036
3.002000704878213 39.273374252959513
-4.682382540808109 -11.353869376343267
-6.668275717780081 34.429923856700562
-0.375784870695912 -12.861108919443387
1.664674906223651 -0.086698385449492
42.047227207273835 8.874665252177072
23.151696686486773 3.868355453089281
-26.697152869055753 14.579110815458963
36.209691770806629 -30.593043139500963
27.900699176995378 15.696790039374054
14.922229523551287 8.796985024136449
20.996401348191831 -14.894587640845540
71.253268923398394 -20.747671516255789
-11.194628883942464 -62.162111220345309
27.414485635162134 -2.617033284003357
12.033535441768963 12.862607397670276
41.252045472619052 6.671828008133465
-2.395464603023017 -5.987505441796054
-15.510051252176661 11.248651744428756
-18.665238543853285 50.267849226792841
-4.226115120087933 -0.739566301152926
14.613321449187623 1.626062714734286
-12.846838869329714 -12.031281744147096
-16.599851127589563 30.080868207432527
10.548431097564727 25.447757619427431
-31.317001996916204 16.155042964873122
10.627980638820448 9.451267430761771
7.086832982673574 -10.878620903803768
-26.261194332202681 26.199431126533966
3.551924400174610 -41.238613409544421
-10.473768294913919 -32.693964742829912
-41.383448709732626 -0.661005433154394
-9.039821501119222 4.952220737345050
-32.430396773434452 3.362777438533764
29.964278079099305 10.275711704906806
17.731121359454789 -1.521696386189426
-41.957284978283219 2.942449877540716
8.554111329971525 19.782980664351658
-15.010149173804800 11.576479246630759
6.892958551839700 -20.782005482439544
28.570231469687247 17.108942026787449
-3.528617268679527 7.056533443621889
14.254862561391603 20.147473633812499
-22.050098273094726 -8.282398485738284
4.250571961495300 -35.731884557815086
-15.802903882011149 14.921519837830349
-6.375093940787305 38.848285361846315
-2.697579713930368 -31.308306589133128
-11.360166318801046 22.844561769447903
-11.884147988456764 7.652627504128080
-28.231289717923616 8.754029960514885
25.832396018444545 -10.949747631179552
-44.181288805954686 -0.699960422425948
19.183212382465118 4.437990319410785
-19.413514398195407 -0.105060952792842
38.630543061865239 33.254918867405600
46.902998660501524 20.703033109478081
-18.586216070192833 -2.403473023906950
42.754454964990309 30.490872604093699
-6.128647216551128 12.113187599036234
-21.969885365692125 43.748993599787141
-25.274071779737454 -33.179381538169821
41.161747369719826 24.397216826906998
-14.732757052345962 -31.102551581873886
54.520643073769293 -38.855968703507187
6.021796155147926 2.954632381871816
-18.480166759263696 30.171319686660638
6.167253709005605 -17.941607333338460
-45.734891880121666 25.011422261711271
-1.491992317830166 -6.557100919350040
3.563911649425259 2.595327291948610
-1.206654645533409 15.972288979909031
0.028971524292375 13.472370726343389
13.125151466004770 -2.832500489261928
12.534094159514584 -15.865335853381785
9.042071619217023 -2.577167021826093
28.257727070313042 -5.892743204197056
-18.920553246661267 33.345598363921518
21.911361398419910 -14.885518302578818
23.432020846317744 -2.578177625597490
47.211014769780604 -16.799614167219687
-8.213078983471307 -6.107382096167078
14.317594157075934 -1.503674868804165
-3.836677717561325 -11.165332531366642
32.946667044033120 9.773894367360537
14.360194280841412 -7.124572286661557
-19.077739012536366 1.020402493539355
3.788165535558755 9.762391007207485
47.331488923138622 51.588853792237053
29.257582121984989 12.625332727554238
-19.363958464930199 7.945855384310031
5.350377551001623 4.703868954360757
10.882052703233285 14.462866679913455
8.648395636784404 -14.606907911094941
3.549513968026520 -20.909243531714733
-30.034880668802341 31.351509240723754
5.883912788499262 -13.600443883795343
0.717681844206609 7.455770649336455
-30.857755068954614 -42.202575540302504
1.892992240913000 -4.089005784915705
-32.700654390474376 -8.482251430432820
-28.654979941959002 -1.240017798184761
10.939299995719352 33.502074016992331
33.530321605760491 -6.466437023025091
-29.980534913852797 -16.928652440812442
33.663222939475276 -29.324110968952130
13.693508701407781 -3.115827911181584
-5.579291025381515 17.537923922804545
-13.166002240500269 -7.611392814656552
19.057949282758969 -3.944311403837200
-17.176494287671968 32.920958230229751
-10.466380512648444 -10.184669264910653
-2.495162749803239 -28.261209441922539
-15.607215535634715 22.038833451860292
-30.273648539136691 28.728482448231578
19.268858749996063 17.205768788237052
-27.816824469086260 -2.027749687418762
-39.246118609583746 -20.499564478804647
-25.602906360610021 -5.513846805156264
3.631517536973976 13.547595944399612
1.728059187128731 -23.718883451225903
46.427328081382100 -0.486473839699638
-3.302114375510250 -35.008172442014157
-18.523242103983236 -0.174183461264243
12.252806871624106 -8.763942190125931
-3.095205780150397 50.388436265197761
-38.667405727084244 -23.539482396665498
-7.400300383261975 -5.794272123357634
12.112852816542567 14.742310833249105
30.351105253689848 7.181077863081917
24.389746236613693 4.804709323575117
40.251888646016113 13.401945753768754
4.477954874537879 1.743398367378761
30.224303326683689 14.743236178780428
-20.021318726577491 -1.476583366492676
3.323950951077291 1.182361998636514
18.740514132497033 -8.430639903910214
12.220827897617458 -18.382562996528598
2.359143252259452 -37.998740844236686
22.645931916552662 -34.724185853757156
-35.859643033064160 11.411040335291027
-2.860298967817670 -10.520290490543600
-16.863183750915404 57.174070540040219
18.514216705664687 5.413183085753042
10.155728585779480 -7.702923266990561
3.852355616329170 -13.117196578996426
-48.556985092792075 28.040776686278669
34.694915594414589 -49.298286568889438
15.691588630646010 -26.262735261548752
20.719380418023114 -3.270273193607269
10.078796693786606 21.283656073403360
-28.804307823706036 -8.559397607930901
-20.941522450810737 -29.628081396335599
-13.097931968605479 12.244426071317104
-7.711036295089692 13.735259018577278
-25.935715203129490 -10.486041495735302
-19.557811614583208 59.499215030529101
10.046809212882744 24.819952399479750
-4.711097959924745 7.813139657843924
-45.708592812076020 19.572144031204239
19.964410070897429 6.320949597664574
31.719134802426826 -24.100146332583016
7.958571667477631 10.123934035655274
-39.324127612749280 -0.524865053788520
-20.295511662571908 2.940763799721253
-2.357212620010197 -45.547304410011591
-42.940400722198000 -14.890391865727377
12.586661978833245 -0.709096049668323
-15.009377423696090 -53.354592964668186
-4.675620035515240 -34.619300580416791
16.263120997253672 -6.245008081830561
12.203060305140085 2.966635335089368
-24.068926876954620 17.797418803641236
36.127402222980066 -40.618708933384916
-7.337163661894300 -7.075853658363354
-24.731130466444906 6.947545950834347
44.980478497046313 14.248988082735268
8.975768407731943 -48.101017543280520
57.341125391946939 -8.832352945783267
-34.522573551358938 -20.454777841278283
-9.413754219137996 14.537763038678614
3.909411582779361 17.570966982177644
19.505379692281412 -16.475556802877506
46.341914557516510 26.045011042065724
7.900117382658715 17.688344838327172
47.668510487169812 -19.682991001710857
-5.682952252400540 -15.249371974407497
-9.726815014726546 20.556627805795888
4.539308889100649 15.954236578787928
7.569018132308492 16.248902062305664
-49.674683533894843 6.792330743749077
7.868490928106675 -3.632455544817694
-1.018895860712012 -0.993685607457163
1.476179094794443 9.911718890934662
-5.044159723963713 17.419941998325609
-34.635552788758126 -22.235272408051578
24.073147806449764 -34.824068980034404
7.257707162648951 19.640431288991422
1.361478129961377 18.949724408821275
4.662192354473898 -5.673521516628878
-0.891967669717073 -16.195361011195150
4.625113472229966 -18.448037923627830
-2.727181808507486 14.627488469575660
-8.842639747445627 -5.904911889527551
4.034612415811100 11.903554092124208
-6.095234773460590 -15.769864188315584
-5.551884558297425 -15.485253377340108
-27.485765303293590 7.730202976216693
-8.564051041387533 19.646058196995181
43.843693396305923 1.422229688889447
35.914641860447965 24.371840084373890
7.575845225582185 10.683819571714093
33.911137381941785 3.889977004182195
-2.919278356741791 -2.951428481408588
50.777155754267696 44.538567187398165
-4.133651915528459 15.350678689947967
11.087203621523287 12.604567699758533
-25.097755603662989 -11.726510729116205
6.546496584255039 20.553526074586923
-51.553068391411713 -26.570325349283483
6.448449909544890 -30.893057802287430
12.177747029489822 -14.351008681165002
14.349676720266400 12.365242090593378
-6.564473092507490 -18.049984580401283
22.613729484274483 16.181065404872637
-18.255936029899971 6.069955288631123
-12.913565698837834 -20.744620575282397
38.400006625441883 -12.656617328961117
-56.979162819285285 -49.993515564277928
18.538113811482670 7.548644311580420
-27.613138287142185 -70.256138729244384
18.753791248989842 53.241934686190014
-3.712089148256107 4.254017040716221
8.939727646695424 36.378190912121681
-1.195370982696234 5.295542196500126
15.438024545668958 15.587809374555988
61.190967470908021 41.705846053172195
7.195598748270013 50.356768202909151
-2.530946065997786 -42.913915693676195
-32.851000152483984 3.651763768019281
-13.192856486469097 -19.016415619014662
1.902944956258137 -19.010549042001518
-8.276308322343960 -3.668590889406269
-17.333064169360394 -23.734576071985259
13.923518986955022 16.463753856966083
19.858007967293162 17.857489929536069
2.379730906532055 -34.256347647467393
17.280607391868799 4.414112688384663
7.181557812916602 -12.353106788612788
-40.723736339934852 -20.530346299418756
-1.898202428455730 -24.480701262861210
2.326789585404071 21.575160533562894
22.469239476585205 -16.669619214683454
16.167598128894262 -7.345014508982086
31.989012758038477 -30.809587530262164
-19.832591050528052 -7.456877484612114
-22.608120875349407 -12.566234964532413
27.815940681325884 -24.343491794941553
-8.004022146863969 -9.921994198560727
24.235466474927037 -27.618779452960222
-11.072058808304332 -47.400495095266216
10.161409045314462 19.863867513933034
9.687544437072042 -24.270486752623174
-7.626439532772478 -10.042413356291252
-15.240648967740032 -34.236241966377300
4.523146889836486 9.482506846323497
-0.106602960620524 -7.324143597287843
8.626239080042870 -9.429205598810732
16.649727604531538 -0.210961324001946
26.690648295764330 36.158686977738888
-10.462005967197712 5.553873409557971
-19.988759643603053 -7.424163176138707
-6.720287943370136 52.054702162655850
-36.637564143850909 -13.668998136689908
-24.993200072041461 -10.320294249869578
-27.181324362124499 -4.356480715099580
-33.767476333291775 20.452864318317744
28.403485065283430 45.923926888363262
4.811271763481970 -3.859879013125291
-8.461717248134454 -32.795101784194443
2.567255701633937 15.790010824950862
14.269997667730825 -34.747089708530005
-8.475615957136840 -24.866049728694492
19.785914001198428 -2.104942723517038
-4.837191051544924 2.673667604863067
29.599757309496209 26.833098487682815
8.599411472640291 -18.490043509243201
-9.651628125825352 -27.943856999055349
-2.573443318161872 18.295044101775684
-13.165954805925251 14.871238322529260
-3.694520510229251 5.511490244611919
-6.362277554698028 -25.462149415875093
25.757547533035883 -24.004510716488184
-6.429921197136347 -28.688971518855535
-1.918474563706817 8.708184421617551
13.082283316040296 17.232420390662593
-3.150138736905364 6.896070435042408
27.788716709909423 -16.695095482590101
-38.220092263899659 -3.148731579767100
12.433833013836910 -9.388930542404403
-25.512814358472770 17.301296179458525
18.226573586509819 -30.499550152722595
-6.660495767604928 17.795902047075213
9.146506605833299 -21.885341789699552
35.914932710084280 2.873928890724258
-4.667798505940925 -42.439137590095015
-37.506233106152223 -48.605194076329148
37.874609873111098 -16.010034231291733
-32.043226859240640 14.582543234610494
34.682054314753998 -21.072487188774623
-1.851987059006915 -16.258463176110595
40.221372780538744 35.804337618013754
58.203265261653975 9.905500501410399
40.524715683727550 -36.354043608498564
2.998546297901634 12.863399885784803
-3.261943913864092 14.070058849691591
48.267657967647629 6.239412564840486
30.165003546879479 6.972393942342299
-35.055720253901910 2.402958422374354
48.179462381300944 -34.806738605443229
82.301286375327891 3.560233741900625
2.598159362600563 17.041943658740490
-22.815405936490198 32.865561911525063
-69.458414213380351 -0.587604765992069
-17.088861119006374 -28.467277316098254
-2.678220570360865 -20.949336544297807
-25.125489192388677 -33.348764980423425
29.387108067173127 -30.944635878253504
-1.917870854718849 -47.365977284362089
-43.863165046112165 13.279206700886283
23.175511846651613 -2.673591170149770
-13.269082470216475 -49.825934494627461
8.339502658947886 -15.359830584224744
14.667034629957529 -29.643288591506895
29.816127259971164 -22.811262491526495
7.251934367274322 -17.802756137664495
-10.256103989944096 0.418342281144930
13.962385505497679 13.193294642540911
9.695881241960215 3.840439401757207
-49.793403367866070 20.711519959383427
4.073716664644540 7.075906746998704
26.827624623052458 11.082503533553846
16.011174897320643 12.141140816587134
7.372773525720288 14.781658519540260
-24.209481919798243 35.482194154550285
29.597087294527185 -8.370546946314184
18.352705985725692 0.979919934975487
-10.302563024204407 2.786114441385015
-8.807311750400244 -18.613588479808985
9.942077815540964 27.427598396082530
-29.082992378315730 -5.783495752662897
20.582018971489248 5.732749688964336
-34.099338375110563 -27.960497456980022
17.020754281681565 -21.301480318897678
0.875964179347965 2.233491345527676
14.864331256364206 -9.885216001884732
-24.550830883360604 -15.248651431733487
-23.149076996167118 38.941438350338707
17.762834575282373 6.970816363620493
-16.988584631853971 42.199773787555053
56.926548465167542 -77.318853301974727
9.273661556044754 19.000672688946935
-4.325083295202058 -2.492597467767137
22.354349697194007 47.597730953459653
30.310546667707815 10.419222134815085
1.131193538665083 0.797871516139536
31.497641710923187 -8.109811001105218
-8.290979678804140 -5.572980168541807
40.086306485764553 -28.800951920196407
24.266953508400714 2.172000936376944
-10.704183568214496 30.470237391477678
6.178729046741361 -31.235879471244608
17.472779928350555 26.559124131321838
-6.916811751304916 25.211365763416985
11.179984353446956 0.875081824051460
19.379439906225137 -24.624140054979847
-33.051925916666896 -21.507710936442027
-27.658905249084409 43.012517903594656
29.287588511130714 23.171894419073585
-10.344853573716362 -3.673971332242098
-61.590169888536032 43.258306490461230
-10.863165947758116 14.467094051180689
30.821173366388496 -8.406482251212228
-22.871661920758388 -9.626350508309022
24.624039066452585 -8.005731395679089
-24.267103992103113 -27.195753451053463
40.092808138009637 11.209995776172269
-17.727905221985090 -12.341026462484310
-40.772109204788123 29.833301201518985
12.561964435810532 38.054857891138269
22.093378546042757 -30.417148275690504
20.143818946876042 -17.649412491722547
-35.141930443919605 -13.782354138209250
64.197999302640284 2.219923896173441
15.637115818510301 1.292410124583578
-23.455722224165083 34.003208256017267
-21.383388102906007 -15.161462090308659
-11.554927013594996 -35.237082598145150
-9.789758033241950 16.410066775919994
-48.287178755371784 31.555430737927253
-42.222871515259278 6.540013017778830
-6.923974465233091 4.881547090030752
37.181383633893141 -18.842219158915821
-5.320256978608978 -49.745609528293571
-12.895246595634779 -30.518930225246031
-18.198987484731596 11.818983863257420
14.369862125716880 0.874374479036003
20.978143396914071 0.235817488127582
-29.140420983414799 -2.004162083776351
-24.983971886650394 -12.298293364505135
7.213702952151219 20.840363404731740
-9.716233334744459 -24.191326523362182
-23.632718945271048 -2.979598813405012
-11.414463923380630 9.935116778388812
-13.512184479962640 11.426428818062860
-48.094102002218136 57.663155236418433
-36.983880633412056 -6.115143787656323
-3.039445911015813 25.353962707078125
54.220787365641606 -57.467397579314124
-24.801743531627249 -13.583355424329019
-17.676752301326701 -21.520637051448343
-34.679062714794846 -13.820119626982136
17.363134096110830 0.673046259432600
14.573428118459255 -16.950510056032570
23.186218108859762 -10.127213563971271
-19.369096088388915 16.339696091968889
19.909330239107071 -1.311542550669621
2.671849833066326 30.130598143569095
2.205414516247353 -8.782062638212432
-34.851688207576579 2.446413611412129
5.218695757146494 -7.261104850818493
-10.232822210546434 -3.501363876388642
-65.246958276684026 -3.706756866009568
14.526442495308808 45.210106378730949
38.536576354954668 -67.233985932212690
-11.671216581074173 11.723418616533813
-3.560957192429904 -20.416786221867749
-27.146332807906290 -17.185150971703138
16.531824217581605 1.376515933771284
-14.711290432373929 15.983124106853895
17.277777807169720 -4.842051331676710
13.902548986356976 25.257223391261419
-35.939517006907955 4.408743048240427
12.119212626457827 -69.786249066236877
-6.606279735610963 14.442350012787148
-33.423642720818698 34.179147598725663
30.606274012366651 -9.219428691981937
-9.859780186786123 -34.095125261076412
-12.421723376109156 4.759605285927100
66.076910082924584 -28.448757580009133
9.303819846989544 -3.072439436407823
-7.571055930610071 26.032665693286816
-10.991517316048547 27.744345549768244
14.240120756038950 48.505574438549381
-2.874682202995065 31.587005354620555
-11.629509030069947 -4.740528640587459
19.442709916512598 -6.293182205456032
-4.733759781336103 11.764259447630650
-3.288650878203444 -6.725118486669110
-32.899799690511642 16.938360848942562
-10.735384862896320 -17.314021666722478
-23.294953050017362 4.055589945188146
8.154917414967016 -18.329400789371448
-40.604893375004977 44.586992005362312
-16.450831920382299 -3.127351590925433
10.531726525948139 -7.738911692031436
21.730483014684143 13.147206404250005
8.213152772223669 2.950744916112575
-10.051196764142434 -22.850286023358795
19.090471561929686 -18.489258285069813
-45.979733642006479 31.194910411943813
-2.346368184046756 1.792260923886166
-20.146310064633937 -3.914892686989263
-17.183679554927782 24.545471910563659
-12.915002002217630 24.781186201554949
-11.252774233818268 -25.014769566004638
-19.003064998609599 -9.810532741411849
-26.900670778839753 13.384134403368652
-7.638925109375591 -16.087118512013152
-18.138340997286310 -35.661645189978593
8.580740892676607 2.527861540747909
10.668457331700827 -13.331516541878131
-15.752124753873042 -16.991956236226947
11.307992332413077 -7.610176650317594
11.082553105070408 -25.448084547188614
-3.236966859652697 31.658137837591948
41.775495943617152 6.355039472413004
-6.334397209771111 11.493941474518277
-29.770277441879202 3.990164165781130
-8.521313823168446 -22.206972356449644
17.692153273423202 -20.904690576661135
25.422235381310745 -12.445142663709991
6.694870573239911 47.215312274472765
23.220645997517725 -16.372000565151357
-7.558667626671323 30.674274276610497
3.125494178000149 -14.631717316993424
10.098567480456788 4.966471324024716
-52.621938469304197 28.441263042308979
12.145255029901746 -42.669306011932768
-32.623798408797761 11.929731085185718
-8.588326551363544 -7.572594063367116
32.766667424958413 -15.238365568125515
19.969954677497114 9.822165461875771
-9.838940109017480 -39.490111657057525
-4.855233343811378 4.348888024498301
1.506929521737026 -3.252558235460064
15.276245134682981 -11.815856239980016
-15.902134379897813 43.215177494361953
16.145836033746001 28.401524733162674
-9.311017024471585 43.126311287102439
17.406736740899149 7.834577269634778
36.302464161981021 -9.711093671506335
-6.879204802990522 18.608919137110600
25.321099135162406 -11.281934355701750
22.439287723353534 29.769300299614077
-0.634228445067178 15.211967809344657
-14.788103012719478 11.256210975489642
19.311550250640778 -47.875727131635415
-9.921009361599122 1.171137067125112
14.715294121073383 -24.852743117364295
3.897204274008768 22.996136263418713
-5.201543825935300 -9.270546335929952
23.532833882140217 -20.715993118163066
0.551886576391513 3.584678040143491
10.427521921923240 6.564035364535052
-52.808558844131852 13.526324549882315
-9.599373121006936 15.523199249203991
15.513546224737915 -9.806432826056261
-40.460323278192760 -29.425985477089839
1.734899861197185 -10.035249958445593
7.121872805169097 31.078839994591601
1.293434503701110 49.586178279306857
-19.716223452864835 9.842924738504175
14.852233097725705 -27.052207684736921
11.381254697392301 3.611416002265695
17.122548678748078 -3.437168825322327
-55.924133670939142 20.292805345092777
37.481798828725275 6.954420306707937
-55.110219423362274 -22.833147434390010
39.786587157532402 0.084425613120818
-20.179359492992095 -9.910987056872553
-11.446121461213279 5.416734699862984
24.144942978103256 12.307545998866408
45.495663564634853 20.326811386321783
39.140685394499428 24.356001121704129
-49.934628454018792 1.836657374944061
-42.504822962421557 22.774385993748755
-2.708842797534653 64.762038016820952
40.989085994244455 -1.308462320170566
-18.660533465284256 -21.243345494751750
-39.829887022609178 20.074557784701000
9.527093585526531 -0.033952398013716
-3.378618213340170 -15.800292611628969
-22.288678484135215 -30.655620904569670
3.552554054548787 33.253216014195004
10.296419787620685 -18.267282111378037
22.621498536443280 -17.724914038020263
17.339773699902974 22.210282079573020
-10.214443446622967 4.973659247573899
-53.040733978378206 37.272945203312062
6.520738688148911 25.906306354576564
-28.643984293763815 32.570748808379562
-18.646709002203519 -2.680681732403726
22.017739990108108 -18.521473588384271
-16.179539037121142 7.952695713741390
-8.831329837771335 38.228060701524051
12.069804724469675 -35.222978397796993
-40.253598219472885 -18.472533395029707
-7.096790941638064 12.643877675548701
-33.628349041681595 -25.635812335693004
-21.450386256369018 -22.600332461088385
-21.873396859857142 -6.569883179952417
10.570809747115947 -10.933537460357927
27.008324716743616 -2.893238466571609
7.176191246218513 11.877162280310344
-41.819269500431069 -8.836128703271365
6.856415746323067 -10.505783693127995
38.361812590215322 -18.548882975791305
15.429479082827683 -9.208402390521787
-1.059491634398258 -34.516876841400524
-12.183177603156350 15.887499998932272
-4.354496108638104 31.189831566242120
-53.098913062648080 48.260741872936769
41.512305724489565 16.691705015089781
-6.681820520931300 -9.897875761362549
-29.800311693069695 24.950165907737777
-12.500052032890096 10.560342892872276
28.711677566628179 33.817435221775305
-8.025295090236424 24.442674952568762
1.362997514006542 -36.080632121700781
5.066386868650016 -0.701114085606551
-35.476380139168874 38.287492141306601
7.246175368565700 -38.811020234418180
-15.421379333524360 1.499900751442081
13.997656518306959 6.338639483495835
-8.292613378906475 17.917180402872980
23.284994015815492 -22.978205932750555
-46.443392560122348 0.989081723711042
15.672139701659546 16.517273570643525
12.467217980144639 2.972215603658339
2.760307795679907 -66.103704167520988
48.873375903202252 60.815730840640157
-16.622789009798645 -3.339226330469187
-4.990004114951045 6.885137091395116
14.700794145727356 21.464196068229928
22.959565000168482 11.077920054063433
-18.024643906162726 12.572219026382633
6.644251858345649 -15.097867996377067
-16.566310878702364 61.231065106470034
3.061489869407033 11.093193049100766
13.749314707634587 -20.069340237845758
35.657269266308674 -28.822193164183361
4.457575455949025 69.973720679112546
-21.743759375804412 -6.524679132686503
5.399724134387742 56.907690351739610
29.359982433334814 22.977291564725313
17.723009661455471 -0.732334855994567
-20.085208782598762 2.769778266435413
7.505530993508934 -16.560645681260183
13.793829333169990 2.580360355632405
-8.814706910110793 16.327880497046625
-5.596138079686712 11.185148513785990
29.784883079240078 -16.753960099224319
31.069859495067366 20.449295239572933
-47.904469169031401 18.739262121356759
0.798054599480979 -15.266475457588722
-5.928126799752394 -22.519726987156393
26.994839002761246 49.802422003622233
-17.842093283765006 -18.130021469945227
31.831586696129492 16.024945961816748
-16.394633368073087 -20.116518405500742
24.661714659489142 -9.112840011942870
10.985048090002131 -7.859057290748328
-20.062010647527341 -9.807693359836785
-14.918154899261850 -40.129309773756553
1.871892781400550 34.473614653902125
1.378575807765340 -11.634747272321595
-61.490329587724929 -11.898801049782982
-19.014132439554068 -25.784746477511298
-13.112717087913937 -0.779945349705575
5.247156589101071 36.927870694400205
-17.215999243267092 14.413400510791233
-14.238010981743942 11.148635775509122
-3.358690011556174 23.102619647683966
14.573212922960522 9.060554900956236
53.049073567120651 23.382082232091506
-5.913944387562773 -36.688974076969842
12.800893333131192 30.004035276565006
15.234097455804768 -0.429133933116773
21.954064974797930 -17.830916625242160
-28.094474355255159 -22.245914800654049
26.913483434422353 -1.417801691002819
-45.751046180614097 0.222798333235853
32.060385279770649 -29.637129891428000
-17.315036536324161 37.015759192898734
0.687223347441703 -40.119881982252821
13.928004060822808 19.825351187468300
-14.522602506839300 21.939612114951956
-17.066401185864649 -17.326353567600570
-18.652770709225372 10.819885041308424
31.467056836134979 -33.280308805683362
-2.735652204091236 3.118491410385309
18.234517716977951 -4.601272654625564
24.307162980510757 -41.111428933872311
5.031971694491219 -33.150470944110552
0.652021395163308 23.732772313790701
-25.893382383479917 -7.760550228426064
-30.669737741165140 18.529066319285352
11.747594151392434 -4.090566965871032
2.264471414358350 -31.691107454648005
-29.561538788902599 25.398845647585372
-6.917496969328959 -80.300352879885480
26.087061253472246 -19.940029725474190
30.970119529945780 -22.369574314010489
28.363943449229964 1.632512864314482
-33.061201851434959 -11.443235998568083
-52.433755394290962 33.531125309036632
-18.369449761890756 -15.088078519438128
2.026851902442789 -29.355042271551461
-37.366148573611341 -21.514658722648850
8.731525851238079 4.403135361891338
32.533224454321378 -24.431525324962539
-6.045118738866129 19.750951320465830
23.202881502951357 -0.249820069787952
41.632558645759438 -5.556585923891064
-3.132430193739993 18.332569536288645
11.540835284992827 -16.994847351919258
23.943190661870609 37.656803820213916
12.240128467957334 -69.180100233379548
-5.134638740667851 -6.884929623900946
-21.388514700252582 -3.508030967665807
-23.505155142282756 -28.993019460788116
34.407432394638832 23.055278517150928
-2.666928546270046 19.654399075855476
-15.296441266365218 27.094755671232900
-23.195163881388186 21.842201775272446
36.513347591239224 -7.146927173950276
21.828468300977338 -11.931084911222420
9.410578446412798 1.746059028498189
20.196602323065246 43.666695933542265
29.277624663726474 -44.923347486819686
-25.894115969070803 -6.080354578207647
-49.951545120797995 28.383938520530311
-22.626186289722504 11.129273376115790
3.076552657309406 53.121267067322428
8.223474463999919 -2.727309393631358
27.576181479458082 25.676577896540650
3.377982189913169 -18.667540825095166
-32.810799085270403 -28.493941191090755
18.489210409492397 -17.886223730560602
36.086904471207404 14.065163451581961
-11.529754861827614 21.099648721102778
-39.659671594126550 -25.152221906416226
29.367668023563589 9.576584653093617
-6.157105761606593 -28.237730113849295
-17.955245130332912 4.317793048216346
-4.034654696780297 -29.730247790765855
32.524921501993248 44.405237429049265
-13.988945756141597 17.906335012895514
-7.494699137009631 19.453240503767471
0.684274503319835 -15.353894600333037
8.403448413814637 -7.470527490974718
28.553759475095070 -10.073283277630242
-30.450667987132945 -23.465000232930549
20.519990078325971 32.747243186485818
15.517792810297475 -9.087483415675647
-7.669040012252891 -54.993099315632769
-11.346355233509620 -10.961641381249736
-0.760894521939098 1.429313729920936
73.143416512229606 38.406431222235163
24.774936940432571 4.125175117500082
-15.161814938979854 12.355588114097968
5.916493214748496 36.489182827473051
34.968130748212339 -10.682039705307213
17.801653124798573 -20.808995232821694
42.472825776532332 3.704885876371766
-10.261945882013443 -16.630058639010908
17.526996116444124 -47.010466274488948
-24.331191816824308 3.412336645204987
18.867437274939316 16.978335373080366
6.986827654532339 -5.917482967915316
-22.412559966240288 4.316791445302168
7.770745594091633 -18.247216209517504
-2.005943572772001 -41.274254782314003
32.081978553120599 19.824743548549989
7.581259280796163 -17.889082634234800
1.064946057515408 3.162985057594300
17.988984142529929 -14.127022222427573
18.029717057955217 23.319145405466521
-36.802687014732321 2.416713044528602
16.867564100750325 12.306843238381445
-15.301928230064981 27.294128357309770
-33.025927257194972 2.719573916610797
-39.390134699931679 7.035798024180437
27.697246930060544 -12.804522410668133
-18.326386597957310 -1.673892924625856
21.707960250473064 14.624841886470827
7.679827136356417 21.022495084648238
-5.187070478747260 1.155978952972249
-3.729472739119269 -0.550399006536434
-28.691930730561921 14.388539311372121
-28.834567804376540 33.582610771964944
31.484536815824114 18.740993073532241
-25.485759001290717 -47.010948828195609
21.351470339389401 16.299292860943691
15.999221114885763 44.915266824059429
-2.288258115912180 27.629027305982465
30.439067211114875 -31.106373660955249
2.639691890711108 12.460564446050247
-16.217333922123252 0.468430821314231
0.760998042099378 -11.981070619299073
-16.967850067370016 31.495391654671419
-10.876912732920710 -4.678890565415927
-13.335215657545900 -22.729556995225344
-4.109078329118637 42.574109771588681
-18.077438758775596 -32.073524776660513
23.246285562426088 60.972686244671088
6.120092799846559 42.315965848487096
-9.675581223651495 -21.643044221766370
7.498895224484231 -17.098915257254898
1.026944200629318 22.991152213150869
9.022758416876536 -21.494229647499925
-26.328790340838630 -0.150589550635332
12.352197011980683 42.158990322273084
-9.249047977936074 -11.714691512572118
-12.049914902543343 -17.345012467842061
20.013259681884307 9.332613036754674
3.660343531945421 2.805090631885020
-14.910436708410659 -18.997554871596193
-18.174823697049042 1.420132480507067
-9.316560584116974 -9.383015095657473
12.620653617709634 -16.040529043761168
-9.743591844181170 -2.232277645688609
20.742215655666865 3.426667528655215
-15.094480218208867 0.105858632944276
-8.444653306501168 2.219687613296583
-2.387219955706466 12.637836664482837
-18.678252209806903 -16.463097775334241
-18.504135063693170 -24.303542727575547
6.747261197445490 -18.808584253704808
14.337272652851018 -7.281291112835542
45.022092927900381 25.565952036282585
6.609884111264667 -4.852022601650301
0.358846615713019 -3.736814613122716
-21.736783704705861 -10.051358293620192
-6.511740983419945 9.485065297207075
-43.772393444374046 7.537976395375783
20.467812325005706 19.708156660454069
31.101788437567816 7.588570730030498
26.149031429923241 22.215552805609324
-17.593326381752640 9.944526688922711
51.988213902879735 -22.350742112797164
-2.088429637249762 -71.318375930707219
36.206216087746000 19.188952899851888
21.156238588910419 -36.189730249712461
-43.987614533777268 -67.202702770862317
-2.041581223989688 -14.825032309218848
-28.621621248860837 8.048256445751967
48.322336345629282 -35.675716714905612
28.587291053857381 -18.705867868048689
-4.874877530721368 11.346295559976291
-31.570875377199155 -4.564050463990784
-6.410517153296528 -24.067657202848956
12.176558587148360 -27.238428200764812
-36.639879487866352 -14.764845300304396
13.189455297731849 -21.450406440565697
-17.865307040298987 11.710519893102948
19.088141213762391 -22.860270718106133
11.864486534834874 -37.335939095275293
25.205403661356584 5.568170090496393
14.569864546848626 -48.395668928224012
7.111638844806571 21.376196869567810
48.908436905324443 32.334247470239127
-8.854454692785767 12.962128531683643
11.756032329453534 14.175833858574229
48.605054133885581 1.716067040917937
7.120712808404699 6.295935753813946
-43.918811519816316 18.391198147787478
11.118014600044299 -17.423340872584813
8.135154031234578 -21.465534578585810
0.088150460539713 -23.952646263001903
9.848235795340740 3.577453081609340
-14.841318923262858 13.130627010649961
-19.963802175654671 33.985591333463006
11.563065445185110 2.135426046580180
-24.978608600510281 -7.163438705595874
-33.012626660007022 -14.263142968983264
23.392405411864580 -26.598764190243493
6.050669331480794 23.167016395023840
-21.181344461085526 -0.709196114631004
19.348160603898563 -8.584116098424984
12.860388475498210 12.229352853409535
-27.765029980297875 -16.807586432123649
-13.510045513684489 7.914884245546238
-7.266664190765506 -12.817049235516381
5.005404452852828 12.670658654706584
17.964414388516296 7.086777228753117
-12.303652187540443 16.987182116857017
34.565221156746979 -4.429018559643759
39.007662223335835 -17.161105662161582
-37.302132400622618 20.347678568241417
27.197989355065708 -19.396384512154988
12.953556209817524 8.263672670658037
63.493230730998079 1.934998684885209
-27.789327245513363 37.691099732705098
-2.910039816990726 25.715077779199621
-16.044826276395220 -25.242907830219877
-4.471350165699480 57.184619893348312
-20.061806910256781 -52.126181044587291
-7.751243002332589 -26.223487538520512
27.430081047345254 -6.157429328954916
23.684478073201927 5.221145024615517
13.547569262471093 -23.965947263293554
-36.970020087393415 -15.951312880860614
-25.050919007028860 -45.866086092330413
-3.827638780395664 45.248434476928146
36.457348270823573 0.720145288102185
-4.049620619513753 4.389994879517399
-13.787967224933819 -45.021196978967140
25.820143630356661 -3.187303755168549
-12.856639460806694 36.487364437755495
-4.040310684492038 17.452706840183886
-9.298781612776128 -7.442346984690163
23.194035078547643 2.232388634493498
11.161217603577620 -2.132242346265853
29.384311076397275 -2.855532770969373
31.011130176514875 -5.765997370897368
-93.221910569229635 -16.878280107666047
15.220612612572651 5.068791834915068
-17.664279185564048 -10.657174935152929
8.077102193568466 28.146498784775062
16.715575954176870 -2.788896240214985
33.257587901416606 -36.894419489541448
-7.967743510728966 -12.079648547372583
37.650790417628386 10.224216695428963
9.088590971788749 1.839257970092324
32.017827782361081 30.852979093959050
-8.344160364171080 2.608600702887319
10.959894120561900 17.744740730405969
6.156895127810794 -16.229703956503151
22.797998035266463 32.332867799522361
-14.877720341456948 9.284186170150189
-12.089971606540933 -33.086414281360426
4.839185846749850 -25.373552402697108
15.243652007507233 2.366713988049656
5.060029064221252 8.943295080075906
-6.916014196870607 1.892899189665517
-16.825976127052368 34.563812037000311
-21.898391389322082 3.092502909435401
-4.525111521893057 -6.910547922184980
17.655045620867359 0.424155636467295
25.848851492573882 19.693419745544439
25.587708439986496 -9.604240968037482
19.956067378203109 -1.021075250034289
-14.001817355055680 11.793393459213375
-10.077701811539416 26.812840434176422
21.612703216827441 14.718025728017254
-36.864000569450916 -41.143461955614100
-5.536558935648069 1.176141396615241
-10.873180019752464 -31.658294971627946
-15.120047523122652 -16.117949074461507
9.556390014751955 -8.555106211026521
38.444991404078841 28.633421282870898
-19.626574660776434 19.406713562429935
3.199425343172451 2.113426496477683
22.926345414529191 -44.313506318430669
-1.932211707304315 -13.065821835263543
9.170605646012751 4.374727220802532
-16.072267489330549 16.534545820989329
23.726610777246155 17.938273989715317
-11.128755663206151 15.249823491042912
4.459969448055404 -35.883351126374272
52.025266069519738 -11.486200906518357
-55.118444113024985 -22.119049083931191
11.184764477494172 -4.372777425045830
6.813137668044306 -25.249008342942393
16.919440004445860 -0.800831720520469
47.602918883839564 -19.397906186522452
5.290902691021732 -32.943182768021607
23.807373435104065 5.403840829053495
0.760152797111507 39.655295775359768
-14.847557878619581 -34.060314394550396
12.320911436854894 -19.589004578441440
-17.076621516271310 -6.051697948017517
27.006129154543455 -11.808329865165629
23.334188109836884 -26.934369960450720
18.184094783923818 -31.293682511494403
11.224519618097322 -67.381561043923043
40.939236894150142 7.998703369200548
-17.290816194989215 17.337262618178183
12.530544520529141 17.733217425892192
27.452840896591692 -48.856316441802079
-46.065455224121813 -27.778368451937524
-23.102814348357050 21.450937263019110
6.879177942585778 -13.558648416238350
-31.527899021958500 26.132855188757617
6.233722343125762 -0.574943934309085
27.858955238499259 -7.292489402383748
-34.379941122830836 10.531223258367788
0.060126180881919 30.446827257375400
54.095891972919446 -26.445723460903164
-4.443590630652892 -31.099469989832674
14.560621308006461 22.932248077238107
1.548323804336478 11.447975344631340
-31.411123850008863 24.134212957275825
57.797528010133910 -36.592386680647181
-2.329958351916404 -9.043932810902382
-14.122726960301454 2.021701690160439
-3.494461534175761 -13.587261039692493
-27.143168045841691 0.231643981784442
-2.191646536872113 45.248856524969263
-6.621204583048586 9.065040688659664
56.072587139222648 26.539074429495162
14.204883907108622 -1.850795958222949
-18.427117455866011 18.480093280427631
26.351912566134946 17.548932059505454
-15.334381077839353 41.206152339752222
-37.756939370370517 -4.554488591370149
-17.481600188221943 -13.924001368160953
-24.717595900611073 -15.828678658426099
43.479289361068481 -7.451672891221681
17.197800282680433 -15.807649185537109
28.124898752841393 -19.537974492317250
-11.132746470357077 -32.036836698787397
-23.295816884587506 -13.633987023677006
18.111217815135536 -9.570529537524838
64.640716418506031 -31.774233524927016
-34.310045932690883 -26.155901420483620
-2.503227934349000 -13.876447181599726
64.335088435851262 6.142795808420772
-16.547779540389005 -30.048402372585223
-2.777505233074034 -24.242876579915983
52.474550041237094 14.844479770435708
32.759104410656867 30.530327245905639
23.060754688609787 7.814627319343137
9.099885278230655 32.674449359072213
0.681874507906737 32.993581172195753
0.690726015034620 24.142704243401955
30.693993781619792 -22.295443676315351
-29.126919192104729 -16.667976153443142
-8.518938474610344 9.821456859772988
-13.866703191482445 40.831114030122791
-29.676086063731809 -31.109897448630623
-2.082587218063790 -20.450700502720881
32.212001478359412 -7.544296361444897
7.279985804096007 -32.399151885516233
33.437919722436334 -18.655710932071965
4.783581425393628 -13.308194955989679
-7.388109425401629 9.911432079568378
34.655148432648339 2.131219114783794
-27.644722498999080 17.959415894761435
19.528833780414271 13.542406549030110
14.026875074323335 -46.909176187869221
25.235412654535672 16.816783863171654
29.854220134732273 -0.133805320419921
-22.340821910591320 65.083663388951294
-63.038965026693575 12.514285773823392
40.373524700149858 -52.483566021223574
-49.042720568533596 13.845378020807221
31.314237551565213 -57.362475950302553
11.847636850370248 -30.874350507924117
25.009055195607012 -16.916498320151227
-6.989769931164624 2.619666147435815
5.342162987193643 -11.097219588389038
31.910226739053151 24.809673410324358
27.638140472333131 13.189488890735126
1.402712152799370 23.328507758162523
35.064621855020164 29.551126971811062
-2.122855645143099 17.043728545824848
26.513945802995909 6.319240186116006
-0.640888542778571 9.569525211550429
0.929324309625839 9.986274013113922
5.826274456247160 -39.344274899358481
-7.421748292488918 -0.800947224629098
-6.210219032040740 -3.357975020213468
-9.297574823788811 -38.132744820731993
9.664514740136102 5.926695427050964
-10.072771045270477 27.311621140248388
5.261612345015421 10.283168322985450
-32.895316609813591 -16.620663790470498
-1.973436901618800 17.457219117955429
33.302436592734765 -30.015672391461553
-24.848171977159062 -1.767571159753888
-16.098253373050280 -7.850603493499132
25.395622298715015 12.249863601729343
-23.154425845797210 -11.388376919104561
-15.496889284727130 34.606309623820763
29.572389882583032 -24.732184052024955
3.878947501799639 -4.964598002613333
14.453185072431859 -30.905744757610805
-37.339784701834539 -7.121084085110049
-9.052375115503596 -31.835869336853488
-11.786573677904228 -5.861977012288714
-11.392059531998697 -10.923910144372146
-12.249036625699265 -6.293294710926944
13.589712440982247 -29.405876700794714
-6.143342877806315 3.055278059683369
-7.190020889792221 -16.653966853513037
-1.962271774566452 33.218414438696193
-7.289809226127975 14.598695861081548
-4.600241859267601 5.670193586274001
-40.787385141852532 -4.232585054624976
19.204706331770613 28.191567255720621
3.659840119941045 6.865879938643621
-21.480018533222747 40.399120727198039
7.416555178432392 -35.479679129809149
50.699213080374392 -10.231438582627048
29.633197270193442 -50.829328079280820
-22.319957179396358 34.045971294427758
23.183298498196958 41.465771364741364
-20.591600098354810 5.331666779935432
5.409457062971935 -4.146915979194862
39.120784194573218 -46.052216138319437
28.635916623691621 38.453651360176572
10.025121519777930 3.074785110059995
1.433850144413014 20.542486561194760
20.436315053055282 -26.780539148540015
-11.498970551624174 4.602273547250705
30.445868572641952 34.799679806082374
11.468688862747770 31.609422038800794
-17.950720399099673 -2.238898305161054
23.837269125563083 -42.148378817532311
-13.461596025313421 14.425248087010207
13.346073106913554 16.934923786805165
-2.116738208132795 -66.025302286886770
-19.429776653813182 -19.133575654355685
-11.804242429796172 -21.801997591917011
-3.656373841979462 5.559531053271774
-38.033875524751117 23.319221970265282
-18.651127699352454 3.678437600679191
-8.759602355673447 5.250300236854988
14.262358992510636 31.367261431684550
5.372072258265569 0.774812469405505
29.681392587670448 6.737064413972180
-15.584934898770735 -58.403972907289678
12.104371287826559 -27.513083655457432
-48.007652345168140 -2.382502291409294
1.583396372219707 25.790664354915346
-41.452544414555241 29.636696141627027
-13.268791137692562 5.545299032576072
16.396045897607095 -17.340519384864692
38.104528173283448 -28.604628139246220
-14.031953099186637 8.761227483070577
43.624405145763198 7.952265892951432
-22.133127150559094 33.911722472211885
16.650625038162858 1.143320700832498
18.157156630311228 8.019572036129633
11.895512172172902 -11.356283644072322
-4.200428620915436 31.159178398914051
53.829092805614565 2.857718898776570
17.079663273915546 31.626638721304055
-7.160990879660537 27.291989877744989
-17.037749550373302 10.666777531550782
46.352202531744389 -6.219572786339162
-26.737096855469236 44.995493535624270
11.026920183954545 32.252720874437202
-18.041857531353948 -44.126276817431524
4.184571325954596 -24.245907460004034
10.693638022415163 -17.885433458175836
-6.089811422844446 -23.903832104341575
7.068588011741337 -12.550141736861546
30.094559859114121 31.573786065065217
-28.283972773429223 17.133117655640017
32.878089599330444 48.431827840966960
5.734511129789202 -5.173336529445719
-9.002049266219766 28.184056804821704
-24.965532607005290 23.864810347708534
10.478662649090786 59.594714881632733
-21.524738996941586 20.199645592692931
25.451898864272259 33.373024723861633
12.491726544549220 9.362215423614183
21.916169369069056 -61.356502211317498
21.280839552591331 -37.800712503159822
0.135347300635499 -3.842755853268080
18.920066589994438 11.377488987494507
-47.786219665020809 -5.465900558569737
16.153021685174224 32.791183837060331
-17.346091422647671 -51.395204187117344
19.332718133196668 -14.934622183100689
6.202046308236770 17.601975605480050
-9.476809536745783 -35.937703728636528
-31.459623460311896 -2.718214789427648
65.452962740724857 23.831665972039438
-33.907609069098186 -2.272944863231920
-4.475804306701550 4.965849316927518
