0.000000000000000 0.000000000000000
0.000000000000000 0.000000000000000
-18.961393445780008 0.000000000000000
2.321043922863017 0.000000000000000
2.160485209695120 0.000000000000000
7.071015630928271 0.000000000000000
-4.863798218488884 0.000000000000000
51.928778240238792 0.000000000000000
15.650274635983918 0.000000000000000
13.124581677997021 0.000000000000000
-14.606516119159759 0.000000000000000
12.700055777599413 0.000000000000000
20.848256220286032 0.000000000000000
-26.882357256211087 0.000000000000000
12.405237835298482 0.000000000000000
14.320962312027845 0.000000000000000
-51.772082519300945 0.000000000000000
46.860610399131701 0.000000000000000
-48.204057560056995 0.000000000000000
-0.323502910930609 0.000000000000000
-38.755230378717563 0.000000000000000
26.385899896508612 0.000000000000000
-1.056077947295387 0.000000000000000
-38.950402523575001 0.000000000000000
37.531673388654347 0.000000000000000
-36.662911281044906 0.000000000000000
-9.498471264374944 0.000000000000000
-5.281585433806217 0.000000000000000
-0.127063145910318 0.000000000000000
-12.428234431276785 0.000000000000000
-48.464607581591274 0.000000000000000
34.516175282808128 0.000000000000000
18.737068340683447 0.000000000000000
-28.115602039683576 0.000000000000000
51.873543052428239 0.000000000000000
-113.710480426900986 0.000000000000000
-0.665772548444417 0.000000000000000
-23.607643676010891 0.000000000000000
3.636234838781040 0.000000000000000
14.422302282902601 0.000000000000000
-52.034390132800858 0.000000000000000
39.360226077898851 0.000000000000000
-11.726826617540873 0.000000000000000
-15.158801779017892 0.000000000000000
30.988809900065370 0.000000000000000
-16.571041348523881 0.000000000000000
-8.832498366728879 0.000000000000000
46.390861643064902 0.000000000000000
-56.936247156541668 0.000000000000000
-14.659651747695410 0.000000000000000
42.774206305397115 0.000000000000000
0.000000000000000 0.000000000000000
29.612558454814245 14.287703725151342
-1.215992483955050 -15.727768847445285
-8.470140640557510 22.130328002563576
-40.989859874760377 -18.429250773140261
-21.171759435770063 3.481625417453204
5.556412875212231 -29.929287921411383
16.252438693105610 37.431194395379357
-26.982110575798014 -1.522359204726063
-29.818420667179886 2.261628877201215
-12.003347260627702 -19.278057978480504
-9.872073512675327 29.750665734396343
18.027884511997694 -49.284039261679034
22.940649509331461 -26.793180662633919
4.049569477591485 20.374643109262937
3.127741862987417 32.332277317279022
11.314823711405495 -14.153410937117249
14.096844180979303 16.460476721631924
3.239858782691563 -5.994008847431938
20.489695293031616 -21.784484773355342
28.463838088214935 -31.966651574492424
-11.213996102799804 -18.503404079951324
16.243228205829837 10.609827592884265
-17.669600683933798 -24.643128302150529
-40.058966475853900 -22.523073370946857
6.825492329602989 19.767307131392858
0.352702373534697 3.509283751644232
38.464799174236028 -18.622463107017861
-7.184261075172354 8.819974029674594
-4.290974654944977 9.409612844645860
-17.281896620741186 20.861132893849064
23.110738182366454 -40.496823250802279
19.498620335554939 -7.458497647553340
-27.916520354245449 -10.627625363439885
-2.486370835915836 34.679933739804206
12.878061707727420 -5.922724506104659
36.043975935279569 26.526084262645767
-25.375159016983179 7.342841758812860
-20.996430285745834 -37.768062462806711
7.801792749900138 20.213232212367792
26.662625588603966 5.840713692393217
-29.885193060480852 29.979191784929366
-13.552092167647507 -14.028873203084043
25.422315399382001 -31.519140887360432
20.395557948074398 8.817812801459867
18.667347891746854 -38.218155873494268
38.423869056459232 -16.941548049507528
-24.450293644575076 54.011619857284735
-9.560709049231354 19.279128669836648
25.854058330040786 -1.240913242753111
-17.503939461897701 72.996169720762310
1.172184240263681 -0.548215738440649
32.964300076329060 -13.932772080351896
-25.555787983950978 17.345405658442559
-10.696266047121011 10.701404230587633
-2.214434840926960 -20.840285184351309
27.272734902301774 -5.904563671097709
-46.068391747331980 -20.652723880395929
8.524973054125041 19.924383869241360
4.164553644697156 14.559396832125211
27.507475508116009 -14.335887136902608
32.573185774078041 -4.075324942830863
27.393123099839709 -17.755826017580684
-18.329937047269095 -0.342932934809733
0.102177778689446 -4.542894711456679
-8.941909150897578 -16.509347442691872
10.954562783248774 33.593528897480532
-13.825919908777609 1.578911053960609
-5.656421779651309 2.689927053615309
-8.362324061448762 -12.208109240562459
-5.129482074244014 13.143427381384489
10.990552247254387 39.598935570480421
9.389767683315119 10.315175227926456
-17.152646169240029 -4.644007934590745
-9.635408047951355 32.526741529434013
4.503653371960422 23.821363151276550
-45.909621822080737 -44.062161165845232
-7.308559407756603 5.778485198878221
-37.647318851439472 34.942410947630563
22.186803446086511 -7.447298875493079
-31.372945313543994 -20.094736030941963
0.701684398096603 13.166762879765043
-36.449549760934595 25.376559099081586
-12.804042532644820 17.536283113096626
2.323158491472458 -54.869015623287915
7.295290145295831 -6.794339039989687
5.820727558122151 -28.082780502429920
-8.474916313649434 13.692611978820628
-7.727761066284490 -48.877198846165449
-37.784594290540234 -15.677846168081413
8.918980372629113 -32.909159614227704
23.684418283319957 -23.006109553272985
5.013201785653655 10.281172281158856
52.182698394786037 16.487875922283070
-9.586234967385508 -9.930803360971408
74.999340024840237 23.289208312655827
27.543607714150731 7.895027060270183
47.627441143085321 14.886851948604379
-4.009425174106492 -30.802131938942193
14.933142353003568 -20.544662481284558
13.309901295872548 -3.096786606480810
8.833605865071050 2.809263651127062
10.607610422259373 -5.567728192606134
-19.200824383366275 35.976506807423448
-25.739355640755338 -4.436471868452221
14.074132645573428 15.114660589851935
-9.643108757994838 4.399981776502073
-1.277821311677212 19.949890758375080
9.760831496713648 -22.465184366984822
0.232826688054240 -26.596492777700984
-12.913226559476044 24.376736493096768
3.950669199055822 4.318744026899386
-13.068479249494606 18.889231978190434
-0.933533928354240 1.875974667708985
-20.052716566541683 9.339240760343142
20.028077220843269 39.119207420514108
-8.931381350760608 -2.814908135908492
-23.297090867520939 -10.441547080839122
17.940618616839409 -10.185942484501622
-6.173180908978030 9.695653793021194
21.823305723798999 -26.568646471628099
-10.294911301955834 23.136519007393147
-9.124755478630727 -18.183528747659647
1.121797488255091 9.930805930362407
-5.285824800121096 42.483742750905265
-5.305707633851873 -14.235044722424176
-20.216211820155941 -24.749101389268997
-28.159180373400897 -4.984196140124500
-21.706057221687889 38.090386787048075
-7.038584453506109 -30.067604056983427
-0.549064579196813 -54.850169505452307
-12.693437004489745 14.488746710025058
-27.057047844496918 8.926089210575043
-32.898465218453254 32.548635030730054
4.172930234925475 -45.706257166937228
24.267890848707772 -11.776184451170590
-15.512595689168952 18.622601002195523
-11.142195033856467 -20.786781260299499
14.092157909047009 -0.159541095202298
53.772198965755614 17.320623788668414
5.398397608208726 11.508033702879993
1.204010498618996 -19.619183506090504
-21.577682994876614 2.104918168659041
47.168079737710329 3.039022006715379
16.894895961726466 30.354004703508163
2.543128408556357 -13.237622115375006
10.600244437392005 21.723516231875287
24.732893815205806 14.668177834506942
-33.689241900489371 21.413252420409822
-25.120988263953020 32.634341885707414
-21.385221388222689 12.153791113355815
25.996042483216570 -8.396265011483289
-0.563354826454774 11.817486283804771
23.343679217910381 1.135111805209220
-35.095752111204291 -32.475209791648140
2.054468397079036 25.964625197498236
9.805238067111551 7.387203069655437
-10.623221134453660 34.056691248363265
-7.307428081050388 16.211969133864319
-27.525904384272138 29.557383381060539
-13.879384575436198 4.239927799459101
4.384170426237329 22.100872085055816
2.767183293752193 -0.996729753031138
-2.136814038256845 2.332354249470987
-12.194107377215229 -2.609183572652565
34.726395751473646 -18.020949023761119
-20.856331206008960 -2.026711788007598
23.733526776928670 0.490477572973631
24.187248687565241 6.980862736623855
-40.154228581969257 40.802374317369029
24.114996792475353 16.149844174315643
-1.551976834762526 11.505197455887274
-3.543650792466474 -6.747834485866064
-20.327754057756035 11.959482988993539
-43.064922306258914 -17.109911102023418
8.037143084213332 -10.194744657295105
6.333316127088916 -18.504642005898408
18.166141830172005 -8.862969398657821
34.723497458299427 -7.789679405749184
21.992965451085560 5.550444857240096
12.559108390925747 -6.492469178538443
-0.674272409606723 -15.729693831124674
-49.923641952248090 31.868066903705543
9.340743622827052 15.894417346272371
33.832087244281027 -17.678912371628808
-48.386364698618678 -15.201892723645859
6.694396254337617 -39.982164686716615
10.049291204950446 8.182041976536182
-39.185834564864109 -25.676534658832839
-28.490460432876773 -54.384352637418260
-8.771517071625818 11.959335376600915
-8.586906934987237 1.584999764884970
26.981053676369704 -40.499196107153459
-15.755481568506900 76.816459388164887
0.103300533017259 -3.327081560285267
28.815250518514745 37.770293043738647
-5.112571830210808 4.439819632034038
17.157327781391817 33.261157277206799
2.844433410045112 -28.858719965849161
-20.369736882373360 2.850851799811873
-3.688146420771218 -14.207954366044191
15.102161259278340 4.017888159407007
-18.396583844319743 6.273059885185128
-3.405835394395266 18.319011989388624
14.525192981900084 31.689126609838567
-25.680688483439962 1.065946672449022
-1.354342701879248 17.141539426813708
-13.740167937205456 -45.145839654179497
-53.725390988481230 -22.371351388272139
15.907201125552893 -3.356853965339626
-17.583984795079001 20.184176794357935
-36.384520387580878 19.786946001504720
-12.709756642780906 -0.187141770963968
-29.451486526847312 17.344534268117997
-1.793928343865711 -0.506482548133792
0.043798940790605 -21.201696526808401
-12.069535544961091 -14.811792093048380
11.847692796404548 -17.603685799128975
25.858633680093938 -4.906154266703926
7.262294453929059 8.972753955397669
-5.044428522340370 3.786231570523565
-33.592976437460599 33.305750556144112
-4.340862618084234 14.146223718820895
-3.102696775442074 16.279080650605234
2.831707592814547 34.863947664629684
6.445263220769716 -27.748902473595869
-11.239286427725682 11.673923027007346
33.777684849485915 15.525825016414306
17.802195575468719 -17.552362595068804
40.614395960365755 -1.142550241068425
21.016462293803290 -2.984159247119125
46.370896667928150 35.529893774589048
-47.112623743932254 18.372141918898759
-20.273725485952660 3.728655820801879
21.832061599530135 18.952973411723359
11.987355330458231 -13.998511293708306
-32.865662951288520 -45.206647253770328
-3.330001639346871 48.305638924343256
-28.506482422588810 37.917990635204163
-26.697824685079581 -15.432181178035545
-12.262527192119538 6.588475280554665
7.172545194001592 -23.228118355271388
30.679293270823596 -15.509316876408764
-28.112299356970933 12.891765390218945
-22.007356937676239 36.187884155631679
2.738511601766096 7.669286571426159
29.012781715171215 -1.586995870678344
1.192523439634673 7.876076473773788
21.906599361905574 0.269645789376399
-1.505656215666466 24.159749190593111
-28.079858785770927 20.588453630306869
-0.139057751082625 21.457564248279535
-1.839550727231688 1.388755817042085
1.748631882296260 33.979984161752093
-5.250243876712705 -10.302730402468606
7.715852149169549 25.357509106962727
-36.407618511624463 -21.424172002131940
14.814960901060925 6.069278677335967
-8.851113252498809 17.629651957611781
15.546347366182033 -24.289019355984397
5.271744580303346 17.485489289475204
10.206303663850306 -52.262057919824699
55.676778724718766 -11.681322917488309
-25.017574572803479 0.808118820113849
14.621272912648653 33.107925767566165
9.874980161356856 16.422065841885065
29.209751822291231 15.066656249962454
-2.345415057962395 -11.048589248799546
-8.962639547606500 -11.705387621846455
-1.155297504953441 -0.065682632171052
-46.238336095190327 17.083470123246716
19.111683508494753 11.452659515869938
3.190148127043180 40.587996324395590
32.407178832455216 1.188343753611745
50.093022215050006 -57.041893265009293
-45.387918034750030 -46.429051295066621
4.330543497262362 -39.484042596371602
45.735529245780938 -20.287117156670515
5.758322034273909 1.755328975221441
31.735880703317413 27.478157637131744
-39.483202029477056 23.488388523908039
-46.862402705293633 -27.702146657244732
14.550672221079893 -22.062547345166294
15.512162310602541 28.253182049031800
50.648146001815221 35.607544423437091
71.026812206658335 23.806489945508829
-22.544755179225572 6.237132841509919
4.471740860796713 13.514440218669632
-1.110972555365697 -7.367318971180880
-26.908864193278887 -2.698975507045841
10.361844268771081 -10.771333293552225
-50.074900949559535 9.864871464697121
-27.035421489048261 0.702325882164638
-6.022904439735917 8.359707410698570
39.993794212819765 -19.644051942076995
-19.149177528307586 -5.230308210282013
11.845544160963540 23.822326811315996
61.196892377134795 -23.307086295022945
1.751984443231611 -23.638073030894230
6.139085260571043 -0.615088422916604
-5.706776539639111 -12.157420861847584
-4.684480718436148 11.127291714652522
6.588738666441414 -33.557265317262434
-28.503052475380819 1.375283939521487
-16.441199503528864 -23.656129615419417
-6.100539111666582 -25.782444777919075
29.405041469880377 33.809364496114412
-50.677389613040795 -1.043487086890909
-34.737157877199131 27.594684767331277
-12.573135870785208 -4.319035631240521
9.336044432549352 -20.476841074777226
10.423800661121570 20.445683520169055
-34.152562545523381 17.910882417977298
-6.550703931552012 -30.986190349389343
-0.423975419440405 -20.869623150400709
10.230652807413149 -22.336934786723713
52.651317815471572 -15.708409268934590
4.321632761569876 -11.435465457808052
-3.964328098959355 7.489529369958142
28.365538510515588 -30.023274899843742
14.924217540073128 -34.525954814397089
-88.817957356005692 -9.727026015253127
4.050161786884867 39.150562689745101
-3.201017099609776 -42.498532821589478
5.129835769435886 38.471092703207432
3.310437306816969 4.146618512692025
6.662343260814650 15.347769207444440
-48.046142554726508 14.407896418693516
-25.478773998112921 -40.589935010405902
4.742670526498129 -15.747399211998484
6.770162268718497 7.904656440885995
21.356722032349847 38.783427325264100
29.662454288713867 -12.370130029938039
-20.348865464546247 -5.455519484123773
-7.650675755018075 26.783372345362157
-9.697032607960203 -18.373611698245590
-0.586571381854289 9.995051038087954
31.730607331206169 26.401018667606831
-11.898036934991998 -19.275812159814485
13.538046908407024 22.051579762812441
21.173099129724061 10.888598190147583
37.079373858084004 -8.690529308593307
-35.710372119729776 -30.749031658256111
17.585901920580479 5.600472580346583
-21.607806281517227 35.802560780407283
4.437277827180630 16.736017867464295
-9.900007246156560 5.429637399009157
15.983623139336121 -4.757201137725406
-56.073896182936082 -20.304980355906238
-35.226679651046148 10.363654005559294
-14.076992014613214 -36.349842742517907
-0.280531629014204 -50.762380461685090
17.415481158295052 -42.143229661696196
-32.485661001535931 -18.425658468281327
-61.934285216133446 -26.541741765189951
-3.036748875267043 -10.520623951194089
-2.837310463994875 15.954618159851751
10.570965829920175 14.654266732180819
20.721473290878127 -16.736776928185627
1.023204285919885 5.426510536280366
1.737901784396936 22.186413047701198
20.768647727027698 -2.495456308952291
-18.979299269984324 19.136291875268199
1.197120422546580 46.432870210898166
-20.881594204206554 17.340956410101978
12.560448174011949 0.279987680846009
3.701805248429912 28.581937287734505
14.420693423264613 38.230401925249424
16.909565927332874 13.328318684915303
23.209891567058097 -30.290525360392188
-4.965616282519554 -5.969837474909159
-15.746750566250336 -26.533262359298853
-19.204251876171288 37.602296580107875
11.878168030745558 34.714901438557042
0.136578864793300 16.703216396499634
-23.077234054353486 0.002637582455305
-45.031348390020696 20.358031982346326
37.764496344422604 -3.589986231130974
-22.002480423701243 -25.471497974416788
-17.615741191574351 37.417012528937242
28.379441338130462 9.298288489919633
4.926662855355498 -6.499060568098761
3.241822012525770 2.524214043112800
7.835078745187962 8.266839095101007
22.851120053148868 -47.411413245233199
-42.773937093630046 -11.443640154720971
4.308879233704716 23.990568772323670
-3.298428148223057 4.153054673706782
13.986792569356231 12.462808443471740
3.980661912766064 33.970919980204215
17.391956309177946 -35.643607683065284
-6.886910939781442 -20.523694423210216
16.455335800182375 -8.903482483586352
17.925835124510570 22.697499829496174
-31.014821088581865 24.065324435970943
11.965040353132675 -27.172883559345475
54.529966941461311 7.306382969088991
-9.340811344232348 -59.078728727878847
-1.866517753259773 -13.753822990889770
-39.653100211256685 -49.576436213547318
-20.598780813553525 -0.827819349314926
-18.272236176869018 1.172047795522394
19.786479289775500 -8.580024472004309
15.048310859985753 -18.555779248253547
-13.065408963447359 5.924972900556518
-16.767750697053941 36.503337185487887
-36.612113410385291 -18.225154056065904
37.475274292626210 36.270487131398291
7.422573356499187 5.918874085652845
3.895732515831767 -13.119715909701803
9.010106895175657 -27.539182199106094
-6.623135230980829 -41.318830889260802
-38.443606202741442 19.664871299906991
39.727194724476398 30.901313044066292
6.058547338781993 14.189977736993661
-17.947835013830257 -13.837921129761947
27.691162647035210 -20.757858285193240
-13.870729069491116 17.714376552661086
-21.542038266379699 -8.633790988888393
-34.908018298153635 -10.921517967822723
-24.083229154549151 5.138797958541488
-29.881046940311869 14.707798698168020
-23.073555135629224 11.714770134561117
-5.527416438826068 -32.921794775719121
-10.716023378622690 29.335614854145362
-7.905730684330356 5.270405028212234
2.118307998750984 1.768889925265495
15.948383470002385 5.295388823349525
-36.834293607051308 -19.344450712440860
-21.307956001161170 21.470400151026173
-15.753139343573705 -17.568369078528463
4.190556825674558 43.384063842017952
-21.129975215719838 29.159518882183619
-5.212277520906989 1.283847290850612
-16.165988018078568 -7.618885770265593
-8.310196477261838 -10.809972539630467
-7.947242248644406 -39.699621131106845
11.654637803676332 6.632999763895903
29.899788961550914 -24.845529047534679
-19.084522900405091 28.936406781053162
16.113983048874616 23.897202331037008
23.806563999589205 -16.103424653570674
19.845160505373222 32.087550881588449
-15.519101571237837 -44.864793315516785
-3.727394372678249 24.428444396558934
7.734265256961013 39.154620306884510
-27.639853841930400 -42.409787921838337
-16.745026115447644 34.827516654493635
-2.977868694877641 35.103353503330908
-13.308980817784891 -71.204556092934126
-6.909765249359742 -21.819617924740950
-20.589532310483129 21.968929169754137
61.615412330408290 47.967241276719960
-49.313408688210345 -18.759905171090381
-22.402665936986782 -27.743204694115963
3.744496086803181 -2.331583277799033
7.259791075101178 52.639338036496461
-3.018494306117922 -35.099673485570143
-2.395590908772780 19.934275579985641
-1.874143798525439 -0.468100230926270
29.684155058933058 11.277089246668913
-27.736361389198908 3.987905025616000
17.843773668096890 27.696996363189609
-7.363293109733488 -21.469501139309955
2.913151486827743 -18.128239112252668
-26.928464728547606 28.484077856536629
9.774129655554418 16.609880912802065
27.273331426332224 12.241935988156397
20.001046735999505 54.854178586699106
-20.558482071876099 -25.215480707593787
17.857932500194085 -15.002710996543099
25.123595909350001 -31.878086245243331
3.550492737652379 12.783830868939379
22.920555351827499 24.851924141748103
4.214743034972158 -24.404296614968803
-1.155516853627921 -18.401993911598204
-26.688413839431252 7.346752387579738
-21.330335001929566 60.498076303512974
-61.939146976929422 27.675290463825213
-21.607196726414980 15.109285837986496
15.301781964640556 4.796724821848380
17.912487090073906 -23.251434149036747
10.686309270710323 -39.006367946244239
9.025112118993990 -16.970255855677774
2.917059612623904 15.128348876355940
42.723849161833471 -0.388248777073730
34.761212698372361 34.832843096515020
-0.882115775104966 -10.964208690735742
49.347349977529383 8.153911006379129
-41.342841563626301 -6.329489223230198
22.609325143604988 -10.149167924058387
-27.912953110326086 -29.534547081783604
-13.762652575552575 5.132933656123267
34.098684503925348 -28.673627146427613
27.900664849252379 28.664522586945068
-2.976774025216696 9.361221320461301
-1.051437916901118 11.138788694377750
-16.216575537693522 -4.302541971043885
-26.286392195928983 -0.750433867554951
-27.215852717581775 49.890120394830980
24.653050993620440 19.740967183520048
8.219922808353489 10.940747679010105
36.285047590113400 7.821779940572397
-5.986800813179901 -11.043060230355810
-32.914559734899811 18.748771792592738
-21.720039353661399 0.149971728667935
10.858159645404081 5.754739704865908
24.437362923197608 -25.527603660535810
-4.757027072914001 31.179730137495067
0.048937847464017 45.484311995075728
-4.160467040427056 45.439183139603259
-31.644380118124737 -2.020804011220406
46.417147317846307 -6.537534322377113
-47.958569863925398 -25.032818156796910
15.249326490465883 -16.439817909335904
-16.820906906368464 6.668733255425943
-12.894537832759156 -0.018922359594406
40.250898775900168 8.897834734020746
15.330556609999544 0.455581787680843
-15.901840464834475 7.050259231043930
27.140196883999479 35.008788839483856
7.454095815614967 -21.681558083389852
18.074085911939981 -25.980226646699602
35.975690292086291 15.005275293504797
-18.410253577183049 -7.599024394624221
-25.788214254403151 22.362092015129221
-2.254168002032072 68.805830508975475
-33.815606377591898 43.685094328001831
-26.138261737630739 18.634055892296772
6.389058721888064 23.285654373783689
2.469711821316656 13.924551807534584
12.200180278863222 10.357734332832164
-10.150874679026737 12.568277532730340
-15.945252404795040 -9.672284424055343
7.609880546349618 -44.666189509342800
22.247614613820563 19.460752558986496
7.029203301307153 13.581485375582430
1.299470449555174 15.979009410706128
-5.803921804868692 -18.943885402031807
22.609849354613598 25.126761534531965
-14.251490153161363 -2.185669383480472
11.509336821950759 44.473417630312412
-26.917005967190821 23.147208564170811
-42.958198572527756 -14.646426567927550
4.067068406494025 -12.025315167771288
8.861544326128215 19.990900810984705
-17.796605194923373 34.953357490567520
43.378082525083521 -8.420182462512861
-21.186323275376949 -18.368631250190543
-14.916381355142331 0.569215468824286
17.086147000811568 33.242432820620351
33.715413329084633 -20.084805960325571
-38.696770402976767 0.206151658130610
6.716190021681285 38.776425455582284
8.014088420430577 -46.299865776019828
1.224282545608715 1.766580165835751
-20.711949580905344 -15.042207454514754
-16.767404995935443 19.635038034168041
-26.846197001297330 7.197418773227747
27.332601912293548 26.475603660988359
5.074615102093630 18.262792023482930
6.291656409735732 -10.398555850909943
1.741111577601888 -7.915114799048269
15.497270297026514 -4.049074121896798
48.551262339939278 -5.139215341370442
26.021556030459532 21.538757111981898
29.009114198545493 8.321003660055943
15.490448665185253 -21.799087617246496
19.701922939951519 -25.670878164483138
-5.733782560588319 -17.738165908507337
-19.337410226073462 -32.513251715240301
-17.035909939566800 -21.990300374536066
-6.233327650872880 -4.749484529143979
21.532176489256418 27.101850453229272
29.856787644979775 24.839109643168037
-14.366883583677241 31.375634944369228
-5.081295197021081 -28.041586919713133
-17.747834720516146 32.399892680558402
-13.913263508173207 -35.116267016815598
10.396369601963453 9.073711629607683
16.677373672107343 25.355088747546329
13.883031945225165 -20.319865321372500
-13.330630298672745 69.715414965947005
-7.538100323845343 -30.883680686062711
0.899471966436960 -1.090168664668163
-34.232955290148112 -46.043721099257240
-28.155852832003951 -16.416865339148821
7.804635311609404 0.331673456474145
11.089475277121686 11.532954973495157
-1.218422028170069 -10.810716071917275
33.115875158064895 25.266209406330713
-8.944558297191801 0.670150053343753
-28.946851801253668 3.360050754192795
45.223760176036542 21.268513805784668
-14.907570013146046 -25.010292161259400
8.932799697228930 -44.463041304158722
-7.988693056870463 35.563899685555583
-4.966513995728775 -8.842734843199995
-10.690160389724680 -10.940779559222880
-12.394855687132726 3.253397238078851
49.186898264890644 -8.989660748805964
-15.551271791111949 -18.332386765611588
7.602520729322502 21.747604935461833
-7.179512067464793 12.667573288154328
16.265360074395662 -9.347287746735976
-0.355468757587425 -29.935068313542573
8.023244329098551 23.688570955036585
11.000408335433294 -17.236201302872658
-2.053146423609662 -10.571496393946664
-60.312312092970608 -15.298475557776268
-2.567618332259942 28.463466679648196
32.581715858077423 13.400154528987947
14.235598356170357 18.991583325577171
17.529643038232638 16.210012217970874
-12.543595412994884 -3.226874416873473
26.618044860198360 4.874105111216086
14.000740822341040 -54.372558082816944
2.734284330209739 -50.369756359199663
3.698070260647370 -14.472962580834123
-27.115096669894431 -7.519420772354652
-30.997826017480282 45.617841964822446
-38.181291968374602 -19.145480833239443
-5.447862820417517 -15.370752686165156
-4.982755449235118 -13.750116731098279
4.966194709354330 3.345108356149959
5.855470969020851 -22.577008491254432
3.975947163642447 -23.533193520483035
18.920309681435580 -1.089389541223412
-15.936519216970126 -51.749264430239329
29.303499292722243 -44.838861964561239
-3.614585247830821 -9.322367501069740
-15.526292073607538 -31.921946000862196
-34.598944291075007 46.716970706740312
-54.600729224438275 -38.308710940432533
-21.095284747998267 19.010367756914125
18.590361120625190 46.255013106602185
-35.375081133800180 2.509294210015022
23.071687508926502 -35.762362023955752
-4.345640268570974 -22.658326871366512
15.497114517204851 -3.197958980697656
-20.938602392694165 1.170744361367465
27.148103440700488 -34.629555944521542
-9.821253309204698 -17.802061485101031
0.556556625629123 -33.550234027979933
31.610070394494116 16.369378015320486
-22.161825299101604 8.594922158546236
6.112219444689120 3.846147182729064
15.720524014268301 20.905097833439537
-4.039079640292833 -5.216732837016351
12.671182242288864 -31.725507862752409
-8.945257573743108 31.582523657073821
22.630647411211793 -28.564457636868401
-30.633374523852162 -26.575109170988839
23.213075325139602 -16.544053234941863
16.824616303203396 27.203803107900786
-22.874585110188665 -15.813302987108154
32.298573419484022 3.391542462434967
-22.465572700734686 -0.061392435795777
35.219750756778772 6.665912469217004
10.159037619480845 28.426092453211638
-10.196913864131893 -8.267077792819881
-5.809181646077774 68.955323104945919
22.895230362461444 -37.630272372194185
-26.093750711779052 -0.851639840751231
41.724001803851415 20.405382677914485
-6.421566093930746 -6.076080014706738
37.829775424630000 16.791856617251000
-61.068559205718010 -32.912091293139227
-29.810150269914281 9.692255394984812
34.937342222363597 27.740068107604539
14.934238290906174 4.807966143825832
-7.339526472746021 21.596854123129482
16.045735013061737 7.473635990131971
-18.203315505531489 5.187538360264416
1.467281733623623 -35.305037709627221
-26.383369253652294 5.095410498479806
21.011261610276019 -24.107921484657879
43.832412746979131 -8.219677836542010
-19.614081743191868 17.718700408358622
-9.941921105681891 55.967824210538829
-8.867577656025889 -17.487715087237536
9.534119661255122 22.961246373037213
-30.550852990423571 39.592913406276985
-10.773233329350324 5.770238651375848
-16.311462962456545 5.034340121773957
-19.648405307736954 -2.353623069755249
-25.932969767260051 56.255006178780931
-35.925756573310181 -10.497792808011003
5.166984563883180 -29.876073543294705
-1.983663943159176 -27.440132286029403
17.897274590038805 -25.195105759211540
-0.940778294166702 24.439892508368366
-45.925004195893443 -8.051635444179738
-2.273188017214332 10.347687461540460
48.969514461144129 1.275215255930421
-5.919465734487017 15.037308853502974
-2.537893490661665 -25.785620831036606
-9.343515613961365 17.204011721302674
-3.620975954917901 14.772534879158078
-0.880039066057723 12.696577107035473
-9.835884985959867 -3.489045338167631
27.535355966506120 16.255975742760800
12.291577229198742 -12.734193676114620
10.711545724898150 -20.084664260988259
39.735472757718746 -5.383477732551200
-24.460770056919685 -3.334556561806884
3.157799142918237 -28.577965337999363
-57.897247473980705 -33.004888109329137
-33.548113783362048 -20.841086379719794
15.553214848228800 19.685942987811817
30.315162899875023 -31.337536526671688
30.771479084044557 -35.222379641289685
35.173795508550832 5.149218106750827
-18.174020467129889 20.824868071874942
6.304333875852319 26.775442890595070
6.019669732788821 7.334577993522401
-11.534388423241172 -3.318918271221606
29.692613111417558 -7.487040936198954
38.866747861710252 -21.661781212914665
20.980840668343973 -7.893776723072810
-1.760658405576421 -1.687754883798972
6.087232558737425 5.322254499231686
-12.138871854527221 13.979179693322157
14.693922790603715 31.355654613696121
-20.180959312441132 -18.469950181157831
-33.172470594963393 10.839584739361923
-7.598220461115518 4.944664716418110
32.919831342886319 20.378423320432400
-79.480204476023985 43.171434342400588
0.847007597612733 8.501803058452992
18.315044347389037 25.355887926991663
8.797128639344987 -19.368738866609956
-8.485890107044481 19.897105581401821
-6.722577489707535 14.706466746540743
-0.081906103072224 14.255607019012272
-16.700362693553053 29.684493106978955
-30.310698946852188 24.084563428577283
-22.255647280308512 0.703726459415179
25.353084458644126 28.336789771197012
-37.018993345622938 -13.148607862137002
-9.235425429772114 -30.739496814617375
-45.540924847862875 -4.978713013274108
24.775070241788555 -9.306273900005081
4.586890637706939 -0.080767670249466
-6.454202357212581 17.004168272192626
11.185974768372203 7.175940335471740
-46.924168018551320 -19.105268876402970
-35.090274218690219 -16.151785274193614
-23.040539900539766 46.722703851084248
0.157365194405852 4.993153739827801
3.779888975053478 12.135499000005879
-22.602465333618969 -10.484797785411521
-34.271626530874272 2.601828460519686
-22.069377009035765 -26.142648656617318
0.974078871976490 -8.271268870297297
-3.045627612857511 -14.194168863589175
21.081474863465790 15.420569386767029
0.455407414245418 21.646819394396449
27.186028395183573 0.053116685012780
53.055170307555414 30.125860151476321
17.379839546144495 6.218257194330918
34.860954228212989 19.649286708522546
55.087974479676419 21.249591136125765
-28.039645243453126 -3.449834966745822
-38.784795378038709 -23.491448754056851
-11.802386735603504 29.758020835140634
7.757631180553333 -23.114598449378750
44.013924530114636 -2.657814436892522
33.794890930634615 18.661621712520617
-10.852493757996102 25.542443862780647
-0.554312523019925 -26.306820744092111
7.040228719067127 -0.061192128230474
11.771222328263843 -33.289819718843994
-46.690717199063307 -18.565938904908297
-21.404618554059290 22.996734079925268
-2.600914969366591 -31.741915449131479
-26.302157276010075 22.703051895410432
-46.210810017161570 -7.668517532156833
7.392691742959544 -0.530184495305656
1.420105704809368 -22.349787557335510
7.391726084454364 20.734481618431751
-36.832477523416273 -9.035914924216867
1.035134163280653 6.121066812362702
5.125495579040347 9.147709480606952
-19.655789958939788 -23.580172768532638
34.554522691166518 -8.815787728403857
9.535483662910270 -2.269595465332591
10.209532965470585 0.421271197690857
-6.814262806815432 -18.247771427159901
14.467698105412616 29.482188763846473
-25.794099047081346 4.321819616183006
42.649922919481739 5.438749330780786
38.229605649520003 -2.605603936993263
-11.260790592419680 -0.454898259339343
-10.914498815935806 -10.419993272899754
20.231365116181298 2.339580477980518
-48.878568188092942 19.775530700804246
-24.292215241809899 -28.162846194003446
14.609052182925780 19.766257182493653
69.214847411500756 29.898079103376798
-2.963733812208560 -7.012338060507305
18.555717785746641 -24.982923534495622
-0.216762503921745 -10.908032958412081
3.883433857093088 25.186287956923515
6.420430071769583 -15.273412146643532
-32.901494130972182 2.353072839020931
-5.957987686105880 0.684177209606000
-12.696605489955116 -4.683344745005614
-11.651984234210577 5.925005958556395
-4.554651715682794 -47.617368618364317
-15.116888330806862 -8.395519656985952
33.617475735811723 -21.185453362940116
-0.765787593965382 -0.712718513266073
-15.183440980085836 -7.067320056185077
-38.465187800968089 38.275580581560455
17.859207776007985 -11.419300124254393
-30.865411449310891 23.057986851745824
38.897556684729324 -1.514841007031315
-47.355661786659390 19.174266240557891
-9.970018699440276 -11.947131783061129
26.869301054353357 -42.457824697948936
-10.462504134056053 -17.314154772475742
35.120777610930105 3.712096906919027
-13.548953053925040 -24.754591841995236
-3.843362681392536 2.689102933715428
42.556895405448046 25.453478626802397
7.479346224336958 9.320872743920301
-61.015492174903564 64.523862945079827
-15.346024523172950 -31.706555204664383
42.114782307225980 -2.476310124595577
-3.432284588891974 30.431950010430494
12.194785570303100 -10.851780857543211
-4.189141499538474 10.164404316445729
-42.277605314116080 2.573900005015135
-28.436603911505003 -4.500369468531877
-34.428611179889060 -27.227106500360257
-6.436357442359432 -62.078371094634313
41.495837925234206 2.662839039936245
5.589225132652544 -2.059783070192657
-16.556096305435787 -35.549214745699793
17.128277730670696 -26.765973617025320
22.565055234908616 -0.085276269571983
11.143434830686891 29.354276930705804
-3.707358691533430 -9.704243609793984
6.605985224564042 -23.506823634512859
14.232229180582015 4.704529960658850
-6.402836432885946 7.261655041334228
3.342222429025749 -23.702194234079492
-7.774850389673725 -7.799796426249960
11.430123853063247 5.429558565366587
-25.784838694032370 20.608810693650128
-2.340053023424509 -4.042311618455212
-13.817226173204389 26.321689295501560
27.649201130358222 17.327543414612400
-0.404902919617366 43.687772630644133
50.774288939720968 6.883867957362377
-28.825648547938368 0.932157809076067
-27.019196750656725 -5.187687559375699
-20.294983908006319 -16.024076646114299
3.867892684510820 32.944396533065671
-14.395645585887502 -1.058075665018249
2.840416643775661 18.687273865930017
30.821658642973322 33.383623135563226
-24.844517856092132 -21.789776826534546
-39.002600109452793 -12.812690766071320
-27.055788642671025 -29.460263463376069
41.457672372570428 -5.323666039120653
-0.789358125219302 44.285486773473330
0.857799477373760 -25.383304051457269
-21.574437768899791 -3.625449316364305
-44.502753950553718 25.800094741342644
6.328054125048427 -2.103405279124872
11.987603100080591 13.273731154357794
3.683377715406085 -3.553540020047778
-49.447206695650436 -1.406923006027758
12.849521270265630 -17.267230131218664
-18.144430104452912 -4.331396451605035
7.834410264871647 -8.405199375652280
-39.909768239275053 -3.794347187022064
40.725720683895680 -13.894921484679397
0.851589902609346 17.657612085946585
23.921970621868674 16.935514505240992
5.197878890082922 0.468778395569191
-7.640645868249622 12.882317216835762
20.397430602230123 68.830314171798094
51.180877184644260 36.470765936780161
-8.966233773847266 36.146894076317970
0.894753586962672 -40.701204941184912
-50.575352969435379 10.313796619211242
28.783854165645806 27.794922795892280
9.377715593063607 19.304136473213905
-38.820637151273509 -9.635856664971184
59.089160441796899 -6.192387392258826
21.395901974295587 20.076027266956824
52.959341655481758 2.746257716570496
-6.478264846006669 -5.016623404120330
-3.908078532352981 6.113542630183603
-29.670713771096981 -15.712356650353909
-54.642937350075357 -36.683013126126674
-8.001051244488954 4.032906473791082
-7.763910109471973 5.087192626514243
41.758635333238161 -20.077725417413543
4.091763906030666 -17.357752846576982
-6.905554792335566 -10.508969299610975
1.174245221566249 -8.399291091064125
-3.531993918077285 -0.305029497502081
-22.351106429850375 -3.667038113230399
6.239695610509707 -10.676020007486478
-4.103480682364432 5.303979043208883
38.199159929156984 -14.069098190328956
-20.787985655310152 50.467456717883749
-1.113487094362935 -10.130334027727850
20.586785355561336 -15.031847557206325
15.503722779785219 -2.484036666475952
9.229194696782583 -20.455533967407675
-17.829929674763687 7.681687347375042
-9.917413668555078 -21.886150013719590
-51.976511401753569 -1.874148380482048
-14.521388939072557 16.633441438691190
-28.433105537776694 -1.609396037142587
41.218440008526059 14.070327704247319
-20.887925012351438 -60.073685564944959
-17.250097210415550 0.420539582502645
26.982750452573299 -22.181659583839370
19.440588263886934 3.673806968318398
-26.825058176219923 -22.490017262384249
9.126482530709094 -0.786898694824131
-10.751181267507210 -15.518500271249890
19.930544856374762 16.275466310560983
-19.442459425383753 11.601414935056438
-28.324532417266582 -14.194602472454607
-20.378684981104502 16.735036342696784
3.055505732607887 -39.189150028382038
-20.419790412996157 19.899021995109532
3.662220925744360 -2.347710933347266
-45.455971779253737 10.926291252005695
-38.743565202455414 -11.633317943780382
-20.925998515444697 19.658189913852109
-16.331823537052237 2.670921887616654
-7.768928603974434 17.243378177359041
-19.900304076478371 -43.984439109596060
-53.654942015138047 -19.927373883230540
-12.771866077709555 22.622442882245839
11.753804959199979 10.247756666026127
18.637906656509649 26.131649921332809
10.597775880557460 -12.616805923650988
-0.188372790531110 -12.103534058468959
-44.797933934867366 -28.066282682116871
10.399642849984222 54.779600453432671
-44.487849434961582 40.230857069666563
16.273745776582764 15.241947852724072
29.646650251133686 52.452238831432922
-37.557529293560350 -18.657886695951152
49.283002320129576 8.695148552431407
14.553141697829108 24.251365522839453
-6.699499427676781 -13.504976368002461
-7.406216006115701 20.166611910913627
21.923151582170306 -16.607263050821977
10.897085831132223 9.389641515078548
7.054091501862973 22.156182392946601
9.678908630831886 42.766770499094356
53.207555827866180 21.519567117556715
-6.122225323252887 16.386663802711375
-19.498253951848277 -29.410200616830888
-35.140049462490943 -26.166760297535212
-40.617716656041445 2.271203591279612
-4.243298011659114 -16.698300994431403
-36.989116300068879 34.369206644608653
6.502286115246779 -19.812305515543912
-27.818254928430989 -13.678869673433338
6.307171491652367 53.447391666359287
-36.849350918836429 17.821726718698272
28.018672109183662 28.908397076712962
4.785403969406404 6.516423751399000
9.566052079175652 30.639365617878003
-12.847305093758882 -50.167821408484983
18.928665690677228 -20.734695704017646
-37.456008882359846 13.796564206231036
-9.519594749352143 28.549761390788376
36.167408513851797 -46.519621357342331
-47.697103377463804 8.207067874946638
23.127991067429132 -25.978514813845393
-2.529965928807504 -2.103689501241083
34.785264652458388 -13.941974642293394
10.341769936004116 -24.750989366003953
-17.655310009148803 5.875887200410983
24.740600840651286 -11.789857965008393
-15.832734886131847 25.710893495306919
-5.476436973253351 -27.295503906242828
0.753013870754052 1.346186104762770
26.367515973215440 -16.265964495210628
28.562769480609312 -17.832866764474446
14.322214030009281 -0.795303642454184
-38.046041540373551 5.949801536818269
25.662131277912888 -48.093217462207207
35.188930045097983 -38.507042349607246
-7.223114600993604 -17.933811457750771
-26.924669672598142 -23.311398553391950
-28.401416799334530 -2.489456361906150
19.714131481694640 -23.560046369558830
0.889124141531470 0.436611507241665
18.164472500465084 19.794261844398289
-7.747421450774013 21.474207585930650
-10.824382521902601 2.034670883670417
-42.404972353308921 17.163430283104390
-4.921573070890439 26.427700991866093
-28.832470647818887 -24.604634946862859
39.762626959786971 23.604112826600915
-16.763586968199032 -13.300928029273640
42.216339444460843 54.063424528844159
-20.738670291527814 3.706121786189838
-27.421628470910012 13.149265456260636
-17.340663113488546 -0.303892911766791
-17.194976800031124 -27.233000546825068
33.904102035993752 46.677676858087807
-47.759434629049103 21.469128943244471
12.298239607556068 50.874986734565603
-30.999488973767438 12.067161065901820
-22.317720927805205 3.683938353367592
-11.228402452854221 17.223663823854668
-11.390863943942527 -48.544447512346437
27.260282654620813 10.303370241018486
-21.578150637492296 34.960322459854908
-19.978277793859920 27.063875272513684
-19.699660847748483 16.097407813149999
29.593203346806124 -19.354617095510374
37.312854661354848 8.234259191772862
33.845239150712189 -49.251836985690737
-45.307361085090214 28.493521628281055
2.862306900797989 -7.066603134479179
33.849661311231671 -7.312356370879452
5.333976675847627 0.416281345705377
-7.240104790678007 -46.885925896861842
3.659712762258551 -33.238046636059181
35.330207859866562 12.058494433607835
-6.777359739627998 -12.311659136845815
1.223980395455384 17.668115677264357
-16.410274040709997 5.523939239883004
-32.089885824798834 -28.135727784226798
-40.765753261951140 -31.919900263029842
14.146696643016584 -31.150156651575426
5.929455603102857 -31.533541861701753
3.427009361381061 9.073951832831566
-3.394662774498435 -28.898136867847956
-0.028044896579233 25.340194375041253
14.205535877656612 -18.428376551874319
-30.877665393018674 5.900672798444168
3.027806184239849 -6.625697415388310
35.952373563836218 36.843747695673166
4.658161143181806 4.111229953404105
-8.493600314631598 -28.517119760168352
-21.876876896364347 37.052960916484331
6.122840512319508 24.478727104664184
8.597375128385671 1.073609846739852
28.215497417157831 -0.826402184597145
29.503264823873060 -39.167379308752750
13.375304849806881 -26.946088215449269
25.796764846876741 -15.784453015872343
21.600351077583209 5.295478670907035
-33.055901764764151 -31.147249640190033
-41.037700274453314 12.232776623517184
23.661082798231135 -28.884931814860892
13.449339055558166 19.326759879872277
3.939618202559709 12.006535727445860
-16.163780630223453 5.364809960621818
-31.425051378908666 15.356462609236976
-9.756580330637716 -10.143391174591153
-54.789038791811841 -14.526111255365883
40.426259330884818 35.041660459612672
44.275367479710084 7.088721816098813
-4.683805911736547 30.113873441815507
-64.937999723972425 -6.870661833313223
40.107581372102423 -53.856159073647021
-17.240805702076692 36.717541484559895
21.044640588769337 1.422372704265000
4.018656091923444 -0.316084315735326
46.242408095829184 -8.759748327478642
20.223429605577959 3.056630595607919
35.061235866690843 -71.877498830583988
23.602794245118027 21.791574820777996
39.852933173330165 25.082253853069165
-20.425644585069094 -18.376354134241630
24.598142533951712 -15.702457304393539
3.848869959844329 2.938773335771054
46.031157994688080 14.729522758127283
-40.305703025992067 54.284661638811031
18.345861850288422 27.709421058008360
-37.927493027048079 -35.984744246309596
-18.184307059123142 0.764784517855183
-26.375139346141033 23.374019283950673
6.504183923539077 -21.532061380671273
44.530225521293602 -2.567780792688266
-34.488051275814676 -7.815517699264529
6.319924818353478 19.777461582960726
-2.331268126121204 -33.220462253416521
-6.305957631780085 -35.010401758294563
29.742979653644660 -15.112997882729193
-48.898076596742776 34.667132392174913
-37.621226877531598 -19.105874469620233
34.368758553822076 48.205128629881926
-37.896371170450088 -28.875025064442752
-20.656144630285453 -23.857958898841368
7.018028375162372 24.587426996793642
-0.125505097910881 26.321169194662243
-1.167508337017626 31.929643594151273
23.443603033346115 7.956531970792954
-30.101165302420622 17.968618861824009
-42.539576842103294 -13.473786483541565
-12.169280676040769 16.616553003007905
-14.403576926882245 23.763998774712285
9.897453332163721 -13.836863089313770
19.952362050106245 29.946050504358222
-20.923617036013422 -15.564482248043726
49.742119505773715 -11.214408962572776
3.235811431633338 -31.093696824774316
-9.607008217835682 3.923410815801103
-21.360087046812446 1.022147131721771
43.972153503866522 39.262283713163477
33.772218322920111 26.905824668859001
4.820436292241379 31.354116087785830
17.774867759998706 13.620220208229517
11.848290536073595 -10.655536635372039
13.713303061316264 5.412975831310763
51.110919725672495 -46.890324318395344
39.410291082745594 -7.392768267570313
5.989215474317609 -4.852782527270685
0.615300311476417 28.535624861825550
12.441544616299927 -35.085460656719370
7.107090185768343 -13.995810139447302
-3.880862733381997 -12.539338726244400
-47.537240950463605 26.689842445294783
-9.506942274275595 -23.768462190936869
-3.672637916506735 -49.972287130795230
6.253705531266542 -19.947084567247209
-17.978593303716039 35.840963088140491
-5.890988242117078 -3.667905988352121
27.738815815547390 12.622957987395800
8.211891074784001 16.116109991445921
13.947502368467358 16.166387306942809
-16.362180242235645 -15.561998905476100
-20.049197502972547 -2.802966384546133
6.203491772246410 -8.528718081419182
-24.223254727906056 22.681836629363826
4.005327223996015 -8.212145286327782
16.425308737200758 -8.183908136224497
14.095228826573198 -1.327720935971766
23.495066162259182 17.029727965947654
6.512922436889116 17.095914832624619
26.765985898762828 -28.874911338175959
12.399112513507514 48.236751426822963
-3.049717712635804 -11.336148523377716
28.620366191846209 2.190672767222463
3.547807696212979 -42.858169527538017
7.531358623038172 4.239888692007525
-55.761940902782520 -0.117905928770465
42.848381907147186 4.723171824924489
6.540441919417701 1.595291382671322
6.044400057002098 -9.776264690338826
-23.016377954102460 -22.324130625514648
-26.466108823443633 -20.166341694074678
8.817661810699198 -30.075475905465691
15.232969002056199 11.107403878158088
26.239354880788177 -20.576007639862805
-3.609577561330407 -3.725928981928984
13.371156115622085 -2.694802550423607
-17.462656459055367 -7.669308064487674
1.900129331367299 -35.303968468712377
3.861118676613752 -23.214892614318543
24.606604320287932 -33.454252581183226
8.419553247538191 -89.892481880440414
11.037054735268354 7.421293716931358
-0.954014499300980 5.863769663691031
8.338620044780328 -50.395991574823107
-25.420666469148724 -21.962910951912324
12.898624860241634 18.262755506901538
14.370083166822040 -11.022263109191019
-46.371910312475876 19.871854074684681
40.561135220309843 0.971626660981083
18.960973842398740 -47.714602502863066
25.540815829559310 0.883790732645033
31.224059394872736 -13.197341737533693
-36.869768069024353 -41.836280462222348
40.073233447692900 5.057221726604364
-48.986464802853611 52.122402541385327
40.304395394243748 49.957529416257330
26.849811272898059 -10.381273201270446
-26.128642615771899 12.283272683530551
-29.554869148609310 -5.331515130308026
51.967926892204908 60.022783787912175
-15.461736864181541 9.333350835583293
-21.365936215709606 -26.742530141465540
7.966683626353889 24.941871423959970
-12.736607412041225 -23.206791085515668
23.850997588987337 -13.447074238872739
20.708431561504359 -1.992322291487538
-0.657681003513094 -8.108178685905274
1.727261576489531 -7.681666723653693
-4.727097939139585 -37.615863597919891
-2.088619558705896 11.598556531985201
-18.256878585304580 5.855396299380788
-10.077473182781581 14.208731687030912
32.570307369570955 12.198116835402248
-9.544333379976710 2.335722740520288
25.393838738593256 -9.469142490970269
0.252428881413571 -23.650857993111597
-1.318125978285410 -10.731477806723792
-13.802053118924782 -26.240115722959658
39.028153277561238 -14.753096314444317
5.044737415556233 -4.668129743375149
-9.506720044001074 -9.288668208671551
15.541529474969563 -20.865895340400371
-20.019127957829046 23.715422480225438
6.684326706296253 37.763141128377583
0.059650708901321 38.435450420461436
-17.292534015271745 42.820106513044045
-4.213464554122594 22.301510520678288
-37.921834662364866 57.514709676075711
37.242823616218665 2.719221689629955
-12.630049608164908 -45.795848551737230
0.502429965855201 36.357383731418324
4.939669554037356 19.873292428572956
1.787571906129235 -13.425963062102669
18.340498680580993 -6.265271305531957
-34.602655948743795 -4.613920376474822
24.500023735810110 40.755364749958893
10.212627491907121 -47.942246378268472
-41.385832622797203 11.704571756264917
16.269671737122671 8.993351233544562
-22.617413328199060 16.894748874735821
36.481622318348641 -57.402450378584589
27.698986501621444 1.209534154483430
1.942942024151915 2.960755010961544
19.654089481363162 -36.199661605900658
-6.135475472632836 -9.531491102166150
-27.961671957787342 -21.053168540228253
-24.135565758200674 -3.449340280413187
-23.436301267445113 -34.499602748700525
20.761325057743804 35.388786876157916
38.980535305282373 4.603654620539423
16.414590923744228 34.948084807290009
48.615720460064672 45.930058168391703
1.584931841235855 12.842105046413456
38.306757180214234 -20.111301427854954
3.911405515829605 23.101477441874554
-18.640498107689812 30.756755195656250
-4.605680614931475 -9.536759470672346
-21.484888265211360 -69.882638903848331
-1.474709791774850 -17.974702414901166
0.684895014217866 15.740509796578895
4.359180369571227 -43.782714508870036
-4.270852406923810 -4.157717692487734
-4.514802622556735 31.648647758437555
43.568189661873113 11.166038115611112
-36.745166536931293 22.458061839085115
-16.947216587241616 22.136455713953342
29.664366896227143 -15.494204070243615
-18.261830178813366 13.283456642667723
12.445661076981910 50.138317470483720
-15.944680959267275 -13.038050976434691
-46.692516712858314 7.432161194702735
-35.925225543826414 52.571803460470043
33.756665552216667 -12.607562286421444
32.632807949617352 38.654852728847636
8.647744811658839 -8.412404233633355
8.966419574710706 22.192163370636830
-10.132720773109595 31.908246638578625
1.434336957660594 -25.421760714203899
-40.382948398177099 -1.313861659538978
-16.151677020261296 19.015696595502533
-19.354349934543119 8.282559286221391
38.220443672446045 -1.416725940706435
11.474252241322070 5.872094007316383
47.305175237062592 5.096793763083102
30.072330938525049 -75.538100795942199
-45.649794926082365 29.752923044517900
