0.000000000000000 0.000000000000000
0.000000000000000 0.000000000000000
-23.488025417996869 0.000000000000000
0.492018967935706 0.000000000000000
-93.332422947451477 0.000000000000000
-54.325614129872648 0.000000000000000
-25.994277063244706 0.000000000000000
-9.128150425301714 0.000000000000000
42.391202449137808 0.000000000000000
-0.570396839115920 0.000000000000000
-47.913932639802816 0.000000000000000
-51.847232532803226 0.000000000000000
-35.148985837395720 0.000000000000000
-46.751361920404520 0.000000000000000
36.116507131054369 0.000000000000000
-6.804668799355090 0.000000000000000
19.363229037404952 0.000000000000000
38.899969539171892 0.000000000000000
-65.960741753752970 0.000000000000000
-17.700557508376058 0.000000000000000
6.312639306891767 0.000000000000000
21.895469278898123 0.000000000000000
-28.318842122318657 0.000000000000000
-50.293245747470529 0.000000000000000
-21.939698035918280 0.000000000000000
-11.417421785489900 0.000000000000000
50.714881835219437 0.000000000000000
-91.648507787743895 0.000000000000000
10.534239816070983 0.000000000000000
2.078323023376626 0.000000000000000
-32.341766500327694 0.000000000000000
-91.078969912870434 0.000000000000000
8.829373441223176 0.000000000000000
20.139293775917441 0.000000000000000
12.124089104948197 0.000000000000000
15.096725663863191 0.000000000000000
-10.929638889463252 0.000000000000000
-8.214294669522832 0.000000000000000
-39.882058724174435 0.000000000000000
60.516199061769413 0.000000000000000
-36.541088951127456 0.000000000000000
12.568779406854071 0.000000000000000
55.693801015897904 0.000000000000000
-31.175619968422382 0.000000000000000
43.717553336362812 0.000000000000000
-4.691490896646458 0.000000000000000
67.419521551374316 0.000000000000000
6.535405211889335 0.000000000000000
0.265449991594155 0.000000000000000
-73.210344203386683 0.000000000000000
12.021444799340562 0.000000000000000
0.000000000000000 0.000000000000000
-4.025707734035462 7.480895710524821
1.388451914419254 -27.484742493416075
25.098032743758299 41.718666390305145
-25.560838855505637 12.806156366064650
35.191809434516607 -10.564619347284250
-23.503967316948636 6.915224100693139
-8.402339255914967 -2.217104119195379
-13.310514239078501 -51.193517753516069
6.020740064390277 -20.204754628314387
-19.282596855696866 -18.717829522192840
33.339413368184928 -4.329121430064858
30.433295921246344 26.021002061375686
0.383483407635343 2.137452847729982
3.256682038956343 11.201421506033730
22.781929724199767 -4.117892009014042
-12.189069926985537 13.391247239271038
-18.761250556466461 15.598823342379312
-25.825652282481354 33.179513053055665
20.580402570036263 -16.001809825902363
-13.136358674495199 18.015886519920436
23.069974913497472 15.048737751079800
13.022922838141941 -8.344838192875242
-13.805297277738291 -4.131253795862544
12.785243910838847 5.263292653159387
28.406875147701665 26.951531573269829
8.670142459082630 -21.736470540966938
23.694467421397757 19.049463839868224
-16.190661116556054 4.467701624229909
8.712809604894364 16.458913597274016
42.331668993338560 10.884969167607826
21.930597792305608 11.318755414755172
-14.264188660739629 23.706122907436214
7.281434743034742 2.745686941855187
-17.679152287147719 -32.730162397181054
26.295453927067662 13.973269074416727
-56.229424499352355 -20.224681330206355
-7.819000652911964 -31.566602956157485
4.731153973811654 -19.746449552518122
-47.126592714292329 16.015124756261553
22.021159645064436 -12.828118843704813
-1.109291699727299 6.004436040319748
-22.681999169166179 -49.321743757035151
6.045162267732255 38.437756665830292
-8.962431846036253 37.945712050130730
21.879254458184441 24.343678983834074
35.465175522808870 -46.968962461543605
-9.200060234440784 -8.317083159727417
34.636153843960663 -42.615447951203450
-20.825087863545722 34.891524093155162
7.470196032277848 -9.358698875463917
-33.429559072944507 -2.619642664371125
-19.865460162647292 -29.349588227846422
-7.368910425834130 -24.817412957191031
27.793399779342412 -0.148741763090502
-9.633451288971557 27.434688548714501
-28.237079332797535 6.467795032162343
34.177323914366774 -27.923847518943230
-29.005773613883200 25.073926302923841
4.515228281844175 18.020856735397391
12.774723073991410 -5.336972123546615
-6.481774810648339 -37.729748568940458
-13.976503305864242 4.707651701052040
-11.918084885199621 23.024568208018561
7.807120459282945 -5.395599512186799
26.101984593879866 15.642910581354606
25.185649429110786 -12.984219518364554
-8.077190893305005 3.805451799214176
30.884547612909735 -20.483542607461576
-14.164804027569437 1.194237284219054
-2.239143307068719 21.307165893763358
25.030829356813225 -21.918205188494920
51.140288962993587 0.001908155816280
4.764388067357718 38.443018069439724
-16.702330801417745 15.526555423422035
2.282958701004338 -16.143366930885865
14.103320977847538 -4.430924915608339
-5.477200396283234 28.336218057328924
23.398332828660870 35.782463864695245
-1.990759206495602 25.843765649351361
22.110789639008917 -46.889940738434987
-19.983048878356147 15.508668842316707
42.718204686200480 -2.140042966942422
-23.301290915963936 -0.377738251633804
-30.611380150921452 -16.705074797382853
60.527076395106533 -22.788476758797735
15.816724887662174 -38.718282107861505
-40.797498434777189 25.401955794608849
15.490940472138625 1.962362487744789
-27.834324750751215 -20.306870318508462
57.800659368053864 0.863285278181802
-17.423452482070072 -23.051240841730248
-43.184018854427272 30.974398871564166
-0.684104815581545 -3.832153503479598
27.562023575659360 -15.260088395449740
-16.238905559077462 -49.400510470803923
-43.294836371278521 -52.491250307064995
-13.867186864165749 -3.980730879619549
26.667646011298501 17.789773797162507
-38.047517380054053 10.187941868281204
11.331861196828275 19.226070192341183
-11.665023830402554 16.292647766742057
19.540539091168689 -5.321324406890071
2.137592979823925 -28.295271456939858
-9.245859699066173 -6.344566067308337
8.317616683328110 17.383681917115755
-7.146812573916876 -22.211286222636097
-33.523747695254102 2.928821872654536
-21.552044294786779 -1.689722835262164
-0.336392470596751 19.978995270495574
-10.039856042406303 -35.016392541153351
-18.616747231997202 35.280121709733592
24.274387336294396 -15.937612611010552
-24.809364040201562 6.505314101510569
8.576576656382409 67.333870619173922
-8.724635953898707 23.332046530816402
33.177349792552711 -21.435851643798173
-29.347286345426852 21.044410726762873
5.604966351177136 8.602810148736875
-1.287029862578106 -12.165976559796091
37.789974006501595 -41.115574668116196
-13.037000927939253 -1.499107700536181
30.942355350505981 -15.309318429476985
27.442485222708200 1.430489437879433
34.833654285653729 7.681740418969773
11.455038322933810 -29.612108163830555
-15.076507782717881 11.717325155741849
13.376162881680342 -13.738201717904005
17.390971063012994 7.937365383982737
-6.997321563441519 20.438444457123676
-12.700637320480972 -65.763657743291205
-2.028942102199927 -17.271121585026560
15.543724583517420 -20.821159237338577
-17.269119527106380 -4.671606953623812
-8.041002319210918 -16.642881485714437
44.641317504589232 -20.744661674707373
-3.165682307643129 -26.728888049074190
-25.722328328317648 36.383765165679350
44.639670481137088 15.856187000787024
3.669068590639502 -56.697148794697235
-3.452933369271799 -11.055566696020271
44.901512783263691 -28.237668037723342
3.885908340956502 7.036037087096183
-14.921081182051370 -0.034336260960758
36.364309790358540 -34.215922397691159
-39.874927558360909 43.804583511299008
-2.622332191908445 -27.776632219834166
36.207035350499986 16.649552657584703
0.685362603380899 15.501071184348776
26.136735238686359 17.802569652297706
7.437630918985229 27.135611596458940
-24.983264081192377 -8.984776159773345
68.338585107111967 -15.553650284299255
28.847578103643510 26.279130555299513
-11.122469309245940 -9.543571795607082
3.197174470378388 -18.184715975376800
21.996879472380822 32.827999450603613
3.949767772778196 16.884810669199421
18.713422450600181 -8.828359681534085
40.628731458482768 7.010810129246143
22.579802752120948 23.314705133326591
-7.130506168844772 24.601107658312952
28.706108534933666 19.547962256853943
3.722783552133608 45.651264905335616
32.145699671162873 -22.005601886891906
19.512028452768686 -4.060236010198105
1.749278739607354 34.710160941669990
20.829198838069225 -8.768903643395728
19.949669170959027 17.623409741224648
30.627523844713508 12.048664786168064
63.700178904859449 -17.797484366689126
20.448808338239736 22.174147011426456
30.520124272595986 1.881740717761208
9.979502907220684 4.020216938100766
1.549381626715161 43.528848172582393
17.694480386992591 8.505042919006421
43.361560224571569 -3.986843922405390
-0.593185453282360 -21.738465489984364
24.041827524471728 -19.199818751078034
28.775797107304786 -0.906875489244081
22.750234587968478 8.764071445672013
-8.612962522889122 34.852275784557627
-18.814492228646330 -0.226751159895590
-16.095585083665206 -19.422478698839054
-14.596476004452679 -48.158784790634904
26.323453969204280 9.494410503176004
18.536192511945210 -6.955416786849084
-17.108302730580455 -13.077573599717436
-21.286060772163115 -22.803249233996624
11.687569696113755 19.180283484745402
-11.027273431748888 -37.498247452445867
-8.341501377836691 2.503527992847548
9.706306299693285 -24.429385213094356
-6.657807712616290 -27.013541189146210
9.341810434623820 22.283571013662055
38.288991935738323 -30.785839523253671
-6.430791276913907 -23.311906797956617
-5.737553119624714 -1.882877541522636
-7.950197857924762 -0.270873819872777
-10.409110794564082 6.650469453582430
14.854527350580302 -5.705040496865743
0.218006709487434 -43.192705100391343
-12.718223496902560 8.566581012003500
10.041823332445297 -10.323161045207222
-33.811856549016902 40.176713146782745
-17.532744836028918 -15.574162489563323
6.135980884274135 17.542326131282689
-0.336334057026969 -2.850556095416331
-24.743707530955376 32.638103951604649
-13.964212025749577 -26.565418706675082
-36.097477038204708 10.684161767717937
9.123675845258816 -23.947789581448092
-2.787645150142556 -5.167267345362993
-6.333036943616881 20.697219690896851
-45.515437165637202 16.898060463261590
4.054763959852733 -42.043200100077470
-20.606462936211130 -43.839906824573767
-6.142685052448123 -28.834555617442263
-2.074033299907701 13.977707156488554
15.649098366616986 -7.127372286678863
11.686315128727154 -32.075393698127307
29.201615043660695 6.163292340623105
17.163500566304769 -12.538330276404288
-7.979411357784794 -38.824596203184733
-7.791438869952569 -18.171901736122855
2.268664187332598 32.659031098108123
-31.001388786218818 -1.880887410325416
8.063894504347797 -11.334548229234626
-23.997629464528242 2.196682165784870
-54.469376762859362 50.753692314936842
3.910683083175670 17.299005598396381
-14.707187447532734 37.046191359836911
-9.979605367908482 14.693492318028948
4.791076709161875 24.391463131965256
-44.837261302485800 -4.433478388646323
27.958929236829182 -48.864028492980488
11.985264755263367 -1.719386272838147
11.460093801464021 9.891167603090544
-1.767232662508511 -27.910679294016440
-26.734364001333972 16.444117050144985
-11.144200973289154 -20.982972722259149
2.082197857669831 -4.507340694057107
-14.395465626042302 -24.793048582736628
12.364485333880680 -23.758461604820749
-10.943234137569602 8.222445273588686
16.108480550774708 -2.549276603957563
-47.248763134384809 17.981564681182213
39.981867508714103 -7.223862987013678
-18.086946725607280 5.077843705298810
-11.747663363536981 2.844154677615550
13.383967006358061 12.924307750802781
20.352784640395512 -21.857896124018740
16.860112761948141 -23.987753260471951
36.292297822032317 -34.519445152439701
0.952554035278626 -24.100838809463177
-17.049729429020520 -12.603658029214332
20.543250313191962 -17.156682654576581
-47.250770601951295 -14.323705385400203
23.557876196516322 12.713898537781590
2.644270957254799 4.696879341466786
-26.173235089146623 -2.653241336064990
3.909934413775217 2.014685265370854
-5.441559784428869 -39.382418007153689
3.210749770265305 -1.888663546324354
-4.837783969114398 -18.991119798693440
-2.575056636740108 -0.795520188604713
-21.797821968873372 -21.491571862867762
49.737410330118777 -2.787695171653624
-2.392686647429728 -11.378428373246916
2.072466229306997 -24.344546451976452
1.962676280228648 5.624594630120960
12.759770895363683 3.050270249555541
-5.107109786493129 21.593356283434101
-11.135151954623813 -13.175292797513761
29.529202644643416 5.334097931166776
10.133625031579419 -20.372547519055335
-25.227250743891616 -0.622278383999226
-16.195962890127568 -20.008380533481958
6.925369100314422 -34.942249418061607
17.309243088954656 8.585848759165222
19.722308863018952 -6.098650484006164
-88.978098353795872 10.481656128643120
7.961707689978106 5.916349068182173
-53.868369501285876 14.240919772127107
-13.265323834986480 10.660027998995815
-14.337730755195802 12.517656535764299
-21.390699861994410 -18.565848076277447
1.340645826081353 21.736787548394858
35.332268815638933 -7.936589580010248
-12.849164962485373 -3.116733676411714
-21.876171526626674 -28.695532481877930
-5.939017937271294 8.172885728642051
51.137135094974688 -2.990790724182805
-11.199528570587528 22.971735115255527
-39.589589560088299 16.718505541560649
6.919554423450493 57.743337654377683
-4.645989747507997 16.184036603226435
1.049968456684539 -22.592493164303928
10.520015255273970 15.192031399615987
41.367912539679118 -43.435523832171732
-13.539576030840918 7.199691281397636
-0.297015002843334 -48.101266133012068
-27.636182025963162 19.526842209053321
-15.560375719674331 33.383595029913323
-32.353468516770143 -22.268232281800820
-12.477242452480207 3.953317002538779
29.855584597361485 -26.908143589079263
-23.782656665489338 -18.536993074443146
-5.905228813385369 -13.529285430936095
6.290921736456900 -20.223764350340407
-26.975436958303430 4.806431144730334
-9.928132967970148 -15.479628367304759
-1.457715172896789 -1.363208753075523
2.669943911578029 9.931788423206440
-17.036301692590474 31.425079805815926
-40.392496271244895 37.575565715635676
18.513340285671070 19.292362739762982
3.482763791310261 -19.946529560065049
0.719210148997922 -9.057007015896376
28.841549399464174 12.620024054235033
-9.818445451198667 -30.573174478269564
44.637249571985848 32.713967218117091
3.446005998470945 23.314756780049944
-41.776864280740313 -25.434634213245154
-40.186576080786310 16.371078185805960
3.431626177819618 -10.338356204232902
35.659221743941437 -35.215402778659367
12.337001793243809 16.030258999865271
-27.309284088532049 42.779960800170038
-7.181398410476436 -1.139368629801525
25.678032195454428 2.417008858843957
-31.228705816988789 30.008409977177095
-8.451506968147131 34.614093978910631
26.423376383712331 32.751498146160351
-13.624981432966653 32.353131045194587
-25.083466706199602 67.280204011774671
-46.820504230029712 -9.080449875806210
-35.166389258452988 34.312902041649679
10.770861948961077 -12.249748753303033
18.138799331325835 35.018205914891944
-37.886817852984251 2.140970612376587
31.631856477850256 -22.068143421316588
-4.649664944556820 20.234737725442422
-8.670527331727481 -29.154649306957701
14.869629184994324 40.672844397675064
-12.473228086106296 4.345525980304091
-0.642439503470371 -10.135825829069011
-28.777777506932736 33.971830383983708
2.756315114499770 -18.736054531177061
36.757044098478801 -8.803642739837017
-1.805014204177724 50.398689242162540
-31.198935734002632 4.317373137594942
-50.389863612860275 -28.941852860108359
2.492139683355177 -17.261822182015671
17.500433820436569 -25.720045698429651
-59.974418845570440 -18.968204717753540
20.668514121248350 -44.208774340728390
-19.638654431786218 24.417460894247270
-18.953874187295146 -26.077413057036907
1.364276005770797 22.820287247165012
-31.970623152788569 -31.798202095909442
-5.627229448646956 -15.807476314402161
35.078930592356521 16.924727011999476
-27.036375510192450 18.804254545545316
-49.971716524515521 -24.674148193932457
56.103767312375965 -2.811986008523196
33.878013883695566 9.503637924674749
-41.192912144458170 -22.799106808381534
-19.844363657236300 -50.519025398979792
11.077592004089103 -33.327150421626342
-13.971556914526261 -4.803985049836159
-45.899278015084654 54.353352625518127
-7.083802773424932 5.748029423955568
7.611609667496658 -23.705576044515546
44.018395035842914 -33.012424881992452
-23.401926425353231 6.491877472334131
-29.959873004257290 -45.319990271061513
-29.326345758105546 5.793748841093004
18.016280298170528 1.495578273234755
-7.025273331909779 0.527786612267919
-1.467569123290757 39.555203450977309
-18.591346510099662 15.311693467644529
25.114118200435257 8.990473549344113
-2.492130512489364 -2.636431905219483
52.510370064214598 -5.448544654115948
20.595166704472359 19.100309414542718
18.053643827624729 -2.134982639333455
-1.907892130035664 -2.588905521560528
42.948663401227030 28.430827766710884
4.448093878602039 -16.357805000246831
51.688852816117702 7.185106231436532
-22.011336103011953 -2.181066027684592
4.104116486876678 33.211081170232013
21.247508662150693 -0.063739615097529
39.854950915473566 17.490536798597258
11.205050889246939 18.153059018214950
43.447999306864901 -62.190175541414902
-8.986287532535536 -9.160647158778074
-50.435764788969252 -14.355470141721993
-31.235703379861363 59.205709725757558
7.059699324868083 40.306783372757955
22.318496605587306 -1.518399835886011
9.599185232913333 1.928371130449788
4.704243932389873 24.144744171043630
5.431779494708297 4.764705124711435
19.885707779946721 2.864202907220496
9.095760999829022 22.439415601233716
-60.366193783910802 -38.626613646715590
-10.705242700531597 -15.941955595246592
-2.720211631238633 19.645288487254330
23.913787378296778 -33.465943496249778
25.978859915575892 55.687150488696190
-0.518981956718498 -32.904130206124414
29.539577124269297 -2.443032931974046
-4.238658282514235 -18.309134561819867
-38.016288433967482 31.594316383518990
4.825438758630411 -3.754416634537022
40.142024789592988 51.042053344764881
7.096830845664808 8.106534147214202
-29.865023654142728 6.162732245370188
-0.501099011289533 27.682614663197270
-13.273937433172376 -16.328820832207811
8.516115687252322 3.886638706347217
-52.647331475708235 -15.277228068650105
-13.872523994173534 -7.022142609430413
1.100891265658187 21.749132294359775
11.708510043468738 5.912316163651269
23.420201411943800 36.817399906420270
7.068686126692258 14.827690876456035
-5.528190666828624 11.941839680927787
29.312453431686095 -31.713753389827858
6.227796778087234 31.046331105721585
-10.693549202371971 -45.980044905484604
-26.259269097573714 -1.570096588779711
-41.405193041929969 -1.766105575512883
29.913043107521631 39.102551065361489
-15.537859652918703 -45.435718253616045
-12.645076976761382 -38.958202815414111
-1.671315864495195 10.534010654862087
30.973244161797350 -15.510841168181718
-0.152152497399281 2.477221048829290
15.398186162234509 6.440021282620394
-34.880069901895716 -5.703574517406904
-45.555758141348463 3.105270357193908
-13.476573638297161 -15.126001846183964
-1.212566758978632 19.596937566502259
25.148608855127176 -2.615334455949556
-24.186655528777262 4.080043645917040
-60.220054904505986 40.543393359914504
3.831257911694184 9.320479731973414
-4.792024291495362 -2.138595621454737
-22.772859364327090 -38.288649898735116
25.007115659686924 2.459468734609696
-17.366235283670015 -26.184991505158330
-24.388622578371379 0.001025913560220
-8.785422456578779 22.308454720062553
-20.421350462717012 -32.110622848740476
8.937821497934225 46.081164036702297
-13.883742268229996 8.108267458765930
-33.912880641975768 44.265974238291278
-31.180465515053736 -16.817056163538698
13.184693314735888 38.708371891977002
-44.062471467737055 -9.092212110025946
-9.469879881202978 -3.493815754154808
36.018028846878337 -26.485738657009371
-18.888125459546199 -30.452606006547445
-9.008217281141331 11.558614509367297
-26.696319245476065 -6.775436490344795
7.701165937142703 25.835897570386674
-12.653259001515524 -8.505685524477373
-12.431908391128044 -33.326503423766383
-36.194136424698691 33.630569714591196
30.094396353691099 -32.337597959823533
-28.908803992629000 -15.798028497552810
15.675059382118777 -26.508689035855625
-30.096443614250731 -41.389322091513918
-2.420648150978715 9.475385089357353
26.197268087986270 -14.950994553645963
21.205535407125154 19.908033078438685
22.564485617302541 -10.817469894217734
-31.549034278290335 -10.725247113280599
-8.568490649067334 17.476287201970496
-18.557152194972982 -25.105587950229520
-31.173712843223356 15.001837776026195
-35.272943917822786 -43.011644354970414
-4.521168561681570 35.445165452913891
-5.376873143622894 1.125098374698822
-7.293557253868260 -15.524694085245656
-55.847834755921056 -13.568119142064088
26.924589226571861 -9.213034484567594
-34.097501495904197 17.009567736102230
-27.786001130319185 -26.170625642359841
-25.308392433203924 -26.116259426118827
-3.309264401348918 9.757439398206444
-26.741897229912713 13.741753993191619
-15.064747390830298 -19.818998836233337
18.937618364214867 13.586116951914594
31.391304034690414 -13.502745928844226
-5.944184399860208 9.725428651069224
-31.699021081082687 13.126563182465938
-11.468954272624348 -10.348347151375805
13.398237391087909 -15.525640608931379
-0.968139683453168 -31.887077233089972
24.379146141652136 7.924230868865508
-10.546626461747019 -3.900653490389500
-3.556396992036805 -4.304289650959121
-16.811919651493330 18.497083057334279
4.230322522424199 27.131273082644181
16.924901945472971 13.461254029650199
11.108383041479906 29.501058084954231
-18.271057121200482 -4.388249569360321
16.906232753551606 11.977347514538272
-27.263467526877037 -19.755989768583692
76.661459789086578 28.457818443738233
-23.675015356723371 -13.579773311336886
-67.590906586896452 17.037321039035785
21.094905039773145 -3.449456196602912
-48.058481100284439 -24.751320376101976
7.378923634402538 -5.917854307906775
33.703408905411550 -3.489204634434924
-45.259004282204096 20.292857626363855
-8.524268013624418 21.766922841212498
-8.008025060022481 -12.567507014469530
-38.822044398831203 20.977803103717907
11.807151879356285 -32.266905810727046
-21.049919560184509 1.132992285265813
16.312828818441826 7.786717655136916
11.560014504905915 7.182501739413078
-14.047598211286598 27.208500810201972
-37.516064402267233 -21.928146881609759
-8.403734836646461 28.017015126544898
4.214661296125208 -29.873509980756698
16.996270235593471 -16.198619011281288
-3.087770886362111 -32.507795652504178
8.880897513247964 12.223146576784455
-8.367200174455574 23.561358247173747
23.277793088869281 -16.520994170799476
-10.698331321716061 -6.255824876920819
-33.340922856460715 -19.311536308484634
2.002428262598787 21.419420607167972
15.062321889424291 -20.092525127342757
10.374799364155193 -10.053239693931062
42.875908802017989 2.699759912021898
16.484426097830401 -8.655436293706950
10.697796522399331 8.434745583347363
45.780544993281964 -18.883381212319101
0.208886850355893 12.864378773071158
1.561916584480617 -2.148011275558891
-11.216543443465788 -13.683501236835456
-11.721957267076085 -21.519301300871202
9.936277288458305 -35.273465436030925
11.830352148579429 3.267533763555488
5.348230581568032 -11.666149691280131
-13.484042976503940 2.890836860420585
1.519485525971634 -36.214476951606585
1.602505293828178 2.750699619598532
-2.845810787873618 29.430812710671471
40.299516795607914 -26.616548402569460
14.832751683059685 -2.719296337077324
-4.808527260097375 -22.408302196942923
3.890076782379738 -1.901502969751913
-2.608012509867494 -5.243996235738364
-5.560430527463503 16.996012925127250
9.617162003120946 -0.597952273796202
24.685715469001654 1.132186628778324
17.337607142831992 23.008365325839677
-0.159440532066605 23.566101801604322
-22.754323074345926 -27.150593206654207
0.209802895470009 -33.538220203804784
-3.380626382290886 -22.942107786478946
9.784483622246132 10.221133497662841
-49.705811888786208 -24.952602306613176
14.260946745020023 -12.487309999765500
6.962100063633772 33.877283077664408
32.835906969362256 -8.460998897356349
-4.999750372853439 -12.635988843246485
4.766616717776447 2.101533403620198
-6.418575417508094 8.225321068523252
33.466847333351140 39.727509394743166
-15.421963860953023 -13.333606561492106
3.686101542997223 18.137270224098177
27.397536740888118 22.386284913600388
7.260500926234970 -32.772520331705223
11.056950740439966 24.478968380648602
-8.221406298658138 11.907067830935066
50.414062566744853 -7.469868043900139
-19.706938337566875 9.750830157066053
30.974771639198117 33.530399233005667
-46.715872237293986 2.737788179597100
-17.851570398946947 -18.096742490289799
-6.475610195515697 29.726185531759008
-12.634701776026684 -13.779679600180891
-2.637196529655025 0.127846705342279
11.437164800459211 7.352084258094748
-33.889413706504413 26.562144952090883
-60.182965136625363 11.746892465469960
-26.159587488055660 21.196289136124516
-13.902507457997022 -15.662910339959565
-23.304360202182057 -32.409566063716490
-2.168135265864903 -8.873984926932097
33.510279618261848 52.546930518146723
32.205573890661299 -0.441374411173494
9.797631732719820 -1.306835290364956
12.405842095487785 9.684264788110289
-5.485361778870618 -28.305819939915246
-1.083989823780469 60.308524652090469
-1.215305608968586 -11.301084080770485
-58.184069214842118 -31.836400217436843
-31.490657674335107 9.699186771676024
27.576176379948432 62.093923985486548
-16.242749256371233 21.087817794201211
20.805632354562977 43.181844816951013
21.914340734294878 -10.304512170619956
8.337058390271810 -3.114209429081010
21.979404789729013 31.740348998262029
37.207563821456269 -4.646043707824784
-17.117398901585563 7.910489630583074
-1.191242725017102 -15.128840197312735
13.475413241655600 13.377932526756609
38.959633065442972 -7.523715508940280
-10.563627952210632 -3.061817061574310
39.296022675474262 27.083548719082291
1.735102296168048 31.486500890581112
-12.224081996323989 -10.146578882188432
61.396148445851459 -20.818402688126184
-13.789952421996656 4.915299179303585
-25.488964816478642 -13.310861806202675
13.300827327041400 -17.828400556103105
35.832048886093617 12.373964311140512
7.923815449862285 37.321522086877629
1.455369807456380 14.750096098149765
-19.820434657026734 1.921869352694181
72.520448695163452 28.658310868082847
-8.237899297280588 2.279087672940434
-7.273331383630392 6.335153772529523
-22.467366305798052 9.109777312435252
-3.904840612449378 -37.765847239233082
-31.934155906261143 12.415305229586757
3.643825521393385 8.796413324889111
-44.427230145636223 -8.063446223653305
4.990168627762030 -9.884883817843036
12.617758087370172 21.777710541846130
-11.846022164897061 -52.634246363180537
-32.246864306173308 -21.948202243652489
-20.627076727880688 27.204273090073933
-23.577970556789452 7.242657842275323
-4.232195491473969 -14.908242274654782
26.033800854098931 -31.012622870559547
-7.549354839393746 -17.058434361289816
-1.930552979330287 27.309452423236930
27.351056312458102 46.860355026767969
-4.477720385456292 15.424905819395152
-15.451366340674124 0.835944397205444
12.954735244981331 15.235395129442132
-15.782184739250061 -13.478854659905165
20.927083935001356 6.781610280154463
11.140531878134567 -25.264203300076812
22.089645420739373 -31.564897859633977
33.963695421108220 14.188105705660121
4.019268827052518 -28.281637679156354
-3.204049835862406 47.154811533411539
2.089739431930515 -56.971360624741926
32.652088573299004 -3.289267997665463
-1.335831594530993 7.088221190387170
13.454346420325464 5.654278855663973
9.995658444344221 -12.925260704477921
54.770705705949261 -10.656981242313680
-9.935218196006055 5.009311395973361
-5.651901279551140 11.589466073608062
-0.325997826411782 -11.135927088217816
-16.459615381418402 -12.440884455121211
-2.924335925224546 20.961168413644010
-0.962191266784926 -3.529216679990145
-55.515502047220188 39.912303234784083
-28.962486387007409 -60.576087790758685
-46.798236315551129 -64.383014796669784
5.017985232583814 -0.859756191763028
-46.090723158927155 19.364347916418762
2.265070143446725 -10.757334288743062
16.173819391653762 16.501053055485631
-18.224113799892613 48.317230776894156
-11.729144244088690 -10.046200717829217
-27.189288346820749 3.538948684994880
19.932499901475115 -5.241277684252816
24.033694162890576 1.559200945838056
-19.077793037516564 -24.927371119998771
-1.840472031330528 -9.539944139316486
20.152233304460012 -9.741660989530503
27.248697977206589 5.301056567477804
0.192431353197472 -8.531432953626348
6.427805532912791 -13.913904577449479
-19.793318158462913 -29.393057166832342
-7.806548255193196 -20.879690303323237
-29.050555449433570 2.669939400435032
28.237401748488033 21.819931587569364
-21.053961017796183 -10.651346561712622
-11.467260038163452 20.616523383561287
-14.160028827491963 -4.813617948157724
23.682101152588295 -4.132708720981692
6.714956257944955 21.181555189172052
-25.549437294554568 -41.771999797961037
-24.684945696323187 -9.604255106824780
44.619277813148322 45.640050836018517
20.907180021098636 26.641891677680430
9.805114357833689 19.070347726465997
-13.414536909702234 -25.308507889600254
-10.402007906756948 20.977168564808849
-1.648112016520333 29.583194251357888
-9.001216584774282 5.056378930185928
38.503992573946931 -12.740681402122823
49.285079690711804 32.002395035492675
-35.780006810696968 -38.492345886776484
-22.111665911903788 -10.207583553375768
41.476136201622175 12.151005431377019
17.225477645642890 16.566034181252135
-49.801354374501798 -16.128164647528603
46.066973475066476 17.805392898522754
-17.082436583582822 -11.123424626796876
-24.557453094962536 -21.675837966907267
26.195455284913056 33.315317175598565
13.460119403672010 1.019812706851313
16.459130048597892 34.865807571784686
15.689849598457130 0.052762797314275
22.296851125154149 46.267029147173908
44.108659619188451 5.097711910705727
8.035570819641363 -4.955457703561878
-7.597099453404762 -26.638202797402908
-24.088021735050010 25.121978443269679
25.283840274951242 -30.706595996398242
8.208492070010287 -38.234934049288242
-5.851135814457457 25.017423568784302
1.335171384292038 -38.020256434756242
-12.447031610469907 -16.310961683662413
-19.781982269536542 39.376714838322535
-24.232704968599748 15.676497561431686
-28.572657405914349 24.051402115073127
3.608219561350958 69.755079770783041
-36.409979403448013 -24.735196801207962
30.377716012451344 8.507492774221252
28.743634872136113 -47.075318281047601
-19.601755386104603 25.250708578911855
23.472041478560392 -54.083931922690354
-41.138126595248117 -12.933700416404998
39.294940091624710 3.060407946381078
25.378904840356011 -0.035676917478177
-14.010375769096161 -0.485521292373044
-77.088344702778642 18.423112940495866
11.703934834918387 17.214845709963917
-31.116941119987036 -22.067017372710424
1.979299660948685 2.849650183718118
-26.581824122241631 37.209081487035625
-18.861456041368260 19.599351730734067
-7.183620132938784 2.608133927390679
17.669130237690077 48.900222365713276
75.299292698756233 -4.640416042075178
38.496378651081834 15.234853993174816
15.980723130717411 19.087591623779399
-38.920209529089504 29.512221947996007
5.073147079529900 -11.013753746014633
41.830823968242797 -29.168801856631202
24.604390538324321 4.356479543050481
58.549271012780807 -8.442396665699512
-10.437502559201882 15.029615502959748
-26.839782978888543 -6.055897048930984
-5.495023438629434 27.841986461413939
20.664064823389541 27.789543715884140
-21.525929175847825 -5.817604521930465
-21.459663872393278 15.829963661100800
-24.102289549531424 -7.798892878724290
-23.681688781508907 34.938784896038676
-4.621460675709921 -50.192096332763924
13.214580824531327 2.743270232666093
6.916529834892420 -6.876011497385411
31.207158023550623 37.943309649596010
-19.258059388404106 -1.374787980435548
9.375287531767764 -15.517843553239381
8.795025801231901 51.675979740216782
0.785345649278417 -37.410008831574835
-11.195578037522381 6.264619721293218
10.490435498856195 -4.117084955324474
-23.784577863326785 33.239065454118403
3.943636160687434 -9.299969116847697
9.300715702704435 -6.913405788581112
-12.126606456657965 -6.484875785788508
14.264630741216594 70.254725460374843
-41.054820807600152 18.804605620164267
33.671770870269640 3.616896380145909
5.264009807248432 -4.996597532379211
-1.983263045010983 -32.560212501463582
0.090809078390619 -57.813439200021030
2.651188823716757 8.269677311039318
16.052235524427488 4.761534038569558
-12.414557214879899 11.315082486525171
7.600307918565573 44.843682172976543
-13.441249713555905 -13.243583658717009
-3.137623152043151 -24.121462529674410
15.315902172991411 24.670148024796031
-37.273668569321188 -13.961400596443877
19.941702257953040 3.895798004575228
-11.627093019487877 62.671487073171328
9.209671350776965 -37.889560508160713
50.230356611856166 -10.618027144190263
-8.443090449878271 -51.724292396007201
-21.792008895618174 6.545612395051228
-12.937554733885086 9.954109389288408
-15.382530947367336 -23.728898185915046
42.792739723371959 0.404131750895728
-10.265534636184023 -44.607381569093434
-14.287663044100059 6.837344345167264
-9.535148466053720 2.138872769666075
18.553764937156625 -13.333913959753223
8.271215846668669 35.360354750171737
-19.487785403033470 28.320134836025193
-7.322818517542753 9.065003815432254
-9.688061350911759 26.231581143126618
28.957582581194501 -5.486755615704715
-34.722892477959100 -14.182651211426528
20.909903769839456 -1.090204575019752
32.112478053476586 -48.712357519780213
28.445560676815486 5.281301561921256
19.552244905778906 33.534173650528771
30.267848531189127 44.002784722549784
-11.938820685711093 19.479362063750120
4.150854667773199 0.385292817514329
26.896280198643520 -3.225956937149270
9.309385940660789 18.128952420244975
32.221474580340548 -20.695657693931327
27.727509721213380 4.905820954917784
-14.314683185259360 -12.393190905871382
-10.121938479007504 21.076202489395516
-15.909920087240044 -37.582864430994476
21.385262021862147 37.226337070488562
25.711800863286129 -1.291261270070234
17.535778748582743 48.589922258679465
-24.599222779758907 -26.623584611905198
-15.353677811928719 9.099470700903106
22.818631651755361 -31.460448639999981
-17.044614156858906 44.592520344783779
-27.080773972056672 29.534781142100989
-60.962841444328461 -26.325664188359319
-7.815622889816217 22.919232406121655
8.404407626885989 13.864264763962307
-23.749648708636325 30.022828484004396
50.417337414058181 15.788794540924862
28.820388358173719 12.245566497390154
7.916222238967773 -6.594274855691685
-15.002978399060947 -8.423856588185183
12.488953976691123 -1.279216915373895
21.289192266966428 9.316720672803022
7.993913456669325 4.374767693616522
52.155724315561642 -32.056529036846804
28.322924360169829 14.272634045846495
-9.116462442018372 -23.504538266930918
-16.627843993773066 18.874132795323824
22.626095802310463 -8.670646815106867
-34.328639559104261 12.468557335605619
-18.164953997956527 -67.259772474307042
-15.965804747448221 -30.432165576925453
0.509935051002465 35.073530800326559
-28.054718788485360 -12.135575445644150
14.919710029097384 29.649001175275419
-7.433933439321372 13.506691104852891
15.492954965729492 12.907805131903384
-41.222636642957809 0.782673646032834
24.775659100369793 16.984145836561598
40.581274926060289 -35.056547570927677
-2.550891777761966 -11.997802168965439
45.218791474469185 -11.305190394758547
-67.668265523890952 23.966615362952137
-5.830997441059218 11.419400725516565
-15.643281357825614 -64.250724076087920
-17.270510448412665 35.880763295882076
15.056502351456976 9.382191656729084
-14.498819592847948 1.422210105197354
-7.097858352953916 -5.059369430380299
33.545978924719300 18.746511777333733
-22.505526464012927 -13.028487304657892
-20.422913294696269 -0.295745111273534
-25.804386186732629 -21.068768417572961
-7.555596966687814 -38.075915505862092
1.597435512543154 14.210491148899989
-30.147036196504597 -33.854339175187157
51.885713442236927 22.150044380723475
8.625973123695456 13.486001440615716
-26.558801380442191 -39.329186330424946
17.614922657660703 1.274799027380316
-3.026390940618271 -23.933382329878778
-26.824477042165679 -50.241168886716011
-22.504148797769563 9.166062767641126
-26.844794475674547 16.506791631999853
19.717530233561778 -56.034631572035366
39.438602385345469 19.631790571502368
31.566813173050956 -43.367173456177177
-51.716639602653132 28.520953094784883
24.630859063424573 6.832882207293499
31.458832833821042 -8.227033983837613
21.137731854481999 28.254954375395030
-5.402192244226979 6.926412855970040
12.093476826520861 -9.796716319485787
-32.693378863383472 -8.056639806059010
-26.503456835375868 30.455965890367732
25.772717160313054 0.676188158219919
20.476370250588428 10.593580697337421
10.954617068480156 -3.398997009255785
-6.124001904997507 5.618799170583943
64.282301381978186 -52.062515564182313
13.508673959762813 4.146613969301304
24.453855350445814 -19.386527143230147
4.588363443915836 46.372006955161261
41.729771972174049 -15.283562558610637
-20.311586121084972 -17.855029693307056
9.186278202819659 7.352949355342826
6.819423242103515 -3.496617130555508
13.689700345910333 -5.618220842868394
-29.725193557105655 -8.546534819287832
31.403045312082654 -21.416527956221579
-7.401130355463085 3.165787096150447
4.991982389564360 12.968544389468265
-4.293665125916316 -17.952032908625107
28.047978753086845 3.092328906548604
42.155376946903736 -30.117858573231345
-53.826407148442264 20.771192313851529
-38.252447426701423 39.172232181662714
2.399722473030965 5.739208160607673
-0.062088627399023 -4.059665050721006
-20.117778573750591 2.356017655744296
21.888656342104362 -25.698629450565868
23.237688976449274 -5.593365394494511
6.942578124101824 -19.957194368161975
-15.347970090189841 1.829041779383168
-15.599180415496578 -24.097579332481430
9.740296513439638 -42.937492204239064
4.561581708458084 -24.410350152174967
50.145056995511304 12.928557933978317
17.247927961096412 32.836512062458084
48.947247323870890 9.762965039892118
20.291258503521000 -5.708170988006573
4.114247117050512 1.610017076748319
-0.277618333273457 14.155819232965708
-30.572245427259563 -30.502595059898979
-42.035717841180521 -7.972760749610242
-13.453817642056922 -32.614988441812720
-15.970524890662047 -10.432633068074589
31.754599240853821 17.514295693993667
22.852572094745131 34.333033470135845
-13.956777379780821 -20.519704065096661
-36.896183819434491 -9.614813429109340
-39.641322324137882 70.134826823894215
-10.521820245744975 17.914185555404025
-28.153152409404484 17.120330939087083
-14.622094180499300 -7.924960804199693
32.983737656142502 -47.390635396532467
-18.044981858561773 -26.499122326108253
23.571879663102376 2.619385709102025
-17.711478532846886 8.589020392537911
-36.814397956934094 -28.154224771411897
21.429615815585940 -7.848123331392535
-26.697988104898638 49.252178918464203
-12.735331539811275 37.123972230927556
7.074542058076942 33.661957092077316
-24.427889155766657 4.969409559923110
-12.855866636912188 -14.414500175039278
-13.352485895522161 -16.171633673272463
-0.344170489054066 0.901531917502655
17.377921277275501 -7.307833823328091
-12.772941189636901 26.451440911832783
-19.961013512634320 -7.376206160738405
47.291298360475039 -17.608877359133743
-66.569875650482800 -10.619761652032951
-44.457789413263498 28.608277017133364
-43.844844106707356 -43.819036730127841
-26.995808131210762 -8.469304835326824
-9.677569348293231 -13.350422041062412
-34.926960726562115 -8.327263799187991
12.909116762840025 -23.107654861045045
12.482610987364403 4.274300331972740
-8.252289163592721 -20.793861194875035
-0.658514174881028 -20.054398961628262
-39.107060416714951 -8.786163402937460
-9.094599752465150 46.137141919040644
-20.301955965671223 -7.863254076911811
23.758778157244521 52.562026297320841
-38.170304690373811 -19.947993965499521
7.268747990731341 12.518853504551494
-0.122587268450370 24.027095368843870
-20.079910667660467 12.788088680041714
5.218263782244665 -9.489366772259954
-29.683596560605423 -13.133511307270455
24.221264893836835 -16.238286607059070
8.018324253270611 -28.179097318621540
-17.510192341320796 -37.042860228140633
6.801501827464076 -1.544036726805175
-37.800860198873472 -9.234720058263008
15.274075966991759 21.126111528144204
-25.473143109202567 -8.090923828968467
-38.847011383540057 34.140600215111192
-17.583100755131241 4.907590889142408
16.532963064830639 -46.330012356790242
47.068391476076158 -35.322474059961984
9.484677602237136 -4.578615428664861
-24.525341934993701 18.282124088845300
20.138575255499369 3.730142511410447
-42.113010581073404 -5.158373458315333
35.139511271196085 -34.738465944697374
6.781324765506563 -12.339046268494407
-51.768822876112864 29.973319228223641
-9.155319903323051 -14.438006352052968
-28.136195006058184 -17.806095795894837
-33.089621074277133 -6.990155189047115
0.834443395963799 -25.074334012305922
23.160542486359681 46.973550950035992
41.202432223106484 -6.008296926896792
13.906053218498812 25.635713984814071
1.044133302870788 6.494692141895320
-10.198023327637857 4.419385142969972
27.031996303953012 -26.562776144980894
-4.978479562975199 -23.833187253466985
-4.570844454822929 13.620336876428466
-56.530212374061001 -7.443922073377227
41.902328109983941 -40.397230497495734
25.031534700406365 2.431261364161458
6.613015327661098 -32.595191828711698
12.645376113631931 10.871419098293998
-40.600132473858039 29.215984352673452
17.477621089505462 20.241419034085013
66.897689963616983 -8.241601933909402
-8.963692939162424 -50.348270561405421
-8.698465205400822 24.275325569845151
11.302625355987436 0.411112488519224
-12.086299607543609 -19.214515223398060
-7.598069930439943 20.735049270831645
2.355908334040286 -22.989716817552335
9.152972250036342 -19.584430207594171
-29.579973728421880 13.341198028484827
36.513488087801470 35.860615803789848
2.059936580759250 62.077918356927228
1.991764549276724 21.258450808199179
4.749534515243408 -21.766127576709064
-27.281710525566339 -2.873671094244874
10.925219063002400 -18.461150242601292
14.076211514291378 5.346991293732096
-14.395571884615542 11.070339735940104
-42.697050701962219 -2.518358108069248
18.445025787104029 33.212968101537541
-14.326755410172641 18.034486439760968
-1.817337520360713 5.628660034067564
36.942422403280268 17.436018228565224
36.425947509053401 -28.580740937895037
-26.773833920336973 13.444689955756647
11.614855530980739 -26.389879023333858
4.883848227586927 12.044140149254778
3.910457805171344 -13.150963324786945
-19.826256306950402 47.734029124773841
-39.369216727989723 -24.391612650370831
-14.968253838478052 -3.082652485183108
14.974798310010197 -32.214035140300695
12.648734620481649 -11.460506252655996
7.439665156316666 23.674738382614223
-46.050140823963964 9.933523636803791
-18.900049998064208 5.368108638397698
32.871167655081990 -14.592454925591646
-16.228656608824469 2.099979157646067
-39.860811938876900 -23.181575535608374
8.224121970835446 -29.934551822497131
6.755827561126615 0.414359006247032
44.468886603570752 12.384171454730057
0.335306494859874 -28.451271500033066
30.731444311893686 14.045303276443244
7.313603990678264 8.171111560701165
63.063937955469093 34.110051371722840
-11.970846964269890 3.789822020237879
68.132413076638272 37.340394151028313
-8.230303439732321 9.671083201290520
-5.637438031639104 48.486494784609604
-34.293623971879249 -3.265155212581602
-22.242375298468598 -12.120774730500834
47.855013066637873 12.361333676708423
39.152212688386619 7.761679293610740
0.123361442519290 -34.487373345113632
-13.945621411232310 10.741601826620997
52.506797505992509 1.263221176791409
3.228827621072531 -15.079860192200760
-8.143879090673355 16.551063007345324
-11.483740956166017 12.865716104278912
-23.816594685405715 0.890599994956103
26.629671413719791 39.423952741042214
43.038462786576851 -10.028274992460533
14.707567703602994 -14.083602481487597
-6.201607095139469 36.931786705942912
-2.775622523946514 0.063298689476127
33.187923519730163 -2.694288130333828
-6.238725821292915 4.520877534972320
36.904642487967969 -44.711366097467305
16.217462223648383 -12.518828877583234
42.923158133373832 16.065926250226369
-18.246581586846084 6.944270647694744
-8.143321402166535 -5.076937788302048
-42.406861337914187 13.533463780580208
-5.731203224120950 -35.507895554052148
57.420576608739921 1.005599672792460
19.913447342716061 6.403785190555256
36.265916062806440 82.394045435631725
7.240988927382394 -0.788519767669121
-12.549034708812934 47.447772854888861
23.142532371023460 64.995345696421523
2.020023458682489 -10.445476173658273
-1.076193928553321 -22.718184681250566
10.690804715979612 22.544585220706104
16.971419401168621 30.260796121131783
-36.667370794106027 -5.138441949811250
7.234393609405973 6.933582887788667
-8.825291899470532 4.803966237218829
-24.030402471763949 10.317848500706853
16.600931716546629 25.735293409223594
-28.752335698286789 58.239880899958443
9.691930679310710 3.021689724787499
11.539554426744123 -64.082645195987453
-3.558241392785096 14.445261862593595
2.772695400872784 15.695874576316919
45.997933501887736 6.821891995859873
4.457054708355065 -4.879916804624440
-24.992915147437948 -27.160062697370602
15.969109449854072 9.837243869929404
25.168358263337701 -1.973814736863352
-10.538539974010268 -26.098670868257610
-41.487071521793830 4.839172284243204
-51.359434703744739 19.825995887433908
25.746578453552626 -29.609835998297083
-0.586808981639187 40.816204420624807
21.905906624344460 28.552502613081927
-53.773844333777696 -6.642438564462696
-46.563345387445324 34.783316382888763
-8.412147582953985 20.646041676914791
5.957355380769166 -16.754700698095583
-15.839414302407032 11.349954058109232
5.980071791125265 0.784803907477674
-9.047231876642080 -17.861763433771696
-6.165324353205579 34.388441504895582
-22.176192313852312 -1.621502970620552
10.929539897580973 -13.959893048809544
21.956126318949607 11.721983793795628
9.014836769844297 0.670061546186391
-16.643446031303682 -1.900859981256102
-0.204541298698053 -13.825533821752693
-49.430622089574051 -11.720105251009501
-10.765849827483711 -31.471365215908168
-1.848813933081223 4.978768307238434
-16.979396096878752 -4.872570933529046
8.975639352881901 -1.164196609067147
-15.438305280910448 38.411047324469664
31.710846148781716 -13.257813567689219
-47.584666206409537 25.955583644278732
0.962766739353989 6.735610588145282
47.439413856278243 -22.639071811206531
-9.725055468824195 19.821493352338575
11.720618498631762 21.484861908754603
3.135370665070962 -29.481647988151266
-25.097690421722810 43.285978684502410
36.905375447444698 -65.220958595450853
-4.682693831675095 51.254651668990761
-34.353639783421436 16.372109409232625
33.462254129220639 -3.744971314675051
-5.926270283878836 -10.995364300306317
-9.768669979945246 17.155603046933464
17.087297155051864 29.431016230002200
-2.174802620378732 19.592609901653034
-5.855445031375528 -0.868279265529194
32.531788337423563 -6.094781154417355
-69.033508785580267 23.827761276532229
-13.284747872642143 -49.645439535950160
16.406423489567569 12.000827582304769
-9.750973728657760 -13.148801514073385
1.683940352779069 -0.535749910422100
8.565974085024594 -18.936690048972277
18.497092909746993 38.491675567066238
19.029971636934611 12.274113643720169
-14.934645787058338 -31.357807182885455
-16.565436026306450 15.922944728731464
5.655462064691321 21.379178398230831
-10.884274220896488 -38.248693833735658
-3.352403321625996 5.801495658404527
6.157087991012888 -43.782481259079916
-9.752745559691643 -0.693590555850845
-1.595629367047554 -63.461741177238054
12.542322921326603 22.098688932858842
8.969723788953052 36.516956495371794
19.440222762040666 -4.023588592594226
15.409733422848372 32.691395622950452
16.378105620975990 -36.651644748046827
-11.626469670208889 -11.977065964219708
10.759042312861965 -25.170448212930463
-44.251311464222724 -7.743443724663588
-13.312939253449288 -1.604722039643088
-25.865881323182577 -11.729440708772511
6.688139544793812 12.757461000191649
-10.201093999732164 30.687389162910357
64.388337114834783 -55.287078746727502
-24.575031129525964 -36.279221835952328
19.553418088066941 -8.088659624402622
-2.056187743849896 -22.285698605932176
-14.568401705021138 -14.020061454216384
-18.381554660967122 61.180772240633544
-31.094849903456051 3.510135933055667
-21.874482626893826 -24.599388138348136
-8.459089646585127 20.784935648255178
-49.621581862991164 1.432398159043154
12.932015455930793 -17.190715346008744
17.271757030436742 -17.636043109119260
11.271214877208649 -26.664293370633299
4.040131154013740 -3.888810215863459
21.080792972544522 10.099775300672775
-35.184867293026841 -22.250218231354122
22.712505308129106 11.302269491271028
-22.386791499376901 -1.732925135030596
57.014206989611978 3.309384072090110
8.821399678407788 13.024119240249117
31.585996954014391 -41.680223096734913
16.838254721447644 49.213564264157561
-42.176256441951992 -29.023694554001871
-5.975870597574019 4.667134087582512
34.559084398918976 25.575076670972670
6.930999877115776 -19.772880241319839
2.394645011963207 -35.988409957664402
-20.535020386582588 -13.291188388920977
2.884578437688441 -25.431647329282711
5.599282288649658 35.990571817025561
58.400950909394119 18.479624226565047
-22.523861363231912 49.908696310149445
11.897471133444887 10.207511722613102
13.456741609739860 -0.691409581971578
-35.624035479609994 -26.627507500770896
7.319629558354467 19.637195459856148
-32.581214208990552 20.486199416540934
13.201088896911784 -23.034618031305047
-19.864821195745485 2.684396176424819
6.993780322560734 -25.373220733507075
-3.756061121182663 38.943131068358795
32.129153965761951 -23.106155590586912
-32.110928057100054 23.837479245525302
0.962526052577403 34.592135207786427
-5.004102458269527 20.954118090363632
0.425892589217015 -44.949701263223176
-43.647852557107989 -30.588433262160404
-8.661112423546927 -41.225890411473401
25.059902967115519 -72.687698953927168
-3.410977690345194 1.561369807700734
-4.601816490557601 22.544738830701011
29.177378399124372 -5.553438206512626
-44.506496796845511 9.869620911864022
1.185774067893932 57.507708128331025
-56.615925734080783 -15.578548442252641
0.947232531867824 40.446816872936189
10.713435133582017 -34.639659946994243
9.728988500496714 0.842748033161799
5.089398166130325 -0.474950041220501
23.404183876314892 19.440178382059365
-29.580288470611126 21.471494491874566
40.530262280230311 4.717889469223513
-28.739039564811254 -37.723193225248615
-40.382613674372919 -6.918669459857905
16.028142745239258 -59.445958484296405
42.231037694128119 -18.088331163539543
25.579677994271076 -17.059539901453135
43.856850473258881 1.795208301734760
43.513116116828549 -13.981883157699638
-21.574595626696603 10.595057779535317
-24.127013584327997 34.497612790442808
37.440496698853579 -7.868525805848506
21.585178794048193 17.617149534261362
12.460243202078141 12.418701649133402
-16.849008814541236 -7.712918394601726
-5.351705019260248 -7.552399480223845
15.268064741084181 5.885758408030051
27.295528153724483 15.446340449409544
-12.494951368182567 -4.133913619959312
