0.000000000000000 0.000000000000000
0.000000000000000 0.000000000000000
17.880106533286831 0.000000000000000
3.200325057454371 0.000000000000000
62.038217312431392 0.000000000000000
4.720676651839645 0.000000000000000
-38.716361714886844 0.000000000000000
-18.128068100118163 0.000000000000000
19.326710555182768 0.000000000000000
51.926850273593537 0.000000000000000
8.768571217202959 0.000000000000000
-6.474218228170214 0.000000000000000
25.392386005497734 0.000000000000000
10.291087984736320 0.000000000000000
5.252002302783339 0.000000000000000
-5.956953410118540 0.000000000000000
49.870121786670460 0.000000000000000
-37.366800898674391 0.000000000000000
7.977306179070189 0.000000000000000
19.771488691259972 0.000000000000000
-17.593346833096579 0.000000000000000
-26.288587991735110 0.000000000000000
27.910346973919584 0.000000000000000
0.735205665812625 0.000000000000000
-5.258118183486928 0.000000000000000
-36.636227403845162 0.000000000000000
71.090116202367568 0.000000000000000
-39.827395334403157 0.000000000000000
13.317952369355568 0.000000000000000
-14.834837526952361 0.000000000000000
-14.906333187787489 0.000000000000000
59.148035414840088 0.000000000000000
42.096189486152468 0.000000000000000
-35.237436849080858 0.000000000000000
-1.742863766945417 0.000000000000000
-0.176953131084485 0.000000000000000
-36.653701354276301 0.000000000000000
57.541453230442897 0.000000000000000
7.343412192214054 0.000000000000000
-82.535172912954081 0.000000000000000
-2.270768901917127 0.000000000000000
37.941053568926840 0.000000000000000
-3.543306364853221 0.000000000000000
-62.418384096325887 0.000000000000000
22.548356968265967 0.000000000000000
17.046741425481720 0.000000000000000
45.642228707331832 0.000000000000000
49.046341941628107 0.000000000000000
36.263151035096591 0.000000000000000
16.824902539567109 0.000000000000000
-2.522380674384847 0.000000000000000
0.000000000000000 0.000000000000000
-4.779917149465446 6.157975526925197
-59.766195422387021 -27.314777465868641
-10.461686461229137 -13.708942761340367
0.120526843883239 -19.515727334948757
-15.233064974464956 -1.415271488947716
-30.239460376039709 4.519181636108219
-15.254853688554769 12.591768344036854
14.748153075331505 -39.576721604385384
18.662029662194776 14.349888137625102
4.396994439999709 -0.316311865545628
-3.144927272410139 37.992280094221620
25.278187500756005 -1.260242642938481
-19.431782621036902 -16.183178734733477
3.698567020302060 -34.590173442267648
-14.159979185524593 8.063453295724532
-12.947624336957579 -7.859047459000089
24.873178202952896 -40.696089065867831
29.920984377352486 -33.060229671650546
32.581619271189574 -26.179231963934711
-18.899407310882804 16.482872794722592
-33.912503982916029 -3.656626766628104
5.683298617215446 -9.740504025503052
-7.529359895473401 8.321345197637047
1.984716229371773 31.571593983042124
-2.701116838543973 -17.854366314552141
-52.445510073816116 19.643922337904588
36.219196232563583 -30.063164546868595
-19.957012329891203 27.101365827904015
31.602170062832116 6.424761854294554
-9.902078201711404 30.099497775739781
3.889005642455948 -18.551033278289061
10.642755862519797 24.761523235992613
-32.245800955517076 -17.178648184798821
-4.888663635836293 15.504680986865413
-27.888890704643362 9.962065882838999
-23.025913110639923 -37.027361476848760
37.222775535423949 29.557485724937795
-13.305565093776302 -18.676173292142096
-7.926776029195640 -16.073300446304632
-10.543540641409512 47.718851533000077
0.541929943047962 -8.848608894172440
-9.518121778727663 51.160199745209674
4.240145571503512 33.677596954582839
0.184782669009573 18.666601167460470
-2.312651920317167 -1.490240696590816
14.786805700747186 38.259699944227897
22.470953401957836 -2.142041475343730
35.786065894793879 13.188783223839541
21.912473512426502 -3.896510831990534
-39.267279513102636 -2.051934376181068
2.373211303217232 -36.152092900899156
-4.982333468450578 -16.680237745250398
-14.248338625762932 -16.476705420526329
-19.020503559428786 -32.855922145357134
-8.652775079920120 8.979374756401752
-6.846311814025538 -8.163323821466154
-1.826541737300951 -35.541987924433506
25.697657761812721 11.105041162062031
-20.849679915624883 -3.497870211324351
-33.536315282629538 0.032979036705498
21.865955122066435 -24.094114405783248
30.332250241928143 33.255507345817044
6.736404773601132 46.097821963454969
19.842715466550224 48.921086343213986
19.210206334937823 -27.920611568437508
-14.066042365726220 11.526532643382037
-11.157152485128869 -28.738772418847994
-4.702679200375112 -7.874268914424642
7.870969042628356 36.933531773179105
-2.407540389635801 -4.588597239887818
-0.966252234295878 -5.503644298426495
18.632682663776137 -13.198053877987030
-25.498017998341393 28.581664646616300
16.721548665767372 -37.526221031137773
-2.575688437385495 0.931361644926016
33.678306857413226 -24.834175594711095
-35.763561241684876 11.642344666050846
-11.864798893147073 21.934715910954562
0.320784182893847 14.720997592266018
4.814509658850809 5.080651871023854
-33.701224026605765 -69.528721109736736
-13.535623933155282 -13.508645079784177
-2.141632251596971 3.320344735430198
8.331715143179778 -18.398995542082282
-16.731512109045681 4.426555682144333
-11.450442852282350 -67.872105113406064
-0.903527635709813 16.488522229004964
-0.356914412737925 4.781513236721064
-9.307059986480537 2.566263833607119
16.578562292767185 -3.038070129439742
29.238659906483445 10.973380554146219
32.067814019417952 17.755349547499346
19.171551608559813 -6.008339594899102
-28.364773664445103 17.655649325563942
-7.626358996864052 -24.981723076646976
-10.730918075070937 -66.202173419687639
16.300317779527564 12.401719773122766
37.194625241098080 38.104795661713567
47.900349906983571 17.564416799173742
12.640461809022314 23.093072513811748
-12.526834685191984 -39.168049454433138
-22.803125583473914 -5.288152897833540
6.859631531181856 34.525663922544382
11.341050661658265 22.968671903155645
27.060126173334904 -30.429000555088777
-23.670829933211781 7.208670120808878
23.875415290069814 0.642488400390147
22.022310675412093 -18.271995177850194
-5.496988989841247 3.017038291907407
-27.209768514570204 19.452446134806628
-18.014621242761972 -9.043751543011634
12.612642109362309 31.474093617148089
-29.181685477249921 -29.771383434635105
-3.791502820955050 -40.880432954514767
-52.455950271692281 0.908119659915988
12.109088078272281 -22.132295859505181
33.859725094338160 -10.578416814158464
5.417908123301101 -52.870700120192161
25.551758992272966 -3.351013371595659
32.232020717878314 12.420223723119534
-7.582135726607160 -22.872074813879898
26.717048164952310 25.129369374488522
10.049120318126867 -23.078336622654312
-22.227007561034714 4.772896028462583
7.422659371251850 -9.136015428500707
-6.825998100583440 3.530210583065802
-20.023156428726981 -1.214760979972613
9.455582314915132 8.818819564008468
13.255283550472434 -1.015221705209908
2.508192104172132 -33.865276201401585
-51.799757052945793 -9.073722076741321
-23.452954129032470 21.954012093318315
-24.799074689241397 -58.094224811268838
-37.082047135645062 -4.360984316522616
44.364075861774012 26.774662880145691
-22.340929329342760 20.897977330719357
-17.524867614091203 20.504851573343007
2.845631235857725 -0.804914481538483
23.537887851358981 -28.639979672607630
2.642468890933348 -25.272164429757208
10.036882053662360 0.820395208813590
-29.984710020695495 -0.334504041459068
10.155593353301539 -19.262683303214843
0.016832730825941 -21.612612546215772
10.485361576010947 -15.044018103521758
6.463414169173112 37.616015042997503
10.454732757075927 -10.565946440166670
-5.831472809217038 12.769014979769555
-33.047382730881957 -18.040089330354309
-32.228539639958534 -1.137300882119126
-28.920006950758065 32.431396262784247
-26.690184280924463 9.121161606767188
50.685335000166326 -0.906980911595085
20.035342579258742 1.213422716689266
0.053227132989509 19.344073503133295
10.442954700276177 -2.349151156516703
29.265951418804821 11.181801589981069
-32.346515021407292 -8.495243429104843
45.488847767184637 23.904199540253376
-1.232204324257919 -36.816085381755528
8.581720741919865 14.003489286298453
-25.921372246402207 17.194491838335082
1.925389800233941 29.664921587639899
28.937110101329829 15.597700952552071
50.129599209573946 -27.931910257915430
22.204948732509479 -15.821989852915607
37.499120824353319 2.929239962696554
13.459147599182163 -27.688486728766566
-4.903733592900724 -13.334045314792798
-21.317969131297794 42.051150516853369
37.687531562074547 47.382568493447501
-23.894026413613290 8.595103417514849
11.688257113659869 20.080807498005196
-25.415027761132283 -30.249099652972244
-49.149774010476840 -33.504143923926378
28.767559627156416 -70.039089554412996
-16.244671682598536 19.529158818977351
2.211452067584901 -2.397211846936963
11.999550744121921 3.150606176519905
-16.953165417288535 -21.264491893335236
-8.450962288085140 -30.634031119887894
-21.250367264697680 26.278432968009433
45.665923847658028 -7.534717227220300
-0.039822848519266 -7.470172016150491
17.591647453354035 11.710743596588978
8.743903748638878 16.440238557157095
-16.826560365559196 -28.134756006703117
-39.976447925776711 -11.466367777352461
-7.741651045510288 -3.217723082970177
21.724675795871057 9.947808942225693
-10.793842223873309 -46.573461740674048
-15.433352822422789 48.601285190451648
-0.589259842698147 2.861082191032450
-8.707172500936599 -25.620579260795921
-11.080412850313374 9.260419447590628
-1.158331762068846 -10.997358923108166
4.393283985697159 -65.507208721317781
-7.406812434628366 14.470554454341702
4.927612380928299 -14.638805612504854
-17.832198051786968 14.487769850106069
23.156020968879950 26.024510488056766
-9.769059124661952 45.026959169331903
5.240540661870083 -0.871727305928558
-60.169028753429146 14.163920158240298
30.142878276134621 -4.214744421849146
9.281140831929866 -3.932995856283554
-2.119207873805208 -12.980339438280946
-22.266992699909142 -1.772898897765294
49.668982838803956 24.627672466768001
32.695348472872084 12.122953015404329
-0.467156123687914 -15.407437246476913
-6.456146501491098 10.375591548660722
34.506848058212825 1.584509005885722
17.183962168659836 -37.546991134799001
17.773005636540844 8.896212592798728
-13.045404248289994 -40.228805615601701
38.574008691824623 10.138091592936581
-14.285466818100449 -5.360151829039765
-20.739988196769634 -48.057480308167669
-24.297417871988824 -1.849755278831110
10.223133814290419 38.083175879108026
-7.695936372612040 28.023001781715212
30.082633087599429 42.571411891186081
-17.153204767698206 -70.376598045041206
3.756441880949113 -0.191433047085550
13.777279439164873 10.211068303884529
12.315751079158334 6.182455863666327
-7.889268034725112 12.670341367638397
17.672129220736810 0.788207747268450
37.749253503142299 14.662908177705976
6.398777581987450 1.502839598499472
-9.702293100002796 31.799782945359912
-4.702533554361581 -8.236515091002659
-10.992471941619565 30.918226795834329
16.521460682048865 12.325360317640481
36.251548926097300 -31.065388661646484
-13.869466434970567 26.326750643947637
60.035910863352839 2.371666640110995
5.009916055928129 -18.328900153766657
-13.611779160182619 16.426117529073178
3.154865215116061 41.645677958313058
18.575115367056839 11.960217737794515
-28.303133899036471 -18.237417049186966
22.604938249752760 -7.967198203258698
41.012695737715042 21.076323453899469
27.961431157259742 -12.302271024024268
-19.719894417903653 23.302612274757557
-7.655148348621213 -18.995450143985845
15.799745460795295 -30.515381998641629
2.773029199727466 -21.627428777739254
-16.833853142787724 -53.563882836507190
-14.053650331755971 -23.564806708677942
-8.111665942246756 3.911284304249433
7.408216180276294 -25.339458976266176
1.270830416283618 14.695417882613180
-6.896128230144765 -3.920217252374065
-3.441514927325688 22.987819525864378
4.047745271469389 42.069170568459555
-22.527504734996963 -21.595314520028428
23.177166128999065 11.268331521770971
1.112153956850551 -17.808007437447628
2.298277730585816 18.278198487847025
12.229134574653996 20.197313059416533
30.315148761575191 -2.762757042494033
-25.674891841798871 -75.694282428073521
-58.350393725473907 37.146953018262195
34.647927936209229 -18.821729529376107
22.700304989261703 0.264669617541715
-32.967350793457364 -15.993513454283002
25.424195471186067 -11.769425104719311
13.041270879596052 -32.805638242296226
-9.301744781116696 2.514301140267082
1.592949082045333 52.790563898765654
-15.014765211122754 -57.424840561476579
6.685114715519870 -14.755221134482300
32.651506634065896 -33.812428285726604
62.241715515815955 21.334447296552554
7.969541372601610 22.097195128454832
4.936032631487529 12.761135372727020
-18.171659811816749 -0.851614334900091
-18.304811817135480 -42.871475362641263
-35.606320216954089 3.089423278208182
-3.051067048433149 0.395883991673117
19.004454411899527 -24.026872928247879
19.189919539428768 56.391946646719106
2.484060642566557 5.253498960310702
-45.139953875949182 1.741720413123107
-0.502512559244757 2.791003560550311
-32.769882884289643 -16.948534811045498
5.958842186437869 4.018118255149393
-14.987440238753614 14.646834434461633
-32.443917009822471 -5.730360637771073
-38.144855989667505 10.142690125036342
-3.166562471434376 13.072903177214823
-16.725603880562929 21.085780473086135
5.758006363443969 -11.212010135844659
18.101579752174835 -5.742122068994004
13.369899723884673 -1.666433061564585
4.801507112529090 0.604302286629788
36.110648422466475 1.755265560219181
40.434730467673944 6.788309364866974
29.812766740152806 -17.764794269938960
5.055690812965209 46.286244845568099
18.651959917132931 34.466192422033942
31.424413576486977 5.981178884668187
-4.183971400801020 -4.208268791001974
5.255240818263751 25.454874289745966
13.861100345539796 15.997820727625252
-1.403156364581601 -40.034733050915897
3.313517046266595 28.295183174322315
-24.293002212800303 -27.901065703361702
-24.954512834065692 -16.462975441462920
-1.323257063786977 -23.204747171358335
-41.000689761733589 7.269730597420735
-11.733503565429857 4.917262715087253
-8.321721181322090 25.048885423342789
-16.953287853604706 27.321415342525970
-5.252699052593940 -17.254761876775358
-20.787760044590378 43.984216253571930
23.935575944779359 -9.552937565826133
21.048208368448343 23.088497902311012
3.927670729025218 -13.967511994607905
5.477015516439888 0.999886383810886
-1.224823148815374 -13.634100366192156
-58.724632632006006 -9.072061813762044
-18.802252721347006 -38.222334583057560
25.351375141986900 -27.916698088685965
6.285151606409769 -38.781108560820158
-16.263735713896800 -28.986269606268319
-2.451140728971780 32.527388037818113
32.762400087996966 2.744676811743407
-42.250348713700852 -16.844683309958700
-6.803120827236911 11.774433484159172
-12.796286625154355 32.050648335252987
-11.095902522349167 4.311127092435571
-18.493485103067460 0.289305533993571
28.234501179539585 16.323685518743670
-28.928904377542494 -0.193285466053089
-0.909062284814615 -11.310219396663724
-0.637385749739963 -62.598281027427447
16.945139153178800 40.714822774488752
21.371491313706283 -32.145197707904615
-13.828865406446614 -12.212109350791028
16.054027703045506 7.448048346635646
36.457926247639875 -21.457814395213084
4.853003998955661 -24.777341500559114
1.872090569941995 -4.255302399466045
-12.659282626499765 36.761750359063257
7.543189084037809 -4.384605963839315
-16.173330366077288 36.642519266468760
-30.257172395675550 40.734794249099977
-0.469626912040747 -18.845398295614480
29.682167268292854 -17.113160839126298
-19.638013253776318 11.076319104407236
-27.067744947919028 -16.096183544527175
49.452855940710592 -25.802548788903195
50.365444541384875 -43.037193760207913
24.287506365229532 13.586033934658092
-17.697649198120999 1.733122806041289
4.836761420386590 -11.634276748919721
-20.884616579212139 18.031190601105855
-51.574066206755994 -7.451084090296181
36.707085184004548 -1.927665999883738
-14.975253740394967 31.387819626249254
31.136431396914041 18.038146589703906
31.502140342132204 8.975662079818429
6.818602812246735 43.996224679308440
-35.094267739345760 21.467191349692246
-10.695293975217583 -1.269736466648150
-12.369538922153751 6.443388583842508
32.096705922013804 21.405469511270205
-34.681614295677576 20.071084298775059
-4.849822574665858 -0.440566078945503
40.727025469922140 22.096637261142412
-7.796961008692722 13.024022354363550
2.513251161301686 -18.013464921927788
-3.260309511457684 -0.848875974652979
-19.816254450646692 40.608215321363296
34.917507703520556 2.471211994578499
13.384369262431592 -11.474218724893857
9.516391626023307 -32.483367480756328
-16.551526610359467 6.841438720919533
-21.757446020497838 -57.000673348215152
6.346171027556052 9.564686485802103
38.159631264666345 -7.582173172423042
27.634004335984805 9.351691042879938
-12.356439380866396 0.825463874410422
-19.583756272523839 -33.840126182541717
16.497816177699050 -6.426651158472988
21.152074036523761 34.740906156761241
4.187461261009467 -12.442748561043619
2.747524612220316 22.237505858682876
-31.650436830843898 30.657411221220993
38.632397717588866 38.488400983583439
40.298594682494304 4.695012482928565
-13.138491158681379 1.192023406091359
-22.635226500978057 31.031033073360749
16.498617091344975 4.683827328596624
17.755851367615787 -13.270095538694576
-48.616636662465034 -13.468200711307563
-36.107616050772734 -12.126933583688027
51.596564135567434 5.759061792983000
-1.187087668322801 -19.930132795717878
0.333210655168260 -1.294948003693603
9.592702296107850 3.318009835190957
-14.422507238182067 -26.230728344822186
8.134788224258624 -10.625045449634040
41.339591399921311 -31.034028715388423
1.553881803275985 10.157395254845058
-33.425200900024585 11.452457776523000
-12.472156829463419 25.507573038485088
13.757840194697698 17.052147202475759
85.063583891788909 19.019275897668372
17.820500845160463 -42.353637124525271
-25.189903884250562 13.296823183721239
2.670316903918141 -0.539872687289417
-19.854730189265094 24.705283155029683
42.889742324666109 -3.700916066870317
-5.443127079533734 -13.555319466109275
42.284771993700161 10.682374002650695
28.047921014236209 12.360737704032500
-18.246451841852313 34.024970850894974
-9.834244286400757 20.508001078200710
1.562668724617260 -24.645726217735163
-5.969318997496471 14.933738110601745
19.107652983187588 20.246811479866832
-0.140767900055810 28.122484675293048
-12.543573935887643 -28.284415929202726
10.542186825228265 -1.173289024276077
-7.980084199905682 -14.244515389871953
-17.014122532292472 27.367032258356723
-6.729686932280475 10.275226907907218
13.297863896999553 -37.772602706658603
25.711181834132184 20.597677979014488
22.590187571608027 0.443962493599838
-15.397495247052122 -35.472378252615727
-19.634070866900249 37.784676807290957
-6.128246806188934 33.514792418679278
-21.597580374918476 31.612548557615753
24.464175057878759 2.652838186821390
-10.360370608886155 6.257403400268027
-2.485671303578247 -27.109391260678816
29.951721806365978 49.164794670579418
2.773034280591404 -5.775240785767921
5.740379546566225 6.755743101280197
10.220830424429110 13.145250787302516
-10.259881939737046 -0.755220702734991
-37.312771982331761 24.598485657874051
4.185656316725238 39.924440620464871
-35.664775973932834 6.232357694459456
72.976720836325910 34.586812918100719
-1.326354082966822 -28.258473089032396
-49.516451823980759 -14.763217412186446
-28.039455264589826 -28.300584031942790
0.136833039058827 -4.576951464027386
2.077701803790700 1.667093148784515
4.209378450259579 32.159100856663521
16.513766366910364 0.051366626008507
6.631472214182383 -15.004537790874240
17.765304929198077 -44.312099426984190
8.627786925100944 -7.128703666130066
27.748002838752075 21.041325475109950
-19.150482799539294 22.335033135737984
-16.605585005414355 9.665693076743556
5.565993189728987 13.901689795250485
5.856032455921220 -3.020435516489605
22.950153452999899 -3.627853808481936
12.610678784840307 7.176686016398488
16.684329890636135 -5.129604821704763
27.962521703848044 1.673862186975419
3.282787228359159 39.240596201210714
-26.567591577995071 -6.979763928943997
10.009934025198485 28.564191275494139
13.332742582342641 4.083444128795049
-12.567107152689173 -7.944834358353991
-18.607770379335740 -3.709493180058069
56.629522231563300 -7.732170965705995
-49.748992472803351 -13.204544819426848
59.088613076155404 0.452783287637407
-1.666005288497613 -12.398903462554076
24.507458122114361 62.518238685436145
22.035102469879508 -30.614469577572379
14.778364010606424 27.717752371431803
-8.163936239716826 13.814876635949604
13.306105636252074 55.957689609936786
-19.500706821111251 57.931910213937918
-41.698951630167876 16.949927425485555
48.922562876670838 -24.826049476206261
0.284025477474680 36.596972817862003
14.355712940596158 -24.037152611507310
-2.647094985915524 -9.106566625932938
-49.419727609570771 14.316401996057943
6.145618160780422 4.142450623014100
33.103933919638074 -4.093968240498579
16.398120088603282 -22.079280935937259
1.848047294918824 28.317214977427955
0.019425039785900 36.104998733581624
10.332554834917113 1.892687792017115
-22.470235625817708 9.660070988817919
-6.253885444142125 -19.828895229346607
-10.502178420168425 -13.801210783338986
-18.856406958171966 -6.743100629752870
-4.445452884799765 -10.198827532431784
-25.784926812067628 -1.888941862693396
-16.522323389420297 29.998865972292457
-8.863101841752139 -26.643060600343155
1.598807846706052 -18.833818425798345
-1.524431994071139 7.986356149960599
16.936024097497381 17.184759783111677
16.401503454181430 -41.827619491403460
21.232751385591897 11.819969622273398
1.184260611959245 5.649851110877427
-36.349754953407228 -61.961322594553572
-28.178208183141670 33.119556662973267
21.888130677932875 11.920633307790476
-59.572618801508838 -23.335962480459916
-2.759340551821833 -23.449945194444503
33.916032058296665 -22.530820658134871
7.461332848854201 3.907778814777694
47.517069818404366 -0.595364003933931
3.416621244575138 34.963680646728626
20.699686378866627 -11.568329400372328
46.540038173648213 20.735928428293047
55.887972783249374 -14.569012814759592
14.437955083028905 2.773850754629285
-1.978854066517224 25.337905887959245
-9.808968321764548 -8.448332108698310
26.408546530725939 -24.172957283344708
-43.222091487614279 -1.597447477210161
29.336025943843289 25.097205328954281
-0.243657300946481 28.530233498846354
20.900268730165202 -13.234439384213132
6.917267679074061 -73.603663655400183
-2.833647167160999 -16.112742755968799
11.211328598718064 11.377545199892358
-29.610053484884705 -7.240979323137826
-35.467281824422514 27.686757330133968
-11.347329722605391 34.402228168091348
24.336665318926983 -15.145422839238567
-8.727402924698305 24.791105049861482
22.634692067596156 6.558092845904222
-7.211206906851183 -5.877087695512771
-33.692070993953315 9.647818490557695
0.456464449188087 25.963981340742652
-12.904893016429323 5.192976118476221
-4.833064781994156 17.664381496814148
32.971986149295084 -8.792471568525933
-9.918397170876101 45.368509170320429
-1.028954773104554 17.095486432784025
-14.426535704875434 -25.378683008348645
-12.749153732253903 6.495552166525714
5.646611757407396 15.873992302236719
13.718883293960095 10.166712189389838
4.430930498627792 -4.626276880332772
-22.170903731855628 -8.093243502542489
8.593663679667163 -32.040434331737167
-13.265246190318324 -1.535080622421573
16.870705474213796 16.656924576775729
28.694728799449695 -11.856905716213763
-2.277999581243433 -49.682743442695347
12.400996196348466 63.510252107218491
-4.991593801012473 4.230463246338948
-18.078976340055867 8.090594982693931
-22.005628163088279 3.893758369091830
-20.270889037732399 -52.139119136686844
-43.043165370220812 -30.107075280785253
-20.873478611142936 8.221955926708921
-12.177586786364859 -47.914492546371818
5.390198931267174 -11.136264916468630
-73.110554792920297 20.430725197423953
-0.710881728003188 -23.074364205903130
-19.113121973372667 -40.830693360081618
-12.124285565001681 2.965463078612236
35.335236001889605 18.683080008792700
41.385057489518012 20.806582053849841
17.760410137399550 -14.912850110700269
34.866504755574304 -10.095627462925428
-18.666973024315716 14.923803143128984
7.281774802678549 13.858940010697786
26.358745149903275 -2.364949598457522
-16.003903656600318 -10.318102398410858
-3.554742086053689 -42.070162093143573
-10.528998480867330 -6.172692969521219
12.756410892360437 -3.244466294967530
20.152683073555391 -6.278350216864043
-12.094807632802858 14.242051252350189
7.707779943055774 -21.399976061099142
0.719938956044496 7.785438260771409
-14.314386653340751 -13.307597828043585
7.616505623953136 19.840248744755918
-21.980728210688710 -4.708615508425209
5.403676994238291 -4.182824578403802
21.716203357489157 -13.538774772703665
7.024547317830129 1.682084646087476
-22.508660018780933 6.139586109984115
-81.899234233888052 43.626535542548240
37.703755697591468 67.320942469369186
-1.736655260695112 10.480785224703506
-0.562381956480517 -22.229002803883454
-76.354574197614795 16.617785456970029
-14.309108399820259 2.676099627380658
29.202984828615065 -56.310995462286762
7.212906966249467 -19.522116410470389
-36.214699748022333 22.186284695628405
-2.630217988569516 15.591484731839596
42.941936607407285 -22.353817300108755
9.156363450326374 -57.563600616041342
-5.056102383876679 11.710213908454524
-41.457942363221235 -6.053787483477723
8.195536281895585 -5.153063853496382
-18.877966184147393 16.416840595047933
17.711443541438744 12.097435844142989
-1.563431791884699 -5.509942334621535
-2.337059292791340 1.477865311545983
-35.138516047603872 18.732253279251299
-7.367639803695588 33.528183970069847
-10.268511330577519 -19.174606980344883
36.203760501311137 -16.404996089642399
-10.024849570444808 13.260352443936611
-3.095825893432909 -17.264436837374216
12.095717112812320 -19.329163232432307
-2.717187690031166 44.190054507542897
-34.817197454335300 -17.015204322917075
-18.544145148551795 -24.617137732970598
-57.912467995759684 -2.653511139020287
-16.749752726860720 -8.635541055365637
-14.823259740967464 18.180267483444023
-3.240535030231543 45.493753723621481
-12.372998656016506 -26.535772546757908
-4.838919930943467 20.209588541704118
12.948188921351397 49.969243132138651
-13.774541292528498 11.105006806830744
5.266880424674500 -49.889873985550032
-44.928898873465727 14.218646862902375
-4.804400940121353 11.553415015040441
-5.172411701137408 -18.725624568091014
20.285906832554698 8.648593727069095
-6.976041474855287 0.135208698877880
11.349309437434147 -53.395794183820222
-9.619847074856265 24.437007862065382
4.992610556204159 2.069533501125509
35.955275597168246 -47.001430485372296
24.224055694809884 -5.002921377442033
19.852273314775431 -46.295566244875239
-41.574967290474156 -9.479754722712114
8.473344031658794 45.148454012341524
-44.856381217909444 -56.656627480464813
7.599888809031348 16.266701077184159
-22.745092826262351 27.392501998488186
-23.600981057837778 -0.642251393842742
-14.079651354468645 -9.113095985470785
28.379813299931829 7.443286542605772
5.770021471311989 -5.883541252212081
11.437842380137301 -12.016606534140106
-14.186463337870380 -7.909728632080864
34.339780482028182 -45.563308578771185
-5.512223223756910 27.057150363804965
11.572519349708214 -29.458368729306571
53.333277545050493 1.317720308113306
27.055260434815185 -16.905219262840340
15.814138225553593 33.085386866777753
-6.614213383282840 -23.792538870269837
-5.758731561214235 3.608924041755232
1.620740755768861 -3.329102314757272
-24.201575960040323 26.772001679729112
-49.456652142521662 19.117721741021647
13.622156308292018 5.235453895537666
19.860332474674411 -53.246005569106437
3.949198923502568 -11.174228618182031
-9.765026826701973 7.722726469017287
25.577821858194291 -7.999762540149050
-18.519511275989167 5.307690133660151
-9.846246873881761 -8.573322620671068
-21.717658191377875 35.277957850655994
38.046317224151210 15.536063078228191
19.093009924979611 3.552328688462253
-26.861372439679776 44.640970999606175
18.357977049526625 60.389379888885763
-5.956993922323485 19.117694298588560
-21.907760901315747 -31.801938311852073
4.646425693650658 0.101897202458669
33.830280268776406 -7.110468593470560
9.255559966080870 17.671577323132848
12.872448204015113 12.174001758644822
-19.908691657861983 20.635986203006070
-10.496461406537113 48.742273415092150
31.134719319033742 12.512718517301527
29.496174202232904 17.784327695762261
20.367195271658154 16.966769762155266
11.079290015430017 2.303047441676030
7.753699518162216 51.186475890088886
0.885449924582196 -31.620950157315384
-25.262059356972614 15.833107946437570
-35.089490732235681 -5.297484704437124
-19.473308570709158 -24.342959771738919
20.324955978134334 14.400673538310532
-11.868927587110511 10.293585467904480
-15.919949245518238 -39.193301313959381
-17.033979454303470 -8.730699908352408
-34.117200367077359 43.209216615508772
-12.593890555063714 3.455769562867873
-12.279597555347312 4.233141120761877
-30.753669378218270 -1.132646595842597
-0.325883327726662 -1.114283150086527
-33.966649660482098 20.440308348451655
-34.502644720766220 29.465175249636786
-34.659658455358461 -3.493867893690982
2.903760794449280 20.654739634654575
-16.137385396465767 48.799050027792013
-15.143893298148877 -12.104100729667286
-9.379110502096957 50.646568099648981
2.283815604381422 -16.599638272199513
10.144404881532832 2.311927983855735
32.489652050743487 56.506367648644435
41.375564738875688 -2.936400287789132
35.692027325510026 23.448675964575262
-3.610712218446862 14.728458362799875
-4.381068469440542 36.981735467299586
3.584242567550062 6.355493925730877
-25.284000697011074 18.834208708719746
-22.872922709781840 -45.220479802962771
-2.649666171117106 35.987043811062989
-0.463529115969248 -14.760121103803723
6.560558532597307 47.518906367773099
20.007264941885708 18.365425190853571
16.365606707530066 -5.441209422933796
20.637300407224298 2.077383978082613
-52.731181791366517 10.857195661236677
-1.920370494328719 -16.076902357638836
29.226569947559454 7.907695678627606
-18.879022674784625 1.343098472368279
-11.457888147960952 18.746377236052673
5.827160976753998 -72.625387836125952
29.959858028894942 -13.104696245969162
-9.731796753375727 14.711700805550805
-36.860921647713106 32.430217313331475
-2.707976810195156 56.280441676388769
-2.311600944601097 11.763029623759451
-1.280367646762708 -21.995553552447358
34.632793526129980 -37.794704013967163
15.004798620617132 -10.303652764737214
-22.884260047323004 -30.191587460458305
-50.472243465001178 16.081186432442003
-79.408299992579757 11.944439818443625
-33.563252436536921 2.960783033663741
53.358858856087657 -21.896777422369354
-25.986219049789845 32.235839849910441
14.687168271482257 6.467794820259253
-6.788275794288914 11.850224718007452
-0.783935908179448 36.439740286246582
8.490227658034341 -43.308724093024047
-7.932092010563933 42.986459807587309
20.735144124606546 -13.457083779058756
25.219039502247210 15.076056685357054
-18.010672377340022 -29.046634531412558
-22.386308361871070 -19.774942173376015
34.460574316879260 20.862817008500940
39.942805514632013 6.816302641264591
6.274476892532257 14.697609813395696
-11.210686684250186 38.664520244495677
16.287572889830550 -6.705145230162890
21.090738065142940 -47.086602208043182
17.317289780599683 16.566150508559065
-25.148327419571707 -25.630025950813845
2.980237716216050 -62.460988023491645
22.582364892279141 -21.604989411626072
-12.824057221278217 -9.466673578476524
-29.442089981310321 -41.492591779706331
-24.502657005555346 17.251396201197608
0.378799693163696 42.673676879474463
22.425235174256912 -9.336239026035637
27.340854089459228 6.420592118099919
3.473522668875042 -77.969087494172911
-47.993749458696307 -42.292134800775209
-8.120488984960339 -5.113753283040018
-16.898128880059932 -13.739593299799296
18.156224747839502 31.041237537990298
-7.536962731505771 -34.733225991216074
-12.263127953085403 23.962982173056258
23.384137429758471 -8.732285220731642
45.349620401241225 -4.263218012376323
-1.121738912555290 -0.375367828622105
-1.982216543349080 18.781583622012427
31.170795541877055 27.707176942938023
-0.049743317958620 6.534997309700230
-11.235147195488091 -16.286589922461655
-11.695911761254310 -7.831180729001407
22.063082540732815 33.936465331982710
-23.163024418032034 -13.340730692111402
-18.423601902139197 2.207509668785053
-4.541516551527518 78.899174945963296
-17.221089316250140 4.513973511916467
-28.557098447548981 -17.769937867973049
14.813240801576843 -0.455492839882007
21.638754940175712 -5.873184135052155
16.760989813985812 -23.486504633011076
-27.182196389621570 20.195303051461419
0.709082802763998 -36.084123082710043
0.569161940233849 -5.273167198678946
-16.988706540176988 -31.765960132249017
-4.761754036706876 -24.497252639693798
-14.655818095592464 -34.315152149237989
-32.015169626090106 -13.746854087176482
1.221605744360138 19.036630457897086
-24.049631224770220 -40.449798824956012
29.574210859630707 -30.171011930972941
15.679710205456971 7.704173617449314
11.271987724685754 -5.211354283399832
46.578583850442165 -35.014841900903136
7.067659292990237 -32.449478712102788
6.688748483751525 -4.021236700540578
-12.796754279995044 31.308048781117677
2.812674907821075 39.203533662342252
1.650638824089156 3.280265175987969
8.974558393729101 -50.766783532931029
10.517000521376312 -30.638068602975139
24.278338153466041 -3.293304679468723
7.975755475008716 36.241627189404014
25.542428982847238 8.993305339304161
0.288760558762511 -0.679139416686545
27.911886379759519 -21.920132724314840
-19.963920892813718 -53.623744439969713
-0.922054583084189 -5.714877845848001
-32.143669204049580 31.504434385143728
-16.936064009977621 13.630975688150208
-23.760033718126078 27.086691216081345
6.632218224440548 36.247308104028996
1.877540827017384 -16.720175217005291
-30.912700137043799 26.521410742569174
-39.121561861321304 2.825160692389002
9.056729138407320 8.925150774775732
-15.914559212428928 9.054617090867177
13.298876704270839 3.386316388297504
-43.365717623372852 2.671429603432547
17.808360710404049 -34.308654333399765
-21.349795583554293 -29.367094586479908
1.437576554196945 -28.925158298281310
12.324181416890333 45.193607994457679
24.395095808082282 -17.896499574704826
-45.823086677583262 -1.340220379700248
-28.070983296850446 -15.642631782740549
-32.916137916470795 8.103136668962353
17.985271114230091 -18.097918462097411
3.504791878100945 -15.332711272204868
1.220321333442672 6.253385274629353
-7.464147950718977 -35.101063078721083
43.852213595034407 -15.727206801849048
20.937871905328265 -20.068318364207915
-18.197064358279292 13.495825552907752
-3.197160962531054 -14.279799659562375
-27.784781534904624 4.600176316582246
1.351788476229506 -52.274964580177873
6.325459175996941 5.104736008598617
-4.481104907104434 -1.268700938571941
-35.566209018798318 -8.112673261045300
6.051482360837663 20.094997498644460
-13.334538619560515 -2.134863554533539
-15.062169776852226 -10.674722081555304
-5.768240721603957 3.333331509748558
-50.960343089720375 -33.869805338298669
-15.215763643456031 -23.850335688322062
21.556925973285704 13.469209898841569
-1.730498097962384 11.816560788628573
-12.367376561306626 2.039827797609140
36.731849981310063 23.013711828241778
-13.381854759160353 -19.658449890015280
29.691819113687838 22.980412580058257
-62.862257587033902 26.596054656085968
-11.586538155763000 15.765142357815499
35.018557825143063 -3.304199304459613
36.863296041923945 7.475782455417909
-13.256861323265435 7.094707422199979
11.611418918385374 3.424147516463917
38.922521872859576 -15.234583065246518
22.451144675467283 -7.174972465189996
6.393720311286991 -50.402055190404297
1.276292796391703 -12.027943806841815
-7.388245757777821 9.960624010439687
27.672268564491660 -36.570561608069390
-25.410248532739331 -12.197396222007269
20.557713248599317 19.575154188582442
-15.767049680134903 16.665312591756091
-19.733133114662014 -15.827606127596646
-36.570365236736706 4.689881985558661
-23.007526098115953 -11.939731254002503
-3.373283563370617 -15.013038128155411
-8.215825834841343 24.229574104572137
-20.530960083763404 3.617271660782184
2.116494553205665 -1.269103415550792
13.851494890791077 -21.742104862343773
-2.491127539800451 -10.982783329917870
42.830259810019584 1.471273842156329
-10.036694257850762 -42.241178132201462
-14.467481919457256 -16.561361512816092
51.553302112229744 -17.112341140840101
15.510335671987420 53.758410829089136
-9.047999530538821 25.488991945513760
56.616483707609433 41.683206616636809
43.212886777644897 43.646871514703584
-14.843250757920726 15.289386462985670
8.185286885713323 9.140301224694715
28.074038314283747 -3.362149639201488
14.271468597138664 -6.878672493090672
-15.144259412511499 2.261115283168083
-0.443809372216498 37.874221604345095
-10.561918431525047 30.738301044650608
-0.536148960852732 24.898095466101505
-22.441116752726529 -50.885913725545237
-22.655045361082774 16.662399569350136
28.330557870080479 13.207622319488554
30.007515193160508 -6.327135686015145
0.706522648514452 -17.629311428427716
0.169064130955659 1.656048695395680
51.329470744836193 -5.688033011441761
16.755348091044159 10.351674453597628
-40.090777926485906 -20.780545736609298
26.727843501329332 -20.773557065497716
12.836931004068420 -26.438309234307244
-21.543722895035422 4.363054492034514
-9.247684474798275 29.145253374483616
-5.140329453616544 75.509312454566341
-34.450288037545597 -12.919127191299612
-39.277190640790138 17.591016241137478
18.781345269820871 -53.220306616350229
-9.797607462948015 25.052216443138558
26.523373785712867 4.197832986594920
-32.964702011090736 -40.293005826298121
13.840262149860346 17.065236921447923
-53.152510944606270 -37.089634831047221
-47.260974807837243 21.719597319489200
22.579494437446829 -42.985635036246883
-76.347633521053965 5.295713008777122
32.711453543190409 -17.231316610199691
-38.422353666450093 -25.963563669693304
-10.430202811804191 19.262765265134956
-28.672585609587138 -15.667240451008835
-0.830191744402313 -30.456053143118666
22.218771886205317 -34.113378245683620
63.771567868026608 23.716189269649742
-25.918741886488128 16.863774401257619
-42.405149461999976 -7.653459553658698
-20.237470667177206 -16.274148042143228
-3.272260916014532 -43.089581811402873
40.374421834172672 53.537198318872726
12.173141464044045 1.023230227093130
39.014978745042825 21.681395447240661
49.096872720386934 71.629383949571078
-2.229813631525182 -21.707157152521550
-21.052288051987521 23.269272484387919
1.058768915989964 24.753856276241535
-11.041330649880072 15.959455942760016
1.151685934813909 -11.075848554601679
-53.367387847029065 26.830826302104757
38.458417069081442 -46.243041581872916
15.055623422249463 -23.539297442541695
3.511597382493850 2.817009132939956
-44.323981656884790 -35.920790840062359
9.869019190902440 -20.637108110406203
-24.404493789838646 -2.391106400304626
2.923765663638579 -1.132528660503476
-29.184824705843383 13.979807639552407
-9.776428120911575 2.975611720095213
45.866110034229223 -27.137376622675148
-13.475844903974851 34.749290697213382
-22.734423652871413 15.355168649687133
-37.538182511541592 -10.853669149229134
-8.751115097565108 -42.520824736107919
0.788318946115333 28.008709145254649
-26.620681598546394 -4.719639328782499
20.456378056420771 -2.190127197391729
-17.428657858605842 -13.694575140008769
16.249176452086644 -3.396566541851346
11.701424558798553 16.400016671557953
-28.259878994063996 -6.129571437005452
1.894014477491067 -22.024502041700213
10.419975093259948 33.282866107911481
6.492463779195205 33.749639267257415
-0.085157993831330 -22.438940677817751
-48.385671055446714 21.699413003541402
-25.663547308397305 1.419701304929550
-28.546143821884414 34.531404861685260
-43.081837445414770 -18.631708208727801
-2.751929684389533 -0.688005891039622
-13.553653104999073 -26.586550899177720
-6.522750754359063 -36.200923061268782
11.646224387479391 31.068122029305268
-32.164046181805311 17.522642919039470
-7.870179386247770 37.429165585582233
20.910558287673485 -23.453345574623263
26.068098175904577 33.181976391708289
33.915327444777709 6.698572273391109
-21.596955741609420 14.780000392387421
-29.198388524662111 -10.149414143179243
4.445557789000222 -11.134930935318877
10.124232114852445 -5.780578785191149
-11.278399245312572 -28.908541042441570
3.034329395025958 14.093973843285719
8.730958660067135 47.629232381124275
-15.205238438075874 -0.844374007044494
3.307374951551079 -19.554777259254898
-6.923382472241854 -5.874590633037774
-1.678175823484577 -14.640087239466551
-50.355869131206077 -10.066307019503679
-37.814565375398985 -54.553482307722398
1.904114005394976 -22.953924614419517
5.103731090076214 17.114990273113285
-26.299071787649694 -19.409286856951400
19.419504965394967 -23.656292704535709
28.676672406725491 4.089131138166706
8.763534813992282 -12.555853963259192
40.513537910545026 5.767961937472564
-6.975894136681895 -17.895616720660556
19.188652230761349 31.181726674378350
-12.206168136203454 -24.681287259554136
14.785661725398606 30.807799338138359
18.963924082865301 40.888654320217967
-0.759475206206448 -20.465216572056960
-6.988492027452745 11.835047281051592
21.818182473328054 -56.564558733109543
-6.657454046409034 17.591761012721918
-31.681811902195012 -25.272182197702787
4.788130547635398 -8.109102892403895
12.981636094742594 -11.440579169602898
-17.269761336175922 74.058495038011856
-3.470903509776228 7.230556353984547
-27.054771252198861 43.599385805980610
48.292845975007133 -45.637665586157354
-9.934167710521320 8.081004086276753
-35.457985264760232 2.125014791292336
1.190411149917336 24.866398051094464
-23.235829078788552 25.663223918469022
-5.409234862210336 -27.234669510498552
-30.720284987860694 -29.741945310630410
11.141036588153938 -5.324767364265097
19.853927486606320 -8.268549862903463
46.540112733970979 -32.546118417125747
-17.500263157552215 -13.384231871937445
-18.098409253356618 -17.543086534003070
36.686437617528199 17.025229093914245
-17.897918396391322 7.429851241099303
6.952571069100158 -49.242149398048404
55.899584989918523 -46.723957742927681
47.374177397712522 9.267617253044882
42.172121759136346 -2.586379971156895
13.976835643459284 18.948359766667959
-4.983408958270970 -0.118359515458173
-1.412996724986575 -29.858505451567947
-58.547572619816464 15.311122843770237
-11.272907892579241 11.029487841141547
-21.847937473362112 -19.721517313626364
-34.746624208032102 20.969809410843904
-6.741113187477391 -16.415602555842629
-22.602459865367788 -9.781975650942671
10.011520914178824 -8.677432200737377
-39.035983314691954 -5.813010696076088
33.936043235058229 -8.051427593181218
-3.844719024479700 37.874406164618208
39.635368159705202 -0.888383537442547
-1.193402972377377 43.122666586190725
-49.051568786313972 -31.766310622433497
44.571276228561139 -53.943417621676723
7.034778928636030 14.803674338697562
-35.669803608334504 -0.245721568217957
17.368917412959256 -36.090255083943568
-20.809468223496225 10.829580980225527
-1.639165930264844 -2.538565775763772
-19.660966902929975 0.189825548183803
19.712332388189491 -24.515075020165980
23.987750237853330 -9.157285679061049
-4.826105534065174 -15.524539659757139
3.732540073869786 -2.996229198582351
-7.196335428802636 -37.774648830916462
-27.215487164549973 -6.493861191118540
33.072382186544864 7.082952219374881
-29.339026716511118 -31.994567088310180
13.575919007291830 -3.282573478965108
4.669423583362587 19.314604658017362
14.901048313241541 35.113049466264876
-2.223039239594128 13.027282818677172
-40.893092015815512 -26.839142566690413
29.608913636319283 -20.944282557928116
-12.761328527949885 2.743861046448745
15.996280815781850 -52.092579816257164
-8.789985042268668 -38.743632825648739
-21.079103961600108 45.881328544280564
-12.376905604704003 7.476254276890042
16.674357638807191 13.031715084998615
12.442723607921982 -38.201985241650682
25.113040892980226 -24.373615440711934
-14.561699444517732 -28.673996682354392
0.476671934257715 -9.449611322022953
38.545303811254840 -25.021127132475783
32.287957018935749 12.197955524903865
32.842266200361451 -18.169917761236658
-6.506695412559670 -9.305637717862345
-8.781284237310945 -27.589830938879018
19.199217879886145 5.145021968355514
29.497568192280429 -9.088862905622765
2.412866104562036 16.585269616547677
-11.979607430484524 -16.289087485157822
8.994479576306594 -3.273530182284966
-18.354433945741189 -11.097530078800542
25.722843174964698 14.353503677567042
2.197334011387184 0.819178599394032
23.556432764687486 6.319895264730013
15.120252467258144 -14.501277686870941
23.895625233716327 20.191505800646137
-15.880008673909350 47.716360195968235
-23.656280231456172 -31.622025024283204
13.596890329148087 25.091732402487089
-59.268401616274552 -15.247695875152523
20.005224137719892 -12.711645942281985
-38.136256179095284 -23.984341914784139
-10.686524425995851 -4.478141998355856
-1.382328800652067 -33.194361898533437
15.726930947663055 -46.965161025419079
-4.891605735411314 54.712435242593706
11.390003276058955 -14.671258015569302
43.814268390181766 -20.965670439076611
3.779143673707079 23.580623292750374
23.600560151378016 -14.234023775953881
26.279024864531429 27.789262245417778
18.691239831922910 -8.954141202924836
21.497273170730924 9.597916818880986
-0.190450825810263 -11.761927924664180
32.800667322969751 33.537536210360848
33.886309506902030 1.481915557982893
18.360908838003258 -10.961486259343337
-40.639564046489383 -18.161881243999723
15.632932198523930 -4.553812063005171
18.884723057663727 13.879253695265097
-23.250659992036564 4.050761837331645
-3.286123602186192 -27.281238023806448
-7.633979112431455 -6.375333550471487
6.975867222346746 -9.980426031200961
-6.217896911664007 14.743090596620517
-5.695210162380509 27.479182040660309
-26.269027148406213 10.745569530507314
26.266099532814746 -16.588353589934947
1.127089701179490 5.430743011823282
-22.530697804297432 -1.786433928339143
-28.485507929212719 16.400753356561236
20.946942923791365 -15.633383333191224
20.363605410723942 -55.312799675096592
-28.185507639907005 35.685287306583461
36.862842089466383 9.017501382045188
43.626066502016656 -10.977136772310800
-15.463116858187387 5.044422259943721
-4.660997549230133 -29.845541459928118
40.076624729989327 19.123455464947053
-9.962384010409185 -42.702624221013700
26.799024619873794 7.824983927334571
16.885544072124517 -24.197972593199871
1.493244256862759 14.297084025432323
-16.396578598434090 14.510018431617899
-1.941297161097099 8.117579293344278
-23.783915126867619 -13.015221404110132
-2.776061218341032 -100.427112533583127
7.559193375938573 -7.160104162730624
0.338650208133356 8.216899109485951
17.520070089767831 6.035653881915037
10.228259372807326 15.812452954760531
-0.161432138281007 1.395619351499782
-2.524919152030072 34.459293542470256
24.005560414864078 12.508326364869271
14.991265308751895 -23.143575017176548
-22.414268541668239 26.199039441674440
-68.536056003449403 -47.033978178921579
28.144520910540983 17.056112149255181
-32.471553092992863 -19.196096539443477
-41.612760850160434 -5.009443477958143
6.800515426544445 6.909502525326563
-10.475476521673389 -0.375002408645195
-8.180927622685680 1.896313611107072
-2.677018873866861 -13.383176322656414
40.046476075907329 -37.570181356305632
10.872815244084665 -36.098739242760125
-26.186160954166887 -24.276825773827913
-27.237184865951598 -61.369948435050844
-41.103897089231445 -2.536723536667266
46.926412361369117 21.553529886577536
-22.573294193915775 57.957502373291348
22.637492359750389 54.443579206023088
23.007933075943537 23.769954361405446
-47.690620307807279 41.205605919677751
7.252050354293799 21.542744207014675
-0.246829011212836 -4.938778723421463
-1.752642158795212 15.239315259418884
-16.345654457704089 22.577494236849880
30.067056362541525 10.184962980503288
-33.185712629956306 1.498480013838120
1.622117194081637 -6.806542617862832
21.977033279004043 -47.279137500946376
11.015792617923148 -7.133043230753631
-7.412974829674130 -29.796405803477384
-48.440026229143591 2.681184018853093
32.977264487440465 8.707378232759936
14.398980267369128 12.176820801649804
-28.621809766511909 -23.482939929490342
45.060717512477012 -47.838448104432395
6.960791222931818 -24.269367405400754
1.479642344100246 -4.296258132768124
27.024069859711844 -36.847308733986367
3.810829613679759 -16.651177262149382
-6.660165495091731 5.811075724994024
-4.441227515995219 27.727245922641622
4.412482340036639 54.539916617583465
14.252173710227513 -8.308451246479670
-32.922258869246690 -52.548320739002001
8.360502476076375 -33.140755384124070
-38.978334773032245 7.677517803448116
-48.305535309322018 44.825845524523288
-7.408817031511053 48.633854145654375
-1.557042844040214 3.708603175889944
8.823442491924297 -44.914899324908468
-4.104702978358406 51.153102464326189
23.563380328388472 27.648042925736455
-0.187526880417060 -37.769758457443722
-29.859401692132590 -36.777798449723534
45.288787313406011 -5.649362692021846
0.576544867836447 -19.266389586010543
1.147669096669102 -22.220424230514354
-1.019564381247098 -25.944163313016986
27.502173191129863 -20.149164080463304
-4.873205889865164 26.889052863637566
-67.874476594321962 -13.660691676482285
-17.500535256247041 -0.519689668544558
11.689169984667210 -2.570124891624363
14.223690248683940 -18.103785445212566
-13.712186552033556 31.070446309360293
5.114874484997690 -20.181041450724045
11.939456597472160 -24.538792118255735
-14.613667054679622 -44.420354901999978
-13.023161640774253 22.629189098862913
0.532196370028238 -1.782798636573616
13.626986961359670 10.813250448564684
-18.669957286449392 14.690298779353395
40.312198028782717 -9.795356445241829
-29.649825178824472 25.863892472339042
6.452330264792475 12.923266705938634
-26.184582484513562 -1.815687986737498
-10.679328644440996 10.401757172437705
-17.383199961847591 -45.014308086752301
10.254650370114641 -12.331298187408345
-16.788117352140329 -30.674941173931785
49.640589465414614 50.079770992439833
-9.868309046451721 0.285518007265172
8.898179855922761 26.032825936559330
-28.625780061834607 -9.826920951982645
6.335704687195680 8.760917811963889
18.252219023597423 -3.891035512954822
27.113133284718131 0.042479003434644
-10.504482204217620 4.168929456063168
-5.684776313064573 5.689554009499854
35.519483016108040 33.481913179456306
-0.952477631001013 35.850464852859638
17.910794302101426 19.775989438281769
-36.335416442319719 12.644522927182583
-37.934968007161011 1.791767345983831
4.970564253804235 -40.813994538778019
-12.587982108487635 24.682630728403804
55.772223739905527 24.973416083097352
38.680676008688145 26.430930515882412
-10.873136985375599 -9.829597349206416
38.793497734404674 4.912994235838990
3.612263688372827 -2.417215848669395
46.130165979589535 -22.041618496460771
-3.657955143432272 -21.457758259614330
-16.346979043421435 -5.402305936946613
5.964872873051145 -33.646044844964159
19.600692661813763 55.962934511209625
31.002335178868066 25.490445975061650
-13.154998551703390 -28.487150456391262
-17.554197093180552 -79.405360282592966
