0.000000000000000 0.000000000000000
0.000000000000000 0.000000000000000
-57.210471840213515 0.000000000000000
8.983464321720122 0.000000000000000
-85.872083681733940 0.000000000000000
-7.942460108525589 0.000000000000000
0.028945850143598 0.000000000000000
-16.553111239331660 0.000000000000000
-12.080448909242588 0.000000000000000
-1.688739184313257 0.000000000000000
32.948494970320809 0.000000000000000
-3.852747307488982 0.000000000000000
-20.197431124122190 0.000000000000000
18.415081072828592 0.000000000000000
34.869858520405209 0.000000000000000
-15.732063514242375 0.000000000000000
26.150470333209999 0.000000000000000
59.294837698262349 0.000000000000000
4.960482624934569 0.000000000000000
29.776433303348714 0.000000000000000
-26.150005932113785 0.000000000000000
-10.721005678290680 0.000000000000000
44.253753250550012 0.000000000000000
9.287303557127972 0.000000000000000
76.555087092294073 0.000000000000000
-24.033249610127747 0.000000000000000
-2.242373131631813 0.000000000000000
-51.853667989588367 0.000000000000000
-39.656114481334008 0.000000000000000
45.497392619625060 0.000000000000000
48.940363840531973 0.000000000000000
-7.152615735572692 0.000000000000000
44.165224054007233 0.000000000000000
-46.147016295150664 0.000000000000000
7.407449786472820 0.000000000000000
42.097003505724189 0.000000000000000
24.943638990786230 0.000000000000000
40.337921073702020 0.000000000000000
32.903181305719876 0.000000000000000
13.307496479928330 0.000000000000000
-38.102493747539967 0.000000000000000
11.700229749695961 0.000000000000000
34.569958412634243 0.000000000000000
1.462751712767856 0.000000000000000
1.482611049753660 0.000000000000000
-12.594307446790589 0.000000000000000
5.101652203808586 0.000000000000000
-16.075888984147053 0.000000000000000
13.065676756171650 0.000000000000000
33.067755950692423 0.000000000000000
13.870648956116717 0.000000000000000
0.000000000000000 0.000000000000000
36.555439888250149 -18.257121843152106
4.319664880782243 14.325942153602499
-23.395297583894941 40.525774803189165
-11.210808101679730 11.189407590804787
5.159239668868172 -18.622803590281883
-6.827590567319155 -5.115488311815032
22.456133025671633 0.659800197820577
31.325105586641673 1.849542282549379
-9.503161051223444 5.949858089359851
0.132367310924048 23.227633306420188
-20.083892848855111 -7.567770644940391
-9.488378801125313 8.679333761672940
2.061265574065593 -33.872547766084224
7.131414482219319 3.528717010582951
-23.852267660062260 -5.859689554436356
-35.791534237831328 -27.847475636544033
4.854446585995022 -8.373352313071942
-25.836378237462402 12.902749542638759
6.934693544169585 3.024821480159249
-25.271151448761607 8.583059633863709
4.180148880672216 -2.329695900755036
-12.951882862327123 30.575851910513112
33.695947749457780 11.405190144992613
-13.132146294219115 10.117149812821717
21.006844851905782 -33.844951017839904
-20.607426356899566 -16.345761676116627
11.609727874112288 24.408576146553255
19.105853648603606 46.684203841668968
-12.071865451858670 -14.759854005956115
3.614104977452849 11.221329365773821
22.319087578464021 -48.175324586209285
-10.098534946930421 25.615761145594341
9.848355508981831 -31.128400071805963
26.940702419409362 14.390928903173307
-13.938082051483340 -37.717230184571214
7.266470465807992 18.339261041012175
3.765207846249897 52.908331575747980
43.870404123686491 8.904722595879353
37.221067930985498 -32.686451653246266
39.192254245613647 10.105027842759778
-44.291938887034711 -13.244788958540674
45.937112255197015 15.748125490770036
14.037161962176622 -41.238583521791739
-12.793615783837511 -3.127460771207662
22.832091352852764 20.687809087651402
-18.626578613375820 -21.262107015038239
-41.735206178981144 45.420013763807454
-20.276590187586958 -19.955114644041522
2.443343907204378 -30.101806321754097
-7.140522700122195 -23.128750133406957
-4.224258124454631 26.109936678844843
23.621707317729509 -17.926078817546191
-34.594667552504205 15.910430748267673
-7.428130676793052 35.639703623503820
11.029826448064515 -11.945000826281285
2.396918034912166 20.384431912627569
-5.526576044216914 27.701298944789826
41.285039528896313 20.632166951687733
-24.517687781725748 17.626592902407364
3.228250822186816 20.612725539409197
24.219678382011892 -23.655576673966660
19.186212370030635 -12.821358470154090
11.220565236972000 -16.891423180214201
14.765130112416085 24.645067894809333
-7.100183148925740 14.501167926058073
40.266397597335597 39.024475241562961
-4.140630522434361 7.924720508389424
30.021371920185622 9.493521139499149
-14.064605590332713 26.634878512482398
-1.072638266066748 -22.245581250296379
4.021407893375970 9.595206646858959
-9.644000604033424 -2.648558279447506
-1.452350714511055 -16.030874530594993
32.288903721533323 8.104675032050633
-26.720811704488661 -5.766019047377829
-17.253700651996070 4.812922038189380
-10.196867922423003 3.953114001472171
-15.980120454886173 -8.615910317383456
14.482176255249946 -4.683351336214056
5.383124338280753 -7.428908921611652
8.446883068353788 -6.859671982877170
-24.898706912875351 -3.492743600461020
38.141021621755542 -36.450527225975641
-29.814481322339923 4.368612101844398
-24.889711929821122 33.208469489723875
14.122974669091381 -52.997824728724297
17.075961509811687 27.588787490737307
-37.963730278146294 -7.799614711962673
-17.552067483937503 29.684211289394902
-25.931031724499199 54.816829240307243
-53.583424506374023 34.871085920642074
1.448001812529351 -25.466297627673693
34.659315126280724 4.166203086924905
34.808280448785595 -0.328696670074921
-1.064199404080014 11.339689793754241
55.759603247024685 38.118102425133031
-10.557978120206016 34.432286849036785
-2.491137479715649 19.751635943967027
-40.981419441619572 -6.793077993944927
29.200713192947248 -11.688669652360691
19.357160778447106 -33.760803563740254
14.115373507943861 -14.057807270048151
1.984831681750442 -16.476270059312299
-25.880848932726725 1.501492241893479
-22.443619807621346 22.130804354054117
-25.595068362969201 -4.961144165055662
25.232571321044752 16.001233075164716
15.110627131537841 10.128345672242803
-21.369812469191054 -5.015610378679191
-19.995743171119646 66.464744085144062
-14.416465816154275 -13.779128032445284
-4.900159090260215 -36.657208531013936
-32.247275836917701 -12.092525601545789
21.181645292018938 13.244323370108072
29.572246585716901 -22.353819606052824
20.915071250346614 -31.349733639073641
0.482342929229824 -6.080155566867874
-20.762506736721189 -8.210998859525423
7.221910909562149 15.270124861888725
20.377443642360305 -26.631530913309934
10.209423151022792 -15.204028496763287
-6.603092049563323 -11.119762518843681
-30.277769015464685 -3.555154283897306
-24.568266586210495 24.795495238396473
-4.868744419497076 -18.483425290305831
4.791161336100557 13.639561130728742
-9.889245027090981 -13.133271854303265
-2.888735657464493 13.590511351031681
-4.938407476980145 39.574902132422835
4.911541839375881 17.857039359727565
-5.306645711978939 -7.647144733559846
23.851778434191797 -22.910956843140351
-45.345487664953502 8.882982263950758
-14.000069305139110 2.086505936575477
21.814601653273638 21.066206664531986
4.849828835627694 -3.880639830629720
3.826794988110547 -25.409186961416324
-13.055608189091126 11.992186671325735
3.283579697634857 -7.121315339937542
-10.784970091642666 41.251250547055143
14.390499419784801 -14.493162086309123
-2.715805249004159 8.901693601623572
13.121711886386123 -0.426628236322299
42.507031183530458 -9.666549339090814
-44.994995820503881 -12.328027004152068
-27.644951451532446 -40.641693924113447
-22.171719938920273 -6.085089764176381
34.301123968712034 -22.321059266516816
1.906284565235278 3.550998664250772
-23.892356609017018 10.356724885830234
7.501452932890590 -10.604585859274493
-5.687224050553654 10.990419697664345
-5.269618642667062 2.900800490857737
-8.936631156902033 -1.366505305694135
-30.450437186867276 16.314251864689748
-6.792154623700436 35.528453958204210
13.104423979224903 -3.004352625509321
23.844478991721630 21.441912126911316
22.122346693555858 -13.812594140032177
7.680988227506446 10.032643616940160
-28.547365030432815 12.046963794501846
12.435029473784823 -2.891800460747201
37.013187376289387 5.784544620811373
-3.152889346451497 -1.857818833696967
1.977318673295778 -54.797416580278039
49.593023580191200 -5.556438067853765
3.824741436556149 0.864995346648121
2.534412623561113 51.149381710954614
-29.133517854220557 -19.412536682673291
12.442266559126287 20.363198538727108
17.713317873203387 23.395016642875564
-10.967931310957518 -24.527100591129514
-21.421773735956741 23.260812891264393
-2.727678393814795 -8.448622835465363
-29.109759879177254 13.256912082611327
-19.555536621285469 35.194837131321172
2.231215134300716 -16.000720063637729
22.056312432329033 -12.904125373485293
5.195743958174747 -47.753251055471019
34.335837659301852 28.739747275793547
38.579365436866148 -23.014651669240052
-50.807183123653751 -27.134998101185815
-12.461860677480107 16.100025993494540
-1.205965818098629 0.055146535157536
-1.330195561353940 -39.207998753967111
-17.338430804980401 -21.184264411768915
39.403961392818452 -8.266536639911424
36.309844153852303 -27.983099818661557
-23.795260659857060 1.719817382525763
5.592441667766732 -43.518386433549153
-9.511040267949216 18.138226680504552
-14.398748773289016 -41.364433133713575
-3.977881131390587 22.546006533100861
-17.698900281301370 0.652243133997486
0.320195623797391 2.941995440955769
-27.812760207345093 20.044624656877406
11.955767308491287 13.524249530662793
-16.185797424317261 -8.018015299160345
2.195134466303431 -12.527071013922413
-53.129811570502461 9.585890959764331
30.561123052720841 23.375969746497901
-6.891585922399849 36.138301731244184
-24.542270586747392 -3.049438983826103
5.164061178546095 -9.519714260607564
-27.546527596864173 33.201939146481322
-15.916954883475919 -9.276137993987364
11.103275995553725 -5.707307509854811
-7.372443796385554 26.741444484111518
-13.896495648235772 -31.132980798864612
-1.295526953242763 13.687558946140323
29.301378456810657 23.925282260325240
6.652506313993667 12.601048519050980
-1.296001506220878 -31.885078494065318
-37.664343484272742 -8.310613854514143
-22.498221430672455 -13.291599413485761
-16.840069167387405 29.995159709493851
34.758493507050581 -1.550158602285939
-25.825969381739309 33.618402288085235
-17.417336750631051 -22.591828387771667
-38.909612304393647 7.923641574850902
6.571632406559128 24.294154531166569
-31.743374850215076 -3.766864212995508
-7.214114428125158 -37.238368625499689
28.050160612346101 18.888478999758540
6.802049116394789 -29.314465994041068
-10.031970109434207 22.976512275204065
10.999083028953731 -18.285603712141167
-72.314662803047497 -16.776122216055136
-4.271611001756893 -17.766101449048776
16.897668949878014 -26.179361520200079
13.451592389822718 -38.215066393250574
-15.087839697148006 11.599834173959271
13.807164144840861 -45.548504835636798
-37.791669473658942 16.969082575636136
-18.270238673078698 -9.283831002949954
7.073533236675167 -12.102753337924206
34.895180128466855 9.722691903281284
5.360011996801616 -16.665655502928793
13.164683945963635 37.035338386823192
-11.572264883025163 2.849968781030995
-13.895279278230209 -5.529962407902216
-14.214810766801076 -25.759881204409663
0.903192843413368 6.713159472301061
-5.264671231948054 -14.063906941902157
-12.758496407123923 -18.235917031547096
-16.628752424849157 -27.683128753089889
-31.756559220192262 -20.643025473825347
-10.278595649365753 29.345642728882620
-14.354173971079707 21.854076742407695
-5.688984859774650 -24.055191542905732
-1.839596486595001 -0.832627799116197
19.592328987186594 30.504050504985312
20.596070131300486 32.675792648926674
16.911352642238725 58.619932716359358
31.361855771269433 11.078989780454028
11.597547671238782 2.180104981973908
-4.312015036724817 -7.739376209117008
-6.883406425365106 1.450634513977331
-1.806917934525711 -30.692432235767228
-7.304141577797712 27.213381753375842
-18.247186754715194 3.587983274020948
-10.415384460177616 -46.176357628531171
-12.130727070401861 -6.499621642257797
12.297562610618627 -0.364047357155010
-14.103505470513456 11.934308816473699
-10.114812733672093 -19.477525858388212
-2.025400897184762 -13.327657939445665
-43.521253603486315 -4.462972662151184
6.930625535404038 19.820523652445338
-10.342229928172172 13.508340517361031
-12.113216002613425 -38.989703258243232
-6.274188047223272 25.948981734621562
-25.304980238503084 -28.761099563613570
-65.466756311331594 -7.900713474921796
-14.052779962763179 9.301014393418198
-40.872716546037061 15.803594649948979
-23.406102394966140 -13.255835673024915
20.170393267046268 9.704609205635087
28.859385814193931 37.760274217640713
16.431779544848460 -33.980297715698882
6.714178713436057 -22.844776204602535
25.768458895094930 7.377649329642165
14.043691697890910 52.343970291108242
-88.520796678829896 10.780734903932643
22.269301873420630 9.703946303498238
43.326495582018367 2.891626512068670
-21.979743428293030 1.905005383202558
18.267112758444249 -1.166317145584367
-21.292409198827983 19.630948816732918
18.572440155511767 -4.523700054277906
-8.603066911892933 35.960506348498413
29.066687846598970 -22.060947478282536
11.377508746256503 -9.028981294774104
6.122717957652409 3.884474027741999
-16.988904460399606 -6.722608532069975
35.160801012921226 -17.196666725629537
-15.737185343572797 -24.225982666146919
9.539252473576775 -11.337343951107348
-22.494214430061231 -14.409312021807105
-16.080980379824894 -13.465646493740262
15.084632303848553 4.396293857429785
6.880516329948811 -11.692428398215165
-13.310543510502358 14.708087612718945
-13.401992327554424 -34.405838614024148
6.215052538222916 22.480673050253127
-17.161538273912093 10.052056185639552
-32.516194934849153 19.929177909104968
-5.566338681678777 32.733124400055395
2.808464354359010 -34.167962736385519
-6.120261159061720 25.424871951062645
-43.750943292126266 33.509744561813207
-5.939168686289765 -15.264610745447049
-14.211105143331924 -50.362955374500203
67.394850237329948 50.297986726715649
43.824952316576294 -13.824678237948092
37.119063930194962 -9.137872887043759
19.830409620054049 -0.178449977734164
21.740306021449292 30.622643320571235
-61.252287502598790 -22.509901418271109
34.796695372016579 -33.851383085899563
5.267273332306647 -27.578970135452408
72.690498925821956 17.846417143031527
33.995561326899967 8.240660678075541
-50.555191295007674 -42.245827853961721
11.246935822914633 -17.702031217793312
21.831215523854716 -28.162139284696416
44.009734647771452 23.546428236099363
-14.788849432541705 -25.097610949431477
-18.324383397038005 -2.222381146645001
34.663268556854256 -16.327246805536255
-6.311782248840713 25.686196232107591
-6.276061291914084 27.121618844594597
28.149748324587517 -15.998313416933691
-18.191876149335794 -7.514646453877888
28.144131798334609 -15.260627132732443
-42.739402175739279 33.213541732512908
-32.440806950128753 -6.332393552378845
-0.402134865091181 0.276436560827564
3.704081854720221 4.299535897834977
-31.551741217512973 3.926911450921411
33.771907465191333 22.708455151593590
19.370024844653329 2.511931991453801
14.467603286879166 -36.372048342603129
-29.325280619596391 46.081437355293460
-4.567900913543855 55.427188682524957
-5.150054981831073 -25.887646164374232
10.705698483042102 23.491820762485446
11.498473247410997 -8.159222404727277
10.032914558741615 -40.918661901298819
-29.212332657550856 -5.228243593436078
10.949662340368631 3.936159738350723
7.840062532166621 29.118808673519162
4.424207349564583 -59.677132165538559
-40.519294678658746 11.614446682436359
-15.737104810726604 9.367646641434012
8.042937327433568 -13.258603080298299
-15.329396184184734 -1.479125639942616
-18.579359454483157 0.116541162559706
-21.247523442757256 -12.406963958786761
30.495378782266368 33.438675532619854
12.560641653537196 9.715627232153762
4.926134392612531 4.759449829605823
23.143916944773345 -3.535864288021919
-31.044043281006580 18.040941540568369
-31.715207201219130 3.322852555883355
-16.781334250421086 -39.497423105944442
31.936011999298863 24.995012823430290
13.060421608996538 -24.160304770964913
-15.744556622933480 -23.804449252589112
33.010066893918783 15.064814219039782
9.046382170118431 -25.479636720555895
7.399334200268973 -32.231297297745520
16.943747547920452 -6.361963445974977
18.359792344480255 18.654830336833221
40.730843775308074 10.146165559208191
-45.878340546000381 11.865620610812808
-4.202558269889448 34.598630872638580
-38.744802264930406 8.567317655769287
-1.876443708259481 15.869762983069922
13.020745799059616 18.427551195679150
-20.155762826281293 -47.525893253647482
-12.176976293226568 -16.678282530081944
1.143230556109300 15.915763106336360
-13.400452256061341 40.834460537939293
-17.399579433677584 -7.284849274650161
14.377293716750295 -26.791892271594953
44.527225549778819 2.928833309345040
-42.499835861853633 5.981304410828030
-6.557075458699478 21.643146957807989
29.997692126732478 54.620882592764694
-10.088405616033693 23.454748103960945
2.690691479680158 -10.800544802329220
-26.844494245971266 -41.377247004381665
1.249391948134066 38.431136866354400
3.513354189055818 -0.274209322661619
2.508626619084913 -23.839467504432722
-10.708686828485256 7.785073465629146
18.499714072721495 -37.274293454958162
-4.512316790217683 -10.693017711031874
9.438700061060651 -15.724929682323769
-23.172779268792350 9.768131806420294
59.319134030542415 -3.992149208411631
-20.521867592433747 -5.814769184060164
9.106688650189126 -29.982492431790110
-12.534577187427139 -39.668586336232046
6.148664736814304 -16.530419892233656
-10.030758946237130 -15.600262749907497
-12.459342193159484 -17.871344365035892
31.510041166328413 16.217388433094655
14.227779488270755 -2.161218531571585
0.379797805762170 51.616479378817907
-24.562826021303401 -13.676828371951441
-32.756392607158546 -36.954544922073211
18.700072593030860 14.172668425729567
5.942076314494904 36.722489335378306
-46.234067998916885 -6.838232025202582
17.294035864270640 -37.024994299094637
5.731000817082526 30.390175826828287
12.248152393197385 14.070001629530742
-5.528668114285605 22.111520733384769
15.192303550478901 -39.660240518698835
-8.927893820082215 16.289540749826742
-10.236483607879419 8.808028672755126
-20.920759393580731 34.593877652042735
-29.621856618108975 -14.836976784988179
10.448727888211616 -41.988806152030676
-9.707909578611746 -20.237383336878242
-29.905088302718124 0.611199870540713
23.695990119776706 4.051034500710372
-14.645324460640420 -18.270479428832413
-29.691049918762513 -29.988569660496772
12.979421757463911 21.602697840394672
0.091186108122553 -30.706083122995597
3.117644090028524 -31.539488664350277
-10.644155620384799 -16.456005312914129
6.631659750544595 -20.368156468038929
10.439856382964660 26.571663818853995
13.279669160248758 17.177975416819184
12.648945720203242 -23.646355201232090
-40.899220672749841 6.988201014786572
4.842793422254376 -12.617510793027860
8.600627146993022 -49.697725199116341
22.423487339138443 -4.843594094176178
-27.820737259294695 -18.163765779311706
31.035611256228709 -0.067549307312880
29.480204460241225 10.815728562449575
-5.199574603843295 7.105012908147412
8.511613163217230 18.666621179413724
7.275694004189607 -52.810318573745768
48.081874632543673 -13.302982054956583
-20.433818945005733 -14.647210144837889
-6.707449418247806 -0.414992517872151
-24.936841333001738 -23.310120179136604
21.757131582822129 -18.345538015516961
-13.698539640293948 -26.381851971625800
-16.432817991878949 -27.250964998487596
18.171198043399436 -7.825282302388286
2.176018718332446 3.777939998456047
11.470420513507271 11.235466772713812
5.932458760776429 7.620102623437750
-21.588086244404156 1.219484929928761
24.500892071913828 -44.374584320307306
36.347993986903965 -45.948015949045008
25.139872238520482 1.096495227308214
32.588899511496436 -31.386426208801520
-4.923323117082137 -16.751620125380636
13.944110706428377 7.820491181214154
29.090435806662196 -11.605915052139890
-3.068978472913049 26.636398925906004
-20.232817528398297 16.485196497978105
-16.587855716897931 -25.175878867548562
-36.445525830516836 -19.844382395545615
0.148644035992265 8.804761703908754
-16.998538151502501 -14.731216705970320
-0.436390823529019 17.414372422151885
-19.500780441006516 -17.246015548273878
-16.344850904292727 -36.109906344933592
10.403333401493104 17.748288037994847
7.825132803815563 39.754611911292976
-66.436247997498413 -26.445462110788171
44.584969402010017 -12.240818389316717
17.683391464151264 2.802592012667124
29.968062860667509 -12.267663823312585
18.401170429224184 -30.710702185663951
-43.403443990329890 3.742706336242741
12.264485630692885 20.300889729610144
-30.804685536168311 -7.763107738207759
-27.788788820480622 12.204120370551241
86.626107678876494 -31.979327766251501
3.942627585097531 -18.120072949637265
33.319422815743231 -8.133495668365704
-34.248181272041670 0.791674192438737
-21.726465516750103 -0.533752368239738
-10.297667340469285 -5.159043856317727
-2.094740168625616 -6.325285788655636
7.199257067000944 -25.012235396492130
11.035225106152533 -6.016692374025896
-4.002588851375160 -9.511075598140083
24.503950015262607 8.598821028727711
12.089824727035246 -3.492337792590293
17.626152947693488 21.801798728388064
1.450221549265846 -16.738744273367782
-29.543432254508744 3.393495217075838
-23.702591196124192 -1.767289202011675
0.306689479146666 15.865624970670648
-0.029510861419781 -24.717207054478006
21.448242280575698 6.714931483129684
21.035938455325979 3.796443213077882
-21.393260549526648 10.767616808668899
25.842290508378753 18.641821980629246
-22.072265144203421 24.298451685242046
-5.579839194515479 -8.733939223071049
20.981308599637650 9.629741365951842
-21.832599050590407 4.872111143006035
-1.749543978366049 -46.350497339097274
-2.246150018536692 44.681040973008749
-1.617772906288127 -4.570523387253367
-0.320158641928434 -21.044634036728119
-13.392666139032137 -1.866286649123492
32.919900286540390 -19.514125578193237
6.732241988830244 4.617655732151178
-15.375421579215656 3.384738425348675
-0.167853913971876 -1.671409623711122
-19.331052020178628 7.932820706708545
-1.684499814601463 14.506148190765455
-12.347657903769349 6.944494458513705
32.395888359286864 23.501002599462563
17.601613053046346 41.127692813886235
-38.110064957421677 -17.577753437072754
-35.642306884014353 1.632887226118472
-30.024384263151084 -25.141761460336010
4.956591821891696 12.230262248934737
9.113227030522228 -29.980475222955693
-41.169594787284964 19.701809183213708
-2.970094026608159 -23.866207488447909
-1.985873100898251 18.344365657590519
-41.871314934316644 8.222162959391001
1.139319638016776 -16.209784142823075
3.845229265540856 -23.715394934076215
-17.081177011164002 18.398076423658107
-8.414810323492500 -19.899198359058794
-45.477218688066706 11.707405170055342
-12.818254044948343 -14.614523127066823
-13.118594719400798 -46.801294561565754
-35.038270537221635 -19.791475742201136
5.765489776315455 6.661821337824347
-12.751458894322813 1.727182652724009
-3.122453039879344 -44.121135743660695
-35.653636526880021 -34.300969608163172
-7.830678743086219 16.287268488143248
-32.319879278375097 8.139068763393123
37.792302377543365 15.627071599069412
-17.488642111515265 12.264298339836582
17.211052380212809 27.547745275200633
34.251351807850661 -19.427202296774198
14.821793243497567 4.822572980104439
27.576798110857759 4.444232971610295
35.185428851074413 1.886817432567813
24.636618284969600 -13.239222428163702
-5.680793336491806 25.316261723713524
-1.296383377172144 2.612610132650430
4.778515415465082 18.699516796332937
-70.416273039383995 16.270273052971973
-2.141271380308657 3.090950579269175
-3.992097113011697 -8.335425524758593
-53.835064364275304 -26.888293552297046
-0.684208010706847 2.939650590479567
9.355385567470570 39.394540601153018
-41.851717315141897 -19.599791517690146
7.158878672588654 -2.019388427218999
-18.365954778769389 63.685306728576577
9.427615055254789 -4.844046119108269
-1.157556485498299 16.375173774271108
-2.618945545747903 1.686229528682865
-11.324589721608499 -9.839893278236294
30.530847355038503 -27.645341481577859
-27.502841569170847 20.340248293222508
-29.494603782447172 -0.606145014796269
3.037748119960879 -7.912336406990203
12.306116307659021 1.235066975019342
26.488264363634222 1.011813348684633
24.111690994541977 -12.214600384793934
-26.718617164267638 14.642921904654012
-24.485195614325885 4.093219354429293
6.665751174154741 -35.293165386698355
-36.587221507908758 1.434328157799173
-29.392252382109021 17.424876582667796
36.435643318074284 18.307960287221647
-6.811212491020388 -22.576608016318474
-34.670233930169360 -14.691583116368092
10.958097654914791 -28.206173581375104
-41.779430975784180 -8.336792175991437
8.840191071137568 -45.369455179495773
26.177018811874451 26.748444121930408
-18.002897761559730 16.865102770712063
-28.620932046373067 -14.760607058296614
9.151392377209454 24.549085670862524
24.059648737510841 -26.530359521847515
25.362087294168681 -56.151596997774384
-5.273437137894700 -18.376173129612710
-7.202555738215314 -0.650680637575463
-9.031041798861942 -17.635604841126160
20.698759917629150 13.122319115593935
19.359608504702120 7.864945610719620
1.708502336925975 16.835245295038565
33.859966473099149 -31.271786131034162
-1.139290217173375 36.382810483520061
14.288932437733610 -37.984907879720005
-27.782694860877317 -23.365454618360253
-9.963540254851148 14.028768469472766
-3.308078020223584 14.063636743136037
24.859922268750079 -6.791486922257008
-23.333786154385734 -41.169855709092687
27.812841183032084 -27.539565247848643
1.626928793571320 11.325916121899438
-3.262356754507949 -28.839906029336397
-46.764830454807033 9.374021143095465
-11.363484706491993 39.995809726665520
1.953656080357304 -0.726841413509188
-28.410741146341330 -49.790388419010675
42.094467683374994 -13.570920020037580
11.312706230028919 -32.296162941598389
-38.130819184872522 15.088884054575713
42.503007084820979 -9.110319414214247
3.521135913639558 -17.047421074625639
-24.799240296489785 22.823341496897381
-3.231300940982929 -16.672363074915285
33.601975302986418 15.006025788482827
-40.827205564284192 5.721736606189445
-5.226647490484275 6.392007253775041
43.141107800843564 -10.403312024385299
48.733773889581975 -30.498097068038980
-14.980799716827836 -43.547073909757458
20.449767809051203 19.636918978827175
-9.405637238710003 4.930990066318484
2.874348285602117 25.815177282571902
6.114745269020959 12.076908763759805
54.416618458823194 -1.598246598762409
-30.429192688402935 -25.031323604050456
-15.493169805590606 18.942441050572803
-8.580336923187954 -1.211457009799036
-4.829064987738998 -53.636105266072541
27.767124954609823 29.518486492800101
15.689622357152535 -31.342644112247363
5.456737018705605 -22.623392741268439
-44.360844038758870 -18.358489147098702
18.352148766226250 27.914525564073600
23.454634347282674 46.606162659701546
-15.364917324954151 -12.244893436439829
-0.807309837856377 -11.428552610093684
20.265778058906715 2.879240486298734
29.793324254736838 0.031142505484222
-12.394279116333369 -31.161367738661994
6.093926188046857 0.346308389986954
4.837425939321135 -10.126189312303566
-19.447217605806550 -14.260944335327322
-37.427940479266560 9.176756037186657
19.335275649505562 -17.928469998216425
-11.717250852532583 30.037518798977455
-17.498284282739263 -27.435660903441896
4.699989287769857 15.230612219517617
-29.401685589832425 32.910767307063978
-6.468098018711358 -17.905746100700263
-11.988531993471433 16.039812131504995
35.904886473284556 4.685263331321730
43.912623379112681 26.673159340718854
48.367467961414633 2.265203719443144
-25.152962144240853 17.043565489325168
11.017781114785848 26.529083162803587
44.805045685299781 37.893318109196471
56.906962828097605 -32.579858671164480
3.117639827323392 25.755703435765170
7.039415534349225 25.993626497292425
-23.242053948976363 -4.244868484883958
-10.191372186165143 -3.693598710348322
3.223415130872347 -8.267227638793520
14.660811904113222 20.204078966597070
-15.576901598597249 31.258373013580602
-20.460809606280527 -34.870340929213093
-30.036623049504882 18.343560748049079
5.235264634122093 -11.695168509903688
-7.564723063540211 -27.914693946043119
21.727905890865177 39.270099963117239
4.450340007943397 -7.338518461829981
7.007136996034419 -20.362323012748181
-17.494011910939118 13.749493706962381
-0.322992969059062 -52.291730413650612
-20.429688159870874 -15.950637936924517
-23.436731043335822 -5.951191221217210
-14.216908491320099 -16.895127086367165
-19.925087304423176 15.898131938900612
8.093392055004966 5.612671479731768
13.242041770873678 -36.476773897621470
-11.493136369085734 -31.678681701891342
-12.930965662823478 19.175868934701622
16.786726303869507 -10.491224097927384
19.061215428530016 -20.804821015717032
-9.407649136116175 13.927293294692348
-10.747348592072742 17.277396514431071
19.027035863688202 10.582558292798904
-14.855776374511938 17.445163186756346
-13.632854402168142 5.872458237880633
-15.356616039375169 56.797547064513353
40.888567298622952 37.812414299631087
-11.814913982008402 -22.153683365074020
13.744800902698019 -18.459233435040005
37.041753155112765 -10.956175812969979
39.486132819813726 69.552601159730173
19.179862081953413 27.203764944398948
23.682796971009743 -18.968594160291186
37.968445609764174 14.466973585485162
-30.503781511015124 -19.422618887360009
39.139877600101144 5.510626759828288
-1.124679457243264 -12.336157289579752
15.320356048258597 5.014155444391980
-7.252026024496179 -16.549422804942044
-10.403249629062509 13.158660667667018
12.860105155187052 21.167738016587897
10.703809783984136 -18.057257331498320
-1.571970634871865 -5.421398095472362
-12.206697396477697 -37.668758204216637
-7.624532875631450 -18.170418269677139
21.819673325948230 15.769343985943376
2.370370788445905 19.413383382065931
-0.584181020091766 21.485410426053043
0.015707564465501 -14.311463096428749
1.211462326163737 4.363910713749369
15.683528394139776 -5.796633278883828
8.650113053972524 -48.988808480805410
-4.509675752283049 -30.872634620574555
-33.133966327578470 4.197002945936243
-10.843397620037342 41.443834477172686
-39.795840469961448 -34.718042480083973
31.766331851749570 -51.049843453190952
-11.365270646976670 5.279970599107591
-14.743073491267221 11.308571276414256
-36.280441857515079 -27.210634960598842
39.721735617722601 25.000612854818041
28.003619034633431 -19.660457307996861
28.218023216215315 38.135377512164908
29.810899569154852 7.829790353979219
17.851918677841471 4.309873263013777
-8.495003082515076 20.310698760015480
27.242173231287499 17.282860948642877
24.230638216376136 5.246778731414093
5.657082600818158 29.686491924959974
14.352067391785052 20.018251862018786
34.287950855969129 3.647961859278466
-7.812561729380279 -48.984959597877051
-23.254945503079199 -12.333525122469764
-6.361609841303344 29.346827945274427
17.601872546375866 20.745086251844921
26.492781939078956 -11.777768074221823
-19.329152614854181 63.777220585814653
-4.077674572127558 -14.259470566784989
-23.128707645208710 -55.277134503157669
22.092511572573919 22.681420120894220
23.384583777468730 8.730312200715311
-15.070423002422347 6.284533880538958
2.760746336110298 -17.094900707963408
-41.565681517180863 16.867252630569773
6.901008820833941 -36.907621764991035
-13.274326594146068 12.182785796565629
1.184824556763020 -35.805474130037737
28.050433172010859 -6.323403619944635
50.958431753423206 36.160846655742375
25.845538424552362 -4.985146330469822
-8.372123679741971 -34.243721775478178
21.100868069635460 7.986506363639525
-11.975643289106070 -5.059280425636771
6.779260880060872 13.177797835951024
-24.797427908297262 -18.674888405116437
7.036327489166005 0.436028458051692
-61.358139121316547 1.550841146079726
-11.435635132528814 -15.677247321976935
19.789043176022702 -30.442300173399744
-26.501961557002446 -1.100297416649739
-2.019121825263371 -2.367322702960159
-37.933268352779450 -5.073529046974159
-14.333382911571297 6.940731063651747
8.967750192294449 -10.055698836835022
39.143972685600758 41.773236501882593
-9.829437022005084 -12.925162458294066
7.605116912326380 -31.539950954778448
49.459681304831761 9.650508567852819
25.311438276652986 -10.955719867744435
4.002377423693233 -17.983005033011310
16.508927895566103 -6.938864481587702
-8.747805821626304 -12.167054637679559
14.185067988848827 -21.021228300399549
29.177959462176766 -51.223357848962998
-2.756516094427354 7.940485171100455
28.743966300694257 -27.181031091464494
-3.827950665144356 2.222130230693067
-19.392475978636540 -27.025278814888217
24.034736612667590 23.948927637902877
14.186481734124024 -40.236217762743955
-11.196386489549939 9.916089915305351
-8.323008665841764 -36.333466888478000
15.918294754760542 31.789283582372807
7.250274588089519 -2.442860331535874
-56.445437718452972 -1.324486021160396
11.155737510699272 25.578921076004860
16.276064696329009 30.181694234135698
-4.273493938365336 -28.865204268634425
-0.378354903588448 17.468538577073232
-31.589154951363671 48.457113021514814
5.504616309308810 -19.121445558676751
37.221246942765795 18.415109868607708
-1.018858844167544 -30.956453594464111
1.518486479780316 3.161110144738346
-31.819964875633740 12.983475986286509
-9.755526808050751 18.183301589901088
-28.105321858757129 8.420411977277604
-12.777933249769630 -6.673087949328431
-38.028413700539801 27.637977558620754
-14.907577352479651 -11.429104035544109
-3.475839527701066 -15.977724836605399
-16.811833614096528 -1.690051624013233
14.723548998326757 7.311797123863792
-37.833879178760817 24.201891749072935
-31.516267593772827 27.107636616607522
12.856736441106765 -21.144468757349674
16.038525578576905 13.187400748746576
-2.448506912430327 24.181041231961345
-21.145557527449341 6.713748071375835
18.417535820323607 -6.149892791450614
-0.605366044353219 -26.666196379226594
-38.247571320074783 43.226800044507826
6.833034106296154 45.011642004737169
-20.110439466343870 -11.053564866196643
-60.696392519519158 -42.436835699826126
-35.461122564158032 -24.054612173533897
-16.157647955210905 -18.375142674129698
10.426160772492425 27.201547931873534
-23.173927742906166 -13.150174725126194
-3.687222019548280 -5.258091489498282
5.763005967521632 4.869291868341413
-3.380067680326483 75.559578924388902
13.628968073484995 55.773201675983962
-30.587523550353367 -27.943372856672728
-0.148283614654766 -6.936448750055069
-23.425023913544489 -12.426706052403869
9.462091552490904 -12.253313825194683
12.927735032708862 26.032897926262997
0.543517649679478 -19.993449834029828
-7.033395863255216 -25.336777466277301
2.989945935369380 4.414736114379870
-22.169651751152152 -24.761124791803017
-60.030199446574670 7.114760684605754
7.064052767191549 -25.748355620063727
2.882453795887129 2.186480075256525
14.382654561736736 32.507849074787671
32.909376076384866 15.354289609569891
9.203802121964761 26.050717752657448
-5.265330385264678 3.117679383462371
-10.958704538319321 13.037178050842643
20.917534130298797 20.429182974646512
-8.133877804107593 61.313094836714576
88.472499545513784 31.269666928121939
18.952764010793803 -6.855296368015374
47.695323236188159 0.313499063717125
-1.089175241921556 -27.658219658602384
-18.466183494779102 -2.711619237605548
4.587692123981274 -6.003429831177177
-24.147078216768584 14.502849955087871
47.543607148670048 14.535521687556436
5.305565169854572 50.278970602576891
-6.146741626028274 11.111083117270200
-3.592280608359268 2.616092092928993
18.785047192747211 -15.249343520675852
-47.515488446417244 31.105588626507537
-19.297202086602375 11.092208077032376
-25.299142925377723 18.214554924757920
-9.331397463005120 9.817880261503316
16.660622122317861 -27.890209132844568
8.023326899673927 17.699781668744127
27.712696896737707 43.655029805869887
-30.847374165637280 4.566298441163046
-16.083095542536263 15.848043457326078
-17.063992219335869 -12.331350459577822
-4.279911203624563 -6.822435915635235
38.872010389757932 32.162494762483909
-12.739802415392809 -30.430007788662383
11.694135328395099 45.827468316444531
17.923842688671773 -14.694100483464396
28.192887927306778 -4.312958014109681
16.991062784636537 -12.300195299421794
-37.266133576709947 -19.243981307777815
-62.383696390640395 -13.500243443000775
-67.017543703586369 11.514538135719535
-37.330237390679265 -17.828924507047123
37.208110499970068 -31.904544682233265
7.674642878127123 -7.475555407100657
25.073191974839833 6.808932187217473
5.655426424619688 10.276301814093859
-30.662309592042721 14.257606542478729
-34.255354544908570 9.283771596659228
-20.191020748671232 -15.728478162283421
11.965846727798287 1.015216669263704
6.093081560194096 41.952339769895445
-26.873051672449652 -47.429005689275215
-30.136397576788529 -9.735833289481832
-21.399935206761430 6.156454814188344
-2.650506183412634 50.882289368668346
29.091904166822466 6.888452676712274
24.765798038199794 42.820934089290041
-1.682572960628467 -9.164696568454209
40.792700750289278 -5.706316144357509
-24.682475852447332 11.404894311940209
4.691041150840157 -14.909646172896460
11.101985109954457 14.721595206828988
32.379772675464928 1.971845139945690
-12.642063555230957 22.448926578334415
-25.850994797414053 10.127611532966245
1.565531392536380 -19.618410949048087
-34.990275107184615 22.844044526602740
2.427888963370763 12.657822546161395
-44.488278926419255 -69.702409106231599
9.211955373291911 -4.504735213250694
1.540431511903792 -8.203139665734396
-19.300994094390191 15.501131049613855
-13.840070198811146 -30.022798135348971
33.665286701442547 -7.911178855468949
-20.457627032472800 -4.222856501019455
16.023197408733793 -5.878491421816169
40.552812849481825 3.297594830964345
-17.206875497157036 4.740412753411522
26.079212329037251 2.814027591550153
13.187200055281858 -4.596009808515402
-41.387031702374081 9.602551384093818
-32.424454076832653 38.171761526374809
6.790939838433156 -6.586251926463445
7.752595795023133 -25.646041232262906
-6.898539406161404 14.274350913071549
-21.665542752626152 7.263520956172682
7.952194830953347 -17.752451567724890
26.935204306965769 -5.039951948548169
6.031393330331749 -3.732458397979174
13.923751819001348 19.480647434446805
-31.549111632413553 22.077795371990597
-30.272721230748022 31.523300531440974
-2.838560548773830 10.534364868084985
-15.649367911877201 -21.203663682481547
-41.777234521707207 8.912840007274836
13.735504193664037 5.782632946322671
13.178747364102358 8.912212550736800
15.019034511672004 32.001198789730076
30.004666710742349 -1.026252723356103
10.452367990982882 43.997889657926663
-11.447279175246196 38.989232173962840
29.841129170088831 13.782242797322784
-52.930122790749799 -27.506126802611458
-26.863875763510030 -12.474174816464165
25.552999134985217 6.369054831693198
2.226737402453096 24.892369481768419
19.756096219040327 20.936445990338267
36.561876301137374 6.562092471083645
16.820291248046150 -4.142219562654236
13.735670427537752 -17.046332920108444
10.303279240589822 -12.640927699178985
-22.041010101541495 1.698411229840918
34.887824838118796 61.871024827898196
-50.343810326149331 8.852984600671121
-14.630656154844377 15.521833001069258
5.717511389435614 -21.851192472498642
34.109208148581430 -34.023538365167369
2.924136384635415 -47.592988432181784
12.833569512896737 -6.029210745077924
39.640877021234083 -2.274352703948926
-15.314086645050907 -8.487996036909493
-6.879162038220961 64.833132810836858
0.221087486411087 18.206006588039713
-0.546256149984814 -47.211226741938496
12.364270033759299 1.650683555674184
10.754507715377787 -7.256787585668544
7.421147442601377 10.559396159470289
6.127511672261544 -18.209261551798299
9.011110221989854 -14.830954897201119
-22.330842104895037 -4.239216476657518
-4.648780355397241 1.437708836904112
2.785745750808222 39.185771838966239
-29.984821401394374 19.296787990406052
-9.526051386281027 -11.504745447280358
-4.384443924952252 -1.543489005223381
-1.736130899024377 32.664548774010292
2.845738824347603 -15.980312437583729
5.756013825281797 -35.674595280503127
-21.181430717665911 54.329066689226920
13.045376282137553 29.941576013435494
-21.070632176316646 13.252877208889775
13.020096149573074 46.745416610739738
-39.286588443104293 -27.953437403875466
-26.803772346651641 22.086047735418411
18.937487751283669 -5.630757723457673
35.211479237201139 -10.035618834708393
-25.007834796610236 0.982781616181632
0.089748934587060 -27.993536641318105
14.253181949646182 1.291847200277386
33.143644066476192 -7.855768766651813
11.448810842044461 -6.345810070770534
5.445904428224149 -16.033401243858179
-0.648090788324247 -12.057164469110333
20.673368108490173 71.665627964819990
41.613608902739415 28.919612677058080
-8.709692509404510 -21.514826657365038
31.731471974555010 31.923882243432416
-4.129400924450732 -1.743144755155891
-15.857542445308388 -15.416102553701906
44.454181382434335 21.941204895818384
25.771342856898517 -46.473100877745239
-35.140553152141656 34.924387973993746
-46.191584568069565 -50.202284216269163
-26.407494695200047 -9.726842751980259
4.696951396778800 9.416192083729404
31.746931588156098 21.873165361983158
-1.779504499021812 -10.839205548307927
-11.643515528560449 17.225565221913072
-34.405909123282910 -30.744435744958327
-24.427737727547438 21.830900823082093
37.934960161517751 -11.255928308303755
-0.910092918062391 -15.939041603724101
-15.617608219484531 10.001785126370875
1.640885964202478 -39.272819398682529
-0.545910951650111 -37.529063165795506
-22.409589552216005 20.898111249606721
28.577916593203938 -32.165984918630741
-20.278926303341557 -18.855397523750604
22.523911619557577 29.875317690642159
-15.916507599582339 -5.460808323233941
24.106675570097011 -5.947694889385060
48.853566658544885 -3.338236584607414
-2.447876431809739 -22.362094691700346
16.196753569824921 -27.626989999749121
4.796057852531584 -53.855983559889943
22.408464521458271 9.807190365853362
-6.881138049571910 -4.743141210712479
-18.041805643718455 -30.789275109819989
-34.457735713169157 1.168164231127010
7.811073160739324 -30.508499177619640
44.587185905545255 0.927459378121782
7.587011363595313 -1.114262933676715
-32.986629943268980 60.603718157488821
-26.335409309399825 2.995707631265370
6.072770370714847 37.628755231598575
12.261770882820050 -10.420485703495302
5.025598363664345 -18.215816100319763
-65.699400811446878 32.183694669232040
3.382500373154662 -8.578833910882253
-25.086200802860713 43.924652439298399
5.916991576548835 -23.889691785986418
-25.785407739928058 12.174086314109024
22.002469345706139 -22.597282936573560
-12.601085284759614 -13.255744242401695
-26.722745259154951 -46.443719051525740
-25.632871704684295 18.088252549386290
-6.636899041268861 -38.910935698826975
57.634551537603684 -19.421165089055116
-29.456848155743767 -33.894830510766134
44.263553968079513 -16.196126815901884
-34.555704263044419 6.185360032126312
17.225963812714109 22.666011778108722
-15.560091890446582 -33.241536506824374
48.354596771228728 -12.408052203017496
-13.769155791393258 18.468625602496822
-10.021331969199206 -25.588200412392961
13.952050580101359 -5.105828576630147
-19.376484961752894 9.881101246751452
-14.271830904029738 38.813844040616360
-1.444939984941098 10.326712151690524
-8.653068079857270 27.241339290755285
37.094448395834270 6.163027432250861
8.837817458026159 25.635557598807921
14.251774656145317 -17.242972092788534
0.508480076257670 -7.360651846427833
-23.771265842695577 8.957686117362453
4.364584064878813 -1.564232893817193
-0.408902694660025 -12.324608541261032
12.815392255617146 25.015241238838282
-12.721660374450504 -13.130108564582473
2.148616368834348 34.989200536607484
17.454708582884834 13.212431610324758
6.033091997665431 -4.825642011287375
-21.897787650852276 1.823324198987599
10.812804030188119 -7.024128766962407
5.854404240379393 16.682728550778336
31.095293031139104 -17.062185401940091
-28.591708189585837 -17.262831274023952
-15.955422509981133 21.290540726745817
-33.123788483525139 -22.273531753454769
-17.790886530895246 -30.754321680391499
18.965685524676992 11.757430366915791
-76.360543861395314 -24.500905332096025
0.863007114649918 16.298818405903958
-30.410697766057954 27.595094354209742
5.975025112313722 40.514555974901384
-39.503968321828786 -9.728389235741355
-21.479909013084118 -30.171240529176647
-11.113586661384621 41.913370627734039
-32.020883844920789 -72.567414254138455
-70.092488846741119 0.095044140826225
-5.157187612326535 -5.887323041861367
-8.841847866810562 8.357810551061419
-39.399950598318696 6.351089865538646
-2.912270591359417 50.348588976746825
-2.289655900694290 -19.858082924128873
-67.001313712955991 -32.821337749242225
33.641564646929737 5.364982783853026
-18.529703037656986 -34.993549729839550
-28.331285948630558 27.472027357616970
-19.102149888531113 -32.758027059832784
-27.291800572426357 9.220481411000863
-1.529159514226810 12.120031815558772
40.540773234343966 5.347600397040100
5.101322600471089 28.215554658796691
23.670084541356427 -10.909905305918322
-38.720427792797473 28.596315194463944
-0.676030855871722 14.720704669790974
8.563881239562997 -7.907286201328452
4.484863138784724 41.962238938919377
25.597305663526509 26.201301016913213
3.685691353169273 21.619360761211158
-35.932736712237549 -12.625194941999506
2.698782620421764 31.487331649705581
-28.541550972269356 -3.724246939115761
42.453146723046160 -33.246397216995234
33.203169231808850 -15.510817601139454
-6.874443672159806 -7.173244834266240
-7.650721815894284 -28.531315689887531
7.060395566105097 14.699448427481055
0.203071552855892 -37.810724517880814
24.908840596334223 30.823116563880323
-14.029457808493486 -20.282372174279256
-27.849825028093079 -5.982497380845322
5.909746757260656 -29.051664518039630
-69.485478720813802 -38.814577709485576
34.110955287147348 32.943688345540842
-60.374196569087495 30.768779524534004
39.431048250510429 19.676685115982782
12.517968080228123 -16.078808918700329
45.022805022906752 18.053720870525670
-4.473732757777165 4.862202077924808
-48.033568350129798 3.221826863562750
39.655320814129233 -12.975702041246517
10.322211690416896 -2.207429284258362
13.983678676568044 -19.639551190675594
-18.583109093258194 7.353206846896618
-9.057587642115935 17.414364047750251
11.753467565175763 -46.037910442360875
-20.935102114066691 -39.843050571882642
-24.627277909628418 24.113430505252317
6.352543900307412 43.870057412393898
14.220542140481331 19.149119015981988
26.400273067868667 2.576858649702147
-6.063821934657151 15.722480001921131
-28.376255015490550 5.463914084390986
26.186510321441293 18.408452537450195
-11.288415734457740 26.807170493465890
-47.238473314899018 -11.215481143407409
7.363459275770039 -5.930316529184065
5.823174876424212 -13.181892384110158
6.330855722464197 -6.493802615518049
-12.805589402830877 16.271877073167079
55.769866663070225 -25.096845559471372
-19.565097416751168 -1.094443002762118
3.098685402495167 9.783615605157420
-42.184911863749534 31.784873159644519
0.330801850699666 29.867243399715676
55.071526041220245 -23.320375335517902
-7.482842694571576 9.619513176916969
2.542829312549825 28.179099543811137
29.117990516949359 14.432048227058090
34.134624748268628 -11.505636076037984
-16.635548020175925 -10.111639497814023
23.813875147018670 11.690239386649260
-26.205823092109171 -42.633436561628045
-22.141294194981253 -43.426606853548940
-51.276831705120493 25.085672861734018
-30.792099971915274 8.332925495003149
-20.774401739177371 42.627199484144008
20.332234323234516 14.943477195231237
16.323865987669773 21.778793054984575
15.548593692956880 -33.704049483565193
-6.806427038008116 2.715143975894629
-11.467549532677333 52.614786309116177
-15.872887710473355 42.460211014906811
-2.450182760430673 -18.651877661161130
55.761915116551307 12.977299889425325
-33.883161343067684 30.274079751492550
-23.160096997786187 -33.331550012716946
-17.001186759393807 -36.274306943074009
-18.258453933554907 1.422123791515163
-21.487239084534906 -27.112044991225893
-11.322079561105159 13.413997932706435
32.873633714731859 -24.796233330279787
-0.646313064219231 -24.316727225759536
-1.139537057872052 -19.769775983133897
-42.271729085259089 33.024102729631259
1.820233883737016 10.188597333922148
-41.971432893651247 -23.096157318281211
8.909428305410390 -18.818071594591061
37.141861164785489 20.983916267007412
85.645683813325647 -18.144396001543019
-6.932972812276240 11.299851710313440
-19.363068494235506 -26.452267326419939
11.015238671941322 -30.269399965997948
-14.955076687156321 -24.717949049606201
31.996731656811793 -28.313638076546578
-6.240989796718541 74.105676177707863
6.355671442740316 8.390050752933012
23.102157253422124 21.449213118095898
-9.090913712856887 21.334883800405489
-20.146690818824158 13.367753662621125
17.023168666601634 15.920492883609109
7.746961238035619 1.782465656013092
-1.388630893378345 -11.957592556036646
4.392149900805101 -17.755573049741361
14.302306738229010 34.733353036222901
-14.818788066065341 -17.612342459192689
-6.016813174764141 -6.898854445131192
6.977120455738532 31.975906301305770
5.144314165295444 11.737647975822677
21.990768350370221 -1.874837032476607
-57.270522634788506 -39.936958272379826
-10.131413900542826 28.323181431642531
-8.389168595407176 -19.850705149723282
9.367617424219160 36.117456161270326
-23.406491791942113 7.743434698236367
17.767947961729369 -33.917504006528304
-17.441852119977121 -26.014540122683034
-10.400184668291979 12.337451810814326
24.526441285857910 -10.913270908797864
0.693285338874611 47.116988747436935
-8.752618730347086 59.214565212857778
-60.140403929099122 17.786275282697208
20.634837524214216 -18.277651622174734
-21.759253470949169 -15.445966239497752
-38.994879619723619 -65.210279260366249
16.483345782303108 -17.640301786468953
-10.311105489630162 31.348730619508302
2.596287687441923 -40.414809231081883
-20.210030055606826 -4.391487171996012
-50.784792809802269 -25.441963101894856
-18.927170305530478 0.922632287213795
4.504910887351996 -0.152239994035328
2.051724665702793 64.266808533184886
-3.453565563914412 3.422582390328469
0.569875210238618 37.855986949154357
-13.612007166362424 1.566136012076882
3.979802005503149 -7.190791864831496
16.781167509715630 2.411757522337040
22.348670459751794 3.333852946987971
14.595290170576563 -12.820957911086245
17.511855540456050 -48.242427627442886
-39.329287534515018 65.132092878443373
-4.467941763620771 22.401911742873850
-7.294450415637075 -15.477092722692191
8.008332022496603 -4.290591868989593
25.285799816653793 -10.961930692735470
16.715717545959169 0.563898805025917
-14.260091305209802 18.914112667246268
-36.455875227840018 -6.793318731683065
-18.676095718911000 27.803119514946939
-1.624037123812828 -7.485703223461850
-55.605783248534173 18.062836325590109
19.860112857642285 9.495914790989971
-18.215989450392396 -14.694753386280450
-9.177620543308096 18.607986610656404
-8.496142081100285 -4.396794981859407
24.992178507224949 -31.089926049561178
-51.306605795514741 -24.091521832748452
-13.856676973225266 -8.475454557813313
-14.638636863016879 -67.444403459713811
-8.972066105193591 -52.612170170991241
