0.000000000000000 0.000000000000000
0.000000000000000 0.000000000000000
-22.851504041450045 0.000000000000000
19.819982131137710 0.000000000000000
0.790095935648130 0.000000000000000
-30.327141558685167 0.000000000000000
12.432405855412208 0.000000000000000
2.396609026847325 0.000000000000000
34.141053911743526 0.000000000000000
-5.703225434209589 0.000000000000000
40.175063427866732 0.000000000000000
-36.474350617708637 0.000000000000000
-41.833771676374596 0.000000000000000
15.632565344376738 0.000000000000000
-29.811374424028269 0.000000000000000
42.077213478793496 0.000000000000000
-12.257467135284964 0.000000000000000
13.411437682147065 0.000000000000000
-9.678039222838049 0.000000000000000
-29.923456124701396 0.000000000000000
4.492976860779861 0.000000000000000
27.954383267583975 0.000000000000000
-32.036825595924427 0.000000000000000
24.145026778339176 0.000000000000000
40.270289607761484 0.000000000000000
15.447194622559017 0.000000000000000
-10.742563063151222 0.000000000000000
65.316387377700465 0.000000000000000
32.675554367570122 0.000000000000000
-16.908573533029582 0.000000000000000
4.418287010001283 0.000000000000000
-5.115563641540536 0.000000000000000
68.500575318717182 0.000000000000000
30.342145833646562 0.000000000000000
20.640335098106164 0.000000000000000
8.557262430665771 0.000000000000000
10.917123505529554 0.000000000000000
8.562465344662623 0.000000000000000
17.043235703446175 0.000000000000000
-25.284464632323200 0.000000000000000
-49.835403175391804 0.000000000000000
-47.431439976439847 0.000000000000000
-35.693476179237898 0.000000000000000
-47.556574670038579 0.000000000000000
-31.684334690318313 0.000000000000000
-21.761423408665621 0.000000000000000
10.261331687983422 0.000000000000000
-22.266936863654589 0.000000000000000
-31.873408303146121 0.000000000000000
-33.678707122661201 0.000000000000000
-3.429026219875936 0.000000000000000
0.000000000000000 0.000000000000000
13.520075223896638 33.484693072883033
-0.227332065811046 9.781333294861160
7.816130083003832 33.937855960793200
-12.609287391826621 13.774060810645409
-24.945724280006754 -0.789766652914480
-10.737551370493277 17.537324215400851
12.265995181650938 -13.318134427506180
-29.478664071885930 25.416269429682515
31.596297612012822 -19.646874993433865
-30.379722686778770 2.135262214157289
8.521089845247719 16.462417957605101
18.949186376923773 18.880039818404448
4.285498913270209 32.335278366437443
-0.760082395548805 13.712356884099652
-7.752751092405533 34.471858849120338
38.078188961213414 16.115857357371130
19.431744162576802 -46.318146646994741
2.139086619453285 -11.964237898625109
-10.473078503577341 -3.636466704295920
-9.166349639673124 14.673350716645585
32.671520563921312 -24.778088226455552
26.917897818235449 15.790832614234596
-5.108053351383501 30.715244323185892
-6.845817458057529 13.150985504372388
-22.151481710811009 -41.557019173991648
38.461303777165746 24.439277285054146
-7.383374922970106 -10.028528042107032
-5.267030527297585 25.978526217811016
-25.667649138330614 -14.197408887658488
51.478971644018088 8.960267574206785
-12.845940916158808 15.135997976420123
-24.010228291760018 -9.039954739823264
4.201796704919516 10.710857609085449
-22.281273728042056 -13.498459817299139
-3.852775807498845 63.135673151386015
6.733821635027575 11.308148061785740
-19.825715382457197 14.377423043475346
17.533866880164645 -46.018042502952419
28.046526333138033 14.499965252588483
8.923100988623961 30.165697184215333
45.013214521553785 15.846206925632748
28.151139905227300 -43.364478113399862
13.843632717405852 -24.081884808420046
-20.229470764377130 28.631726046300454
-39.521063009799533 -30.183812863047432
10.483384868135998 11.633393730268160
15.950879327443701 1.068094839850367
15.088709842954348 -4.260491574423857
-12.069132988819787 22.695761799246984
13.594012023408419 -20.534445677251991
52.594547052961275 23.478465671636222
-2.594278858535100 13.993981862389594
-16.390355733065476 1.803034591428014
-18.557932266160694 17.965525429218530
-30.927487587165587 -20.305483934501250
-39.796309516736336 16.878472576668010
-6.325065184253356 16.979691787218552
-12.427381453039679 -9.032474114356843
-4.486598188971974 3.119780024674218
-6.327890942477391 24.641589083874489
-19.054125541080769 -21.425137267281880
18.055435495155375 -9.783207388984282
4.046979430922334 -9.371337610014010
-30.841642888264765 20.984630926590395
25.096792184018291 -16.911091071903332
24.035603766333768 10.572721535883590
-9.438961993015019 -17.138990111795426
-22.641015918413480 -2.057923717352903
-8.353266808864266 18.758012317672669
-4.967065333649129 -7.001566804751026
-1.274781987521914 33.235409974075694
-8.983144709216758 19.490013692614014
-9.260029346003515 -6.062856008270044
-13.274825520922482 2.959392300118498
9.462949448987859 5.243465270426428
3.880463526600949 -3.155023756597851
-4.454016398427205 -44.543492343102649
-37.813063774477406 31.264276709235073
-19.544142349203678 -60.887549128526970
-26.117703605928142 0.169234309035971
22.670908136646300 -27.573499439463710
-9.668801131146598 -52.279516581803811
18.947396184738714 -50.238556154176464
25.902784823771466 1.057901017687207
-29.371860366164587 -7.864058483168066
-21.199550018979668 -13.640385832750693
-20.910295062378367 6.524164904703619
-12.864760871573552 21.102926498971776
-10.124337082868291 17.363401287944594
-36.619588544528568 3.016298130807197
3.747813092267424 -54.790140035202803
47.378082706997610 -0.811814737680415
6.922316791347404 -18.231153369772350
-11.047304196155208 18.295714723774068
-26.466753775955652 9.223650019434462
20.683403017808029 10.825138175841847
-47.300658826809560 -30.874318190668340
6.037735103120512 27.021813044977556
-24.699401318096850 2.527416063196502
-20.038036506620596 81.358762838768826
-2.382298557287030 6.882996833164616
14.390569699511930 -15.094839206520421
5.850438567890209 3.859657388700016
-6.284615237808409 2.848165451568552
23.869914366515712 -21.730257617420321
-8.125111624091321 -2.037648169781789
14.259094035403161 1.859712995086854
11.387559105015685 12.897924823219261
9.510265866087019 -7.637463603341569
25.758891852718470 -2.585610241728119
10.390676571740419 -5.937620194949776
7.314176475019713 14.206567872402539
-28.795616054897575 -16.246598079331502
9.781539505589457 -8.018005824915022
-31.624209105393522 26.745577050907134
-13.671452782047666 3.333661571974213
2.658827287854480 -12.792973856111606
1.564935011304380 -7.858698420105922
10.324989851936433 -33.348835280459610
-11.263062460241290 -8.661132908043728
-30.658734769760915 39.308950697905473
-28.826299891794971 47.601168572162699
-3.209756433330870 -42.153321233482252
-5.136341795392118 51.339148179716993
3.923658702957000 23.309188855655567
19.710750417896769 21.839177310014481
25.377051239074415 21.187200304504444
-17.213684697541201 46.344262783043959
9.151798328698741 -40.731621390841511
-14.150815054319908 3.787286269203679
-4.361803440350317 10.632177172049529
-8.506763400814366 40.743830911274401
-0.188264737626949 10.781357307472987
2.088910389396519 -21.826615901755297
29.232288418782691 10.841414616373113
60.872298694565181 55.051472709724862
27.127602984245566 -19.609571944575034
-0.855652247694838 -13.805907842725819
-24.960843135766481 -42.695133001417638
-18.343333347672431 37.513505824725620
37.843935303577588 15.960159377216907
4.694511128025030 8.591850291596778
6.388032142148449 1.231420794725156
-5.166537247583689 -4.966517341275712
-19.359172797182083 -20.761562742306531
-9.583973994732682 30.847301822912119
13.411723696065131 8.202331270220411
-5.101542166041328 6.106191325311674
28.811762314921115 25.209874557324561
5.458158700270532 9.971904545431594
40.007066778884884 -0.323781351512915
-40.502425404698265 -9.586704966489826
15.411485654200472 -0.134005835477639
-37.749512250410845 -1.123153500954054
9.516736579857007 -29.904483057238878
-2.554170757083783 -21.202776597955374
-5.769351696334292 -14.864122449868406
9.967321133536988 -19.154285361626396
-25.385912672471672 41.420465504195398
19.657143130353386 -25.234907285132444
-1.234078018163619 -7.346958484855659
30.109071921874094 31.721715505803150
-8.796678001248443 -27.279478833735297
-15.186648918721151 6.317539920380500
-1.325966304226288 3.582136259228333
-9.457914989574897 13.025486261928949
-9.183380825334558 -0.971502442957119
12.479304721805109 7.334026770865587
30.722349329201666 21.746305652179291
28.353688299227102 -13.728260475506307
-2.255034333876380 14.027855485772417
-44.922201008554531 30.077102989572655
-0.462002559651126 -10.874930912608765
-25.528789340098811 60.456278727157951
25.889530430434924 -17.376807409910416
-7.253243137167964 -8.195166837775060
17.931848993862488 13.058699397850267
8.570608424320223 7.683827690686468
12.270968671811262 7.515505235740783
-6.811568928776162 14.054700204368334
16.457977820002732 -18.665685098946383
30.077842368664680 -15.795152438267905
-12.879087479211741 32.416533822267105
27.538346661326436 3.659589782637072
-49.718177037938965 -5.365327980932796
-30.320957078916418 -59.559659878966727
15.179276494099378 -7.507668029411685
-15.533796106846783 -9.185385164970214
9.465518308158181 -15.304556921418000
37.084285919406305 5.116349464883591
-16.929822549608641 -49.544864893595943
-22.556161949501156 -8.800460137270145
14.991390128435086 3.633302574277199
28.664157246866058 10.072263442904191
0.997061488988700 4.008294690685395
11.931333413929092 26.835990810317774
-11.404822624387483 9.046283814773913
9.254603290835874 14.207488908987171
-16.130575448655573 -0.959520360503566
-36.422805356054809 11.167096836986715
7.638626462036321 2.682604763218084
8.296502085888298 -29.855753563605116
-4.054876569498060 -1.442327220116296
-28.940262038912696 2.185272302364166
-7.992915716532855 -13.399970974633337
13.971935658888327 -31.825164894772783
23.283007862893978 -7.747106272034538
24.074022274909165 -31.113997294496180
-14.216846668481621 -35.675401435137367
-14.670085895477257 -12.528223047716953
-7.739300610532906 46.695499533912717
-21.736315556976944 -33.402095570708305
55.919347893813644 -4.497454570212141
-40.708963753183852 22.861737911913366
-1.494349278504422 33.512076237867099
26.663144241767888 -50.714985846301829
8.439094176968039 6.558512824723135
41.081604137468737 3.809837243501499
1.617193476733483 7.135265124222387
37.891376798899799 22.606319793152622
-12.214800258523500 28.179460855756563
23.275733242648958 -5.466141155282589
-4.639701181363135 6.866481726936347
8.162993027816444 13.313290192091591
11.371155913491085 -21.044259343851536
-16.583183398256502 21.445204475525209
40.199336157230384 2.135423224733235
-46.136192108612214 -34.476920515569098
30.698696286529994 -7.195742498382296
-19.152109456999312 -2.219210805884637
27.931823633826802 -28.549468780030992
2.080513828809873 -24.260874689197120
-12.477271472727546 21.199467822433462
-1.149886084356362 13.016432414319478
5.556216938641853 -33.329137771852032
-31.446058632070063 -16.596863112320715
-21.402716376219377 -0.197851483678953
-20.830586535136113 8.824576858189646
13.291857853245311 5.119039234390757
9.533453092319368 15.451068058761889
-28.495555156300178 -1.147294172984963
13.695116150892538 -15.073984475741451
12.284595346515090 18.707986518748477
8.422321965840982 2.687458255495838
-20.050149266879149 30.812259058329300
2.543185465448098 21.998907752055956
31.863130858608706 8.141634468275381
-10.683836957766449 15.310501274918703
-2.008984635725443 3.879147857955661
-4.029304185991820 -18.326534973207512
1.966875897320500 -32.241909303156113
24.481613998544805 28.650727132721265
-5.553117205803005 -4.655935463009139
17.507245396424281 -11.359741424341427
-24.698412203931081 -1.192543749145032
-0.391740915282573 22.426209530689576
12.202276643991636 -14.981930251804281
11.813724708930259 12.744429787062423
-7.355465737639015 -9.344539627112853
22.328584319863584 -11.984045834668976
3.050550964936841 25.203038158277234
7.857647746149109 32.610577830823743
-7.480892519779176 -29.465119699859539
-9.723805205474868 25.729727856734190
15.122398959341295 -20.199186296036608
11.344911782758603 9.510514875053843
-14.083781064413506 22.654703222761498
47.075641126639965 33.669854838655198
-33.697547271732972 -58.009543372508773
27.122595773208026 13.420909943342899
-18.747597305884963 42.493521004518158
13.123701131045506 -14.616762492937218
9.259544318311205 -40.680964409015225
14.450936009079230 -33.791661161027804
-14.953781047039108 -14.607550868197155
-5.114660122492460 -3.725763205072104
5.935490540660842 13.703332525258853
1.825751327631844 16.464995891346707
-7.506082613111015 -12.568968581741721
-18.619846885393510 30.106243294915270
-10.748054349153930 -23.869160170924243
8.429293183061414 70.913561665879413
22.281185962750691 36.020184855474142
42.128660191503265 -39.674690298411974
22.874598994303124 -7.010356895759148
29.918915826899195 1.596711401804401
-64.070960011067058 -17.038503199107058
-3.048558597064423 18.220368550056619
-25.690375345951136 -0.903648892541987
-0.690285556537618 -35.070675182458935
-9.384833694311892 24.561603941507162
9.860637610521673 -14.457448329369196
-12.408289391885567 23.484031759145097
-9.301980856663365 -5.662337909584627
-35.058822864260492 24.206227526942943
-5.741011150564122 -11.296409418595820
-3.722126143900964 21.207444673386696
-6.678707905437325 -4.382773753246420
31.756612125933170 -35.286507163002341
16.664571810407136 16.884491349551432
-24.733449929753235 -32.427278889853426
-29.993942397333946 9.593656957990319
-7.444337170567312 -27.083714759157182
28.914970372055407 -63.466309315113882
2.081381035867383 -3.317227356353977
-24.992503253096380 10.250593894716058
0.900558947650837 6.916673815487221
-35.737781464986384 -17.670847339768606
28.422115057085772 19.278027548846310
11.454335713299896 14.293890340990517
19.803701622385606 -18.491587775551391
-1.523215431193663 18.614778420246619
-7.072782798674862 -8.626235905497444
40.293166941269192 29.314319631564697
21.808038791986668 40.451215533512610
13.256719411472975 24.835831395016502
6.445052950461531 15.208985564879212
1.927528970757872 -33.009540319159996
41.160982581361012 -4.747482754941995
5.171619670722738 -12.983712206020654
4.395465970737117 40.597980774361069
66.133337117313445 -25.680697007337084
12.137703776245399 28.008815342734344
-2.573914337626703 49.189983189538765
-4.173706585598922 -4.372114120871944
5.116135695435233 -5.477824301600105
2.881380873513984 5.460379010084533
-1.589308194614481 32.740365054805970
-2.401154787832312 46.947077824064429
10.258007891680005 -9.800225459893525
-2.860324627209177 -25.036292661739598
-10.415690821981551 19.417100688622376
6.639931964973302 1.175928351429183
6.793132296505259 -12.909581432218348
29.289082052122591 18.795584721379413
-31.529387983544844 -9.977035590149809
-8.244446719293963 -7.808094488774099
-30.369328785083308 -26.471713638105200
-10.072559014670025 8.003933853440715
45.247019008949600 -4.017126060765093
9.911556030778504 -27.205685766199124
26.030845232889156 -81.677657903840199
-2.104595416712071 47.327733569782154
-23.767309586413244 7.725580984313885
-8.668135631075529 10.696166628194160
-14.824936257538615 -21.858639233891278
-7.185360120582748 -32.167827961171682
1.909269040344491 -35.788502836050192
-27.809712099131744 4.250615646818967
-4.505771480073141 10.904402834733251
-49.905207754287296 23.419458891718836
-30.110855347957155 -5.870571962748833
25.566776871876762 -65.428856458482826
-3.775735689424115 -26.028295743903833
-3.119410512609313 -35.407025012988100
36.563258238383689 -11.193791890213502
-33.813298387240813 -2.946042590928721
-7.477420721629472 -7.980832255677482
35.124037662409684 22.623018254579968
38.389853063790675 -21.551109977786282
-32.064581153292245 -19.372964731072692
5.787592126078309 15.860107430856713
-6.178874777113103 -17.113970411141967
-32.189832434252232 33.733708676670624
-10.396960907111541 7.722467088247670
39.866805474519623 30.768243293829471
-24.734470337445408 -0.696049492835266
-3.708308396091868 31.888036275095200
-6.453793698413707 13.142961326130035
-5.644277793559875 39.544093622453858
-34.989299640859286 19.885361528610908
-24.523205990198509 -57.064317506097517
-25.323312073689511 -43.479732646728820
29.805701006926540 16.682402652172872
-23.882764100388339 -10.035970772406740
9.198173034636653 2.627824880742926
-24.988365311716613 -2.760241456951727
-1.113558633430104 -30.648434412404633
-21.609654933189478 21.589446977388089
10.183881428636434 -21.266400357948637
-36.830182221206876 32.531842987904412
9.807864706257707 35.690031168849600
18.571815415661874 -13.693570735231878
1.387067888524212 -32.687615294217395
17.392105699344530 -23.606679347059792
-38.220049539527963 -19.789460984303364
27.338972155887589 7.612943252535372
-5.153269237843722 -11.580711166972957
-21.562681286877805 10.627841198258540
12.868561359717949 5.459356281144201
14.871204717813908 -14.604230032716172
23.491269298946520 9.849266413100729
5.407238681947876 -12.443951584943305
-0.201581592329928 10.658550454824661
-18.470681870576239 2.912142525305168
-44.818827823511462 -3.373964612564593
-32.749170322422067 -46.325172739822037
45.792668028304895 -23.204454795177220
2.405589612804075 -7.737714109043400
-9.173454265744200 17.130359647813648
0.215076486558102 1.435477830051430
-19.497849992047669 -68.705508630716835
-18.121244130907680 13.222380088371002
10.684224247750970 52.655040192994704
31.366970149197588 -36.460155046274096
-15.646722913903208 11.515488448865435
18.511041605310425 -44.147016915220611
6.730902934660282 23.610632959815707
0.958229730963891 -3.231663389390290
-0.676344684181377 -51.204530095708513
5.498349535457860 15.721832434574297
3.219431800278337 -8.795232294434378
27.922723486723463 33.753137055008281
24.034901002537602 -17.547191800039613
15.983462221937597 -45.123819913323715
13.328307375706119 -17.240005865489547
7.309704859125041 17.279883887455576
4.888378902039150 7.957435675006168
-9.276660340862046 -7.372735247275622
-1.364890150846150 -5.027053079457513
8.587864134186093 3.826325310680401
-32.110515933426832 5.824077088191312
-5.727495287534737 22.052363203482034
-2.951393148545852 -11.349982878970625
-35.135516736045268 22.092153315391045
6.256980890758329 -15.459337260854706
-5.659002092979295 -37.103787097536745
-32.407635126442372 -24.883317334041582
-3.830250470663594 -13.252583507474984
32.525395360819331 -16.805831137630335
-38.623854152052559 -15.954604320164810
17.292012947899394 47.983949291293833
15.805443633767730 -17.795037029855134
23.082846674634524 17.867344406632913
34.045847312679015 48.921947304848608
24.531576614105120 -22.526164337313666
-16.764717342040946 -2.009167395962646
19.882854512863091 2.864190625083874
34.913238644687361 15.062695391755678
-18.370653723040412 -29.751796794887870
6.206528070840420 -23.867080312705554
49.225655821520803 -40.727315332852228
-13.407433012732827 4.898817399899717
-13.374007126893490 7.750703550776342
-11.223350971737617 -14.724277961942393
-10.962433055010894 -7.590833024112876
25.388529063575035 3.721407406901442
-26.892589838262023 -6.893818523178237
36.881951576285992 -17.208625974555034
5.126859536242331 -31.314191621981600
23.547617141773358 -2.317311848852025
20.602095479660552 -11.978748995447402
0.774863212109627 32.841790813360895
-22.663520645668072 -11.431405988851072
13.950213510984808 -31.365403900965038
20.466873265463402 -30.075812589484553
-15.368839279640371 -0.683220460097017
15.233483880396282 -25.341961622746091
-7.951979071518317 4.362344017009679
-2.170075897073594 4.676185578432082
28.729045101286093 1.758529971836670
-23.156974865350058 -9.748423118760675
8.344341630749906 26.647134419236917
11.708101211782310 -13.996438902779531
-31.883724872109639 -31.651647530055659
-31.998576922108576 1.139558465328313
-51.524056232808583 -1.084794104150004
-2.706750918538173 -10.881726223208409
13.984954685458654 -4.177980042881434
-19.606322417315241 8.180103911106585
37.951385245250293 6.920279557367041
-26.809217802882344 -1.506914128163525
5.981719891503102 -14.501566282143630
20.831468538644014 17.053133541163589
21.257463606697865 11.581056181424790
20.851627573083839 19.789873586259663
10.976684710741132 -0.506798133322768
27.990657153520562 -12.365741044513225
-12.255297164691282 -30.799062567149409
-19.348171018861592 38.109927073718950
5.487375716542503 -1.196303394859994
-14.422695155347673 -0.069323527601988
-1.991456527245974 4.591548186307180
-5.886118559777064 68.481792337556953
-28.613940454405967 1.359377017704719
-51.216044542490110 26.930473244150196
-4.672856435866444 21.834430574548243
-13.824898691975504 3.836571600709601
29.179620755516659 -48.078546920939438
-20.403995440787774 30.026441707242519
-23.654479314789601 16.457244886891818
-15.994859980196816 -9.881118390591954
66.570737340214549 -4.838095853148475
-30.987002672118727 0.091515944252679
-11.549967102089914 -8.120758016644066
18.252021370370127 14.820414773313527
-12.184788594842029 1.865324679669973
25.421366817690583 -15.175529311494515
-20.052042252649734 -12.042151415292532
32.506876865774267 -1.378203092210040
-15.311935544558038 1.608011470415132
-18.820537405827494 -12.481355935994054
-2.194488250865377 6.387175254279790
15.629112443698959 -17.314048367349358
0.660513688591993 11.929068420509040
24.670933452766000 -18.000455283161696
12.990861429137563 34.685842145321814
29.457048819502042 34.210874017284688
11.366342218536401 2.626349046822434
16.755466541406957 -16.915862702681093
11.334443591588204 -1.010848761565479
17.813009119630181 44.702710314962495
-2.103031417503967 -30.794567594006732
8.529068223120708 -27.471356824385449
4.950851069211779 -49.757024961441068
11.888956586322418 -47.912044077209252
-32.714880669518415 -4.499931218841609
14.284719601113364 -20.958461069528376
-20.503132781429851 29.289710936644958
-14.505234765406101 -24.065402697553363
3.270295372588546 14.423008355479901
-12.444885633480830 -24.249378169805844
0.360565831987315 -19.522889306978076
74.734507751131019 43.290307106374541
2.017198038211108 -25.723450309548486
-8.125992323078737 -9.973679247670569
29.753007002971728 -29.449417964970785
57.804461289591501 -16.737497626502684
-12.304236344164860 -31.082602412855508
-20.648591571610115 -2.906484502600617
6.012264688531863 -32.604947253271533
-24.216072544296718 17.126126369170901
-13.510046092884128 -8.952823712776675
-11.835661647834563 18.513439285706070
1.744401388922725 10.113190930964885
-1.966639537310408 -7.891692753015310
-21.239288232255376 -26.350175224493395
-34.662925270054124 -9.984414141532302
48.117826029396028 -46.263397921787245
29.045816376235209 -12.896056552894811
-10.175348395812605 23.695396980517732
-14.018112396432135 3.451668236056546
-22.853300971232748 3.960464289254787
16.749713333929080 3.513366394030898
-18.278989218997690 -16.026062366755280
1.270124980106581 -39.174478552258002
19.552449398633424 3.224722951604385
13.313599725226759 63.014225344179302
6.369822395336596 -39.214088605261125
24.716941909610583 -8.766792561648176
14.950009945093637 11.788129477021906
-19.683869523137638 -3.245583330278145
5.662696154813622 -16.246123660973023
21.267249392327688 12.569642625490239
-7.153615070861083 10.424721212765483
-11.026398898902819 15.237201857329552
-38.233005366624383 -41.328930796589560
9.177343844707343 -52.457857846019621
14.120384278951230 21.053366235195377
19.276633377991704 -17.010066706807898
-8.226379950453431 12.719262622558139
2.982211287954546 -17.861094912339297
-16.672839629006418 3.281688524749532
-12.032637175442268 45.237609671444424
-37.480799031962192 115.889083359834700
-11.362016269333338 -25.389303502857743
34.321672542205036 -12.671860843919003
-11.038762047412867 -5.369435379179655
15.776056068426428 -5.926564789928312
-19.784983475370701 -24.483147687331360
0.704381406922226 21.661322316268894
-11.200365115905930 36.714868737345398
-8.560635317044763 16.456706180587716
-20.175904894347276 -16.319484683049122
-20.773197351525408 -18.195444600229266
1.173424056637541 -16.278684867171727
-42.052358481634641 13.851665572903913
-36.616710927594795 -5.006826554930044
-18.171751113593356 43.005986343903963
-24.271636629903149 -2.404419401304119
-17.204300104533143 -29.635545898335430
-31.969157652304041 -4.474367180467926
-17.705800367325764 -5.170936440007062
-5.273263096014766 23.837442374682144
-20.849285464275919 -2.452347464585448
14.638243104858677 -4.292334868717127
-18.902045351642336 10.135699033885855
12.694199017695977 -5.277867450744928
-17.522092140804723 -41.971759254719316
26.323664540189096 -7.596902390937808
-10.860565429499072 14.020430266817334
3.267257005591488 53.205276018189792
21.015782477949418 -5.027938937028232
27.588495815608596 -7.413976000580348
-31.168305476418102 15.478169962448504
-3.370380151835509 12.719651565163012
-27.909702941860083 11.581922265567513
-48.423915449649101 8.147997806428465
-11.771021657018785 -22.358958921074500
-36.810532977031471 3.504010862566558
15.367202748821979 -5.162640319732434
21.481166788874248 7.262460850932611
-28.907592642747712 -25.835644566595064
-36.610100293452270 -9.872650680358879
21.718034021206552 -36.571739699536423
25.405742579639181 9.166862041685485
10.508588836698506 -24.381768497149245
-18.460986841369674 14.325666066960663
-21.947130261691942 10.332762515936576
9.388007800673753 -14.125595931687586
-44.857479786819262 -4.045134803236532
16.716972752212314 10.935810038279156
41.167655568820727 -15.264320103924803
12.197321873171401 0.044803800379080
8.693516711749162 -17.135019627707742
25.267480956296716 -7.635368096433799
-26.362346647988058 18.571412210353330
6.670782144990895 -19.933097872480587
34.897565166518341 59.033052521074175
51.555398020623507 2.475086992461546
10.711583781301210 -6.711745201908464
1.288536032999193 25.197606546407858
-11.526262751239651 28.944060047033535
-59.483760270986892 32.099556511225430
27.970552014013919 20.165747719216931
21.511118906853422 9.786125116639095
-9.398609680267707 -1.149382196595133
47.652583862380709 2.701621422591977
4.975208678189172 -1.123576076105994
7.325453600715655 -1.848421501583650
-4.777843764934879 -32.647519720797810
-9.717133518133684 -11.376204657172407
-34.021345215688029 11.306853820346248
16.955874116867026 -9.410829027278393
-20.816062765721909 13.318656592814680
4.031917124265949 11.439896844490756
12.861323904873762 38.604531974529223
15.253567165666343 21.807241360784314
-24.306548253766127 -14.175520348334397
-29.209096715731739 -37.081894855689491
13.066456690089217 -11.545828556766226
0.518387218087741 24.784176489309868
-18.637249321223468 -7.167692343030899
-14.304406844035839 -20.272779278372745
-7.723192384229449 -14.945310285446883
27.814112151868876 -14.687962412994070
9.324533255233034 38.954801222744408
2.208767925175596 -16.506773723400915
-5.001550993681056 14.753711262318690
-13.383125912754382 4.619810007528927
-5.312738938850116 48.486453967183415
-2.646098314598850 7.412361072001838
-3.249211880518317 30.381257743113846
-9.219202770048653 -16.881715628848596
12.046728726777191 2.986759654098102
16.050447061976364 -18.859962107564893
-26.932585806372067 -18.562112437084188
15.108990690133682 37.622729035816761
9.873704546549419 -40.291812771149786
-12.833191541624686 1.382249582616021
13.543340839945426 -26.920003457449841
15.942364110337158 35.219867118685819
-16.373671855679763 60.140682378202968
7.018857874852999 22.372239055813171
-15.645767551792014 2.529595563679369
30.516136394885617 -11.477097223629935
-21.915853932501598 1.955706573028969
-21.593832962505072 -25.354029674818189
-2.851705888319718 -13.452185974838972
-14.758677133147545 15.812728737379388
9.976676207783257 -7.345193108687860
-3.020470977840538 29.188455289994895
12.378232829932859 4.438866276797571
-34.835517044546116 -11.337591885030303
40.707275217933422 16.492282532616873
-41.691119121837744 27.575592921619233
1.397337431416147 4.597569565068517
11.660871136053466 -3.952646930882656
21.702188162571620 -12.176080433344673
17.321824011991310 34.718037613414616
-4.959175364392793 -17.347822277797320
-30.561698123720173 13.802982514874762
1.550986510404820 -17.759819246205613
-17.039102584376284 8.471481384193309
7.366627670720375 13.217661028662789
17.220968492748518 46.264394035306438
-50.909426445249672 -9.545578449489566
82.624284997162562 -33.905969768626136
0.043686050033364 0.124745480359710
-19.211374133189128 20.050573465387021
13.199337596866583 -33.567156174940564
-21.154024454795913 28.847166859528730
-2.849835927674822 0.306270540405356
-39.898369968820191 45.293480251580881
-32.826665025139732 34.640088209659197
-18.969267643054703 -5.899779271234430
10.653901057050142 -30.323636937134843
-14.557814345724520 6.191369948307817
-18.452547437776602 -9.786462015817829
24.171920518352433 31.330491603100402
5.508883149987541 12.155820134236388
-29.313132540079696 55.268778842030635
-4.403550594938414 45.824598509596548
1.069414542111411 -22.191290920169862
-10.808300984154100 -13.708984772646804
43.643125762981015 15.731076820021478
4.130936757120395 35.330267665231283
-15.171801853839854 21.284614374761933
19.983800527789473 -39.399284648865574
-8.828542954367235 35.511859524359274
13.115070560751924 -39.077249958530260
-18.913312764167536 -36.423616795608901
13.451765281005358 -32.559797179771302
6.206952015102967 22.645049880879668
-10.518561084366677 -26.268245725081727
-7.988229139244444 7.151682428668171
8.816054880451166 -11.805678651595791
13.891000908501955 7.721963164446110
-16.517266119224409 15.940979212124461
3.185570932727189 -15.163897113277507
4.418665834339531 31.001630408773824
-12.538267913885921 21.995504909870522
14.990911821962907 14.072137301581012
-11.753325227200598 -9.189609300924809
-18.533900443968371 -13.586492412416861
24.677874742495082 48.663834827525150
1.944122138157404 -38.905775580486548
-25.113042922052642 -7.027555426955641
4.910984128046072 27.849745707546610
0.391548535059020 -49.110812461365597
19.944287778123783 4.199864597330657
29.655905414809240 -0.808217658510093
36.192189271158462 32.008759541192283
23.825250067343728 20.886384284772234
6.020173169741910 29.400392134184997
-9.906275623324003 -15.676863702089269
-20.174415456077377 19.285238990108226
4.570199729479898 -24.581826756200631
-13.902053206187469 -52.884700228768892
-22.510392706513429 8.853146972011491
-1.616450552065591 -28.298079654826825
6.763724865338205 14.271503504896716
32.658770139071287 13.594040305417151
-17.031307736844642 2.022356257038611
-25.025382813614357 18.791665716155880
-3.603849879356110 49.008793330913775
-16.170439040819470 16.407896836777404
4.912775345022739 25.695606821359689
18.871252532548294 33.581653839666089
-45.704049658017837 -12.361109943399656
17.968682503624944 31.244597220988343
-6.314828517071723 24.157544459477748
51.064206945501319 -42.776139701733285
-4.216545393943389 11.732716385327400
-0.965576658615093 -5.657639728660514
22.833883138020365 25.885128840342176
-21.285776073110185 -6.371396266333104
43.074986873305726 7.489614062081327
-7.041274057356165 13.245726284975269
24.079886435144598 19.738269383809918
15.966512159877899 17.561981870671449
-3.669551708424013 4.688210011261813
8.018167609982465 -33.244406741362560
-42.830877430450151 -22.451883684005175
18.815951678411846 58.152990847024526
-9.137502627017144 -3.691908090933269
-48.087502013767256 -40.184401582974907
-33.017915799122854 26.301083350889474
-4.701350940933074 -18.692670234538401
6.344824523445917 -2.028241279271151
8.074446039397330 16.149490205039982
3.713988329988874 -10.052330803080956
-19.130670302666925 -0.409642480546932
-6.761761382720696 -6.102792866674934
1.612894156305517 32.525284141554614
-35.554539596884879 40.874515810238989
56.704663886662132 -15.160154217561166
-23.394076658389292 9.900743963908827
-6.841997010952911 -4.349939767042419
-4.740637227587718 -1.961640715570842
-57.073373088387207 27.186805411665059
-9.686047760642991 28.299772502047269
24.711034666735753 51.664560293402289
-15.900737887880197 3.934628818737794
57.363211105157120 -0.675460926569580
14.172433806114485 -37.716997576458070
57.918307206814873 41.987020050563558
7.228674834011082 17.101065209352846
-12.180646652715167 22.882841990627643
10.157015944272709 16.512371337023982
-2.249252255861132 10.697729421532905
-9.159609467900305 26.449831982663966
10.082296189690114 -13.179384636220206
3.572372600381521 -11.722010480396435
-7.195288752591579 45.484215677956875
-17.505907226811097 7.013400040242106
-6.357268413031896 -10.200986258713870
32.246934812784794 9.106185881935957
11.578530605643421 -10.718455615622991
12.647132049081454 16.025639314672549
32.295014155264177 2.878748208005009
3.262349415978989 2.820545799902244
22.550174395427632 -32.173299031609488
-7.377771898108508 64.405949285374007
-11.319369802146021 -38.975043114148768
-2.937660868381599 -14.536866270311187
11.017872270787297 37.262231751295289
11.651294201575718 12.665469474137115
15.220078326538856 34.414383677125613
34.721670026586779 16.774412134001434
7.776933863641363 40.050387924459898
19.265444849919966 -5.695187322498040
-18.105567218395873 32.895675427590483
-48.383842133003895 -32.390791417327456
-12.171443153487388 25.114227097423779
-41.184188610872454 41.116836306836653
21.828027859651403 39.277511983766459
4.205941954277071 -13.879669748509158
0.032711089811569 -2.476012445563036
18.916815258729827 3.642825579851023
-29.509073756699973 40.630449575588898
9.361170047222700 34.768593045376385
1.082141088227635 -47.301784530535542
-23.451881953970751 37.328729233890186
35.470575267136390 9.782160770639470
27.284937108561337 -13.223515367674365
2.875586256485752 -16.754369523973672
7.723528262847198 -25.350422651790407
28.445407700604125 10.623947378902347
-45.098843577603724 1.878625703712182
-16.381324893338025 -32.483434155904625
-17.975195898751672 15.327845618147682
22.608731770523683 -3.302064674752608
0.577659093992780 14.351984964961064
-17.254952521558707 61.327943811480111
-7.558610300383580 -24.891194573438909
-3.701104686483528 13.808730932705620
-39.867595727834853 -17.025812186205048
-14.292098194837406 -12.889131936551809
-0.018106965781765 -12.572855401276723
0.119816890231815 -12.951684188969836
23.390571805370140 45.150391927761930
38.044043109362548 1.617340336882551
17.273376302762795 5.934883604651663
-36.392830981103977 -1.727561440332278
17.727868947427183 11.735695772425196
13.498425867645137 -44.160050301408241
-15.229591138520233 -24.856253069774631
-10.356231200678675 13.957402124233868
-8.847334806604287 12.280986068974091
12.894493346110847 7.216316331772993
33.794125806267964 9.806518302976500
7.682650125657682 -30.144814806035090
0.999760605554194 -0.997958933684948
-15.655878321187805 26.688112780576628
-30.550896219670722 36.364393207419965
-19.109845481915983 -1.864619013464784
4.239428360019464 8.626989288319361
-10.079149717312871 35.004137398647046
-20.748047539631546 -25.757247589984527
-25.885687225967825 -19.762339683669389
-44.944505156461574 -30.428345563832572
19.478183294135366 -18.929299137085810
33.797072919411491 -5.176484425411230
-48.313391383694189 52.655757603298440
-80.494357130866703 -26.658932485887860
-18.726181158023856 -9.491336269825238
46.317274778945524 41.894684275180154
0.504563470269733 5.288116612310048
-43.983789795599591 12.214318772219606
27.012346869953287 -53.632318458096954
38.894191176719772 -21.594393589784730
-8.826691276756376 -9.625667632096913
-11.802440666045916 17.319527412960426
1.866346322711424 -10.646084340501277
-29.365755724051450 10.956623064320754
-34.262268428598837 38.965630185328770
21.476306701414458 -26.433661781079309
36.136592000567944 20.425339072445222
7.146958701453845 -17.250547652951600
-31.807173613775003 32.686694417498032
-3.171058270396522 -11.921573689579905
-11.635443093729821 33.781160185805120
15.584459799248567 35.337560965511244
7.519219499958320 17.213722027850093
20.874503130465591 -28.425956682477167
-17.026954815328516 -16.193633004092586
47.162162961963780 4.601604680644853
-10.249615102999034 32.884736662000627
-0.003317767498026 9.208907795232916
-3.654725899138386 -24.440177072194082
-0.460864589508005 -16.086416049981327
18.834903763709260 -19.753724288466021
23.297776087885889 19.771069268715173
-35.788434470818096 8.755106702338020
48.311510957322078 -15.047861495173498
24.580946789770184 -14.646933724622922
25.097063720926833 -5.582940722940128
6.870184451706150 -38.356425750101792
12.864847178024943 5.500412522724308
11.242935850264727 -22.927263548144779
-19.853357602601992 -15.587155247154117
-15.030042225799003 -23.210872457795166
8.966523795314762 -27.289312192508461
-3.386989469034901 18.966850019359445
11.993955628777934 7.874941741229533
-17.171910612590381 41.018710727209069
-12.354973125649639 52.228230669501492
-13.742931798000910 -42.844556886147657
-24.149851711906312 -5.029923075148865
-30.970779582121125 -23.531486554615139
16.558682356681455 -11.598231213010710
3.155954600845265 21.312716145530430
8.122653799923031 45.789643033804225
-7.073921549223588 14.356963343051170
-10.345703044982994 32.166032649186235
-21.056960897714863 24.088952239583282
49.365605846354661 -60.193091354307668
-19.206088078479535 45.505119269197515
29.380757954406935 11.633650635189293
11.991630668286746 4.606533874550287
21.969628642764018 -2.586530395163473
14.920576849632303 -13.689196363674567
-16.094692262199871 11.889683443923108
-27.159377051097614 -21.198023466993931
-25.834281715188951 -30.341624831970694
18.691648709323324 -22.428076334829136
-41.232170748471859 -7.818387148624643
14.661504207018023 1.499345462384698
23.187139297124546 33.116174861777203
-22.098818190783604 6.324157826059372
37.558737546332054 16.407317404003354
28.531668898458904 16.257890503237398
22.956246801811204 -5.917623600057992
14.175650188783884 -37.086618678932254
20.765501608283209 3.902810971618903
31.697895165688831 -10.071453486333253
-12.797102279375034 57.600363335050034
-23.080306381653060 -3.304011846408016
-41.196215745683276 26.107118301954415
19.437774364011030 -7.622888472753450
-41.761853368742472 -6.447656800448391
-39.738396842909808 52.651344653873664
-53.444159279305609 -38.974524887756097
10.470348805122862 28.536802962736058
2.549575942461244 8.389337729245270
6.094422367663029 8.883740281542075
-0.509347008740350 -9.535455463342318
-45.618817782360622 -13.329364340897731
7.809820518946186 -4.207550803361733
8.383236844508607 12.029282966720009
-1.039762558123083 -26.870029132096249
-20.761184577805995 7.479498100065448
18.193682055696367 27.205891495843158
-8.380951183589856 21.909143090347584
-0.029529767092788 21.090097120544858
15.334090340180389 -51.689894463927352
25.381147999283165 -40.418026240206451
18.167503920416888 -25.797548968353176
-49.719870249282948 -22.515078416799412
-4.514710253726930 -16.783831770780065
-10.729223926269896 0.346380365901765
28.290759764703608 4.104662711043114
-25.405653315619187 25.683383217629554
-24.545950141345056 9.351982636591469
23.229255200446772 -0.015094365283182
-16.536233725816167 -11.312042882682380
6.760495165533273 -13.378316176541373
-9.380054873273490 -13.138547217770412
30.975162747520432 15.566046368536091
-5.717566403455826 -11.098415023695798
-42.708080772596503 -65.434941029069336
-9.085309853383663 -19.567096731093368
-6.337813997728265 -10.227406911604069
-9.066654791331299 7.604081156728896
12.491711873289972 -35.039645926624502
16.239766316061264 1.895336199195615
-20.984899939150363 -3.033102898089838
7.228079131436002 -58.801575657527223
16.344240392680632 -31.115669241924536
29.255094970340167 -18.612261581713568
6.566315301639826 34.719338943588674
-5.551476012325411 13.998963925870584
19.688966724074294 -35.909529063134869
12.943314737746665 1.755886399597025
-5.472760941613208 -19.879568365063548
-11.021590144659942 -2.477181836282221
59.718830316157316 -3.650819943659014
-14.537970927340893 21.887726035516803
14.944294132718106 -46.521102774198205
-12.049871082222140 24.102438109574013
-20.540688331164464 38.509034186691323
4.878392360050753 -16.399505562415925
-22.316754624887807 27.096953889769839
25.165078035255249 1.163448515001343
16.883425709179932 9.894606802150665
37.767394501854220 19.506641304550708
48.803230928296877 -28.895676431739293
-14.932440806472693 6.200529817516400
22.933160442120364 -54.123205643939102
-13.920064775755021 -2.980707874072847
5.483678143330099 12.619580581039052
8.246343894730554 25.446157012449962
14.894310674706022 11.411134940265230
-16.044111897946017 -23.004998292795374
11.203066216989539 -16.454345604539345
-25.050859643334974 -14.303559449581902
-24.940004608400887 -14.354735676754320
7.526887051565160 23.267653168170167
14.056095892310109 -34.077031435761214
-42.673241492859887 15.310444548405663
24.804553655765019 12.897015012952396
-34.011095789617499 27.291932924609586
7.215591594818483 -1.214809882090866
-44.415172091311725 31.712126061601463
-60.059231703084492 14.297542990545782
-5.497184826311141 38.804900869304305
22.527764239344716 7.425461486341680
-21.367162186217474 15.219180248128167
-46.388069788099905 -17.074610111297940
-31.362058379686093 -7.491457223405971
-4.186953105043355 -1.338958488716001
-59.661702263814611 -51.347048231860065
-7.229004305827101 -33.466540378458269
-15.349624884753531 7.581551665450814
23.436374162484118 33.676373211763220
1.264515475351049 13.236477249694296
15.184394942226531 2.157918596647922
24.162029854674913 -32.270881652986731
22.167014141796795 7.235787040400159
-9.472974322989913 4.574581990935971
-18.939521548568159 7.257351925217677
32.024640158400118 29.581932595310313
-34.734409310057096 1.510349854266587
5.685047720019417 -3.139908306962353
-17.536722029117939 4.948584049035937
-10.775989310261892 -11.631146145715377
-1.811104494493561 -5.166711548738546
-33.852020638202752 12.026336357841988
15.154695232772903 1.733027039241189
-19.984970466930548 5.036953998564644
51.419089062096923 60.431338087909026
-32.748846399992146 -26.400632813404592
20.350629130048954 3.392790781198073
-17.239797323192850 16.167536849336127
13.071142057523266 10.882537847774369
-21.326238618936454 4.884203922836562
15.380084373881758 -0.400428255470769
17.623079229208241 20.167630078401597
-19.227791494139044 12.270492315319329
-12.855066733713846 11.243717191678869
-1.424517414571025 2.712076194321167
53.401848071216079 3.122885196075283
-19.325149332240816 41.221909615422739
2.668291089141600 -7.785791746697678
-21.906030149223316 2.675303622885048
13.617254399048843 17.178882684621637
-1.434177805435930 45.049930471369393
-12.744741084580195 -8.835996038275148
13.088338651482726 -12.283803886648785
34.440635721244782 20.814780588114157
9.405878523957666 -6.904149430186190
-26.561355156637532 34.291710619818687
-9.350289011135128 0.770359169488368
13.246569660149914 35.113375866939727
5.704484496853786 39.420816631714843
20.604749886687856 -9.258719937082970
-7.582880371517850 20.258623067927289
-28.325595052880754 -1.585587935687766
8.393720523304884 29.366106705028734
-23.693371260063010 33.653177876886566
-2.265201695608908 1.437113058375242
-16.194461406274179 4.672611172826315
-30.416683524952845 29.158443798817256
32.898037709807248 -79.853103928388279
-4.815908673757900 58.733020618537473
13.509716637514330 -0.533176103427723
7.960085711279312 14.095847273006612
3.213750177449520 -67.837798068783172
8.284883498610556 16.619394681786520
3.936854871335930 14.626754194447980
-17.459561296252339 0.949223691128484
49.705254428384066 -27.366666604642607
-6.052874451586953 -32.796756552971978
-26.238520863489907 0.089777738889801
27.845411076803291 6.259294455507061
51.064898922436967 -38.164762819554120
-53.820317801827542 -12.998830534674035
-6.141838682835078 -7.479330418966724
46.418047903966325 1.880545228839587
-5.601554242245457 43.675213623354395
41.146532918588704 1.534526100790967
27.619014617453903 -16.693889282666760
37.790818659351011 14.551875316574867
15.289578721593257 -3.896265622937401
20.546595324006265 -5.798649989085432
-27.515152075138374 3.971492314075951
34.900368089495842 4.605630163434336
4.232958257551514 -14.403455185333980
9.456086113867107 25.114887350119670
-16.104106925205119 10.886813569845756
35.296523178222131 -49.399063695888010
48.662999101673400 -1.699052273857311
35.079225390588157 -29.224029430351855
17.840373856681712 -22.571757072213064
-40.074556512418532 -28.455119103049487
16.077401454998760 1.169214442394432
-25.798437150248450 40.969473152193565
-11.291770654960100 -2.375842987583284
49.209424872686256 -41.204261989729055
1.920533886534350 -28.463596446170570
-19.106441810169994 -11.808022996282201
-2.821996512500496 -37.631423182979063
28.722962470752599 0.265802849623732
26.217475648996658 46.795304350850024
-18.754191151161653 33.899324524716384
41.362283644685860 25.312183366085318
1.951154785151958 18.092224946561064
1.611295444834594 84.110745685436200
-21.031420369252388 1.915879426355279
21.002245114056187 -51.991231777122572
10.577617491982929 -19.799916279027510
16.434527214125755 52.420948967393080
33.603997985471608 29.153983051012762
-2.531620009987319 -40.664983937870289
12.042006867908349 -1.959746225876161
-34.490524023747525 -10.837843037020150
9.144521149932414 4.677913048172480
24.046773351312769 28.563183588349236
16.099618376132462 13.671248510580991
1.921994550138632 -38.431958142603165
-23.049761303549648 58.603904749686173
7.321751372991256 -19.002865900455848
3.967126851173581 15.659816416004384
20.179680346062376 2.640115505098951
-0.371870241362340 22.048041451201758
14.830778719022325 -1.336325113126243
30.214886013604531 18.872044080901073
17.756479873896232 31.622267220486542
7.902581714344458 26.566899994199620
18.217667176935947 -31.173581953648153
38.109377366981967 -34.820840346133018
-3.971839690434646 11.644678525620003
14.939290408991035 -3.035635461283782
-15.792112593412373 -27.666274610243430
7.199023131254379 -46.305096417138749
6.365909827488416 16.497177473840935
-35.334836835727103 -24.774381807817360
4.865651173178838 33.980683274352153
33.529236624603499 -17.767157643921518
-32.015985167297281 2.948218474908606
29.215986700773758 34.970424638966612
-19.394923014474617 41.181319577907530
-2.314703769312576 20.611117154928831
5.698011573291562 -1.695598465357279
1.259164384123105 -35.306510444272000
-32.426109923457922 9.526632514581124
28.994870395345991 -10.654160717700810
-0.593708586197757 -11.679281358726477
-12.649920395043415 21.593373914281077
27.327716953822822 1.698090755109171
-7.343581329751434 -21.154890991331577
69.708390709765354 -14.136281220531883
57.418592699994079 15.704031771385843
14.740924660865121 1.128923302547790
-20.402462866186156 -13.860331673985698
27.875346749631337 29.198131525848165
17.489107997867137 -9.515011375322565
-25.318441929744854 1.870962338183762
7.492012052481297 19.021472052701014
14.625813471466465 3.332752436560863
-34.164979617904272 18.477316664930726
4.827976807457410 16.174492740471724
-43.307181603602032 2.588878118727633
-3.088598714216675 21.306099172296094
-11.269670876780069 18.063389554692009
41.884265133471104 -31.923591660587643
-9.536776306910889 9.690861347567258
17.705269821059694 21.946501215284222
10.345842670142368 -2.910549347901416
29.552722303245741 -46.738846224863131
6.782937608095055 0.287247916226276
-1.118466057927442 10.911833373466109
9.248546720843949 -5.374916244133985
-13.262346437843581 -13.462942868448236
-0.354098250784053 15.508335501839762
21.604070617391827 34.773032637724100
0.065142365403580 13.668279367253481
7.726634469300167 37.663080778709144
0.328264031659312 -9.682433615697631
-37.611110995117215 7.992584161348989
-26.894721705807722 24.580440235756875
25.646297464004515 -48.854750640841040
-2.636401546271214 -7.223715078213928
21.805893282068627 -18.741157685608542
1.198001117381627 -23.933612801306218
-24.932140642049813 40.439126892604662
-1.854243935948975 9.670280896073551
-14.262452940236154 -17.720365056433163
23.301741943475346 -30.801538300018816
-27.862435301462810 5.940338280108021
3.352608664638877 -44.052134828518177
28.062656091212304 19.746375853585416
29.102562837658564 -16.779920884173546
-48.802381471093199 19.700986164199200
-36.163467952624785 7.976329932536800
-23.579391972807688 -31.341955237496403
-11.710060110954224 11.411641555542820
-20.116927991916945 19.204714852474915
12.942583282045792 -4.597781645953651
11.408265518114295 26.982884596147734
30.332831478696928 -35.522503884508644
-14.507009672517299 8.587496479913785
-61.408629572270804 7.956001050924633
-27.234271318436900 2.275476254648019
-3.614585989390489 -14.337188070163821
-28.897092560616962 41.474074739230630
-1.890879318238440 -12.391442696687177
-21.566222783327476 -1.675680565318112
38.429297632743982 -0.498864846600794
-1.590705184499040 -0.696975203141056
-32.471923670490099 6.096048485969918
27.960820743856505 2.603792055686478
17.774520633575257 -15.505480385306425
-13.624524333127548 -11.692467030650164
11.274387068989197 34.815838141940965
36.384742924439564 16.243362361261276
-6.666339433164699 11.373323505065960
5.492117852363983 -22.179975127836865
-6.034255001987971 16.289393861433386
-29.844857137820984 -73.125347973287191
0.005111517570062 -10.349002175412723
6.551558287894314 16.814794999388955
-34.886389522701506 -40.316319057154786
8.212702070705710 1.408249274944294
1.758483723321656 -6.144435022277027
-38.340849150037748 6.339044867980059
-16.958249033098145 -42.090936380108836
18.264785882755838 -34.526778991861867
-20.082765958239378 13.850377918734248
5.025948486069372 17.042928296858211
32.116938151864517 -32.729570964305097
-38.553812677031416 28.937854734259002
-30.147276706148183 4.201214179459260
-3.467908492348109 -20.848085922357210
-17.846753453813267 43.707559519307715
-22.541495603282243 -50.925508268617044
-4.392967998272050 28.608072778162178
-32.610349446578837 -55.601807004838840
2.159115070674956 -8.407344067704983
-6.568666167697601 -8.576833630704259
7.578215473363986 32.235639349549388
8.283083913237883 -20.332032107888914
-58.201628463957910 6.545049707780375
-18.813265810073883 -17.227638479042962
-10.727061337582859 -10.364642237613371
-5.927332727131432 -5.510660918543048
18.551671354354401 29.526944925207406
-42.738952682079457 -53.300078548342988
1.557389106801790 -16.020370917890361
-28.928765448394923 8.149471938666633
-40.468730759862233 54.210459391401685
-18.958552460296836 -12.894544131958497
14.659897469286612 10.855076447623780
55.509904144954866 -8.974665923656168
35.606350086440145 -15.982706652107042
52.175305090484422 47.454237614535657
12.377778604252862 47.400457844426342
-39.199836614819723 40.375534496353467
-48.306210765048576 -56.112856219263023
11.609934464617739 -9.701726472322203
-15.418615901505460 52.058819096461313
19.029554542666627 -9.804694712666416
17.923204034215768 10.629627274536041
