0.000000000000000 0.000000000000000
0.000000000000000 0.000000000000000
-33.379985515339754 0.000000000000000
7.111785910396901 0.000000000000000
35.555366506943933 0.000000000000000
3.832261305540153 0.000000000000000
-5.880656092350562 0.000000000000000
-11.227268720087052 0.000000000000000
39.406612533568278 0.000000000000000
-16.146429455982251 0.000000000000000
-1.241189782809764 0.000000000000000
-37.135532129537673 0.000000000000000
-12.457434489353641 0.000000000000000
27.524598098719927 0.000000000000000
-19.499454278821815 0.000000000000000
-17.026516032295238 0.000000000000000
1.224781940219369 0.000000000000000
56.801215271089617 0.000000000000000
-5.777655884697470 0.000000000000000
-26.841398649139119 0.000000000000000
-7.254773077798330 0.000000000000000
-12.138331381364566 0.000000000000000
50.299682290994213 0.000000000000000
-9.171093514010604 0.000000000000000
1.698598503967741 0.000000000000000
50.455374105604534 0.000000000000000
-35.064244072302472 0.000000000000000
3.876748098460966 0.000000000000000
13.641791766321324 0.000000000000000
-1.705908238109166 0.000000000000000
-48.573267707251631 0.000000000000000
31.758241858876620 0.000000000000000
-21.908473798945785 0.000000000000000
-36.096370138376734 0.000000000000000
-0.254906284283082 0.000000000000000
21.998033010582621 0.000000000000000
30.040914960166461 0.000000000000000
53.851066889844645 0.000000000000000
-15.184817576755748 0.000000000000000
-40.162918614395608 0.000000000000000
8.977232868336388 0.000000000000000
28.522966359186295 0.000000000000000
11.297731216828788 0.000000000000000
30.334051242284296 0.000000000000000
13.523261726451812 0.000000000000000
-16.751630123468932 0.000000000000000
-25.192710232375575 0.000000000000000
36.045387267833007 0.000000000000000
-44.102421213792788 0.000000000000000
-42.535793753053966 0.000000000000000
-12.694074590890466 0.000000000000000
0.000000000000000 0.000000000000000
6.945122037268760 1.927937889374396
8.403554335613723 9.654834126002513
-9.144779789911462 -17.456997772178301
35.352957487130929 14.679025633956892
-17.951229090311610 0.016695818506270
48.077057597003936 -5.745827846423907
0.845488599119580 28.830875011332846
-3.832003782197449 -46.290577110036686
-20.536523312633307 -3.143133936994176
23.239093657376845 13.019703706819806
-27.070227795384053 -3.750408749902784
37.700349736731965 33.786374675057750
10.326702863967039 -11.316905373911851
-16.273269897888337 7.514961673230378
15.308109590957324 40.037722675809270
-28.600097739076173 -12.351678652820338
-5.234977898501201 -8.612785069683463
-4.491614972084958 18.180515386069008
10.637013133686922 -23.988405679771940
41.700380670965018 -17.642683487799417
-4.149878031404958 0.788384244224106
11.022742474024781 -18.183072838510860
-5.850079657959900 51.401057292701033
7.455492453082931 -12.767614004838565
21.910582462704784 -12.922356085391085
-18.010016788194296 -28.301514789603612
32.343456564600302 4.871491117693892
-14.698436602634089 32.053793982678130
13.403531716999913 -29.384048852711690
11.789136993792471 -12.184037534592564
-0.774863250073983 14.550446585150613
-29.598773247618293 12.783524050203294
15.190239003920611 -10.082150989265539
-30.294412707242774 1.793193547321609
33.145433802076170 16.739431264774872
2.767528473946957 59.355177002869205
5.352679961605475 36.360238856413638
12.768936501472412 -40.389852904858401
-16.160914673795979 -52.865807297242661
-48.697027244992235 2.747154042726819
9.197896779983964 9.102425634393477
14.254888249168488 1.179202544119448
-8.306436395588968 -17.792771745425465
-43.079863012172773 -6.191054689968531
-5.350113948666070 -7.476996320490715
9.921444319372373 -8.102239064109424
28.596616710211585 6.264209982807341
11.577821282209715 -6.992437900102829
-23.640625062116726 25.941827950135171
-8.057400652835366 -46.131695941893803
1.370999979992833 -5.871067711626043
19.823512739774728 -6.415538245078301
29.835151681621426 -6.863590109580525
-15.371043935874681 5.506900269277299
-10.451155402444146 0.696297783716078
-13.045239052959440 20.056153961276589
14.411786115739137 -17.291597884461588
-2.226135404069487 2.136005528354601
-30.587548019596575 -34.754167639462850
14.395802179248337 -17.932109182559653
8.233702710730965 5.018015952403511
2.079019528828778 28.614189672672378
16.209214234342607 -21.609959443796022
-55.382868711014439 -40.633276606223113
-11.031014090785755 18.111052225768766
30.962311201887555 -19.168430029934548
6.064355954877922 25.644894292545562
-0.388904847579474 -17.940242444981664
-18.357437801296719 26.829222442133993
11.048870557402203 11.573047574141592
19.072783042953578 4.477765381479037
60.749811621378505 -3.007196755926310
7.802992639130083 -12.198794146937708
29.832837728875177 16.135752943104762
19.932318236389293 42.322550694974623
-2.808495818201324 -17.913722955894919
51.126193749438173 -19.015663175001759
-34.679861690537614 -5.365989662223463
-13.245204678484036 16.654607357693713
0.271550272886495 19.831927355381371
12.467679490913127 -19.148910266774344
-53.320025406748314 8.458673347800822
-5.701682228622596 3.570531123806713
-7.446450698143449 21.933243465301487
-6.564629963156823 11.331264026186865
-16.666777417331822 28.829632888605968
-3.182962071205842 -8.324793166433324
1.586938178303801 -0.962289267704489
-56.449697409453506 -34.081648171758403
-3.972056067660161 51.465935089003558
16.017666672130606 -53.674005278191437
2.883070374684368 19.286816135048166
23.641909064645926 5.833067118957573
42.440020577111525 -31.896549913449959
-30.153792127186797 -24.302944825485749
31.867240942281057 -37.049676569361338
8.893588073712543 -9.487225345313361
-14.657392869253348 -37.084473640572021
-35.886159355099814 -7.603666168241129
4.884620145009483 15.066075517455433
11.061985713818460 -43.109109408683175
12.326103305277085 56.515753004879016
-6.141479793487213 -21.115255166158747
33.010041851584489 10.098200680163208
22.033276162725979 17.895191772092588
12.826506814064354 -0.330555272503916
28.200425697727951 1.037878330220536
2.153983625534531 -12.237737259879532
-13.571714413235286 48.094567284839620
9.664965052007773 -32.268672671223854
-3.876901848009382 8.339142622098432
8.352630023909963 31.811348022356341
-6.441031584054111 -24.229749690146051
1.388501729122343 -1.796721413471956
-9.712297532279100 -7.877104709640819
-36.137031296454047 1.074477116792143
-10.213915371941841 -29.119272056369432
-21.337706240493194 -15.743672566262299
-7.329512103010190 -4.000632820977583
4.870037378487408 -4.948129636285616
-10.620851672516594 23.150393961300551
13.465444391790433 2.647617606701643
5.666029150614390 19.452942935888128
-9.070302731299977 7.922909074332614
-5.378506937139989 -4.146673496492165
14.685867784550979 13.157483259588235
17.753574803639978 35.079371463075844
18.109821531477788 9.130874197856066
-18.400373324487820 -3.313323477149253
17.387380976321733 6.948836379373930
-3.519759212899424 -15.249775356688263
-12.027976119388459 -25.804398000424772
38.249025731403997 21.682436306792017
-19.539473925911491 2.675511650187326
28.035574596387725 3.320262714988234
-19.509647082590003 25.541061241787805
3.135927578014242 6.970753451274944
32.680612353400292 17.421032987766690
18.862093740191515 20.154836642835161
-26.619157042760726 -5.210748028501115
30.301713535282467 -0.474359714915601
-4.234969323840854 26.864645938115164
33.506639696982482 -39.903913262539824
24.764499107721839 13.229418302513649
22.714098796765921 -45.422591575137886
39.290801515578160 53.764579317217510
-34.619823315568688 -7.346293612884607
-9.103760974351919 -16.634943943825906
6.997685347982978 -12.906826275700100
64.293291581415318 24.123381580934659
-4.538153715693197 4.918417527326499
-18.447514140363225 -6.555872929429391
0.314112692923398 -20.933056111276631
-4.411144077155817 -6.805599207238386
-16.666832994104311 -25.613812993331788
-1.816963085600459 1.392111658076057
2.627314759175635 -16.087349042247105
30.716057784878906 -12.177851954705970
41.427758873064910 12.642917236129779
40.776406070114533 30.009854435810450
1.636754533816838 13.421055923467868
14.697325191713110 3.968008023507827
6.463193598234641 8.112119004910779
-7.958906835994839 -24.329371603838609
-11.959473519662778 1.808942415114232
-21.035795918366748 7.906619385689716
-6.481945746466022 -32.640138911486325
-26.045294147377078 -27.278758485144760
36.106451985538257 13.289621785294544
10.671488560478386 2.271322691638164
11.801508113995020 -7.185766418169907
27.186092659834202 12.806350509125657
-4.626308528663213 21.881485256461740
9.207459247250664 16.967138913419625
-22.651034407402065 -8.435751990976089
-32.748629297205248 -7.557087434344729
11.041474026261845 -15.653394004644493
-3.162641473007050 13.644111916081792
-40.397276272633142 -5.007999343019445
10.087580084216096 12.143762620649836
-44.502581280075454 17.097888758482181
-25.283945212087605 -20.596857620942298
-37.638709969480026 60.562983900239630
2.696420503284930 -14.778179002056531
19.860211485632888 3.432927749321835
-45.357920498112890 28.670600317186121
16.196541978618395 39.939964601056097
4.058922938256972 23.790927341997048
-23.563207125256056 14.955715008680777
-10.400746799388973 9.940913058256198
-34.906175227272762 -15.205216685334062
38.769603285735556 -0.167760210114458
-18.071156259495343 16.896856935013322
38.696296204533134 55.191637469744670
-1.963833235692290 9.632121148491237
10.341888893398684 -32.695531776927702
-8.181332350024203 -14.210487324011302
1.792986539380434 31.085919396346153
-1.789403265354338 -16.573752044885381
-12.472468304357578 13.900600544843996
11.403870551668870 -0.436280507617248
5.659216884209544 -11.688172065907002
-12.118001312303489 -40.307758063002133
22.846212523645150 8.251178267747839
19.966507626215790 1.092042872749789
32.311150168431560 -8.657232971350172
-25.931100120107434 -30.062021420944671
11.444130492960081 -25.204410473520536
40.037332385407900 -50.923372525760385
19.339234972530679 18.283421235030705
7.840277909918377 -10.937443417603196
57.557767782594333 -3.062324967405337
-10.656566342576095 16.788091032687749
10.728422796369959 33.797753006252933
-3.051929768349262 -44.516705173275831
29.202542633739014 15.816901323150089
-10.236505049856257 -15.298555610974114
7.263309362088061 5.658650579860165
-30.414695625672767 43.002230622705959
0.855874178503707 24.726747265289319
22.326580199915306 -7.930709829094358
-22.103185411427827 -2.391651083818854
7.488456960969205 -10.602119745701584
-12.187672686002921 -16.058550277864118
-7.297303713032605 -30.134273152545536
25.241118449743141 21.189302301114314
-2.249527408868948 11.305804710720119
32.811859859503159 4.207988708572174
24.888158390994466 -5.169333587648583
-20.076922151062398 -15.070901763090188
-5.570034891825889 -69.205048566681441
5.882926874431027 -1.117553547601199
39.180365333061715 -41.918920661724897
-14.738281823849386 -44.480874157608348
-12.655429399625506 9.870305574182732
-44.381407010655920 3.918692580581906
34.556415181959721 -26.995752462293073
0.362588042988782 69.996737174771283
7.858428074619630 -32.862022354145580
-4.782792680373317 -12.862728699146462
-11.186716343646756 25.679325574091404
-6.437869405227127 32.507104018512273
-16.767481239845164 -13.005793330242344
-24.339947865283186 -2.130612328703328
-13.274682910206746 1.606055540104552
-44.837246837929285 -1.376880349822374
19.954690894549273 -12.738606372991235
-1.373885623541713 -27.637221071723186
0.667437185911248 1.059775834253803
-38.393968917761725 -10.806087462252908
5.101756942174728 -18.207983421713735
-5.310295499011666 -25.234534416279654
10.334909435483818 -15.162325849956774
-23.052282354116393 -4.962633103795272
-36.186283825165084 2.017594552058879
-16.372487359799500 27.806961202816005
11.567521080912988 11.505136392722578
11.606280509162714 28.403452164190469
-6.222686347062304 45.061439467078095
-18.872647168798999 -35.734952848614661
-6.469742071689384 6.440841816474865
0.107114287974307 -18.523729372732166
1.251766857948451 13.411703739230488
-17.068850205977860 -27.459608372290361
-12.065492566790589 0.792263522701991
21.596270874899716 -6.437482193582265
-3.820448086141718 46.261555603424846
-11.769576419509045 34.351409641251621
29.473633956915073 39.254998144536998
4.014182517818329 25.591894349125162
-5.143197986990089 15.450787475476339
-14.908355736184619 21.709445177105394
-0.275288194015003 -3.863180125382212
-28.527458727659745 -0.256969167507544
18.752340476785538 -17.762422563158502
-22.293860961387814 -28.957487316129122
-2.434536303432905 -39.875139430076935
-5.562634367273534 -3.409998670513789
-4.848187655610231 10.365814475328467
-25.874153009536016 25.145126520054259
-7.219190276646644 59.614687706294397
-16.425373609940237 23.048168195791916
-26.968748725938095 -12.977934580436852
35.781880740489470 -36.217083812755050
-9.368733788445491 -4.156971390738210
-34.817344881276370 0.491281816728728
6.438485710585840 9.251757193619554
-21.992007210232149 4.329542333071450
-13.266182353443515 5.937278523191229
11.357134385001846 -7.571148143053328
18.715649740659707 6.011069495663582
9.272910205209053 -0.874678168236481
-0.073744252900079 -18.308275383613346
11.870236093764602 19.932228963857824
-15.346633944159121 -7.693663232339053
2.896703730740925 9.533240466488865
15.813558203957580 -0.095289486918855
-15.968033451926182 15.855954313924837
-16.275746243790429 -28.495567341283412
-19.864978061846902 -5.341249969874183
-6.176558586301800 21.351327536812065
-12.992760050032981 -8.638605613738454
5.782385763360719 27.260755819894101
-6.723402231449132 -30.765580527197482
-34.547917492740567 20.406278595775877
-1.825902087598562 26.086279085242875
-8.239213742748573 -3.728879901657675
-23.810011155339971 12.265141110483540
29.563805941816153 -24.474520951787746
-29.627979142544458 -33.246525976409416
-26.935833977835369 25.211589848357601
47.759796620159946 -7.082408534710832
-20.671280991584219 47.990172655467390
-0.976105617773849 -8.666477749281118
1.050787955990890 -40.623181171554478
14.311185856125951 -3.555652459926340
-9.435971571727586 -30.568120692825964
-5.995716873092476 36.731781485480951
-15.100324036751049 -21.826157681505002
45.661085461584214 29.209756627506451
8.435472147661482 -30.250454509435446
22.356653099615684 22.596955579580207
31.903858850890629 23.672494090948543
22.656441986984515 -45.163405539309515
7.256383600550363 21.250851120354309
-3.073615798610601 21.586478114796247
-3.952693543425843 8.738513198231226
37.259163040308970 9.726373251038781
10.499206525948187 51.035334208222139
-8.800502906450435 0.808600782764333
20.710603288469169 47.010600700498799
12.105976268886113 -15.358284516307604
-11.636482200426819 -14.487149656204297
3.761727526970179 -5.670961500046290
-14.371759290852649 -13.238983090038401
-28.549370009461601 19.591012417239966
30.559673814703000 25.095998269003786
9.792508888537533 -27.010948257068822
-4.428007419922357 3.631496169801195
-43.666086227610649 -18.039065521903854
4.295091256592176 22.626846609628476
-1.611746085478544 -16.841616540947317
-21.490346313932321 25.324863108996023
-22.582420752295544 -19.934783223245709
15.787772172367092 -7.203098945544639
-31.684855779247602 30.236529138002208
-34.481552936798671 28.446636897192693
21.140098444372182 -29.021342656546963
33.334575821750754 13.149352267845527
-41.781330737675525 2.051249054487998
-5.118811571556818 21.982584674426846
-7.882992442379745 -16.438976654806574
0.751669684705803 -26.454886220240407
78.940829360163519 28.107245546018127
-12.182748560110214 -11.773742309862532
20.921023472110161 2.257280371504423
6.279306832356125 14.045467198789366
-27.944947696739607 -2.687781089962547
2.258349277216986 -3.191672062066627
16.891708301131160 25.995558994178257
42.889016265110179 -16.747347138889154
-24.565973331366141 -32.997263363904267
-21.546141819206831 16.390979808901303
-36.198055693628923 -18.387144459514335
21.964265276854331 -37.673430786381417
23.152777504013962 29.181994530492471
-35.424851254731266 16.109407475698891
-24.812261071713252 -12.798587939272286
29.266363127624508 -31.283612375642811
-19.088339129355941 -22.826407096038576
-10.411439951758959 -19.080364582554694
-11.938718654440400 33.739331625772174
-6.661597457087337 27.233325577401700
5.295000666413551 3.228744035988723
-10.257648719750510 -23.817271271352801
7.603255627906934 -36.737340944198884
3.790305846778205 -41.404714966700794
16.823006183488467 -1.782037265540361
22.001181652283108 -17.913490033885736
43.365979100248779 -7.473341928081151
-5.998817175506068 31.192571977892463
-42.139653654006821 11.558923903886393
8.624159557454963 -2.213849834847522
-15.583344430823269 -50.247656689302168
-12.875869644915781 18.011536270742372
16.903514626245556 35.750930741966322
-20.212306946546835 -14.160096305584885
-18.220425156026963 18.684168883154094
29.135581567647538 18.111497830235951
1.908998260083236 -1.168542006070003
-8.916172373868024 10.515946314533357
-43.231887898463405 -32.299791134824005
-38.582733624642863 12.121553836264479
0.288224864625878 9.704156159733619
-36.315403348141992 -22.515679168841306
22.823728688304129 1.852469837300758
-5.851157816948078 -29.123019780185473
-7.664485117732684 -21.914738196502533
-6.577340166652678 -2.039469692598291
-4.170697787787515 26.446867118573884
28.274845805669315 -14.359090057847775
-22.624142490539469 17.973188894719438
-12.911131665267376 -13.198301176993677
18.812208489489208 46.255729125627035
-18.750455283736372 -16.929144509864852
-0.431378079822774 -14.289461433644153
34.330151177682140 77.717552522585493
-42.114345548874113 24.420014748684867
6.191440063499260 -27.335720514313163
-10.707651536983342 -0.499834828793126
-8.333296188276551 -22.500565036328204
20.646319842340091 -11.868382990413116
1.895897171455983 9.005306968111084
4.877228432128457 -13.206583535506063
8.258682852286366 -5.320867625645715
22.087049519893490 -6.455095902474359
-20.898051222984176 -14.529506409800730
6.256514435641516 1.212985842570826
-18.661850640343655 -1.635402678031373
39.202868805286776 2.375813477053499
-11.807173756500083 16.529784701527088
9.969989528199516 -9.532133267410657
33.246651529283191 40.055288198942812
25.003381810716132 -21.979129739836036
21.632357123887644 -12.042615734886597
-30.352572651133549 50.095711221844056
-2.856816405448350 -17.736917901102654
-18.408001089545774 29.773732958785391
-8.859806880220425 -29.846837899748706
-2.394332902784275 -27.088242361325044
-14.895661784103282 3.919451230994051
-47.422091707892740 15.253421033367509
-4.041985940683237 15.872917100251261
39.645692712549447 27.244922570767930
22.575973030808761 -35.518199506866637
14.740534995490687 -0.245139808451129
-45.017624421661864 -6.171911689084973
25.376365028217833 -42.326688342256631
-6.137131057162065 -15.263863119564599
-31.905344554958585 12.511209959871033
14.867447563475588 23.042799117172887
42.077831349990070 -1.290858801562216
0.709966351520949 -17.820326568635284
-51.306300046387783 -33.256469675426438
14.469565114687597 50.203129079838419
-26.715875107630030 -39.091021160804189
1.586980090223774 8.315826083567661
24.617539042357208 -38.607345492663434
17.537887249883518 8.258878675457586
45.173994185802826 -37.734777818409583
31.083600991668863 38.351082474578320
-20.020507796534105 -17.186781392359290
48.253135504145938 -9.673592676154387
24.845608081583549 24.343965696050265
-36.728317051359355 -32.659597209160950
14.470505147011643 29.550141752966528
-30.106457780038212 -41.002833530943001
5.522791978912584 4.260517990221398
5.872796102396689 -6.482069839803017
-28.017349592537602 -0.567307999648421
35.972288591465642 27.742429332794455
0.922043267573943 -10.646510323990045
0.880846144772526 1.366402127384900
14.440016371290382 12.505582942661924
-19.561667821838004 13.731493042247971
27.685443570786411 27.258042069819801
22.459419181974930 -8.681524125625852
40.674867834969838 -13.290738727682967
6.544243884729154 19.999853411274984
34.093162828596292 13.272659985407984
1.207291600542724 -0.456960430307138
1.886961015582029 2.525897905259552
-5.875265848885272 27.311078502502895
20.447342486548308 20.566165265880876
0.610885662713702 0.184315045287114
-20.751907579944987 20.624596636081090
-8.258741138965670 -22.439664169549712
-8.079409749481316 52.043165267522483
-2.844431278729623 3.413397398198494
-7.121698529848354 14.053771738442173
-10.816958653525544 -22.296245765582064
1.675889395856523 8.995597939512191
-36.174248524912578 -7.904632489081914
-27.172480567163600 -3.019600640569482
-28.104351658920134 -14.327104078675378
-34.121431020119864 -8.364648038424509
66.724797929918608 32.616133402310474
21.972636470248457 -5.203029216735973
-46.892403167415630 -27.279804937562517
-23.305446158588676 16.811519344634192
0.349793591132746 0.764505772509434
-3.218608884773881 40.980534751211621
18.048475322865002 31.563342926429051
-14.412391029149468 -3.026411308969700
-2.263707591484154 24.512332536024935
-37.993066027961312 -5.060224586952654
13.296087673740592 -19.917701602962545
21.593082054548297 -20.478540753023914
-28.431590064372212 -5.347739372987991
-39.336949562992466 -31.938969349206072
20.312632200504734 -16.197589236436823
5.057431651804015 6.602117622376348
58.322206005275170 1.684220698298148
-35.482378634672685 -14.122593386396540
-28.302274007068164 36.155029781450985
-33.629120072414359 25.019259556404354
-4.484951409603558 -8.364794240403750
-16.223769719145992 -29.204400368948178
22.366698782562267 -31.453740210226453
15.536854632424633 -28.963963566770559
4.707466684388936 -15.300801786525874
5.830483772740305 9.511586458978352
27.112093312995196 18.020940837929221
-46.655268376771716 11.473782430551765
-18.369639531287397 23.324886473501273
-3.921382075772439 -69.343944960216817
-0.888174072475163 1.366611374733323
-31.861385203563415 -31.223499331857205
34.927881262012086 26.640695571313405
15.309700710350640 -30.710251279515301
-26.213030344978829 33.794162875327295
19.653892223596706 -25.093792145773765
-3.310742006833303 17.754347256355363
-11.579901941985568 -23.816764305291731
-10.576549656575516 20.667988068313935
-0.655886515757977 -13.700613378409969
-39.447793083862805 15.229691469101466
18.051057255089681 -19.702174112273450
-18.475217135586433 16.144231077158238
-13.424636011718331 -22.353276302596747
11.728819230526982 -12.566434802148802
-12.077119829695340 40.523732940841199
-21.370639425478100 -18.571407232480126
-61.164264753884233 11.767566213668543
-0.745141331352830 -14.500308475537571
9.413612592980540 -10.319286307524544
-22.087537251306099 -0.233347947354903
-5.116077130443144 -10.671724268622542
-2.629161563594518 21.595865007311033
-13.597749847152928 -20.944599165029388
9.424102307804365 -20.483060043183812
-14.570727447116678 -19.004610222642611
-15.882271150886684 3.971695930241427
-15.990240410833927 36.997131063669940
36.586183424599980 -24.704535704777285
-1.623470515491967 14.485715709722294
33.777801490419179 -16.662988571630212
2.704178320446353 -19.603121612081260
28.425394778040200 8.826295495995526
-25.692278305120016 -55.825528794311062
23.091820660936932 -7.856189199898646
14.705868115167837 43.324458766395864
-21.665824932404185 -18.543056933553490
-15.913261229108242 -27.101130802672362
19.446235677286701 -8.636014171536774
23.617173645803781 -21.395892529338905
3.858732459735284 -4.937989251031428
21.233576347164501 -31.474726025375713
21.257176877012270 15.070905264712964
-16.516398861246127 -41.864162436027193
7.797079414098594 -25.605168960469769
-24.097715276343035 28.294320916947893
4.986008182965639 -4.479815551573028
6.743515811690693 -19.945496632255956
7.547201061084102 23.661825023027589
-14.840762711323768 -11.220678776373854
-19.563150280249495 -15.428957489657554
-8.793667267939616 -0.799274801891730
-44.498663349792679 5.001274460521374
-17.720082254705286 -5.312228799779045
-15.082599460651567 9.010223146057436
-6.512811531840533 10.205220952321818
-11.375060813108297 -40.296281912958960
-20.867579644589227 1.304006990746584
1.592483257295385 -17.134289652681321
33.465048347163908 -18.738478616293712
8.736693416710088 -40.172333252623488
-33.456177307887600 -8.915323784947974
10.152327473378945 29.569645257014020
-24.745401127185207 35.960878984770481
-9.627358129253016 -2.740587363896537
9.358927717033467 4.356782012621453
-17.048560634177100 1.619506391210698
29.469476431346742 10.906850029585460
42.684293783053796 -12.324756225348429
-17.772069716750821 -0.286594892397996
-16.736880463406756 12.675224126760535
-29.458635067564810 -5.974394514797565
-1.271457231962317 45.690977375768220
7.660273877741932 -14.344667406668336
-34.958374143524580 5.482739506675094
8.491765402959375 -9.910693915006094
35.034898694899873 40.851095427403379
6.310649720644874 -30.460572125625330
24.795030869351489 -21.977839066961081
-9.848766667903451 -46.426059201733210
-13.335545991889367 24.218341929369018
8.549370931101450 9.116721756688603
-4.001923229664071 -36.456228021358420
-13.959484547344237 12.611830121806703
10.864247870497570 -9.831642604217615
54.624085198675630 -19.433367964384765
12.237685894479931 31.114242068220566
16.135472205295972 -66.933147764271865
-54.658701622948755 -14.225161811212203
44.670180922267157 -0.339101085665333
8.556730364873241 41.067149943686559
-5.140776713713985 -18.107198630626954
-30.171178432973289 9.551850876562458
-29.684042000534081 -5.751724200830764
-2.815687981538519 17.648712747261815
-10.448364902377916 10.955883195475266
11.157546675689929 2.912962297175270
-9.791039388979696 -14.591808411737997
-26.514305900686193 -12.526726964094136
-6.081595344670535 12.989263175578907
-28.064889576374327 42.337510160690719
-8.801812113851067 -0.201952471268614
-6.720170265857166 -40.584284504128483
16.973283792334250 19.873811267133348
10.286784564478983 36.664875832137731
4.699756271522555 -12.422783033488795
35.509089588816160 -13.035020187940273
16.228412029829478 -69.488732047774974
-35.348117571831381 5.489461212322047
7.201145829414968 10.096185641402743
-14.330442903304956 0.803918366941817
-5.731577411934513 -33.611375715449881
-15.515462085866162 -19.216432004727544
-7.023773737458261 35.065776349316899
20.661657320689230 -24.272662864865964
-28.082023875632483 49.829144035736235
-50.873339219438733 -19.937769029744274
-0.442158197941251 5.202549749701108
31.804088614059122 -24.219435766133902
-36.372121517702219 28.721539128621533
-4.919916712242899 -66.551496214813326
0.911693488844227 -46.241622428976328
-1.272413788674120 16.595254791155782
-36.860580952356329 -20.302596080977207
42.402071344222890 -24.628076480074554
15.684141006282090 32.003891323845018
18.463435353272981 -6.960795360768677
-28.262308208611852 12.688254244340019
24.700962910760261 -15.208255612529557
-4.245767892074483 -39.019861930784394
8.327871044865338 4.244548925065580
1.689882292593851 8.476614126040200
25.048219306128249 -6.167476859200891
28.643134908920882 -14.349699549976606
-33.079091508783669 -29.776545339583524
12.593847683434198 30.430944354685238
6.850071215662779 -26.075160437900994
-27.355124807152972 20.505073933097918
-22.578935564445054 -6.952740741763961
-37.523558143458253 43.276157785007953
2.640402447873142 -6.237547685766905
-11.285797021995528 32.663527413536251
-19.366388616761814 12.076136313602669
13.733662979104359 7.525934080616214
18.244292214341861 6.967439501055165
0.193739971299716 -0.695818688183011
-17.746896334999470 -14.889126006427162
6.287708789665447 33.144903884702565
9.051492215699579 45.810561033656555
-13.942909204098402 20.674562950384104
20.456243722692665 7.219259565668351
-9.551818493318454 13.010884113084394
-2.512221927182878 15.240446091436713
2.535029072951865 3.892891136039478
-10.015866997315552 29.463758700039609
4.606960301218783 -28.822387312010015
-12.917094166774261 -22.778115831361248
-4.613627175296068 15.014264476250940
-5.882355902536812 -11.144760644466787
-14.652968823932666 18.718450503840472
-51.215079924411398 28.214833878738414
-32.047095761825311 8.591116667473173
-28.274924243947879 7.950941944737640
-1.047742077476087 20.663409811514704
0.584805104696732 -38.496715686133420
21.254413918919628 -11.243214213363183
26.269295695002107 -21.135873718502769
-20.466966813382427 -18.795486605251963
6.463585426520700 5.758525453266761
22.900237162702442 7.504498038975846
33.243449107649347 -6.050762647169228
-22.101736430914315 11.735311525271229
-7.071407354537483 33.824258176452688
50.946763550505075 20.723189328263032
24.879464382907138 -3.025751298293175
18.313493121088012 49.932130109029870
-8.538603087695993 9.166474312184020
-16.232513559914668 -19.966235996036183
-5.782454881618747 -1.925254527590228
-4.798235700527185 -0.702362158022592
10.508889075592741 -49.503434121902423
18.882414355419865 -54.896730453238909
-15.897361896770317 5.694816786432299
27.386073291867284 36.994611280667172
11.395047011346120 3.833068201057148
-7.488435035960445 -55.213049068186798
22.620085554795235 73.537365858550729
18.486717884324381 14.878237571098648
-28.296529776457159 37.191468918756044
-6.019937222610363 11.638922055064636
-18.919005444448935 15.242671298506247
-13.589304033326846 -34.885379517232124
30.675990321732368 2.893033540636459
-47.928172589926639 35.604076228470404
29.674656558052025 -12.424766003459762
18.536837851006926 35.426879573365404
16.227594397729373 28.948821161000488
4.231374307661082 9.728489484197521
17.557151101711650 -9.930260574641595
-32.951756584978185 -15.946517060807430
-53.760514951264184 -21.744258658534765
-8.903374713349933 0.723768239047205
-1.841837040991238 24.805069221085130
51.623439219745570 4.835131701303443
10.831485347736031 39.657697679131012
-23.112828916657900 -23.888594257542067
34.026593390426001 -10.103432734577042
-23.372643166956451 -20.156687960118841
30.062252111613457 14.436989737570128
-7.837394786824469 7.620827773056732
-12.505236228347195 -0.749886979019029
9.160397363000861 14.477297497070561
-28.574320988386333 -28.205538736478523
-35.370985475543648 -0.294709413742812
-30.009014323312826 13.400196620708602
-3.375708658180378 -0.557841429166423
-17.047256448903870 -3.908723712038858
-13.888465134332494 -2.023141594580207
-17.572955822613888 42.836647363325724
36.871360903555065 30.334027510781123
-5.657710853672033 -18.169741981863950
11.166990627428630 -2.161746340247023
41.881857851396653 -4.692621847913367
16.937249704950400 -7.276991459161792
-3.693390892285693 -20.423150035392595
21.093037448745200 -24.013679083987352
68.464543240889313 -15.052201130277032
25.373930229544396 24.547902980204654
-11.931003486583787 18.784190431323857
24.250835698521819 -23.116341107599261
-5.856099442995127 21.296535442281037
-16.405822290467686 21.088204747476436
-17.702543466722087 -32.757150519544737
-15.853584018843886 24.768913946400794
15.061679976478082 -4.239847207105226
-2.141680549487429 -3.582098167648784
-14.742950568064913 -33.666479628163934
20.554033805121797 -16.298082373290992
29.973512393244537 32.621464227343317
-12.625012659800880 -3.200348432229657
-25.907256398111002 37.977579019476394
30.191151866112023 -11.487294569411917
-1.889610711755619 30.070728972825709
16.039108367009852 -12.855844850547561
56.370792346426192 2.533396754671008
-21.461765896433402 -11.947574928345471
-93.999668257454985 19.073015082839561
39.281532818182420 -3.211968492506812
-36.550282998367400 3.912267304010606
-25.609259876411500 -10.128836054201555
-51.563360885015392 11.002290120593440
29.836225727108285 -3.042395686212879
-27.343881776839460 18.114801242483551
-13.948331636245545 6.827897772485759
-16.891404540652129 -9.030653370976820
3.198385139129814 15.684632537047431
17.343909909619704 -11.525341867447898
-9.999928391865270 -31.786121578271871
16.617629569631603 -36.289766242349998
-36.716041701183478 -30.035314636492021
-14.931093836758178 11.669956487815499
21.397905776276467 60.362114869539795
-8.785542254689663 -2.969220398940410
-1.264315878646865 -12.429303726376752
-16.446517941196237 -15.260643558068535
-9.659114916427690 -27.356375758409872
26.780384962557740 -54.436991288817303
-22.772769319157636 4.869750687276369
-21.767508459392243 27.012599820266395
-11.573521662869425 24.547608983047695
48.926327273555586 27.892477488156796
-5.457267332269313 -39.539754743286778
-10.689326181918950 49.407796843957748
31.975813244840708 11.737395396287321
8.655637804934981 -0.198079452994222
-21.378323015748510 -9.497216478462997
-4.991765718774517 17.854779849289738
18.920801551890492 -3.428231698261396
21.111451761506224 -38.790541936964679
-0.996593210814479 10.708724459713999
-26.232040371405827 28.807281236850066
-39.121750509910271 13.764601231195272
-0.329111921715435 -15.944023804863441
-25.099790774458789 -6.377063739091172
0.690294996652195 35.215381347921046
-19.151814595113954 -5.033638560558479
-29.117344919895665 38.093794490692297
-1.412668302477832 46.173948530769579
10.757067483546145 -14.961818206324180
-4.708003624229097 39.742271566435683
33.845516033441534 -27.113162178068059
21.899936876003387 21.684701015996406
9.670283416905459 7.273662009404116
-10.141964685189738 18.839476392561469
27.310524400107933 -37.794385086699641
10.950062895445715 18.309573153606117
-15.071181870789090 -34.550225409926384
-4.180869489424725 12.437618347692849
-6.752997930698573 -29.704220415174838
28.420085777053004 21.348004489598569
-13.752082465865094 24.818917329061541
-43.217246041955661 27.931234737608406
-33.102466840672932 8.876514631380109
-3.791493002135867 44.322779246682451
-3.590551637588659 -24.676908635321347
15.201408549511088 10.953212212091437
-2.703324380299821 7.473032554295186
20.279191792917150 34.183914105878394
13.472152832354816 0.086781055247139
-19.744736024833536 31.962883029144741
11.615922010065727 26.379454931142511
-41.238675064545951 41.460155746687313
32.201217121157015 -26.499953906535765
-47.661265039308461 4.301858380835874
0.591639666208826 37.005380505528528
-11.279077169169305 -48.010047399204694
-45.299381890172036 2.915846502663185
9.063948776050280 12.114074582250062
-19.732245367937722 22.048757120075898
-2.081402103904797 35.234106533033149
-22.019663420492364 0.344239074926750
-11.056171667049062 19.419122439002034
-29.540757569166331 0.731866215522149
19.869037487976428 -31.154072022199074
26.438522683633963 -17.345361501054018
14.972047295156637 3.607976728396268
-29.664330008499558 -32.509508168055973
3.367186934351742 -29.078517449622673
4.659236745247290 -12.773693338240840
-14.373502128116376 19.944378957501485
-20.415270370983350 -28.323519853257842
33.876534482224251 2.627489532532544
0.543046569946232 -1.727187704240220
-25.470161203454460 -14.103200284551047
-6.799027107953530 14.512593435428260
-10.094111116405326 22.828188208489745
1.599465150692932 13.600242835287728
26.416346580663326 27.871481492746646
36.732260069843228 -16.176508716277755
-10.731194639531431 7.972373479316057
-15.957267576497223 -31.856109829791574
-27.211643969909073 -24.004544016827783
28.781453210782114 21.561555500713705
12.553852008697554 20.016928156599338
4.107382550662088 -20.456186111271858
-2.782153143965318 3.051900727555481
-15.640669520269975 10.886240710595450
-43.688924506124422 -7.615046736447954
-51.127272298539317 2.636922434391976
-19.651135133630579 -4.542786543783854
-40.835326090506321 -43.352460474625403
-27.948496065792977 10.100037914857001
19.013268927352623 26.859400744922624
8.192647136420517 6.770092789821047
-17.488077036288697 -19.429256159319266
28.761749690561778 26.448640705101770
18.945387798901912 29.672368424412557
41.949382710987329 46.198676859538892
-5.459591882197032 70.350634218738747
-4.918143252900323 -22.916428161469735
14.272436953703586 -22.213913655661752
0.464408731332483 -29.599752990537599
-5.312196018494724 -0.382110416876307
50.307513660729825 5.102310496738792
-14.937719580789073 3.982828771350207
30.240545476293871 0.363715339277479
4.960435317578795 23.983977923065293
9.726523589737415 38.557785785691195
3.290674243151031 12.061758334195305
-16.534496713779713 -11.388952356618326
-42.417768920217213 -43.403350528997954
1.313637280397638 15.018375184755074
4.313116226507568 0.736745817345577
-1.131667173526025 29.317262294445875
-24.357270510275566 57.463042326442448
-27.718242513534367 -5.394041976744104
19.872106663803940 -8.680869910951341
-10.609039093294010 1.360969910938493
-20.932031263254849 1.987972933448695
-38.448170092697943 -11.632587310939185
13.875346157421655 -6.270443502678838
-5.038480366769512 3.790015906176821
8.167894767662387 10.639481602858297
-21.456391342395065 2.941668621512502
11.492756241431637 26.169751803093078
-5.239821960339660 -5.506815083039403
7.667585857912389 14.436602044685531
-25.401965795740558 18.624715799724239
28.669127034019457 -5.010933479864667
-2.880615679312540 20.523567168813326
-19.274772317585136 31.658828929055797
27.129871616914649 18.013810544880766
-5.198262024122040 5.725987990072168
-39.101925457861029 -9.931686362263948
-27.963302620303104 7.724910139097036
13.625192847219393 16.041786156232664
-31.956186030133107 -19.102556618086023
22.634704673558847 -2.552281128663089
-20.879383561194071 35.617670074486881
-19.683589835899127 5.560134831179861
13.147296512188131 -23.282408658989532
44.504303316148338 -6.625001847581588
0.572443186183768 15.818720409117956
-4.542574952980445 46.426095551596802
-19.026537307512640 12.023880422732278
-0.535267923823181 -9.140299668810874
31.341789987063997 1.254067086513272
8.947833187983276 -14.369447257978113
-25.251862175760628 -16.332903501472874
-5.278060451334915 24.760262756402184
-52.071350966827687 -2.127382251306219
-33.814439200678322 -60.337444571110474
4.927278245874353 -4.802940067866367
-18.231980649272074 -21.104765277804670
33.441062304808867 -45.031092894088665
-13.510342087968397 12.138070439909040
21.492791746529868 10.511668130641169
11.235272914261740 -0.868173535185783
-49.148011400175953 -1.630810545182397
9.151670481485690 7.953915561118649
13.532799037304354 -29.199535599233066
32.222643838226759 -19.556295634793926
40.101139612312629 -60.314441279496982
0.327001378934250 12.159645267734694
-12.721529428970204 -15.493832236322504
7.469656877298041 -20.407864720581816
28.513244933816924 -26.839873806745913
-4.017980456140960 29.601909083161321
16.083121925674373 -31.870400510128373
-2.973523907157913 17.027825622475415
-12.505429356954890 -17.598280639687708
-16.327785192380045 -86.509002017541704
-3.841686439066644 -25.521808973170927
30.857521357676440 11.067415790175744
-6.279944688392631 -0.545168201235417
-16.486721949093827 -2.401890346171931
9.711636544247884 -12.996020591401109
3.126374723787266 -31.394576938448552
7.587413990010402 0.763344607312767
11.593307180997279 -13.616711927783609
20.085539754335272 -1.775139002660943
48.431824703097348 -25.402926460301515
-10.398277861426857 -15.295578496231371
-48.881091219784693 6.490185872735517
12.419615842771751 9.190849963548224
-2.753363008405886 27.869172632731868
3.252282264524677 -27.933814525934778
-14.091423149531224 -34.896348808032911
-0.560455337584472 71.332767118978254
7.916653559183966 -27.296650559386876
-19.922381734934245 11.382445154116924
14.866198353783822 9.957999502785528
13.269790658495342 -10.433611563124209
17.599382672617530 -46.175432536260949
1.110104849337781 -13.076054310882068
1.354739367164403 -27.293674813329343
-0.794928153700735 4.403415721158032
26.917133754364798 8.547910331933961
-45.027599168571108 -27.523496011227902
-1.708424186832372 -5.789864802471948
4.040863177431667 -21.404015719780531
14.476746351884721 24.133919040080425
-45.548063243546935 17.075694122076772
-11.433393882179367 -10.326479273573193
48.304345973236956 -55.952606691258950
-18.817311279304541 11.303421253341220
-10.313931213879938 -4.132079143824670
36.931471084459339 2.995017056510676
-19.474957848519136 1.503949700147264
-18.166194103456739 -58.057399667483196
-26.669946487549076 -1.833079024659368
2.971385591240271 22.725957420157417
47.334660044219888 -24.268567712771851
-11.494017683290817 -4.622117969447226
-40.280933341663925 -0.899592415563174
-15.896442371413320 16.410190069020004
11.742710094100405 -3.218549200682275
19.196726296220632 -9.182095529412507
-64.021680917656269 -32.769884352639842
3.278286624476505 19.482184724560042
-8.149081115516671 1.607451894205652
-26.497753792673475 26.284835543538890
7.663842673635198 -12.509057779839940
0.970594902851829 -7.313243675157256
40.659619664651153 44.684692243903285
18.799249722484348 18.031834260886775
30.330073658275076 17.942688325858065
22.563169176881757 17.852399143428467
-8.444071780113303 26.730377755549835
34.882816887973213 -21.254900656405614
-0.009438978646369 -30.342793337844075
23.912730595708542 13.706732411650062
21.522512438748681 26.632345174186955
-8.210589129571202 -22.601106015007492
-19.461980462235790 3.541685156440543
-4.969575372668837 -19.874425459338767
6.967205342259384 18.710369649629889
-6.900729836176539 -32.087263917567839
8.364908475324173 47.866322469441464
-39.929646690254053 23.626013309154356
-5.900906644334404 34.819631296528840
-34.264604716903975 -8.521665220992999
-60.217636737591910 -27.891853441961970
16.415060876230726 -7.915044752089283
28.537743680428171 19.068504442974628
40.190380424481909 48.421220324437364
-6.339092067495725 2.492943335223399
-16.613594825202568 11.657427192497146
-4.655724747547406 -18.427738796948717
-36.808563372269155 -7.803918358034789
0.367762931176670 2.313826072068018
2.803349019601941 8.831582240028483
5.321400802261921 -25.790335419478730
-41.663089306633140 23.296460111904715
-15.161467022463940 -35.920772927285959
33.877179776560553 -23.284956433514605
-7.405350772438493 -14.294132904679900
-36.570520942342959 12.115955236307860
-27.794150380424622 15.542349646227173
19.401130046996304 38.406456105726356
-42.175302362516661 -4.928315582753121
29.903176356722565 19.642445120901435
44.083064384339750 -13.213281678844922
-33.055082970407668 -18.635015808402212
36.066417762949904 -23.792686396256006
-2.146716233107548 -22.267994921106826
-41.284757306175436 28.278030616326038
-2.093908290936922 -3.717361070192369
49.534541843171681 -10.552683816409337
22.172544946186147 7.969743142448532
-11.470386370159119 -51.343475998999168
23.711352819076971 10.519506704273688
-32.011691185883919 38.239744866420338
2.132170694848328 -40.248221680406630
10.760295613138810 -19.549003044022299
-40.002466051386818 -19.741288505047265
-2.659826597321281 10.023457350220156
-27.073907203084342 3.379947407729154
12.511313863649518 1.919852483207545
21.617001005890941 -34.153235248510796
-33.237772752169562 -8.790371242414178
54.093998839381470 0.922212558168142
-27.840271033898269 30.395880365657874
57.391438795095667 33.860947149817093
28.464791178922660 -4.644052536019307
-14.085516555007857 -10.407025717663299
9.100625888238397 -19.711126552215390
-20.552940698563038 -2.030913533086360
-21.115912013201672 11.522543018223113
-21.226116363529407 -3.754771036733391
-14.373424786937102 -19.669827907129473
49.196321063309725 -4.287394683883635
-12.289474534480481 18.899527250305127
-1.512739234623794 33.695204160706744
29.560171030865778 -7.472051039717542
26.333230228810820 1.075510319005173
49.338777145784071 33.064263480089473
-15.185144051100192 -29.872975893067554
-5.000591614684176 23.946816285334002
-16.888309810142829 3.916205594764195
-21.371467694197801 -43.707851008533709
19.378581600350060 -1.211811535666607
-5.567864438770441 -0.997591192880615
34.919633590503970 20.245352014480236
2.381914666896842 14.731362339335389
24.979125623897144 54.697160509787132
-28.954675186543941 10.772186318931116
30.014128758199124 23.261938685569636
-13.791196977027333 -13.318832214717467
-3.027500118423671 1.867550380845565
5.631118648379197 -12.453883084995443
5.403325746541261 -36.838682665354114
22.547077074061239 -14.090561492914189
-70.774576355309563 -1.295552586272418
-12.910488084534441 45.898775026590769
24.868916228743107 8.419104115955571
-17.060263217884604 -3.456875154874194
-15.799732308743058 -1.238565617241680
-18.193127480569679 20.516243960970538
39.493300328376129 7.771380754784117
6.193993854745022 -32.120041751647861
-21.247415956497928 -14.898835357312263
-27.157404915820727 -15.245281647349223
43.186034888756843 32.855193921665297
-14.976663874821174 36.488649737409659
32.586465615081721 16.268282543799337
44.788316894830338 -13.442905621979683
-28.168085620575720 -0.466382774444094
-45.732865223630583 17.638686337321829
12.330045479654760 -35.340711384988687
-11.950796195500972 26.738210268901611
31.113283805037817 1.547487048374548
19.810937607405641 -68.731922073098403
-0.384199108576235 0.599712388607830
40.443671040059165 48.951830654539449
-42.341488806222955 -20.312851964765400
8.638841540496356 25.966954128747883
-1.457418289071094 14.268709463891966
-11.134198446661745 20.358117671314290
-101.895215677219298 -25.258969704143432
-9.181404736069638 -5.345813105443249
-32.880223115665721 14.567724557246407
6.706248143400102 -18.914745125833772
21.808662039312473 11.584439856717587
-44.416761031375579 -46.380573149179085
-31.939900088760162 15.760888933321199
6.131596277089467 9.419390383240042
-8.514257916429246 -33.425390612942415
-18.997574100806347 10.695174099194636
-35.414182450488376 -43.381128302467680
53.759147103277591 -40.071420614428270
13.638502130943422 -28.554780072512198
41.569973365226147 -17.923786262720455
25.995995530004681 47.339818364788741
42.206409985270000 25.074114639242257
51.154788455386317 -11.026222619583237
8.104651376688887 4.365680158396717
-19.115306590683367 -34.787641304083202
48.082017397630430 36.973942892734968
-28.147402641897624 15.896908977497471
6.484279266154064 -5.981379230599594
-18.855015367194529 68.892206254609889
-1.601734657598794 -14.646664480757698
-38.043364244281804 -15.520052122725261
47.522407453299181 14.999235589078989
13.007815309707405 -0.765016231354345
6.408484216330529 12.741137581548914
30.713229735214234 -28.610051806387691
-5.150979144423612 -34.525594532538527
-36.475843104235054 29.513266835156966
7.565275952946211 8.120777519078288
-39.540322719815265 14.412924195923061
20.079824842490648 -48.771224703270022
-36.488010886577669 53.517056180613480
-15.542064441185834 -14.455759485018103
-13.932252809384561 9.648265227803552
33.591416321359347 -29.294046249505737
-20.679521169705112 -19.560071977863949
-42.360724125394633 -6.912758022472553
-34.014662949323714 2.658907336914858
-0.818670813252574 2.756505667790111
28.199721427499671 51.677218345476092
-68.626294943047895 -5.246953821745771
18.277458470989945 16.695577064034499
23.839115208662804 1.496929388172860
40.265900807214813 24.903978989660111
31.543520871769115 -2.690368298455027
13.295218952256100 -43.810568622916492
8.834892147012939 41.256898466282053
26.659466461961831 -30.078080478925287
-20.259598534888308 24.286786329161174
41.267085948288212 7.734001789258693
-22.779728255320265 39.750645989501599
21.065843118315303 12.871670056618804
3.543604142458331 11.438939689746098
-37.499079199272117 -14.608459511283227
-35.226120868222182 9.091343964572408
5.329021433725139 1.263974466956970
-52.896805148400929 32.083669664236794
11.322590716496531 -25.374487534617487
36.949566884490629 -18.961045247255750
-10.613253647617393 -14.799091564946634
17.187955769935204 -24.745250609415496
-19.026447998250326 51.525432153351503
-28.751279910457072 19.478533497673251
11.489445335211663 19.915611539499420
50.869199693328127 15.042844310402895
14.252603188555184 -13.911290308267837
-9.072697800412342 -15.468053269554067
10.936419855881548 -1.644122806827519
-2.378170446041937 25.039227420747302
-9.521966699306439 42.004540459612002
-7.827445675164786 -41.899077563042880
-7.717097970934397 -9.365298535408350
13.238619379203161 8.644187333097863
-23.991293495788224 -8.368353276993354
-16.204076689529227 -31.163999082614691
-37.220313681655661 -69.666122189434830
-21.048017845779466 29.532302690097822
23.827867114128203 15.538922815768172
-12.015598628047682 -5.979388501319820
-6.357430277765160 -10.057055358941282
0.633675136049576 20.908527912590120
14.554284958200496 -11.524669165395437
10.723239257337235 -13.833395233694368
-6.531290824126507 25.683610120194217
13.932227789525978 -15.515017307932593
-16.746099900512633 -36.184817936470346
-15.734149246931555 -4.783114709213972
23.733468359215419 -6.200503937615187
-47.303131568869944 15.864571978378617
57.592813014400278 1.946372759946940
9.594767770100988 34.968462407791222
-38.522922337204605 27.524401647704501
1.922463447543780 18.896855119938010
-26.612330973048110 -20.583620397561489
-7.147054645671746 23.853306837036769
-2.644180908112895 40.570707271619519
-8.173878966578071 40.524245523320950
-32.054788045388577 9.473716157397927
-26.910518069945407 -23.125043377190245
-46.567131061940707 4.262313822359510
-1.989207870267570 20.127563559887708
9.736912845762490 -0.244193614726120
23.951347105917023 20.481366997822967
18.131370891897394 -50.686634176276662
2.384086927934469 11.552246647189230
-27.303587994887035 -50.562068945679712
32.041843767761904 31.960482542303613
-20.512368787522608 -18.769985779263401
5.311683616156849 28.083344725720018
12.232344043983485 42.533984002665385
-25.762090533231675 -11.866806383978551
-25.569934375605857 -20.234681254466061
-2.504297121515576 34.866663107168876
8.236239233888330 -40.361185779596276
-4.732731877359715 36.024269450650507
-19.422344838235972 -26.581259111670160
12.169968491549159 -29.033555710447075
9.629373953298444 5.674876111413484
-38.488298659171235 32.838180104920198
14.883707263194076 -20.034321219803783
-14.727468483946351 23.430187788422643
21.924590974079678 -21.557184305462332
3.374323707830350 -30.741723965134636
-13.054287661913813 5.397488175122212
-2.912461307159227 -27.041172441579366
1.980637862874628 10.175996471301188
1.246014103431176 -22.221372889301605
-10.967340344792534 13.871859063067278
26.568430455126105 1.674384376952836
-36.180257484259869 19.914981480221961
25.217141973118149 49.287644403034740
-33.525678940767556 40.357668271331740
-13.422996075864678 -10.255648196198571
-12.507845818666661 -17.031511225897201
5.677816192985289 -42.306686913579739
-18.726499526569906 5.241542667666735
6.105251270521159 -22.741957556979695
12.992372654509179 24.709629374044322
-14.546562864601531 -40.201828528374456
-5.398499606877598 -11.960656513338733
11.103253156830993 13.435241330001368
7.580620779469638 -1.143436445697019
-29.995177180796830 -6.759569476414708
-30.999301000055766 -0.946227931998246
7.905401673660196 -20.617695590709467
0.919725983501782 35.587035858171433
9.365416580479808 13.634738439766725
2.355669633365821 -14.549746429125015
-0.695470157754346 48.585228847472855
-5.862631413159319 21.862764014379938
-1.965267177474759 -9.566035177844167
13.080399897884918 -12.870525554427401
34.035187137498738 0.368217311666277
10.016178788894036 -3.665225647336758
17.664504705075426 15.310408347118637
6.554750739785892 9.078939292527041
