0.000000000000000 0.000000000000000
0.000000000000000 0.000000000000000
-45.356515563483498 0.000000000000000
3.509685783062466 0.000000000000000
-34.159311327478179 0.000000000000000
-16.019501799332176 0.000000000000000
-44.071356505432199 0.000000000000000
20.585456637768324 0.000000000000000
-23.947766709525968 0.000000000000000
28.096137912022055 0.000000000000000
-58.414895131405295 0.000000000000000
-20.771344250285850 0.000000000000000
30.080377965065587 0.000000000000000
0.056197664525583 0.000000000000000
24.801301289389070 0.000000000000000
-36.507726775313849 0.000000000000000
30.723081545909988 0.000000000000000
13.700458299306593 0.000000000000000
15.033176859249032 0.000000000000000
-35.261352879188003 0.000000000000000
61.708902469616724 0.000000000000000
-50.566004755625542 0.000000000000000
-3.797433621692901 0.000000000000000
28.363565456875421 0.000000000000000
-7.836920543165493 0.000000000000000
-63.818376982103551 0.000000000000000
17.342641846176473 0.000000000000000
-27.507018094850864 0.000000000000000
1.904041875923979 0.000000000000000
-58.643274444642941 0.000000000000000
20.417199754825482 0.000000000000000
30.646530208450155 0.000000000000000
43.544713103247496 0.000000000000000
62.991014449854973 0.000000000000000
3.982970809740703 0.000000000000000
28.366193732084930 0.000000000000000
27.153524135778515 0.000000000000000
19.887741451580144 0.000000000000000
28.415646667793251 0.000000000000000
-16.007463550459587 0.000000000000000
24.011014303635491 0.000000000000000
-38.139796629454231 0.000000000000000
-5.968239685997996 0.000000000000000
-5.047852408454593 0.000000000000000
29.898296204833411 0.000000000000000
-22.961224332122107 0.000000000000000
14.580349771754525 0.000000000000000
-36.604786276716396 0.000000000000000
63.769024400927215 0.000000000000000
44.954652728650650 0.000000000000000
7.961968735483254 0.000000000000000
0.000000000000000 0.000000000000000
11.640691632017173 20.258311658367667
0.634691773829677 0.762797917941288
-33.425051508986776 4.629343152873359
14.875611736007047 9.775719705847406
-2.065752888847668 27.843542118920681
1.831808244192230 7.664382607920732
10.721471106849904 13.046303769999703
-18.343905952730207 25.769546410015149
50.337162660435112 7.162467129438689
3.274038258417443 -58.471353353720190
11.219309038101153 11.746534650615960
-24.259343702177514 -45.103210894708340
-43.891722172800989 -9.899499483365393
-6.471265612337258 1.684064698628352
-15.369098887484830 -15.347628171085184
1.333666447879527 23.026064938804108
-24.311670723143802 10.742707383640640
20.543517349985223 23.988474372734469
-4.472704010182191 18.401861482002197
28.840336317215307 27.390093704912424
13.739070901534813 -6.318432380272585
8.755959873606789 -24.172545811911316
-11.238801605715700 12.571253729371346
34.531792397856044 -0.490768246834314
-14.552037475584877 -5.254602557298266
8.214290827827963 6.581353048628409
-16.247967910985341 -14.161495303760686
25.004205883054983 -18.921533834712143
-7.130705406183075 -27.503081515380401
12.933011487514172 4.501871080188820
27.044384466570015 22.175488733478932
18.107580462819431 -11.569492414933086
-29.506384844720419 14.633833309374131
-27.764355615674106 -15.803529358210945
10.121307054739749 45.543683875868140
5.836527037622789 -48.501799688360343
-24.278490578166679 -34.112541086469136
-16.001520455952889 16.354446246403327
-28.468009682047352 -17.457160539354412
-20.838741247624846 30.854828859849256
-11.680719859081318 -28.460098350939944
13.123805813716999 -43.513506059337217
-56.683685307630334 -20.955633018342727
-43.121987890355953 18.655593900932988
35.304501129860661 10.329449549760783
14.838297457424293 -9.998948633186096
-34.214122777659824 -34.913997897810795
-23.672147286531171 -0.186432063712809
-19.448286650878739 34.087174988803227
-1.414059037313120 24.561906419536474
-18.061477752799217 -16.710047794748345
15.639666425435113 23.184975692594072
-0.804199568139943 6.826231380889156
-10.737041290496382 -27.305187383146411
9.284281785418891 -9.165565443930859
-10.015124395746302 25.532642028681689
23.584330701362067 -72.000138322565633
-2.159553553762338 -3.574421350824259
-16.943495149746926 8.137761216515985
-26.989118519012919 -6.871711280762963
5.457250531270208 -25.785181891580958
2.564506813828142 27.976452346783329
-3.174294103368706 -14.104879906334507
-28.315426086901272 -36.310810056882929
-20.461390147361705 3.924329036494767
-31.721046142093059 3.648583223424359
-10.603917983494711 4.564155831522265
-34.125335727091425 -4.649167997229846
-9.441474986608423 0.435671131294423
-13.086572500176308 -22.905327562967674
22.550513409623630 22.750216454094868
-10.865299407737655 2.460234230873868
18.060342104785612 -35.444618060670983
-22.080388803504761 8.430102553411917
1.371630025246837 -31.274770835800819
30.144560858999327 22.708074859760629
-5.096777499435765 -25.740614974880316
12.119793187355979 -0.131992429243108
-23.286823704072933 10.116464046126723
75.863256900912475 23.667409033274474
39.627741550175195 -24.493367705594590
-38.554488128973141 45.116482449205918
-23.180726439959265 23.768226665404711
5.546648448956667 20.182403595207891
-0.368843177175053 15.964067292845725
-8.009401370028611 15.741676540310930
-23.208612484551821 20.192124848263600
17.023881257101905 2.782355232223806
-19.572261036704770 -27.605077330020062
14.767631046026288 -36.371791896082726
-14.001122132468167 -40.912093863583493
6.022946294030752 42.857901678345698
-1.599223817438627 25.096234703597997
-36.779148374678442 -25.166423186478919
-30.717957402525951 -17.440904537240094
-12.576311312421629 18.470784452444441
-14.240821583414801 7.229300500483038
19.409331638073564 -30.959609173126346
46.367239020234841 -13.652287414258018
-3.674576192876224 4.538862955951613
12.066398197668375 8.371097313335966
3.628660695817104 51.342768775825611
-37.137933655034843 25.607324033664352
33.091623674305218 -23.672942881541296
8.187088386448826 3.323718942243576
-18.141006722161997 0.282866792070344
-43.552329701752264 -24.549032304439301
1.166969092366553 20.315873446069705
6.813726432721220 -2.760500436280252
22.204558586039010 32.514896219320562
-14.435003474244496 5.833292494443161
36.971140740105021 -17.170191712533263
-36.279428897538381 10.434417771221929
30.487426709751126 -13.483719914619327
22.343208967361729 -11.689084097276659
26.860406647803170 35.047457814947947
-11.417194168941789 -9.350511155287640
-11.646194732065382 -25.352125154450771
50.817390738126036 -52.529489566692291
32.112800403760993 -1.055965807446918
38.556291299604965 16.754451985870880
-31.032209676227627 -1.231084851754808
0.489995491881258 50.525103707436095
-2.532057850759650 -16.626649745769296
-0.393535748978827 -5.123233756799153
15.111005786493667 -8.636488166697394
-34.004893922498297 -45.298322108178830
25.392724436891378 -20.229982846930071
11.977508382530072 28.387950542572259
-17.669118676453621 -21.857606835058316
-15.445783174489723 8.373574564084084
24.211806934066086 -3.540227043110483
5.252719170840277 -5.642763981953701
5.737852152129537 41.305243032628233
13.077722330878439 -47.207829181821850
17.535604842059769 -45.022033153318155
28.423132214823113 22.711739615869785
-41.564082265532782 10.755636996379067
6.191357820349696 11.926694706251388
15.707450031227303 -3.791932038386380
-23.680328701435815 30.919570376297042
-29.911747547599827 26.160274709583405
12.080444069586809 -15.810377613384517
-17.747675220515791 18.665271794620562
-5.947965307286497 7.391830222310353
-11.008147856095945 -12.850748608133674
-46.267561816084189 9.029354289715847
45.089770988972383 45.497827897034199
-24.609702143488406 11.197226936583844
-17.997232292601730 3.198681417950934
6.338301785197319 6.589218508752885
-3.470683914585095 8.908047584721322
-25.982478515883582 9.046942091570214
-7.604471096686247 20.232925225893013
-8.438791954510096 20.351213211007249
34.184672825805812 -11.725542127741976
18.802288424881930 0.939161759356952
5.240394265302705 23.780469903249003
10.594018785327291 1.032935627170961
-10.436772859459749 10.376220889668179
8.844625014249715 2.378565965821085
16.837932187099756 33.740698644632040
-22.390272471002216 -19.426345397177851
15.657757973693418 -37.689809960744071
15.918100232241937 -22.472504776947567
-26.938412771183085 5.449128325101302
-0.662873382327569 3.924159977858265
6.678455533444154 -3.420616635873559
-0.357181294773174 42.610845162725923
-20.210117248923172 -0.580101241110160
-7.433774087692871 8.716504317440384
-5.550888463326304 -13.891845097292723
-0.437319361204494 43.494794995056054
27.839296150676986 13.768394579031405
0.265357770568223 -22.552004094573849
25.893806871105664 -17.586198745388501
36.488092171567267 -30.433350615899332
-18.674207219576722 -10.256063727814130
2.775638731711462 -18.616541630231101
22.659544313392832 23.106623826732282
32.717485807028545 -11.668351787138761
-26.145787023495998 22.339451535239309
-0.203118764339114 -2.773284010611494
14.997687828340759 -9.212457379041153
15.999678867942059 -18.275311650149938
-2.637261272594578 -28.787210554269070
-18.297984574623445 38.036442532555874
-3.746796681687886 -5.998401769489756
10.328550043873770 -3.608089438508488
-6.209565061732152 -7.889213570229940
18.412645042099360 10.143936909155137
46.466528566539843 -46.360243776934745
-12.629304297144643 36.768319446016413
-48.384966612383813 -22.597869131154056
-54.884621187656492 1.709698724283454
-31.041536040566385 -35.701321047069925
21.702079049357845 -7.198792159733433
-2.143115215683094 32.626775307947383
20.789560154421729 -36.647552522326954
8.164229893680643 -15.045747193134092
23.718872239865821 -14.376918642259403
-20.983537761945541 2.531927497330910
4.345522792189683 -32.847839700382558
7.412817416731194 34.044475122459730
13.486994895076391 7.050294622347606
-4.674388676330386 15.099693161223797
1.748018799631701 10.912068643535493
31.815810474885989 -21.798640769411026
-41.168312332519427 -22.839141240325603
-31.908432384839216 -22.666431756931004
7.110200509684392 -32.342135039948687
-1.081068585469944 -16.898048358321770
-31.771374512009430 -13.519325631298546
8.542963622401617 -34.080956771817313
12.546246614729510 2.313631751714303
-4.171709859865977 -5.004584925122001
-16.425011225705422 -8.603277088441921
-11.529001125320820 -0.070820743426835
-24.451754335466454 -11.678091638164263
-25.883171858291607 45.719372080352464
42.962840736681990 9.571301366498762
-44.847649198059891 -1.056924639341004
-33.299423468441880 19.375439872503939
8.496190481027572 -8.229761214473525
-12.422132950427258 8.898372118738807
14.342207274189738 7.845854948598729
7.529020229853043 7.090460316510739
-10.961930985242590 -10.677068171848163
-17.430401115710332 -13.456220158514391
-17.409659950046198 22.495292709713272
3.135255557870870 26.651547338210989
-4.094991546200957 15.026597878998563
26.631320135906147 -9.308144561282678
25.026120712037287 -37.369442903136779
3.916662177227157 -8.278901320677871
18.784023129762645 6.162909701771301
1.531633939688625 -29.681598375318668
-11.245604138030647 86.611747060185081
-18.288156040963692 5.427196148209283
0.006465115375845 -34.563536148317596
-5.931896191829353 -19.633292231101041
22.512481375912412 11.600286420627743
0.985921457104330 -6.588255676674882
25.207322135633159 -4.634091326934022
2.322679053385217 2.051985402596755
-13.464135721412269 15.090891229003608
-20.851196426755472 42.420908119203347
12.308248875089703 20.855893485646483
-6.321425849940655 -0.393298767196291
17.463539324955306 24.344878047752260
-3.372914688164556 9.127960506208153
-26.759257212223780 32.825322056974450
5.547973544984506 26.692694483886061
-4.354086981962296 -12.913015470205702
12.415894789480918 -19.733200878374394
-21.427806229157557 -4.211710761529830
15.341533217147395 -10.333644108899801
-4.297398810033112 -18.140409703899476
-31.614257498865559 -45.935645836106573
38.676385610416077 11.924577474687654
25.560280146474028 -1.483612466589135
-2.012989663642411 -14.819646317779547
-25.445719283911735 0.081146962816276
-20.081864911295614 -7.848114587269930
0.556156304317071 7.927149909353555
52.879167374948885 7.619983803825909
15.794579540874716 -36.112874168582302
-19.783803011190884 -38.049108748114399
-22.296840378568415 15.127494853848070
15.029830313683695 11.142620464424549
-30.961076306033291 30.144215302501053
-15.229227841218105 58.783581660523005
4.628602678020393 7.123910260683656
12.114507624973371 28.973094097737359
34.162542929544990 13.383623313203055
31.606761138304645 -15.589751461545291
29.419096053787708 -5.071891900604657
18.353558893718983 14.325656352854406
10.062844416895622 -6.100565574183549
-4.182076378046447 -20.247479105431662
1.546592442250411 16.584290720920745
0.693397397186627 -2.675200256557539
7.294971057065265 7.172313297051237
6.432817118948373 44.839131652401228
-11.372183257553502 -6.191920398548219
-17.053718723195782 7.938426114309300
-7.195397322569410 -34.597780861606509
-24.829105606303834 -9.799681051711252
-35.864374876557243 -22.932106430205518
-8.569982485080228 39.940367415060557
2.819840712213139 -2.671745570497708
-13.955778978597518 -30.022814079074436
-54.720536204416177 24.720910073985976
-24.808125809556049 19.206429634566327
45.391069291489181 18.380675541264537
-2.169049032859210 -3.714747578102167
4.284380282782904 8.272551317637104
2.176745741724158 -33.522450929565053
-12.707326415954075 14.702134604468197
6.780213002887604 -31.636805815875075
4.187062556023403 37.187875917501351
4.925854976688056 11.988757877356935
-45.782874409360161 -19.760781341093466
-5.428144178513700 -5.458802440302414
-17.764359415670640 -9.092657059742667
33.498594206621448 -19.897704255143104
-13.459908132406754 -2.204988852145921
-28.667252149233441 16.958864485348734
7.093376497725496 -37.986645368589414
-34.349269273918559 8.237580529677883
15.147393426923408 27.323580412373367
-36.867345826386916 -2.704229681203259
-18.634745867076724 -26.415873574305067
13.078104438104155 -7.904512515188065
-9.399438610188582 -20.892134433255272
-24.058896090284573 11.265053419425239
-3.898736302669659 -22.882315617888480
-2.872024167059692 44.028366992302701
49.255843840998146 27.882864400255301
-25.614527302282333 8.008421070317315
-1.144116539907677 4.955301958148329
-30.428210938316806 18.719658263578342
-1.315234124371014 -42.977073983006598
2.513934781779485 -18.748238074924529
-2.056435512264610 -22.154458551867670
19.985034488113921 36.050501419727851
-45.969025963057746 -14.627200464157488
-10.768906807078281 43.359851814806085
12.925108218059250 8.587101002433261
-28.741651860581623 -17.457964524165270
-6.751163587224821 15.277340528477170
-3.139058434969330 -36.009612841272997
-3.889079213926382 -2.718953190532916
-14.168263124481337 32.489404216682765
-0.760251924614477 2.127581531586083
20.111865871115949 9.546147286310321
0.376426721770748 -0.288631554093709
26.944064473475560 13.486824393523316
-25.501233209877881 -3.402340527863756
10.921219148168273 12.932924343953053
-34.136913844705653 9.112604027071464
-2.186044866678392 -9.605336217735129
2.645129694810706 16.773438890166926
-27.617561643364208 31.545148923324330
64.331608025982604 -15.849593019196776
-3.556953840821301 -7.202418140416415
7.970856400435866 42.725402388142342
26.514305058915628 27.451927648732422
14.540830912499048 -1.823507791023832
-1.641023373307357 19.795061314235941
29.247747568464725 36.256049970745885
-28.176356721444744 1.324289703846440
14.515294250406695 2.151171522100833
23.993408087900100 -21.119491185953834
-44.724168439667942 -21.812550173094021
50.900225634637955 -29.079093562848243
5.116596096576028 17.013872586202854
-54.498830995994297 -10.845607520013498
-34.513772778642256 2.600071366660906
4.901279620924599 45.195631036242013
17.335756021795664 -27.120444478637083
-11.155114496476525 15.856318086561727
13.993958396838837 1.084888029256904
56.115349585826380 -9.941604482775970
11.496983298546121 35.535387076266368
1.323939905821595 35.426297805068998
-3.672642256182995 -25.866948573756403
9.682280342524360 18.148969708799616
-19.508609092295529 3.539565126215649
40.809605352716908 -9.590892150947559
40.056243757658912 12.327091325520371
3.994556863914105 -8.103194677674912
16.732282757221171 24.433572033951577
-10.582400517092895 -1.531766359466399
-48.847461279011632 -40.535136679367334
1.717755279274893 5.759678016280264
-17.653649599168457 -2.997123173076307
21.359823608528103 -2.905155393305321
3.250040997316980 -1.212232882088064
-48.837511412256944 3.869006302550198
-48.121385900667192 3.688683427097407
30.202086257127871 19.459278069401932
26.537953647473376 -21.148237902838233
16.620668609195587 3.066490027083233
-5.499707781199466 -4.636640333290337
-29.238396667529084 4.663894420707313
10.541687262152287 -4.083703251554284
-1.806643748319028 -17.992284210489522
-29.358954292436941 32.531257489933616
-9.615584749445750 -12.274218620666458
-35.163163283405638 6.733757231628940
8.947230234986026 2.002397940792308
-27.826905705086006 17.304446721322659
24.772179349150914 -21.088698181336422
43.761102926255788 -7.836845476675284
18.536024795132054 17.468191701914087
10.426163611437779 -7.260790773332828
-35.992681985110032 21.322249060170833
33.860662610903681 9.506851653852804
39.072033308873387 -2.032653290896183
20.242415498577284 61.955034752117264
-15.533951371900301 29.589398155825144
-23.072580130740686 -48.556629309342625
5.889515057376427 30.245269663812202
-6.361909118990905 29.388730288890994
2.348433596700086 21.566541278347870
4.298800222929787 49.183755594717645
26.154584098719624 -44.952794234098832
-0.220180176576775 -20.750791487293032
18.189729091627822 13.623257426630127
22.714177949749672 -13.280531376036386
-1.726582006375714 -14.302911044113490
23.150633556083907 24.205146678508580
-1.366642187490829 -24.161529110841457
41.353503028528884 -7.335784132198055
1.893880885263604 -1.737132612738777
-10.479387337684200 1.780708714047902
-5.134420954973075 -18.699279705662519
18.303125549754277 -28.981691812575797
-29.311458006267916 7.659884919949434
-9.131702483079108 -17.356175977171869
-19.101397517898857 -14.627671263676531
-16.298357966767785 -2.221570042822238
-14.541515788442101 28.863621740423660
-20.452816172261638 -3.244735981253428
13.562060953125943 -10.691937593862381
-17.108914547172997 -22.963805214239571
-0.526191722591264 9.008802056565550
18.361591922811485 -0.003084516076723
-8.230066386941051 37.054692490077642
-4.499808712675116 -38.339526631938043
2.324307862140023 -20.339203190851379
-56.746625334963532 1.490301664400132
-6.697012962196329 41.402796328149769
31.826154515172259 16.932964904440723
34.061836210273860 -4.653210672591388
-15.911422221113209 -13.705686755258277
-21.660711919563667 19.187591070574971
14.768542063258577 6.196160786903632
-26.670011065452535 12.719724862607050
10.705726827811841 17.428488417900926
-10.418434390007553 3.628534300103840
14.150883884184124 16.804437105352601
-38.692902807593583 2.724094402055864
-34.760100690838037 -22.993975934182505
38.925237592145479 -15.575822150488470
18.494959964477470 -15.246006609847646
41.618981675640576 0.945986810765138
2.289415799648267 -12.478619195594195
1.164655369105457 15.918550364777989
-43.578859351551451 -7.736413853488037
6.098115322331314 -20.741345847638378
30.319801657262310 19.733930115907764
32.409055577108653 -36.070436759138850
28.768590881063968 6.740456886861295
-11.460942539890421 10.755036778475217
8.401607659127412 -3.785755484295909
53.900218846915955 -6.562324670255713
-36.812470949003583 9.891771611140740
-20.288235640347029 -5.521842444413348
10.660125072642538 28.969956826312259
23.046105386418827 10.634208600754873
7.251362581048398 24.814227086114602
9.647161844911889 -23.708598971417398
24.224948023080334 0.237219702324697
-16.573792964265547 -7.587393753679597
10.333252352434037 30.379896842302003
-1.276730728234494 -6.735866759865168
-3.075959446349525 -4.694091582117625
25.719351566844825 46.136933906843531
29.991709730924214 23.764095662172636
-35.321603505165150 -13.353597290149898
4.331070751727648 38.673045049562518
-43.795104715776461 10.808722562870555
1.540796618852470 -11.148067856401553
-13.455283637475693 -14.162357535329015
-27.164493321719121 -12.605622920671580
-19.458716145072067 15.669044452102096
14.704181894434170 0.672161125128076
-27.419291410613919 -20.496503603191769
22.856214891425861 14.271178857844882
-11.458396026268415 26.553543375634202
-12.978033093764768 -3.607825037487427
10.167429860633298 -23.962443642013504
-9.783032408813677 19.059174393909302
-7.958621737053784 -5.354984030840227
-19.159556184123254 27.491444041547201
-1.630574270200185 -1.900007477071818
27.081166488111297 -10.787555846124995
2.262580740050787 -61.319631362289428
-11.875068702973964 -22.530109958974574
-8.694286717493910 -11.381398524966777
-28.136698790102685 13.060531948154741
-17.657043010189671 -19.824825205920689
-7.339972929601845 8.186592361355810
24.225208116563568 18.526693069677286
27.219518126704454 6.366125467668144
-2.670044411367160 28.312508825147376
7.633297983625142 11.942404264735259
-59.215158070831770 -19.376416894588633
-6.790078090951983 -5.147923020715464
-20.303241819261604 -7.859544119497101
-4.730332076847685 27.120737025990483
22.578250777370481 11.371432532750003
-12.201297106771531 -9.904359286381077
13.561268119692381 10.548481912590889
16.202840982102462 36.321491792952735
21.537248760916437 2.168765457838822
7.948207415380875 -1.605274655377851
-35.902972759904422 -29.904347130232367
-6.503245558351119 -4.627036736983212
3.851776165460308 20.020134810239952
30.543944067705180 -30.193838739142631
25.840570814804231 2.879519902123408
-56.079192104559780 6.300955356340137
8.904357765107948 -34.281474954937963
-38.905778833612601 9.338143968362214
23.494233580250551 22.546075405692381
-33.600766667867667 9.715891218450906
-18.032037270306816 -3.858568827863231
18.052185154899778 10.253672592538333
-3.698455802995967 -8.522471138895392
-19.163583415650017 19.885436178581017
19.097048548494424 -5.552767077107395
0.933705960064832 -52.844381997962579
4.480990432575481 4.061840626116881
21.490649392769189 -18.827299354174119
-31.098983146359231 -2.777365330129860
-2.561010454774828 36.721380595188741
23.869179948021348 -27.223194039013862
23.265314511680998 -10.630485882883336
-28.419539890545355 -30.459417696808273
9.376051956940838 0.171826097533261
-30.346020042351306 -23.380008441833688
29.634028880275885 -22.050597366729498
-6.837149093345064 14.734432601131484
2.431087817784920 4.237203670902675
0.921001412833774 -18.447364780555386
16.113999814042877 3.673021591544940
0.975923138043906 -6.328277395119458
23.140092568577085 -32.652026070047960
7.112948979566947 0.254466245469534
30.609387266031760 -30.191262486134583
9.916174603557939 51.111969666066969
-35.368977436729530 -0.974594160065592
11.797195332330540 -8.588765142766484
14.860270167484401 -12.311078975595075
-15.634704309666665 33.547157917362696
7.451207362244567 -58.686487766093840
10.618465629789593 -28.381717943175090
-12.691538578946382 2.799588646497500
-11.461960733096644 -30.564933684346503
14.455280927932957 -5.934946535465923
-20.374457036714087 21.189454768169409
-27.056950404177822 -25.587167157913715
-1.920769853078182 -5.755204244684718
32.512856907946109 -21.071644233061686
11.809675709565981 -9.654931876351027
-15.734002462051551 4.540595711544400
18.873876485283699 6.191294052059528
2.951791427208586 -7.163474515977150
17.743013306031621 10.304121879649170
6.763586047241917 24.342858257244075
14.181535764920884 23.954243200228273
-27.382249550304522 -42.356222270784158
9.314347176923814 12.676385281434177
-13.957845219142122 -12.989473205560953
-43.681486259986983 18.425087536724227
-56.504172255746191 12.971434891223083
-21.856349312770561 -13.924436392191000
55.906882033301564 17.399652034676961
7.658022087499388 -12.481492376014799
-9.383427266533474 8.263117997406432
19.332756020459573 -24.538454072376489
27.701424192129860 -0.103466251433739
-22.834357052113699 42.211735663342999
-38.362977605073588 -12.552523952174825
20.026489911782079 -5.149283304412825
-10.776164434655289 -6.966867699694734
-14.731101226041920 27.207119021151481
-23.059230690654832 17.407606424513837
-30.716815047026948 -38.778875652677861
-0.462402168777639 6.138648873692834
-24.032471936515226 -26.939995551373357
23.452694945339672 12.870776405339663
-7.288890316259921 -4.744672882761963
26.812808433327174 -19.027981329600070
27.787392903653373 -5.717872311492225
13.242692190552157 -3.259600662245362
26.509121554260759 -31.571224975732548
-0.313524014020605 -22.377172650882603
5.366446564919494 9.243254883035716
-11.531036042991309 -39.641355796163602
-9.128492906634090 12.433237117931760
-1.879477386612358 -20.841794465156390
15.845764626799395 14.350029838863485
-21.455599337680642 35.778442233197509
13.343298695169741 -2.915420174485130
9.602218634598142 19.197585708768525
-0.962711466053022 47.289868084073952
-9.094507925690122 -9.893120648728276
-15.852243680924888 -14.444671158581945
36.635070003072336 12.758876671219493
22.157689831703557 -21.482716373104427
38.981985478915263 -6.400613312880969
33.943652081825348 19.525498539443433
-37.589807748428285 30.171872170932087
33.533797984821717 -50.133128548163683
-44.521923251858446 -9.334423129145179
-9.730921619944274 -32.814521838025748
9.680980822446067 1.680256169223734
-11.290808719056779 6.512465572560902
-14.361530502227966 24.343587863530196
-51.866412352415793 -12.541931478951508
13.631567300369131 13.922989988492757
39.004590814703327 33.877614373359442
9.338797311369156 -28.142806516213259
26.694830745648705 -18.687230750860657
17.866566391030471 7.308345007658159
41.628729477752394 -24.401965741724425
14.389829082245658 -2.882782937538856
-5.620569183568301 28.921296404879193
-31.409990541774782 20.906140181666110
19.622714345898448 51.135101074231450
-20.721768118026926 -21.155124859355848
-46.179975997029302 -5.918125303921664
-3.623220927443011 18.460662262458349
-32.724940828755521 -20.939461005536234
1.726539242914074 13.709004563234897
-10.054773137954411 62.923938251241296
34.628952338922367 -10.168213369642077
-32.515930326453976 30.939588853217543
14.726146420486899 35.280953219561376
13.518228933410995 27.101525726085818
-10.005109105532679 -7.819621445454493
-11.177895077369019 4.119076242123726
3.316712116134822 -9.265568232464403
-18.430966877932441 -36.693691328121922
-73.651674410914325 -14.717850395023710
-50.475914509407289 12.567032006692516
3.565932407713241 -38.322147979311985
-34.426337610719202 -48.795043487662909
-6.853586124922387 6.730244947669726
26.123244489633372 -4.478240898682323
-18.369055657989524 -42.442007588940470
-4.529777597647071 14.965170729608952
6.530349056046755 -12.282078808736580
6.519171010584635 -12.332171595361361
1.498174489980237 -6.157015627907990
-6.180876816306131 -35.750460440016795
-46.463464865343752 -10.174274728729458
-14.270369748504033 23.582612010647100
-14.859043609954714 15.145810589966800
25.844415762791250 -7.312539343434064
20.584627263083796 11.058243814441491
-44.777178420837032 -16.186123776070833
13.014304750787774 19.903876431380212
16.455343399822080 9.632513281227586
27.714511381626860 -21.029858194080404
41.192552073652877 -4.697290448305114
-3.736987089564892 -14.963664933759722
-10.372334645946390 -14.133539135200033
-12.774348037348766 17.950441597695114
19.131109672700120 -16.004076173283529
15.316799188662449 14.916762620859297
52.401101732437766 -19.655358526760725
26.051472943950188 -12.188727559585612
-54.473061756846526 -2.707015360291140
23.753256729643887 17.976756498857661
24.413458053794471 39.290344083744181
28.282797300897016 -15.917980004306832
8.531637661393731 -25.136485025868925
5.704523427812307 -2.271733042645091
0.708628177263313 4.722906601615943
5.789284757057257 -9.016121865254739
37.147068751306591 -7.139910555601305
-21.454384892087848 24.214119932624893
-36.878866607103070 37.118435667484889
-51.969265340163574 2.720961278780583
7.963412026955112 -27.469630930364602
-12.415419640853839 12.533645723260920
2.679102769667990 14.141577304676479
-30.838537765038822 -29.332568730614057
-7.649555839627570 -53.358097605814272
-12.583348519798422 11.218176414363457
-11.261015331071643 39.254204813467190
-2.989538920175387 -12.180801118310010
-26.153309915623694 32.800236460927763
20.971288327559268 -0.840860614647024
-33.046459737620388 -6.334369607311360
5.051760528676761 54.570933281806767
21.512576023480989 -7.678686989798633
-12.427960697963453 -60.988443805806504
-9.770622310132776 14.638263925822114
9.977778382852481 16.872064311464772
-6.910645958852999 -6.635549563727874
-18.865560544458141 -23.359474296600659
14.455862702457662 25.572305153868669
48.095551532238026 27.983586555630193
-42.986667343969863 -19.868081498680635
-8.140937158297513 -11.131024326761972
-26.309582125941855 59.765248001360249
-3.438098517882992 -20.327201554713540
-35.674787098591075 -20.445468702857450
3.807586586257086 1.689603544591798
23.141356200717219 5.247554526928409
-41.273090135226639 -12.876649573059741
24.760113984735440 -14.471953855377578
-9.611670949079599 -15.946054057124098
-36.724758721990433 13.804309232366908
5.586713884096816 25.073717899426541
-4.149588853366706 -7.706563959873885
29.406493667495624 32.747343677544059
-39.803412518743031 23.199201663826585
-11.646466266029766 -39.472028938554239
-14.199176404292709 16.098350312828916
17.168881836693206 11.721708599191517
-22.947760652303181 15.322061163075832
14.849937008670640 34.371762552295834
1.915334751240937 -4.630169178024614
10.528144999706431 8.294659369828381
5.194390798581463 7.226336893652045
44.722175905994625 14.709864525994847
21.925055894615173 -18.034577565507906
57.937884208837247 -16.545002883984875
24.454122385014589 18.956023190560483
-44.002619282355980 -17.078945364470041
-25.715814264981717 7.366684306388532
-15.587887033418523 -6.946758452799916
-43.922643295090886 -8.420863908668016
11.733126551458465 13.913515500815283
27.158201836030955 34.577062365974356
-1.556299152281194 -3.105572025132308
13.450347842290821 -33.097263762766417
19.293445951140818 11.953336686869493
-25.340765877135066 -39.120854534084856
7.397867174746974 39.189042407850117
-4.817306879747608 6.261539174227704
-21.569088172075151 -15.038903570728323
-38.037980080255160 -31.439889836765371
13.824329242495185 -17.565578363020009
3.188807821190014 11.334988481268576
14.848046923060327 32.304891090317369
-20.424680572711150 7.970109220489602
12.112876216387839 21.908157632159256
-2.019059351451390 -6.546955877353319
-6.965654115802476 25.613466127343671
-23.877169622095650 -16.218850840905077
6.655306170144478 -12.255162271315545
-21.781980887863657 -10.396725652457260
-9.696659021949117 9.884058670968678
-5.307070156917630 26.738112077109395
-8.895957478140437 6.505318467362362
23.075733998060240 -19.631133870119122
23.243053175832024 -24.674811497712369
-21.964029268506323 19.301066052252828
4.116026255648119 9.288248684904216
54.394280387340260 -5.653713409587967
6.402627416720975 21.970773464341807
26.625401833159646 21.396984489662799
-3.829014045849605 6.285114400441901
12.544865243551120 12.351533667180256
-1.455112340943508 9.567825784147981
-9.529173453274133 29.916657228464206
-3.623615479002205 -8.005753689305807
30.188888364733742 6.903974256523044
10.125730390195006 -24.100300794907970
30.325130426170347 3.364980567546193
3.466875281113538 30.017768404777708
23.050536932707168 2.870225782103070
-34.365484284810854 -10.585171299943404
-2.038620179516721 -23.641920902139610
-14.471782098955186 27.992683836020024
-2.577225449248531 6.646299284338380
-14.126484656933314 50.354110138691190
-15.881996047365144 -52.910974968182664
-57.739562646465536 27.546816975414945
27.635470406748503 -3.478654398856309
-6.435056179769924 -5.635721820899329
25.617717858030421 -33.059672340895993
33.608716241758785 -9.252678956153552
18.175621629670808 4.726448239042060
-7.496519866606986 -29.421470043309029
-8.525261859082860 28.287215988894115
21.157608306944869 14.571299562793403
3.917801238204012 -12.616947434763736
17.340131471970462 -12.993601848985545
-11.997396187675864 3.812367773508551
-33.453822739263899 -10.051344903118068
12.817997965705679 28.982700399560663
18.233532392532911 44.658647279142912
-11.731838693745367 -29.950090008060609
0.682358108379006 31.072534610361100
-2.183720714069082 33.659909727904932
-9.427368928245228 -78.728187633305126
11.264994020732120 -2.210724058491408
41.997332491640876 -22.816385411423113
11.130216849361100 -22.938596594422137
7.477461977851265 -24.172529069077491
-21.128281620018846 -15.004119427546161
29.405526730331175 -16.782482829666879
9.927441307005539 -8.808389950414778
-10.884107973258670 -3.273017104381135
27.801511239463704 2.748338951688049
27.855114253275211 30.954408103693837
3.231679482749843 -6.035296981106881
30.089889898755295 17.784433356022287
-20.402988283077462 -14.475835049989573
48.171346629018316 5.583565098467675
13.658713749513204 -23.456385636140809
47.054511493549413 -16.499001958774752
6.564125339300253 21.094330225899260
-30.208011074602162 19.057392452786381
-66.878580032761064 41.135120692812372
11.227307759006811 -35.713353212375097
-19.057096405272901 14.809837303990498
-50.283084003175816 -25.789680087578809
-7.419712678963593 43.655699350039242
-28.759520099597143 24.182237246355818
-15.684737115009945 -57.298989644561232
-17.389549893307663 -30.924538862230126
3.733893916922744 -12.389307650199370
-0.529749121871159 -12.582407555034209
25.891491173077437 12.481900667978856
-35.380866072484899 23.444837278897463
-5.645952114809583 18.523301950260489
27.733713319729748 -17.140755607431448
-6.261742636703834 51.360746393622975
37.292736398858985 -18.761790109413070
-20.421573804332521 -5.870455155893176
0.460167523132755 9.321356759311637
-37.068253204576159 7.801589078673867
-56.861250701532249 45.345719690791597
-1.330040893822762 -51.750212862848876
-10.200477941712119 -19.908660652043906
35.750212802618961 -19.587044083806266
-27.329953394680729 -41.420560846136375
-8.137327647088959 3.630672276580523
-4.088613858726815 26.966368360508454
1.538343026414990 -4.565951858912630
-11.296479725355542 44.350582912018083
11.337792162475841 -27.958142709504781
15.539568625642998 16.348006832492679
-40.844266282200138 51.753142557224912
34.585487198462410 -24.268080429218760
3.667806488912064 61.090571212962473
0.255509336211884 0.600021543817349
8.604922396939847 18.447725622904297
38.818692013888949 12.066870266741287
-12.597846676364927 46.285118581681900
9.388095951803848 32.883376257134344
17.101566115361834 7.708008899078510
-28.019185966994602 -4.473494466611930
-29.208279534967694 -8.851391092367983
23.691563916288324 -4.849730375789159
-3.450505293151052 -8.344708135306311
28.580909841995982 -16.656070673110275
51.221015731666839 -27.626060772021553
50.222453843079585 -48.001869020561479
-3.097845259137632 31.242650126845991
3.543288589446265 22.042222614255007
41.635092992330449 31.830150884471067
44.963524428478458 6.407572702269837
-39.575652949284610 -25.275543626723675
10.755495364878369 41.582306919208428
-6.449393438949401 26.657207719855613
35.421210865974949 -7.653008562708346
6.727748346007999 -40.616695682290533
-5.870726912176092 -17.884254048384815
39.650693043137174 2.239099472792678
-18.364234595252164 -27.346458674380642
-6.452571251246304 58.711016395266071
-2.475501250506038 -18.077442277456040
-2.454256695384776 12.187939396128577
3.396975214471448 14.209419990303955
-8.137916900833307 -19.101630762917644
12.120831550264757 39.988192711828106
7.020855374489276 -11.849417524058664
-11.539929525163400 22.057694257780526
3.910540620973747 2.735240702745164
-17.848152724277671 -6.103366764361358
-8.965174742509847 42.609450726558592
1.839457019967841 26.534160743614073
-5.158071339573759 -20.159382300453750
25.742497530226412 15.847496410331301
-8.903348629980730 -3.493556024275135
4.414630876721541 -23.595792336124134
-11.526216234098591 -73.485645543001993
27.670036217538044 23.426635536301951
-31.970877784379510 -21.856135599466231
-10.048171783611155 55.921092130180774
16.107134275731433 13.428577717836994
15.334615224675753 -25.067054351220190
-3.636490173928618 -21.318986960921205
-30.686991733099227 -22.248473974213624
6.540600546008820 23.332023897698239
-21.911817193160982 11.184370332419856
-12.274517157542730 -11.015069184457367
8.466264012032667 42.750303301861599
27.423040285559541 -16.388045689172635
10.135201943209024 8.339099226562388
-14.269122978285763 -31.830608024643158
-18.342720826211242 -8.836132248311067
-13.757509041281812 -15.918572598184024
23.861595644312175 12.935678518735005
8.502373982910406 11.202750230913846
-21.280110569199127 -14.265015308200290
6.757267609441746 -25.428511804152595
-18.975150318127938 -23.553289431087414
12.873457844865278 -10.172340859331625
18.563741691522349 -55.227125870698266
-33.330291850366564 -52.409332735179007
-0.109425656533611 -30.195953124681644
-2.185695142432801 6.950119174218997
16.133034868246128 -15.756808338375441
8.078695370321011 -10.742790281529464
0.707399284029542 -4.932844244602684
4.246056449688472 1.889272254063901
-17.157250415884885 -25.934313247008326
20.650358533567374 -18.835408982713435
-45.883949983941100 15.228495332184893
-41.695457778711486 -35.108327108437294
52.971545181129201 6.542990595907471
31.840838533411890 -52.180596752567425
8.941258100199644 5.988292898994581
-27.818849132150721 19.872622336524696
7.749736158718737 25.295962115446137
-29.224357610118869 -18.127327027423579
5.925577333179538 34.966380648203064
-46.617647685211772 -40.039398198464042
-28.523399021320984 22.351855022765417
-28.980901896393323 28.849176633921982
-18.732000954145558 8.443619198041954
-3.129025206036995 45.148872149884475
-33.079828176591889 39.574439522053090
-7.930999526473910 -1.996768419791259
-8.924390899738125 28.815720577287721
-31.388227244802895 -8.608227184448285
-12.856422234007885 -10.188295661218136
13.380411917552069 -30.896133623025090
-48.307830871642672 36.727466849090753
5.861051731377832 49.374790190810479
-31.827751031195657 -21.810828571114804
46.524871555111574 36.280496336785014
-31.474939719886315 5.401522548453046
-17.253007062100636 -2.370722190650107
3.190785468843141 -7.592890283995231
-11.612251172014510 -34.596916269254763
-1.948000769207620 -4.648942353768787
12.470367947143789 20.536813441637943
-6.878549853866950 -10.815258846794942
16.424397379675668 -9.803174837444523
-8.438777303234872 12.729098845575646
16.846093561618709 -16.252181943773486
-28.069440365852305 -21.374461003227054
-29.810300188675463 -8.643479776367581
5.812501278066070 -10.209311692733385
7.719777359308730 -31.989804098874409
-25.543127502464891 16.383218969805345
-2.809261460743952 21.351073857330690
-2.234851377923550 41.945321680759008
34.937175310510213 -10.453987286454021
24.912831224038129 -7.743956836631403
-23.036923441377784 0.979687393337678
-9.468858760662432 -29.855233943680616
20.599546977342499 5.870731069419508
-24.309961128060571 -12.922895661081704
11.576646615635413 -20.132882733681694
-63.218053089797813 -21.346926201982825
36.626594988862514 -19.827287806977395
-26.057224016532363 27.935871751648886
-11.910726681404848 25.439001200545146
36.569415554350833 -28.040232358089241
36.168476886902582 -9.423345737980206
5.655928080841948 37.579153413753332
4.139685861526921 31.133514966782482
6.767610496915751 -12.109380669011095
14.105907294213120 -17.331306739464978
-11.229686849066738 23.836200703413834
10.444189763863129 -50.224787082497379
-8.093689573481234 5.801370307017232
8.921108803865424 27.389828208956317
-18.898922403429207 10.622078258633657
6.535050196500817 28.502589913037202
-5.600081362250816 33.597720010237154
23.884136718482182 -32.541321396854407
15.198441427476100 -0.034549185352376
35.635362433819161 16.025257393014893
-14.354322793523442 -38.695493228008317
-9.800890656922878 7.585368455554989
19.991940543281551 12.709610665688295
-5.849379642862791 -38.774639541072226
30.848978568870248 -47.970923815154315
-26.557546041237750 11.669093138378337
-5.302381680634301 -4.413652647157999
-6.285192748913116 37.965296696785181
-39.577573518102916 14.255976183312725
10.377255249661239 -51.736239218972287
-9.781339245587461 -4.806721202791985
-0.337023403504102 -8.223404964612147
8.294672543141241 36.093524950637502
-17.313725479095268 19.324170291971424
60.901679127724123 5.603464286532657
23.489555111599138 -21.578659583796703
-28.396004297627158 -5.008548108995718
-26.874054037825459 -24.013616370259975
-5.671094263049658 -16.351708334075873
17.702187948591110 -12.869963417212263
18.174414900636137 -2.999557152763713
-83.512165448292336 -26.200161327968328
-16.176548998664430 -25.894233962324360
13.327315199301704 34.946151921168905
-32.126588973414101 -10.267123128353118
9.681167295344263 21.425942349931869
2.727142168059836 -0.661763364380761
26.539635214729923 6.323098790991883
14.659158598373017 -0.651575983998420
6.704544012798322 -13.908624063523046
-0.621147831660641 -39.962377165464638
-8.403607521866201 1.355520294427886
-40.568426826032685 -25.453569289722708
-0.785259084333637 16.690456220877497
-13.629965835747583 12.793924108065088
10.270108071400792 -27.123939441022017
-0.347758456656362 -35.196676039625771
12.084603935266756 -25.138520485558971
-3.380535676298049 9.904163941684860
33.545199736259242 -31.053447414965142
-18.831239306538773 11.793305798703296
10.042332601516346 -21.748267315700112
9.559579183680604 -8.423489452417025
-10.961800448433239 1.377965850934177
-18.811982615800567 -28.254143529214705
-14.851937591462249 9.915524382278608
-5.676413866319881 -27.753188815974152
44.305211985247212 38.891114040774966
-14.366994041996955 -23.003353624118777
5.090109236872038 23.037210032002122
-12.703639771790339 39.143920632277876
11.590895863043750 37.442119075012762
1.240132135605153 7.391738292003213
-10.050402513739781 17.960142505886211
23.168336159687151 -53.650817796634321
2.795369506440740 12.125350946947759
24.296488548682646 38.022800217244942
-30.911123159326880 -39.978088430508834
-2.793347347574619 31.497003045167794
-33.260170324243958 -5.087495585632271
19.486886377120655 17.564185699837605
50.141638053407227 -39.250108926406590
5.960514136924393 15.015488138504754
24.706796615909767 18.586584953988400
10.343029080579806 -4.926415676589282
-61.463587760287311 -39.901424025139562
38.743087161698796 14.453858987746539
9.587544370337682 26.990738773541516
21.856450237619665 16.988972980652349
3.854720784875341 -13.303869744383555
13.557141963819699 -40.034672128059846
13.723668858347388 2.099637768070230
-15.807431542780597 23.432004998111584
-26.577309142780074 -28.096352590489950
4.398351857160307 14.672678708934317
-38.851879780930467 57.575091600041304
58.591713733583092 46.000303650381056
-37.851332630077295 21.614906292429691
19.172346055098334 -28.874361153434975
-19.377468782081827 15.415304787608576
-20.403596971660527 -2.120556780690262
-22.718964394426294 -5.164392053335721
-40.758813795533953 -13.482774200716714
44.720689802220363 -23.034886965252092
38.590211633759701 -19.573109884627709
-15.282925670238567 29.494190311898187
5.493836820062235 15.011278600179603
15.915460706844044 20.018311176611480
-26.166725732680938 2.674162822673941
17.252962986102375 -9.258130325174525
30.823108696190637 0.860240731143291
11.564478109714432 14.938387534410998
-18.781200494526630 58.626616139790997
-9.340066870956758 -2.904246631579834
-12.208950667934127 -22.991276866367411
-20.328017241585314 -21.078392059311309
27.025771249185908 14.166914011955404
-4.236877289044331 -32.143385716829826
18.197425250158982 25.202301083710910
26.484711906149503 25.894004771727655
41.681362779438096 -1.239293660642276
-0.829585594942639 10.122780611688412
1.988117214907746 -1.794540552021742
-19.856025629803451 15.056621154208791
24.588890093283339 -15.840411921763383
7.083718273003027 -31.524064998417966
-68.152472178752589 -37.629208248637745
0.438312050771070 -1.401283422212227
-43.647368160442127 -39.587118210010033
37.578817210256240 -19.289745510804785
-8.808300613296947 30.870818168629786
-21.868591964411241 -9.818461936451442
11.350828329792851 47.864400553855234
41.660885529444549 -38.587003175805648
2.013076592340421 -44.583189208391438
-16.611733161289727 -18.329299857518262
-76.103852061201124 1.779772891788876
-14.356388737739373 -8.988964349854344
15.042156808941584 -32.763783605512870
17.822037984673166 49.550579377904484
-8.832599343113738 30.258350198533552
11.490449864546763 10.877493175784377
7.872013327639706 -1.235759665490376
-13.502902826324304 -32.986480575666860
14.485137688153616 29.771538220597417
-14.236483674159524 25.845247213064745
21.226251161904546 33.667059399014740
-15.043908149940254 -5.390882081541549
5.221338597571793 -6.198167715106215
24.005755310522478 2.869376016065128
27.845890888943515 -27.673118302054714
-16.801309576856017 -8.966006114938219
30.128701633260334 -20.222475112422796
-20.995999195794173 -10.443116868842401
20.831030309764184 23.246074500186726
-2.294826527289871 25.331476258868054
-18.962866517131747 -6.148355406516149
16.300939782061810 -3.338168787349950
-8.052508987626400 -4.352012695777120
8.921499607425368 27.139521943236158
-32.132831135547612 -22.640610854962944
-45.422163920038692 14.948362058044413
-25.871497535919552 42.082279582745628
17.763375550897944 -0.847899677804721
-25.084360230837913 15.823197237268424
-15.329249601838056 -0.751723967659770
-12.752378139148066 -0.709677893498333
-35.635747987034563 20.771023087158831
6.309647019989308 93.905544515729986
2.925879623755655 40.915544726030454
14.500366037131863 9.749424948466793
31.447397215307923 -26.504604423764874
10.169447467960724 -6.086308876595739
9.819672353696919 1.505745373632223
26.842310377436704 0.793054005290927
-8.251202385317765 4.830244076733407
9.856291659634611 -21.387433069354032
-11.026707061276914 -24.712177993256322
18.604321608595516 -38.482119089755273
-24.263746723892883 14.964676593879103
-12.455493954926723 -10.958274178631934
22.917196483981634 11.719153085600105
4.507648228220022 1.025012123252981
32.724314213556852 -25.179905978143342
-9.047863083735908 13.416728886684187
1.558076038387098 24.744203392831860
-7.391314878839793 -21.023964374270136
26.459712544224555 -54.539608024409404
15.536988833682166 20.374179803555574
4.224366538715504 41.059311706254142
-26.229705804299062 24.361253654217219
11.371327153183996 17.168054523681302
-3.523436320672192 -22.503533035285763
44.064349540858942 7.335567710828196
1.299782599548728 -16.509978063776131
22.760459322483829 -0.966115592963482
-22.447416573681661 -11.810996951577081
50.774794149517490 -27.283730691278976
36.596135093742795 0.834366672655239
-38.648467075013791 33.322904105578978
-9.348229303595852 -3.807741318847954
37.571857403863483 -0.586308476662647
-3.220971424474189 -33.001637745196923
-5.956936784362560 -10.741935402941502
4.937432347504462 59.337867570305136
-5.567549303222667 3.870458402421406
31.256598503315821 -46.310510846436820
-28.064950278020955 -54.703954412563604
-11.822514017953511 -23.679993231206009
72.058322101057499 15.780851389220100
-15.625398724435211 -7.055707162509773
-20.938054436306803 -6.774938744760698
-6.414704097871763 15.204687943418584
-24.235176763380739 -30.187480584805432
34.964919960493901 17.064003313426891
44.123585881926175 -18.988848678895888
-30.655858344886909 20.917822634392746
-11.063143393259086 36.705479489587042
-16.382996600407417 23.580207106799215
-36.571178789380490 40.210233812570934
31.261952534475146 41.114876759142845
39.554029593049798 25.977532918184259
9.775142522659941 -33.059377410323854
-3.090940586979302 -33.363530282273260
-4.750706340060147 -63.860815414745090
27.175750937329074 32.186931649242673
8.380664011664475 23.884786472839071
-10.526830317921318 -21.941082236731823
-1.718051522304425 -21.867712106429877
-51.466163630464791 1.384801342068805
-2.647658299606765 11.758894952815796
22.314344888028693 -19.781263401099476
29.948224677867113 13.202989367002951
-7.099991516732724 -5.816521314331902
-43.599200614149282 19.692998259961591
20.841224971639523 -21.973960066032273
15.080408094806950 -24.882029491753528
-19.854755230171822 10.652864752227501
12.842183618452697 17.082090468984099
52.733911230637183 -16.168944495882727
4.939744351978383 18.770486171585556
27.832351584571271 -41.686463277106839
44.685245937645007 26.088266838543568
11.758956949436355 -26.417056339453183
-11.544384696726727 -10.515024567899060
-1.632541260607562 -2.092296660559855
-30.444236344478590 29.262507324759792
20.572639588922861 52.296285156946063
24.562932690690737 8.517422347650831
-19.622790256103247 -2.300810118344970
64.390007408970291 0.663685557046115
20.080589316708743 -13.432761150599164
0.123748148478124 0.327796346713461
-21.344851456386806 16.546531751982648
-18.754817775431082 57.098767316986013
-14.644414091900286 17.279549348487812
-8.677077363991016 -3.057439954666013
-6.269036024034731 -27.502443208997359
34.083089403541841 59.711818479764553
22.743944155476285 -5.691692113125390
19.118952101685956 12.148921248870108
-1.864411487937650 -35.045153593431415
-14.753706815493960 -51.476517820537808
49.410042284008441 -25.517123895720154
15.423669594722027 -15.329006300795973
-7.538526211137205 -5.170965833702692
28.643625339859863 -24.828750992957048
41.954751727080705 4.166168403539665
-12.238773916659841 19.975807327804016
6.053131376284460 -47.211870156645460
23.231275146408620 3.839889202578420
-2.545247955072510 41.290008926875366
-67.589570970212520 -6.599046889329630
-61.229611550567334 14.809858780204456
-3.875981595868203 23.816036842352624
-25.716359793452025 -6.324762489807243
-58.640997898068584 4.726463436548639
44.118363126906104 30.421929537185544
21.482625384727573 15.724331723509884
21.319576214581669 42.305295920833473
15.189582443842554 -3.045537009728857
-67.173302027728212 41.537660722823894
9.305241656416015 4.837923233547996
-9.317446067038214 2.347586420713345
-1.452084603394862 9.518338109025606
2.117650676773080 -14.664519578891397
-4.572759567487122 11.366018927470630
19.261485655448773 -7.853829269062339
-17.473790316468236 -5.866349526807412
-0.687137801394356 15.482301680539580
34.574546257226267 -14.312633075642198
-11.762938949924061 1.550463346911177
40.049398426516575 -48.028539130571900
-9.033192779306493 14.301275770303686
-7.409559951722317 10.311209176584859
3.578850156220017 2.007665354886211
15.066802822046299 16.709060132170805
-34.937957324521889 25.270361156072330
54.106331683737629 6.087302189226856
-3.634922477277038 20.818686034565790
39.329048548709764 -8.051266571954816
-19.519829207958715 -43.371289877349049
22.927028597095987 31.038397360849345
12.863626086510381 7.793554817766120
47.465028021442841 59.741989355546707
-2.184565793106525 -7.847600995520734
