0.000000000000000 0.000000000000000
0.000000000000000 0.000000000000000
13.004562067686782 0.000000000000000
-15.927894360330203 0.000000000000000
-9.068397547857209 0.000000000000000
-84.306730748334118 0.000000000000000
42.276069976686664 0.000000000000000
20.745271551110761 0.000000000000000
23.429382147460540 0.000000000000000
44.472355688146479 0.000000000000000
-23.093178068674927 0.000000000000000
-30.862078858737323 0.000000000000000
-6.220056056058657 0.000000000000000
0.662998923545198 0.000000000000000
-20.731438655274154 0.000000000000000
-7.180630190961047 0.000000000000000
-22.358993214512349 0.000000000000000
21.151222657789901 0.000000000000000
22.854237517522829 0.000000000000000
14.131540461188431 0.000000000000000
51.708749635707399 0.000000000000000
0.162230359662756 0.000000000000000
-57.522761531061072 0.000000000000000
-20.319520577059549 0.000000000000000
-61.627215285160432 0.000000000000000
-15.607772444453252 0.000000000000000
-21.088915456699361 0.000000000000000
3.174767695973144 0.000000000000000
-26.750029169530688 0.000000000000000
-63.178161097191719 0.000000000000000
16.835808882526216 0.000000000000000
-5.299844753470139 0.000000000000000
62.999210276365112 0.000000000000000
-81.677576308666829 0.000000000000000
-11.051033360095229 0.000000000000000
41.863123674021921 0.000000000000000
11.224144531911818 0.000000000000000
-31.359795555230829 0.000000000000000
18.316874776857340 0.000000000000000
18.297765330005245 0.000000000000000
-41.468035503151832 0.000000000000000
12.857852413435921 0.000000000000000
4.098692337842413 0.000000000000000
26.083341600300052 0.000000000000000
25.384407062332688 0.000000000000000
12.268224573999376 0.000000000000000
9.522662373394729 0.000000000000000
-70.084959716141171 0.000000000000000
7.905400975854759 0.000000000000000
-19.562966394785281 0.000000000000000
4.456042005573690 0.000000000000000
0.000000000000000 0.000000000000000
-3.810732869053365 28.965468628854069
-24.669985878596034 16.287565850273197
10.128555786452573 14.157387455334586
-18.357328180531891 -45.243563525386826
-13.384616100492575 -7.174905420212728
14.128419563485421 -4.590909148799810
16.594970789720801 11.541969212416054
-9.966260051360322 -39.260402448752707
2.323652234442802 -16.044004155684259
-4.650632181550390 14.749279142219851
11.629164114886905 -6.563272685978599
-15.723770455761766 -9.758419793939863
15.765359044865983 -12.390179616858637
-1.357685962746128 -18.103496569472473
-14.093054060347994 17.741462837692552
28.707597141468963 11.049438505891404
21.567127066710047 -7.274449474982119
-20.109855622662096 -40.623208776363001
0.688827058049973 14.315980228314581
-46.142117677870417 8.910307658405337
18.054148853911709 25.466983768702903
2.646893930788604 4.279845997858851
35.028944780671921 -15.251695204725847
-14.320979446210561 -26.363756268749157
23.294440623122316 13.061170048323357
4.388549623719482 -45.185965440319670
-3.859718722528595 19.821936263093047
11.630968831051087 -32.031713620425158
-3.893059194298764 14.811629121658472
54.167573606332049 -1.286554485819153
-18.371771237429463 29.125169484777722
53.386191025814178 29.351518284687291
-27.911479992591431 -3.464705764655887
-18.560970528792481 -46.127688972061861
-27.858113651941213 7.177675855910743
7.303789599950200 -8.127960705866146
-67.042340515276805 13.099599225358036
-5.380665658463974 -23.553611605124182
1.746309693899544 -10.969213124974745
-23.542221717440952 -5.195571769807519
-48.653190948952258 25.102879374676821
-6.220471776929304 34.922851570741756
14.748461691007440 -52.538505844764778
14.480320780345279 15.262532582137531
-9.492421895457740 -27.607896673633835
11.602961442972267 -7.140533716780230
24.374155866057365 17.956593622034653
-6.927066044066568 -27.474842507531491
-25.805296903799761 -29.022409631914510
-4.890552847928309 -18.026586481463987
3.736522546267281 2.544608370015843
42.562187513285650 6.546947024421288
-3.203460726515112 48.753313973214283
-15.085067324717306 9.591601817108913
6.387801083226891 5.497853718832171
-21.191152883810510 6.936012061049952
15.788716152340484 -9.164973295598694
-21.828720192710744 8.050540884216939
-44.010485641769101 10.267045674227635
8.105234062973183 7.379210677073552
6.007538670265221 7.816236255351854
27.578944834110040 21.210511318660309
-0.811135375438538 3.462904269897182
-18.385584380367469 -51.436613154594305
-7.960091611029957 12.195864796403580
18.786755892653115 -3.254359790621606
10.457410087155790 48.177261940926826
-24.491320318401559 -14.420943214836537
-26.397429634617847 -11.935170104215048
19.892700506738556 -28.074299393889710
-11.349727825363683 -41.714561455373492
37.197016069439307 -31.865864589187112
-3.318300678682523 48.946183217215591
-5.490793601875869 1.033556355495711
-24.773142820281581 -18.380279184008888
-33.471115449776079 -30.806197372669487
-14.948251352425025 -24.599078896162048
-4.601774405188155 -23.982819719474310
-3.457922178499445 26.903147409439647
-12.998029084960660 -28.349992511821686
-30.222635529539474 -45.555614055360337
-7.867187695763044 36.067789584280334
-15.234599957631998 -8.413737446976626
21.181313206699699 24.105113545640705
-18.347788477839362 -25.393121118106471
-9.513312282304494 63.153406733253824
-23.292181436122188 1.807279856609764
36.951699556482900 -14.065170104199968
-3.266983166314993 -28.401253959305141
-42.585110688729259 32.774157036461808
16.828629403868806 -15.969778630686839
55.372637939007312 -20.384421636389867
-36.486468271715218 46.418530447537968
-1.839950588309195 -14.032042014782510
-8.944527560485415 33.104213128722947
9.888233781584550 23.421718477221187
-27.097114452278340 6.494037642035233
-15.851242132896530 4.075293051952019
22.076430673094073 -8.255709116440345
-42.436851267056007 8.408718038966910
-6.889804163038705 -25.917246039355739
35.958374091780414 -31.046620909608752
3.448413834383251 -11.931700590027519
37.052454156298452 17.843096112797639
5.375805451087753 0.425468089190989
24.070134858267899 -1.714211593360354
2.192431052268149 -10.726510813827339
24.524081911203563 -10.231063649441309
6.840008263716921 -32.678087535657021
38.595677277856190 16.092112280360745
7.489724609199317 16.709665823488351
-9.258456794769327 -42.527955890379019
11.022592950812198 0.836819991422675
14.257488488049827 -13.359557838898542
-4.981808335557123 -30.158681465249771
5.306262879298162 24.932549626435311
-0.481709902557004 -19.407272519323101
-10.467778320096340 4.485324086062910
8.646199936519473 -5.373414439190060
31.692526216351936 8.942665449884265
7.460648710026112 -18.208761973834491
-14.093589306264274 15.082264565650878
11.910227171683664 36.549128071442375
24.019581012600245 -3.950709160912564
30.225523558133851 10.991486978077166
20.583078016835376 -34.896908995830550
-36.679146534915162 -31.628902023539673
30.441147745427035 2.339164803744155
-5.499845040280546 12.206310290938957
31.595624185661585 31.255887226187834
-16.827411771085441 11.563174428598273
-22.660635982129548 -29.500550148827372
53.741288951169786 13.535074542469649
21.766727245613403 -15.882074699263214
9.765952493403420 19.544915370213129
-13.262629328509147 -24.461587107405162
-27.468789922286337 35.104275330816918
-23.400738106488550 -25.468774744656368
-33.715582748802220 -48.089709121124777
-9.341860443873712 22.532487047130960
32.055868723102243 13.420179424086545
1.429577764639504 -4.741195119517601
29.903338217831767 -22.552978211995494
26.500538454285294 18.035558022156678
0.944505311990939 30.425259987713524
57.174447067983571 52.558032422330655
6.297771132843018 -36.469537404652833
-5.540353418807914 10.388217013598799
-31.612398373376571 -22.500036221173730
5.758498598231855 19.432948472955353
27.512402250042420 -16.631394098156647
-13.547914069355222 -19.081737690239095
-11.590154547901509 44.819154800385064
-11.045701930235650 22.488492499394862
-11.156117111790525 -22.577560041121181
-13.845553232312263 -25.857074533751586
-13.620518302773222 19.539328017839381
9.943788520083283 -23.032071809193269
-11.676826581528154 -36.100060655151374
-12.404234805567285 39.001583703458003
-0.730240349100320 -15.352661344448430
14.651563823398122 -3.726671961841230
22.288313942187322 1.723337618154987
-0.266143935194188 -11.471344648424795
-26.841296468750141 -12.555629883217321
-10.022373272964746 -20.113686140823585
-89.447690784704534 -15.419622761869697
1.257018414247908 -0.514450974903760
6.453583372114919 -23.118910674026395
20.955241359072343 -14.891687935355176
-19.692315720826542 17.062537607052182
14.699370989340746 13.205000038839094
29.797446932772200 16.196724625346423
28.640571123245813 6.706148241434841
-39.371996797855260 16.293082265976611
17.584233956297965 -10.397109635945180
21.493636664971412 -66.716405236756287
-23.238681130183100 7.729911267171460
-0.194036586369370 12.460434046970386
-8.445205396533931 -23.905324793870555
-53.362973232596758 -57.418110246664170
-49.216495091620246 1.215924680799900
3.206838230748573 -37.043124065062287
-8.274136503121602 -3.730441952940696
25.530558247439185 18.765825416365168
-23.067999773396565 -52.701161940461034
5.348316516230630 31.884579029535178
47.559910046490700 24.773681289653673
-73.127966223337850 -36.828787660944357
31.992712882777987 37.089480964182684
-65.864655439969169 55.991551994094102
-36.443129647361609 24.573093941350052
1.720548812871539 -2.999602073382762
-6.351902314602249 4.119180610339361
-2.537630493076092 -19.130594060135159
-19.939544078224809 -14.739215039620087
30.958642188738601 6.371668946105112
-12.381501996325888 -6.743141700974830
-15.802956958415232 34.683833920526808
-5.423382143643635 9.432867052401978
1.983950028281039 -10.587292460926557
-1.082743161141160 -0.018379159738037
17.022549899273130 28.636167952861790
19.592660617696115 -36.229888092020182
8.355291127180154 -14.396482459138488
-29.253236219748324 12.394847194528333
29.685090572439535 -9.746179435020366
18.216024022913540 -15.150537074582555
-3.101961923785435 13.525384640209523
4.487664786901370 21.681428542496430
22.713468394845020 -7.771847855865395
2.147420508633588 43.678130874438970
-7.940104527775360 14.018409511078579
-27.211353352051400 -9.373404160581996
-3.672973031035698 -23.178600705087607
-14.577434809924377 -25.335263759599670
19.256657541050203 -24.171921354715945
-9.991287778547465 -18.038495091768041
-24.182345059240781 -4.067113032512231
-11.016891467121290 -15.859739067670430
23.388204924313886 12.123972744474811
23.903605671999173 -26.187194599750359
28.711714256438441 50.275319744477102
-46.907393131283683 -32.387919355163397
-18.848721709395811 -30.648033432084294
38.914437909888896 -58.988515443276462
-21.507183322330548 8.796933967925256
-4.245464087855690 -2.904794077889335
-20.577629200638089 -16.876425750297592
4.001488868382252 -28.774466395843145
-18.005293221058363 8.825523161123286
-20.331378511285056 -25.326932701305534
-13.210508148414055 -23.071356575026147
17.229863353427920 -22.531933721569040
-29.495163377049209 -12.514205326880434
-25.236391619304040 -13.459911687141238
23.502327180179048 -27.953008939618957
-6.936069376248262 -17.508069084747135
-19.338097015968170 -22.302839043725569
-18.702442303791610 7.088999004444223
-25.141499601891351 -13.063078386366316
-21.587833138186031 24.394715618577187
-21.462767594213108 -7.082935226071449
1.705482023879957 -7.666659096570395
-38.394967382646684 -24.763926638326502
10.812809580949731 -12.764342495779658
17.888555644833957 4.826656587498245
-3.496450196329560 13.853408505349828
2.299463858203362 22.943922582206941
42.362713422317718 1.903921117918280
30.092237034472113 16.488061944959696
-16.001524990583629 22.287167133022013
-4.705130418178816 -24.104019880458949
-14.008976860459226 -39.967398329819176
54.317238173676436 13.990863003581174
2.049909262108945 -17.582242485179734
-13.155150438813086 20.381387035819660
14.658362636193921 -47.993199322318652
-20.354304660986440 33.345500441281885
-15.511420073598805 -7.390806543473952
17.352847049333185 -0.374895610817358
5.113047460852224 -21.121621233615123
1.396514452941215 -28.051815447907721
15.769056879172684 48.094244950656403
9.369232404292189 12.314661230867342
-32.946902135716407 -56.158978367860023
-32.731057503094462 7.222615452095485
11.941239866021544 10.790759534874917
-0.942656843687500 6.812347296656435
-31.669718515652846 -28.544841622783970
13.758155086287495 -32.810398711219328
18.273917340268980 -0.879119805808174
34.119568388267595 -6.136755642202043
7.928305844370452 -13.214527674013850
-35.413196635650849 4.684384046778850
-1.132447232789567 -9.396821671038973
-31.495210847315477 15.502818974520208
11.014627057910229 6.275902233165679
21.076539476411664 -3.435316301741008
20.823109218185692 40.326133112663761
49.151758920202710 -7.882899018958373
-63.574547214812618 23.423487850267097
-6.995186473420170 14.568479364888679
-14.427577069915824 -32.959945353392719
-6.844325265826080 -25.225770387811398
7.230842489294450 5.887100782497791
-24.515445468551203 -39.195891271904010
-8.849984789509605 20.922764889601243
-26.922286726291684 -19.134889808645344
-8.028923675406825 -19.031801854573754
5.098185567484339 -4.598868960070887
-18.936581008573675 -29.803520775130867
-10.230670441282522 11.921550399497081
-5.230650993900004 -22.881668011798443
-7.278140897502489 -17.954527323054151
-18.729925242058759 -36.637350637563323
-1.278070291849846 -5.687363187077144
17.561347088890784 21.202672930636933
-0.352639284114758 40.135761626724779
-29.098214044149774 57.818302612183516
-0.835496125321843 18.024709997645253
-6.212204226530685 -6.334430041655864
15.196904000544123 -18.583910272272362
-11.908678586477363 -7.889002511544844
-31.166240860816433 2.088993080571386
-16.106084027762737 17.114442395673677
-8.017111429396216 11.541032301134917
10.816620307038804 -27.726408782744890
25.568784342885998 -13.135566974140268
-33.585864351266274 16.446846550036035
26.198322587096094 -14.165585922435536
-36.907682865541425 -16.315027684833751
4.266826492123188 8.349153770734743
-23.794589696146616 -9.601955032013544
2.435463926894319 -24.744531908454427
19.974310728809588 9.631337309290354
-15.619419062897544 12.088678982002117
27.971462982654103 -39.126472486783960
40.240600345091224 54.219299327208397
34.733487797850792 6.721701501178692
-23.078225436022848 25.438856798539309
60.072873964660403 -1.926772843510142
-41.644336946247520 11.482917347014441
11.865755184314541 62.951682100027789
-32.189307694428315 -1.645247905892114
-47.977339669912475 51.238444373948589
8.331819267662771 -1.366808069982853
19.573158126985884 14.148659272927727
29.805127719724638 26.194427661428076
-2.594242669216889 -6.569093419342141
13.022479540633865 37.622219481177446
-8.006168835038114 5.239677972139464
-2.849017981779456 -9.734146299738812
9.538687779553234 -9.283722377032293
-15.766662615239593 -7.457383745711020
3.122179143310325 22.985167289664339
14.735479877603318 19.616257927451144
25.654184410034144 -25.422768109094850
-12.805381064906223 27.207864885474589
1.384685518168521 0.057931544944038
-4.153182238522259 24.694936141490523
25.882384705575966 -27.621422203348388
-20.381743912274146 12.261916149773194
-50.995153793699146 22.489965006808092
-2.732307799914026 8.598037690070035
-42.870918186315414 -37.856171273136852
7.597541167572774 9.717984044682552
-0.155808044567870 13.974273407489775
-10.592507878393965 -57.759450876962703
33.241873479407886 14.889489833454626
48.133184795481604 2.760072058075276
7.303730507767001 -0.598610417090982
-2.193460641087107 -1.279517106140528
-20.102794375825297 -9.096390625046883
-11.511064569457849 -53.691724274978426
1.753245255220389 39.414175034277960
9.565639843813209 18.923116044996604
-40.905364281772499 26.851040325630777
31.464087154428235 18.914279342373231
32.466810620293018 -30.636720157554247
-5.162351272437856 9.728394141733624
-9.973063895114541 -85.571436163925171
5.586530643669975 2.096420485029373
5.515442385242024 32.464401578282640
-27.598462472873113 12.932514730246840
41.591089036572072 18.289409354282345
46.793090471631523 -43.510907704844229
-0.212534555215630 -20.344508194524408
16.402456978080128 2.893995332861616
-19.037871068655154 -3.540181449165568
13.392399503854945 -11.146193627956718
4.387874894912090 -3.431017104730644
-3.022621990318418 0.380884910940281
-15.221949983622039 12.184576898082550
-12.827327517895354 -4.651205166841679
14.162326456273524 20.341190843479584
-21.116942303870999 26.704571643968265
25.889978509814000 2.082890496327741
-11.698987775893759 -6.143386578744350
7.020565369941470 -16.380675524946213
4.701923829691112 1.331688930302348
4.090847139679097 -33.088452059751347
2.659297128387419 -1.477979286531326
-28.329678502034156 -7.511370347038831
-10.841160260594515 14.764552960593583
-0.246522747563578 -42.889213707992113
-41.519331078699722 14.159866008721709
1.368902807738931 12.295898152419900
41.944762079771060 17.688753615732232
32.313332550237469 24.360825359551132
25.054676001241372 -15.110799322140695
16.454859484388496 -34.164786707280172
20.339569323098292 -19.812043171531826
7.138121958682758 -23.383983609297395
14.020096084351954 4.682566599862116
7.370109688627227 3.568021542710757
-12.786803156999179 -14.417523339984385
7.252312728708647 -15.659133409565769
-0.323232501247808 10.823196393515833
-13.106746248942683 4.068943238608147
-17.520627917260352 -1.555293617093461
-23.281831953619847 -45.349826602811696
3.976226566907133 5.370278874421390
-13.711146195779490 1.725715606117864
-7.106997602636782 58.143721389878074
19.104680001890959 0.734660080910886
44.619747896135017 -61.077473453799563
-53.508462759310859 74.002223699562990
35.345552055672108 -22.453781398416318
14.974419789467369 -4.668158649929467
-24.946242666206800 46.110821369255170
-27.558822854138381 5.741753251718637
16.752921486851864 10.536827892145833
-13.501152751571171 -14.881795574657303
-18.212629362219939 3.669843388219442
21.413331657247756 15.587325483603200
22.627601542903122 61.557929271856310
-12.314343354000886 7.398212156327229
-63.318795623444267 28.942976560329619
-12.328868489235882 19.207373773955730
-13.870093158655980 -24.925847551019455
-10.864077239205324 36.130263957163578
-2.706796496373554 -2.470813454645475
-13.597990702089065 -7.060173319013088
-5.102794174272231 17.930427153645518
0.087421377773657 -47.029258445196099
-21.171149307287806 -48.528489722627292
-29.638338176375960 20.956526999390526
5.267939104598871 62.426955310053991
14.982154322334564 15.433023480936566
29.311325031911682 16.923576151165715
-26.060338024032870 13.018192745789809
-5.414533242963697 37.121950001530671
8.312905587557349 -27.352807631504895
23.261875053732616 -45.624143842374338
-9.851380299611520 -9.024399208074099
-14.050917846504417 -2.679155816479823
-29.596810438375655 20.359740207551951
-1.252528362806445 -44.544686946705490
12.204092256289773 -14.742026299007662
-39.315594113597541 5.444356973098056
-8.718995984020884 37.737063305047954
-13.780913055343284 -7.034787355274454
24.085791990542901 9.355482236473049
10.055542106374382 -21.489515863550551
6.001477098816881 -18.913500221106908
9.790510688057031 -4.254943300860538
35.962991944751465 14.247344161592205
6.317825667904962 19.238271420788578
13.456144542202056 2.051381789651468
2.451304686157525 -7.212177130421481
-13.556365341841735 -32.319595462768234
-17.848181334110897 -13.876379394865953
-29.903947432972529 6.564525753265518
2.997128452297787 -3.134746017564848
6.842241902418897 6.213015165255282
22.792099206713864 -17.943183238680504
-23.436157809404747 -27.191224213784633
13.212543702283821 1.678640080892892
24.997602606238772 10.661100269734249
-30.751438108176430 23.438337960146900
31.176533701214179 15.048506622427139
3.622211283950917 5.787336784331660
10.393206537912631 -38.780540717075120
9.760964734950852 20.322399085551357
-12.844663642426763 -46.353359450540005
42.970421644017115 8.910281313341288
6.992326587154053 45.200987178398861
-16.580747710938375 -5.213053960203399
-0.016875807117478 24.725920165482577
16.694080074883505 -22.975044446466320
-14.688812004001283 -3.067838134487667
4.689117228256585 28.956962331221384
2.582877789000036 -15.787228339785301
22.887061754690979 1.058288676238360
1.818476288888941 -12.301039715157451
-1.864280273432445 6.852230863911605
14.307713264406770 -4.403567939264847
-43.086074170938744 3.769514590630076
31.443367740514731 -19.874139613606740
1.319249070024860 45.408072228686436
7.900661323472659 -21.754689656409006
33.638050322886102 -2.598698829743561
0.031755149078820 9.624184502948184
-8.373129207175996 8.522956672772271
23.843692275179201 12.516307041772146
26.229277333039896 7.101291241660333
36.086235443043137 -0.113973632402804
3.031761033316558 -3.814356732044261
-34.281242161036879 -1.694502187597013
-36.922106292878240 27.309513410621712
17.829424321485011 -12.484733558820796
16.607034525381671 -22.295997288189980
-35.706246210384869 12.663285811600586
-17.627097178075434 -23.852467248962132
-2.846120965371945 9.036611780988428
36.553882779896874 -14.626474059054660
50.157453998553756 1.031755444901156
-7.287132677348119 -7.035989501714225
24.771527934405448 -26.655441826477208
22.365040858443688 10.392342688303383
24.475504324227465 11.959550469705507
-17.546499385006758 -10.824055224948017
-41.221664700722194 -20.097922109251506
5.254823631442450 1.971561221093783
-43.019857294183169 -27.283268509147046
6.118175804583549 -9.586600626852343
25.033919286633992 3.438156649774361
-9.376431659300769 -47.822007005734889
16.275931744748302 -30.863490779243605
-7.171097076679586 -54.460912574334984
37.966739946796721 51.182707968545451
-22.172525385675566 34.750875653541904
11.938528383688659 -0.378616969895747
17.295504948728681 0.956797910988755
33.454981848520823 -14.746934050477794
-1.799481119910643 -1.239937442963863
2.183250527573355 9.414804585625498
-21.929988958691517 5.383163098896166
5.937562179443119 11.911776332935741
21.357695041171784 -5.133121632750827
-17.774090432157319 10.043075862514206
34.751225163982873 -46.619400277604967
4.786222282894043 17.871515852374440
-55.744728063397510 23.006048255600543
11.246893769637527 -14.462022949876754
-16.563532499185424 -5.199388791723145
6.551920636464590 38.300440076304803
-3.899787204028012 25.938617339193272
-26.307968115976553 -6.448101096145632
-27.474589573564515 -14.030892838246425
-9.775300394884688 -10.117179149446349
15.981970799516136 0.461671631558261
26.968850247589330 -19.567987462518204
-4.288906435839456 -12.042688299448592
-0.921003104794325 -5.706648562452993
49.365185765624290 -8.736977161438652
-7.556142638352305 6.591721255930257
17.995961972624983 0.802566939017439
-3.706596963888801 26.124353742785345
36.995274529164433 -40.562877953488616
-3.656618578694083 4.272000000114436
-2.456600085001257 12.275699326130109
-20.661777106908843 -45.905882906239270
12.621620434871300 -5.326890592925535
-31.566375959425649 -1.659276109476349
-0.450671479902354 38.838291015604234
-6.541848577641964 29.120272148092859
5.177935842530056 5.675236895438187
-14.475823062613340 18.997033516529694
-16.321824472821071 -21.419828467805065
-30.508206292197553 40.060359638013821
23.069735226885296 -6.910487404047370
-19.540571475410545 41.885094116096354
56.802605886169772 10.489274774461045
30.982131343111543 32.342220348020724
36.908836537317953 25.659369509059616
37.152571491041734 8.766339172009596
-21.461703004946617 3.819035796395040
3.500080869120478 -22.995003714365524
-26.807528646441117 -1.215013733196231
-22.749546798517407 8.186154136961264
-0.906436857039402 15.464898766449210
0.759769900622561 25.478426383037132
-24.312134689445426 -41.813448576466079
-16.726936820105109 16.134868702147990
35.111352979515509 36.701588019292679
-4.918260811897495 -28.471115820741563
-38.776212540986052 22.410834209574315
-36.659192356476339 12.127137240458023
24.024909685100013 2.684131235788734
5.548130297719243 1.449904171037963
7.712346523127234 4.905444675417765
-29.668469152251465 -5.701609202916565
26.896301963986016 -6.384682146896803
-12.660104770293856 12.487895143289384
-47.594783278942444 6.713525876065556
3.219725395508038 38.464788781412771
13.953346853585748 -31.766308065704330
-37.097835348746557 3.530766320837027
-6.587610114878825 -26.990236683104190
-20.882292104458802 -11.075031021625001
18.712976173118310 30.599480045953349
-25.638989708924949 -16.038683751634053
29.688455059876016 -17.443147904794596
-13.649079418629142 14.345665219921639
24.277352506148677 23.972210400334049
26.366505576812891 11.495644576070205
16.639522459497350 9.603725002735910
4.556800452361911 -41.780031185326997
-45.926272381233254 -12.071217012659885
-26.534637155401590 53.211356300243061
-18.386324851017715 -2.209018390562175
18.864665548616870 0.306174120357696
-6.856308443372030 40.987159726824956
-10.526171389215952 20.452735019737837
29.386117231483482 18.277978345034533
-36.648290630461844 -17.484623848259549
10.258622145563567 -50.885766256882810
-23.242530340024103 -28.229109783695403
15.011486771565444 6.936537152150068
8.574350591468065 -7.245358718073099
19.584866439479786 -7.162655676902325
-61.245142736160666 3.195761926897356
3.759618986865905 -21.473581419378057
-5.025710046984925 2.626066366614349
21.905833768141452 -5.125620228127835
-16.821412484189281 2.164894495665297
9.183185643095941 24.580049172047215
33.628073949023253 -12.587897030159908
37.156977655846440 2.677594371347985
0.340339014915422 4.986422153610492
-12.620891755377578 -12.945286601553992
7.373639657792210 9.979435436038781
8.830859793702684 -40.555694286085661
-11.416445363624568 20.220889709643238
-24.506086874772382 33.838487800020737
-1.851520918581248 -11.402577621170858
37.954646999146895 -8.963170532421236
22.761847172809770 28.930489662526245
-20.133461933753804 -41.775450343426243
-25.593016359655039 5.369871738057345
9.271121822613472 -24.179999610579920
-9.666075483600448 0.822234574252819
-2.303724255603965 -23.563049429825121
-37.670698696057855 -5.707151086883849
-5.252381900728087 -1.901911864575385
-1.642277417897198 -27.351601753580351
8.559791473792592 12.021579503554275
-4.883116714008715 -19.773340027767397
-71.952828506910990 11.631868977025112
-11.509209107399975 14.117162327476295
30.920026127066482 -20.997051102205919
-25.564736432165017 15.379412730581256
25.489648381682425 -44.309543609332010
29.036885442546993 -11.847867825713731
3.022942171426956 -2.524424140529957
-7.883762441441140 -37.157629397781321
30.631368482444874 11.866692485108050
41.881810972030188 -11.301075034475495
-15.164600790884652 12.115651065623036
-91.395616502134629 11.784504071380665
15.104608421784727 -32.145680448792881
31.143217194391919 -3.324095287611005
16.776130101514479 -9.098659510200715
-8.143354919615277 -4.247572920846005
0.007012469964374 -37.471493941872183
-33.507137967854788 16.993620271694731
-30.923973549647894 12.989537781924051
2.022422375017134 -25.033607805648657
-19.466340637049047 -25.566535036575630
-8.107310459743687 -14.898694855057732
14.240490558485671 -31.365147048625833
-7.542670562175756 -8.144526266421822
-20.782498290424847 -18.007520516748031
-51.529216842833904 -22.916057776782001
-35.292851467522254 -23.615695072090869
3.689027379928463 -35.074415009453425
-2.175309836119620 -2.606474550577720
14.942734119282147 -1.172396853049139
-13.574823200501591 -33.403398812620480
17.291513096800813 13.532898935426411
-24.904881778942663 23.266124328991019
11.178338129923048 -22.775681256225326
-16.558886924209254 8.060790089383387
10.748981834771962 -7.241518889651618
29.023282523534530 11.996557963461399
27.589309045411991 -17.873161617332126
-31.153884989122847 30.561372335057786
17.759818505196222 12.532044460693843
5.871909897992909 11.223189689397072
50.831689609477237 0.029655086377818
44.894363328246826 5.001917807271942
-19.396491793789302 -11.559078040995058
-8.063298786906261 59.741463143390945
6.860524515696632 29.692457369292505
1.179729761566960 54.753065387079864
-4.365836340432115 12.381960738555392
1.880404690416950 35.746811035484875
11.445434985622036 11.852720277395440
-16.209933199615300 4.038056792792428
-15.174906198922512 -40.487777141886433
38.658300611995372 -11.566929551973189
-15.757912920992652 3.711488321015716
-12.940017848479178 -9.273637935851596
-1.607753175716477 13.304249672545932
-28.406851734666084 15.118868491105529
3.656559532372910 -25.243771958913189
2.340264277756106 -24.634738896080346
-1.654168238840989 -8.041496923932536
-11.365815510867556 46.996441055217353
-15.309334861947411 -0.058684816142186
6.791457668561706 -25.631301448473462
-33.672259602859249 12.326131699687464
3.537565893030470 -16.391011177013119
-0.453942424736449 0.134528620606733
26.136014948711317 21.626367918172495
2.737783254965760 -16.736476017066057
-4.386538366522869 -0.378199786861605
-1.258185176616698 29.775299359848482
63.580911322324567 -0.386254959658308
10.812799054079917 -10.877451507550255
-48.197877393275206 -1.962420189525345
32.687572836144270 -57.206132689928282
25.143090603915738 -9.897397977127168
-36.468636522083074 -22.301453694207265
-22.099360910993141 10.824182301261608
-27.117009562508532 -15.447386951769490
-24.092441671353850 -6.846611880022531
36.334209613841665 34.212046483113220
15.108251674065620 12.510454219693381
5.251577294322769 30.747402055871827
-14.374909257505216 -46.720191087070873
-27.198802765425079 28.019469165698087
11.995937981511378 -1.750970181947018
38.845193671700009 -39.530792797648999
12.387931744377752 -35.101959715252981
-6.729883076959988 18.937732943491628
0.266164125286748 18.677418084492164
-11.237732106760843 50.137244425025109
-25.523658197042405 43.715597495773487
-14.033894332858143 30.463812065135951
51.487995668793182 -42.530852046823888
-1.308290087430892 23.218697897594815
11.471894487250099 -44.380053399564019
28.756035767986791 -12.434066428407117
30.290737999183872 -3.871009534016579
-15.445912339168190 2.497446963747704
-26.735882014790974 -3.612804825003474
-30.311007252746926 -1.372894356575354
-50.023613517948725 22.022536562572483
-34.846529883767467 -38.929319387849972
-19.934472661961120 1.536205937682604
-1.813886731516896 61.789577959966884
-3.640083604027147 -4.528538963772802
13.981640154704911 -19.589934891972753
-48.176451133337181 -6.827962934540827
-21.524899519498998 -21.513391083218771
-0.854338246796435 -2.853386285296064
-46.171368691896895 -39.319616515520806
-16.731551059831013 28.615000563004298
25.607402020181819 48.097635750124738
-27.810522826409315 2.681186328967194
-12.169931541730058 -2.809095198725285
16.878397766004767 28.624357702360687
-6.028520284894247 -10.054028365839747
8.745867197060077 -14.722694744611157
1.787864095867772 -2.983107285187204
-20.835642055410453 -11.526947961675681
-13.108876491168042 -8.993405435803329
-26.916905516530875 -16.029835187374331
6.295400979469348 2.951922218430601
12.695578725703394 31.649148538179823
-9.326649127164842 2.138860928671917
-29.497764868060422 0.128029702788995
18.641851606877132 -27.599051707870494
13.249717401691536 -3.374316486551074
13.311126773503508 7.619006106547607
16.900922675659210 17.774810808303052
-0.283538964611370 20.832655328791169
19.372962696441277 39.067574842018402
17.882103808194593 29.517297877685603
23.775010370949442 2.062332775168633
9.501211646003219 -28.775053382631448
-35.417493038229431 -27.699654023362669
14.278004562326476 -27.844272494368315
37.348703013599255 7.786689026036670
-11.416205773727535 -66.521391123067488
33.026682673818073 41.111408555357208
-13.571375067755218 -24.306542201487023
-31.814984029248730 12.816439477010061
-1.147641958930449 -11.526344610858507
14.564968211869980 22.914336350913562
0.626389119175381 53.508540804232716
20.560361717236855 -49.057041619203787
-8.909735794447023 52.010157268082914
-3.025122467970683 6.360705623304957
5.585940519439570 34.631865028768807
29.601570413901129 29.067844100195497
-19.258691221436209 42.042120395272370
17.185057859155879 -25.062234235619162
36.406335252270182 5.538195940835823
-15.109563376926243 3.733725594113468
46.069900115030109 13.904841056542162
17.782079178296115 7.472620037954530
23.501185900411670 -7.385608939382023
24.940199825022347 -2.128708926652517
-13.255896516753360 21.880533974180597
27.632889136050970 3.976942155075336
-50.577348057545436 16.941415870610278
9.558590261697381 -12.426113732977118
-45.226348138889264 8.409452187119189
-27.408368030243786 -7.465855743378819
0.693797552724656 -21.034966963572483
36.306702194879264 0.986915460292290
-57.789593955664088 54.896372776845553
-9.474789824395433 0.327129874566558
-15.942738551844094 13.654019538198975
-12.894123700459822 8.259390086627036
-16.320096523418606 -1.882972451289446
-35.917085906179089 13.362263994145787
-27.417998937998867 -34.263769827233645
-29.568141859189289 6.243724772734396
-20.198425708652987 41.829251250861155
-31.530959658653316 14.644711100609097
50.824796453966393 9.331535320661096
-16.360540223632682 -0.729461209976948
-71.792260460156186 17.398888229022834
12.630884808343865 -31.237373609259670
-13.539573881550629 31.849419688146021
-44.059593634987813 6.414596841755516
38.430367404939417 3.772786633902034
34.794286442922427 67.764607415365703
27.588967167620929 -10.416158387408773
-15.877784266818328 0.342269294428719
-17.805379584887010 -38.622763694686029
16.098486260943240 0.105307254695931
-5.187081314039102 -21.683694752821371
-26.525000610294615 2.052487246450702
-1.916656421300362 17.130526804390694
8.201718985418800 13.000832795955505
-50.800697880061477 -86.866485981106280
12.645484418577416 5.346157111535288
-14.659694999001278 12.893905679425163
10.620820936096511 -10.129698790123706
15.991996967929406 5.844054957907716
25.376928490585762 6.699558469744809
-17.819717968261180 -4.249534157415458
-2.616505968108857 10.107258210921286
26.063685793607696 -8.504300460140069
-3.327139211071521 -13.501826912524971
18.845019619529531 29.577650877081002
-24.786933125214706 1.052501003641513
40.003199483132505 -37.777710489173629
-5.354582134398112 36.695688712173165
-3.510501980317274 4.614961792898054
-21.980817459308945 -19.587144711458727
23.434821794442243 17.383255698522177
39.090444614739411 -4.403165257499595
-9.081289610558050 -15.644414387564265
-0.449324960658568 -9.904186450203726
-8.476721506098512 -11.949306592402198
2.103296978603220 8.750815345880831
-29.233037785491753 -18.538318367626729
-2.440708447722229 -4.493381844116334
28.832085111797952 -8.110478498800880
10.224381390831986 -12.716649513890310
-63.971258067475787 9.461028710555922
-16.295397460050765 0.607742871825577
15.221224851050394 -14.753753675327802
9.263789343416935 -14.351977676772389
0.721194210009276 10.780033618725838
-14.511426027282935 -9.250154370239052
28.853740565992659 46.868114862101486
19.093250841616410 8.043384234139380
1.934209328364161 25.744987155769753
25.840466998232571 -0.579692078098916
1.752407682207131 -26.599035826605480
54.030860130245514 26.892259324905130
-1.902220982908596 59.742468084576792
-0.966532244072570 -5.783789932888974
-24.929695370403493 -2.465590105666982
-4.815338739423240 35.119067975091824
-29.839889017459271 -15.864305756536394
-23.855946987582943 -8.603364083822552
-55.904589950065684 52.308474646417167
13.429056130217415 19.638857719333924
-9.797465854739823 50.121028138295827
4.645350979194627 12.984311026260789
28.302600847118242 -40.681957562817388
-5.143924569949660 36.849770991340499
-22.391717677988385 -23.223543707528457
-5.693911508814985 14.994331670147179
-25.715298226442748 5.295835287219828
8.304259882434620 -9.253766653867265
1.024626532395593 8.152705322067460
-3.815369234611977 -7.780453201964812
-45.158916895611405 29.581374712552996
3.183799637855623 -30.526520004068814
-3.618893570559357 42.005398589386218
42.014994582735468 17.798972018912256
26.956559799455952 -7.656554031318870
-43.630417691525807 28.754648274702429
8.940021376451059 20.122611440698357
-7.571368789285576 -25.482291928059833
-6.539513956294789 24.452872039720035
2.049661852482227 -21.059333024851711
-3.864004152340902 -19.235804213350772
-27.008828236892640 -15.650212317008593
27.352785760037428 -43.500355796724001
14.275703234299600 65.836276280972427
-5.064078458100131 -23.648405607408186
11.328658008485775 -26.540629294317444
36.824455577379815 -5.888133394012887
-18.218694397632611 33.484070053687034
-12.575359035530678 -13.473923126367870
-11.573099503434438 -8.492210402778900
11.044087767078606 -29.092110495866702
25.417099615954982 -21.800294584699827
2.555792872308105 -16.335338791645562
-24.843146930020055 -1.625242857105337
27.227570723513821 -12.339472188033664
31.658822125286420 -7.261234295683845
19.810921445224313 -30.082125081915866
22.179262551831112 19.577081505744921
-43.050749506354144 17.296449716919302
38.591094236084011 -43.378539172798185
-13.372064479069744 14.140486833473760
-41.325435870678163 -7.419965330500551
16.072635011673423 1.543956444093185
-11.838789241602647 21.286629331583498
-7.776560222236167 32.871527859775789
0.395482553048314 -33.881920792259557
9.212337639361614 24.870040108895910
-9.539360017574303 -12.205616029107913
3.685796420557462 -10.982150160563089
-7.620669675360953 -23.212800140295581
31.621674058658424 2.022241428821499
-11.382287106021689 -24.015251748538940
-11.093285405280810 21.249447337795306
13.870080953159320 -21.085910165983702
-72.271727823209631 -27.112736609690149
9.703162116585530 -11.547752683301079
20.877194276032920 30.230822226666973
-16.524034937060595 -20.903693729686140
16.613651502462048 1.290750213906843
-9.985802588271770 27.322165278948304
47.039013865926663 15.687087557914206
-18.899455291137642 -2.117273405230240
0.633266077260717 -9.018045452075166
-21.145915759502014 23.939867299372157
0.784526102068263 15.334741078986944
-3.805738396012949 9.860563145917260
5.135653927808730 -34.414024610182139
15.661486300659215 -15.041379840325122
-25.147037685331586 -24.097036956217590
-20.960390997327007 -30.877862833936355
-13.256996632435316 14.143702836643607
-38.051156432391792 9.030757469984149
-11.017120549819065 31.210999375748706
-0.234038824376693 23.861238209966256
-24.989514194367342 -15.928568281747445
-42.207463544169862 35.358568346553938
-11.407713942851936 -9.349014952235274
23.116845058864154 8.294988991665621
7.128385092240513 22.474068476710332
22.855937461642188 -11.711344975678958
31.051946945226550 -50.791753983720142
-24.450984856779471 8.048918707189166
10.451222924117566 -18.902815790822771
-6.908762342842033 -4.955909055124937
-14.103736419853229 43.961324940208740
-19.794976144123225 -3.299285253000928
-11.929238763697930 37.403371642539256
2.650413954048806 -12.846633487788177
-20.128664862911119 -11.761920770588127
-30.032707815778888 -42.141979436828272
5.558958883686005 -14.145029785271328
7.792712507261710 -7.990786726003919
9.953287337300521 0.879950471242903
-73.487889280791919 17.731826570487378
-47.370785986338994 -19.708839815008378
32.176026137801465 31.122474933470055
18.506642426571013 20.337024912550053
-4.954960295776108 -11.076898297139065
-51.542419823364952 -33.782079849089179
34.457322933528573 -10.601951517077671
4.757391155966569 8.403274023946503
9.386018765084145 -33.616001974639900
-47.669655842721546 -32.134585321497504
18.207834478070826 -16.479451247942471
-29.237890409153284 -5.052649099664554
-5.912298520290631 -18.427471171624092
7.503085294084309 -24.080094801645512
8.372558855726108 -50.212851734213885
-38.225784957836026 0.892972556090001
-15.555837977202986 25.318720755260447
32.285965299859491 -17.982107105960036
-10.364883124436512 -1.516792667723753
11.763944166404707 13.296781960943395
-35.973779313163156 -8.633963070805608
15.490460975886494 27.793787225128984
-18.226082049556975 -5.266408864293180
15.188278985712834 -39.319302388176212
-36.023000133632152 -8.398681160497672
0.985563564924754 0.477101421416387
-10.291201091000973 -21.040602324911433
12.201086858523933 46.261445357586254
1.509725583159518 39.507143944639736
21.426982139219341 40.124579381478327
16.955167784565319 17.843117029043757
-25.032630724848708 -32.158934170934437
-0.271294104099879 -20.781881131301812
-37.017465380016780 12.482454635587168
41.608405718047258 -61.287937142986316
9.385318276936339 0.176102946835388
-24.129718713946879 21.331385365685417
-4.094238954885931 6.830631831533566
-16.901648287308003 -26.287784816500842
-2.149824195790361 28.561512245810036
-7.645101503926631 19.120798447214746
-23.231041033994078 11.631404389656145
6.935822790862608 37.268486579764968
28.730850620242332 9.299234012107018
-19.755216204470898 -6.219113165545306
6.353062722132623 -27.230416265959711
18.714005562280395 6.895693054613305
-13.074517224586687 15.872176416421830
-19.428467201938219 20.788110495267588
-26.941610574323136 -37.003587673144686
7.663637172927018 21.125424202962026
5.128607760213554 3.976975355433808
22.497177872051882 -14.558473199733003
40.628851766921144 -14.164120587355553
-44.145800874670087 -6.324752031951381
-43.946025072144842 9.960126949062486
31.183022316396830 22.900813024875823
36.597624269506262 -1.614555591127775
-49.738580492917890 1.398043483532077
23.010757386041458 -61.363895994120419
24.634125857212300 -2.931550109256624
35.380885931801863 21.677080003782820
3.587505738339976 -4.174256092262088
6.490338657687384 -1.648474129235103
-38.285645312568818 25.627791958769446
-17.834916787622465 22.570640184791401
-9.987244463514875 -3.010867988910991
21.949119633454888 -10.341769894394417
-7.559226775932943 -75.803124811050324
-2.038329530030694 11.379918488100010
-11.107591550453856 23.346295479997334
24.514611193122381 -24.980773260028990
45.319293272054217 18.174874455894081
-50.236024717734487 36.059691011658551
-37.016815203805436 -15.570944656553930
9.205801081331884 -21.534034952736079
9.866797825917228 4.473745827902589
-30.726343628226623 -10.731481355345347
4.678028993349823 49.245245660017012
8.130474004871267 2.014666982752589
27.340493810748626 18.345797091181751
-19.253110488510977 -26.929023515941203
2.358185466871863 17.260630151046737
8.329002930729446 19.294318034467079
-13.427343667091160 8.617648592247342
4.884490495685901 -2.946217686519420
3.928190114976151 34.938852356221098
6.681314915803633 20.761337852632103
28.582528757827223 26.177710460415330
9.669973908216267 23.886876611919821
3.369472449657198 4.625018514306456
-14.898541629301688 -1.881701939468533
39.804225634137616 19.242018915592226
-32.438695772867845 8.725257356495566
8.934869307637108 7.216910041700691
-52.549502656200787 3.571955661855810
40.651609016763359 -21.631620193710738
21.199596821594785 11.267499600291600
-59.641434742503463 22.359343541633855
23.626360010866097 28.524263168815541
16.381988564591158 4.208529279138265
-31.226264333982254 -11.328825087732426
21.971395398760141 9.857586508184236
-18.061941386027318 0.176845339436676
-0.726453784672182 -17.158046875831335
10.427219674453177 -13.245495481192636
-7.104156939387289 6.328151498688452
-26.953917939291873 13.233524303760321
-9.405722989806637 -8.469519253064863
27.329476596395107 -29.925434483309214
-25.372172039496427 14.572010404854819
39.075406894914693 -11.918334041099378
3.776040086426783 24.135636455383349
-4.106290405459511 -10.014963394539535
28.484729777131289 -13.320005823737150
-11.824712701593713 -33.551905533672425
15.510789412095383 31.892843888774930
8.836658474947800 -28.785823826804851
-13.892126191076123 -31.118296099350648
5.408952716962078 16.539326848561132
55.748381193807980 -24.448871609410713
-7.695656786518899 -22.631009208148672
-31.343800468404364 9.177969895695220
7.035684255261142 -7.366058664731172
-63.477779274034923 27.094756692639717
-2.987437536461320 7.367676448947211
-44.355441876451856 4.170001342623427
-13.856753031805955 -17.760728295066656
1.243252637466038 -9.117177693985441
-32.539420175347090 -4.575909316768593
-7.012674737747892 27.324357133052995
-13.600583615491461 -75.788657620351884
-19.646935331892095 -44.791729237789305
2.185840357890293 17.446663388442936
-32.725916213543883 26.690096940013248
-0.893521174836034 23.886284131648260
-1.697646424026220 16.892747679146609
4.577801580507828 37.340222106900555
-22.254904877283643 -10.650875374149196
-11.008662078100880 1.742084147920348
0.390368099479965 44.497256930983248
-0.109027137662693 -16.611864902759184
11.236698548925480 -49.970012414998536
12.577355776242765 7.305151445611719
-7.489273117703153 5.167643599679273
-1.450995019046705 -8.849800008102799
-3.575493272497474 -2.231461174953218
-14.533240408105080 -1.155573145516628
22.400502927823574 -4.344187947417784
-23.268368076935761 -21.002103619795420
15.483944241337673 7.536571301742286
8.057373688087464 28.416675523990012
-15.358982817461275 18.542852256884938
5.541224696928349 -50.677174684911684
-6.722659869535772 -16.226005656607001
-20.887288172328034 2.376538890828520
18.983936984920135 48.370778363663291
-63.263135210279152 28.304818773372947
-52.716107917185866 4.393024410087209
-10.603433122695865 -63.372360261255693
2.744461616009663 -6.061908511822872
-28.877709731592216 31.100432481001242
-44.053158904648200 47.240776960947557
0.898240777680116 17.544701956001521
3.922179338082108 -12.090083057987963
-18.359003364181667 12.094894182117635
-8.597871220502881 1.808113096764495
-20.399284442250590 25.162696812348393
31.344904386589050 -5.952945340845505
-54.610802474051020 54.575214975195301
-0.243486526161198 55.064830811056694
13.417728399498593 -21.643103340176310
-2.779047601777692 2.927451247342683
22.921973327777113 5.665641173415896
25.123680325259020 24.424995775961094
2.751881887310778 1.979457450131321
-28.872020699050939 23.891884406786570
16.211948167409410 -48.023274875873113
3.586930048211964 -11.924607880564771
16.345262716310497 -16.952073647910908
-14.652412044411598 74.878778626734288
18.308852050929616 3.425426157322424
-54.110058132704779 -3.989072677396750
40.647773859327295 -5.025737237042208
2.406909408747137 1.704849553177930
32.267986209440856 16.419331460030566
-0.900275013154005 -50.413709790679462
15.353670928909530 -9.342247175753455
36.964798023092769 -36.075179843943133
-34.396400269970556 13.927620150555864
-24.353022679532952 -7.427211409878008
-73.465428803322553 -40.677739309113065
-61.366985592193458 -0.870692571302869
2.233105632759707 -10.410951637806866
7.935071764422783 30.649142026137103
10.964135570464654 40.091016171474465
-2.526298634489877 -31.198913596631659
-15.555747970596036 33.910293546250259
18.116258596276960 8.687307330082174
36.117631103304596 -29.286092635621110
-20.888877349743179 23.312960109523001
11.058490515336203 -20.784037099935702
-0.012345907935799 -4.835888612284514
-17.314043571883715 12.648431060062961
-0.216637057932226 5.050231020809546
-19.146176715335628 62.477867830501069
5.881564622895415 -49.335175186235674
-17.136806844551295 -9.709922135291301
-24.659711587962327 -35.355868574337485
-20.956801735190748 11.624681352986221
18.365643642214383 -17.069485341106496
19.478336672633336 15.402315235624725
32.155772832869545 -40.160566291419116
-20.208720340563875 -4.918741600631505
40.972536475677522 40.394233862313143
40.714478129728647 -46.405082936662247
-46.131456717015645 -5.269820445460454
-14.511164702350767 19.271247270131607
21.614680048368626 40.031495238688862
12.139047183758224 -27.892449133215639
8.002288760449451 -16.502959671356599
15.800417627756460 -7.187338744486926
-29.695229877171169 26.170051729310263
-11.463665927912858 21.855397958234061
-48.954110881734309 5.544342713625530
29.850681134133861 6.042117094430483
-29.529859978098720 -12.384131441473560
-40.687725948854222 -13.691568955423046
-5.699110465873821 -14.968024864113273
9.484327798806660 -11.249322292475382
47.657591061774397 31.565271680083512
48.576107895979732 -11.467678393669516
20.709023091919740 12.403441199901341
19.762213557562589 -9.676736291583124
-24.438902123931456 44.302782196348055
81.949568564770189 -45.073030839145254
19.821224795960465 13.646876692277909
29.445115109864968 3.585125936938716
16.479176162687203 5.703967536958118
-11.073515882198842 -21.014185012404081
-42.267721088918236 -37.772134356826314
12.208850073921115 42.933155524642835
7.411726739735806 -11.426115248235305
8.226880530810776 -24.862949987472849
-17.357505850902538 25.212777335232399
2.758848400633200 52.492598195962834
5.822208218662221 -24.426169470426583
2.943889602777034 -20.065674751734740
-0.066069193196171 41.179561136193939
28.728402987742239 1.049973170533095
50.088755324539271 -28.672593983775243
9.135866044036034 16.648826039426115
-4.173044975080212 25.729261111409812
-52.102973462813331 21.680847038812164
-24.451794892134085 41.056883059270618
-20.487648473840530 7.055218380154496
-12.745221541027149 19.973901178206685
15.698705974713326 -24.574450781760095
46.039094638108025 -3.228988704307979
6.342834001359388 -44.547013262321855
-9.407431276305221 11.232422469141584
33.371294663133007 -18.369630800721822
5.589593895074789 12.194901160250289
7.857171344742627 51.365407251083461
-57.960620577280274 -2.010228873158810
-2.201612458604460 20.709731230714542
-0.246229502894530 25.640176020277728
-62.161293904337860 19.948540063693592
17.799193321349403 -1.486620414690064
-20.202922249444338 -17.862523889663933
-18.745329202555574 -29.233668864813644
-9.740183572463204 -25.686227834805099
15.049617792681797 21.548696616736958
-7.361799697494225 -4.597794961371012
-12.771164413907629 -30.918551607260973
-8.756258819809370 13.029794627697607
-70.526992490659879 -30.874626725369357
-57.270156958144732 -36.695627679424554
39.050084882192067 -26.003795509791797
15.793071933516943 7.946270423550773
-17.086939265725906 58.398393490357961
-2.554264437490061 -36.052043202944851
42.333059103796863 31.706621064086956
-19.604214195171931 18.567396721825524
-53.123316512484102 18.358935680440229
2.261435450694893 -3.728975917412502
-26.152569326606628 16.120836941813941
23.753576636819066 -18.511948634463788
21.883185530655460 -16.403929790938054
19.010257223291539 -6.355112052712396
14.635813977684855 -30.768559135062137
8.177302733779255 -9.795594202640414
-42.562926115562455 22.146193805692285
30.540695025874850 -14.040657149944368
-32.651565104099880 -1.131156283612396
5.922866240045468 -38.002083283342486
-15.748641720842278 13.851927829408446
-30.569632044000169 4.482277448938885
0.122812403856626 -45.297903061665366
10.193003596994544 4.412006656435074
-31.829394143664960 -51.865376192569158
9.817302139261583 3.907759059452814
-18.170914446624973 -36.267491216397758
-70.032080395842428 -1.915625745502984
7.109261423606534 11.905659245850027
10.359274532800336 -2.381398524982390
6.065528482026494 -2.059496401238572
0.922396047014981 -13.323368388058240
-20.378983284836945 -25.801526640258714
-7.934775902692468 -22.173302996255160
23.298735829377581 11.806262478044866
6.309534307243913 23.371799190928964
12.957000540621893 -64.319200891854265
48.321348748803210 -25.704345780015942
