0.000000000000000 0.000000000000000
0.000000000000000 0.000000000000000
7.540146026279980 0.000000000000000
-12.896252583233347 0.000000000000000
24.851770175799949 0.000000000000000
46.624494959910770 0.000000000000000
-8.876640521851813 0.000000000000000
-56.868921050036107 0.000000000000000
12.659255470340423 0.000000000000000
60.543129154936764 0.000000000000000
40.446792943913145 0.000000000000000
-30.948792526818924 0.000000000000000
61.858111051574419 0.000000000000000
16.144109177598178 0.000000000000000
-24.497586326149431 0.000000000000000
-48.412506509305572 0.000000000000000
29.772807057500309 0.000000000000000
41.282458572102378 0.000000000000000
-40.248615833210017 0.000000000000000
5.994383343776267 0.000000000000000
8.131447059810585 0.000000000000000
-55.620327115815250 0.000000000000000
-40.172804468459908 0.000000000000000
38.871531201068066 0.000000000000000
-3.708554415076990 0.000000000000000
45.129246382957504 0.000000000000000
11.716055635068956 0.000000000000000
-62.491833268663747 0.000000000000000
38.292748242718176 0.000000000000000
40.698093511160117 0.000000000000000
23.762108991847761 0.000000000000000
9.780338157807634 0.000000000000000
-34.984678589653655 0.000000000000000
-5.725332007653547 0.000000000000000
-3.344511859910596 0.000000000000000
-3.420358642311180 0.000000000000000
32.385759999897928 0.000000000000000
30.603678431452479 0.000000000000000
-32.424104119764188 0.000000000000000
-18.829630138852846 0.000000000000000
-44.238477561028660 0.000000000000000
10.467311727928916 0.000000000000000
38.921988268232752 0.000000000000000
5.730738459319127 0.000000000000000
-43.427666541894439 0.000000000000000
32.746249645139542 0.000000000000000
-17.044354231242629 0.000000000000000
-70.991092591733192 0.000000000000000
-91.867996956844067 0.000000000000000
17.414210460497451 0.000000000000000
-90.559877388240025 0.000000000000000
0.000000000000000 0.000000000000000
17.612927472147220 -30.483694946023718
12.817846659217794 -14.026534513146188
-26.522484899586789 -14.738943703649753
-29.703373445691437 22.952537186244719
21.946893471412636 42.018172752049217
11.672903472755795 16.292594586691855
-33.831410544652172 3.501232567796396
-21.644988265928333 5.147981423060370
26.654362937035444 4.591277070064798
35.903014021971813 2.677829660982415
-31.335416769261435 10.608319182023251
-20.647936252732393 3.588241963061173
14.558385169045922 -20.323243878868297
-26.397689669867624 -15.766512857668003
-33.795640737905771 29.303566436555965
-42.916848996614561 35.643763318119326
-0.639331097168085 30.857286230948141
-7.761470086696909 13.296122709627284
0.028780215438344 11.453333236606712
-9.525035573703276 16.651217248847438
-17.966303785619946 8.443533030957839
-9.556038180407761 -9.627661460072112
-12.363473763234168 8.299279086678483
34.907252121101038 2.163171138816381
4.240147189086279 18.169538582842371
-44.899295755995063 3.670645259599632
2.883284526299446 19.555988243702963
-10.944239146060026 4.270435463347492
-7.615997755043924 31.423686812575468
22.592475797096071 -31.296178887139380
5.653763653944817 -5.799934789353030
0.310401793711482 -32.943841475835853
-5.504839527859286 -7.062620651241319
4.751925141569444 22.123112871509825
2.598296161180876 1.521655862716188
-2.321972478078022 9.283988892074506
11.113024101230733 6.763912272571736
-25.074216965414529 -6.291410139827129
-10.317890806870487 10.986995445397069
22.146256139059282 -18.827375017370450
7.839549182903879 12.481911160970061
-11.791565545366380 31.968295155104624
-40.136363662826035 29.708170486768044
-17.273214819895248 8.551072178066246
34.395313591097043 11.648366520223579
0.321041938982443 7.099884240635481
-1.564780881228888 -18.581755189899280
-5.895892551853128 12.672513999118284
-27.141471066697189 -19.398838405933017
-40.500763088988371 -4.029537306495994
3.900995959641687 17.499678430388894
-4.803712530569434 -18.762444889655470
2.518157194942924 -9.258922796709330
-3.725381089575835 24.443470459991381
6.531275740596238 14.320804326783398
-5.242370226860133 -21.384312380974521
20.206990377156096 -12.426212368974003
-1.946451172929842 28.266157120449211
2.975989707937208 37.305073133110618
-2.608823133307382 -22.921217138758578
10.624010877556779 3.239670888899915
-57.419146700787984 -22.792040757277068
-4.601284664895078 -22.402049240203372
-45.481209894614409 3.960432091076639
-7.845322205618254 -3.761437278357261
38.010863273247381 -12.017818937956513
41.783672745694744 -14.099139218958127
1.843504383965647 30.830517540555970
17.049847331612398 -1.536801819420619
-0.556612562753835 15.642137484393793
-10.523097683063234 36.061775397536202
29.998117495344435 -14.997582660201147
-43.641843821190903 -10.229550849065500
-17.500981584317675 8.226396406697996
20.963016499431347 -4.024703018619449
33.022954121530866 17.756015499555037
-2.673524353387199 16.995886520668193
-43.154615713603320 -32.418124594333911
30.269468961875827 -23.873094086332237
8.938540205512403 2.592749303977400
-15.210549789265906 22.372599208964910
10.568756732850584 38.196776733702471
-36.436475866935375 9.910550399374786
-26.030337517062982 -9.987405344521214
3.724325105975980 -9.009963077949418
30.560900759796731 37.320215476281284
28.615245769182927 -23.122438133617944
-32.539749278162390 16.582405447028229
15.993068531125656 -27.572531631538130
-45.695735015579373 10.412458006486611
6.112102007163095 1.818481150441867
1.225544818882932 70.293054766913059
-25.307094548292053 -27.277228542024996
-9.385489321569890 -20.016068034963066
17.419383728883890 28.447873081946192
33.831536944775401 -27.904266327896575
12.959816433089824 -4.011120540809887
-11.738399192523554 14.230378335957072
-1.595608745724750 32.148066793149077
-15.088295777380244 -34.277137871440587
-7.694903302073282 -25.471967051863896
1.850342073189218 -23.547205514589209
2.027157084264047 -7.459412495152563
6.068760214986083 -15.137392841795579
16.079934318400731 18.806441027591102
-30.972948747879247 15.743176187787702
-23.475458355511684 -18.622019776595085
7.767418331349933 5.879900973775733
30.436017648789075 29.765261294217957
9.615975408165646 6.761103806967794
-24.980964552860769 -8.494242653285635
1.362786096261540 16.945391302011341
-7.916374691890922 -1.360727754550650
-8.070945030835464 -15.917124840787595
-1.202358828237118 0.025471292714752
-33.094058567456152 -22.610257662599484
-32.335789521784640 0.998340134056022
-16.164302913460443 -25.310458961242837
-17.647198875320850 27.765581379952117
-22.539587113873822 10.774326672555221
-10.330404756775117 16.874405115294053
15.052656677351550 5.816213816170853
-4.666385737607976 12.830353513432582
-35.800339957773318 -13.016575756948436
-19.707822182021712 6.348432339387361
17.229082372453579 18.954732260527621
-15.258366462039257 2.170318264149846
-27.098613163016239 63.298832465203226
-45.441451084867985 -56.316025399529799
2.199120896496928 -4.297814424339293
10.132310897128852 15.296836970068945
-18.829689742894736 -38.806845396286263
-14.710312691921848 18.637073072590738
-18.409856517248588 -5.653048558684842
11.615437980877040 -3.278350330186306
-0.068077219453573 -18.942422021244781
-45.279132923256967 -2.745307796902210
18.325560311457878 38.515703319793559
13.858570537430918 -6.555878837394549
34.115400420535401 -6.203916918397876
7.537432813825078 42.055566541289828
-34.728860250289536 -12.033638129808757
60.491488113108822 15.316092550316792
15.574559306979324 -4.113885996541120
2.256515212075352 18.078958215696936
4.773620228244214 -5.980392744043443
-4.944387065027676 2.253337409360724
10.357249063963895 26.049478258413213
23.889215717663323 31.368274208625856
-28.310077330901731 2.822311170382254
12.004997261194365 -4.762714095620210
3.850467425830287 -2.935249362929340
-1.718706562480267 26.683364186932522
-30.961618461162104 7.295019763898894
-29.058481689390653 9.123751846727224
-5.402611994864821 7.212967031245903
12.505396152153228 -1.372329124016427
-8.378099611958586 -12.803281084431125
16.294384365674802 36.172698305086477
32.136495855183178 21.865782775328146
28.009551010645858 7.120821008629838
-15.190024821525340 14.392959469426716
-2.646014027236868 -10.590296269950493
3.642563798596842 14.744823426491720
30.457575513744970 -3.473175524143895
-8.900101831014592 -0.307549645463571
-22.295067634034986 -25.531941848272975
7.619965691814617 -7.836572787587079
-4.103341133569369 -7.630827973288294
-6.782420472398136 -15.918815112299820
37.240911387497256 18.279557442506025
-21.740238023712127 -21.403037446528366
-18.489258744642655 17.827997546753863
38.120999307317746 14.424666145282961
-8.143768210043019 14.612020454354326
-13.428701470199114 -48.015925938582619
4.099094507860121 -14.042271490279267
-5.901258100166419 -2.640408811218184
-12.667207695095479 25.198959037040563
-5.324726472758562 20.275036861889763
-8.266729201902479 -19.755759143441256
-12.028358137605062 -4.726241053935373
23.033907260453887 -27.958809186314454
-22.342567109272011 -22.366940688155971
4.743021225773218 -40.640183629222548
-25.692978719144911 -18.312945345912485
27.135280385323792 -13.777222082035095
16.620935655379711 -40.456287657485930
-27.883999626100390 -22.280872371811064
11.263407776564378 21.293172692594474
21.644254760900289 -15.436573776963764
-10.978611941241242 -54.053763823100091
19.542412415637276 20.647634401525071
-17.145834002442339 -12.203324980805588
1.872660318997685 -15.613909816004874
-22.588685998946570 -3.321134997695812
5.744174084637931 -12.273064189508608
17.796746769887253 -24.258741464330875
1.007076813883004 -3.047503888310882
-14.850478778650322 15.044948149827107
11.602127356624976 8.379743033927641
-1.797386558743691 48.340486270888867
-4.291478207079834 43.839331484491076
-0.396747046005425 -17.683702843975453
-27.915124557772565 23.659654795978504
-25.523775234432573 -9.068248814804317
61.459660136194408 37.887217737980762
11.352388474371246 20.984678941272655
33.383376750877119 11.016623983262058
3.801890351967406 -16.889814020955559
16.984088187848226 -24.982863388064896
10.523011344935860 10.617462906817700
-6.841134023430106 -19.006456037184215
-28.005968311300656 -7.225563240096402
-27.192666384405843 7.289933631025967
-13.289609764721765 22.739172571203593
-6.268667874476809 13.300324551068501
-25.770413930738211 11.534769985343351
20.112418240683123 21.133053719296921
-25.729455750777465 43.322963673200242
5.035194637720673 -46.741101923866623
-53.544825246391170 7.667974663107751
43.635269766265914 12.197123019736713
-2.839019489193743 -0.084717415601766
15.813982644241706 -3.235928556603059
-3.022011547552784 -18.857865569480680
1.855920369976439 -62.609673063498576
1.937894532142800 60.089919410832479
31.466999026680842 -27.782799512749563
1.190545566681703 -18.677349518442803
24.106103768068746 -25.531327718184375
-2.135595360846338 6.433608917294936
-15.349601415954888 -21.823331404767742
-18.391848551306730 17.582651690840752
18.100450361132495 -22.875154592254770
-22.013060954488207 -30.757550894165071
-45.890828066597663 19.047066703709834
-21.748639106275970 -21.156566059703064
4.869642727714059 19.508705290038339
-35.605608933504918 -17.433120403341114
18.240682170939081 -10.378411679467886
30.965904679711119 -35.204726407375269
17.479187943359200 -22.053160964751061
1.831807284164282 -17.669980921200747
-27.799022458367514 37.735712363504483
29.542988262965956 -9.718778029540605
-1.130551198069657 -11.746332833791707
28.112295156707543 23.486562849619464
-13.135568261642877 33.442620653500910
34.193433555906040 -52.159773642498052
-21.857936344054380 -21.679096037544337
7.294613042695121 -7.385142872208228
-61.467408821457276 -21.386999110388274
-25.651195470908391 16.788380086629314
-10.748903852293335 1.546207176841393
14.904454866552800 22.845302603712941
-2.300517614414427 2.982168940410645
3.618536271987912 -23.523841221823059
8.244408333510984 34.713820610460353
-12.958881315924145 3.862802217259359
-1.047447282646492 5.350867563430320
-3.977608128662859 -10.199949198542772
3.687165707134449 16.275238450861508
-3.815772964840182 0.082411586224856
-11.852128655522900 23.228045603366958
-12.560903290254997 -3.379223125027061
-17.531027015022079 -25.892210527417379
6.966010355700174 -14.081133671446274
-2.610435960285872 -11.425014879602106
-10.541392267636597 -35.315531832426061
-10.620616476012392 -36.178192520281733
12.631481454046487 -0.811894243480882
-1.208884387172432 16.527948895747009
-18.202908529643874 -7.510500853008375
60.895878382340520 2.777942981374220
-13.832681656584169 3.918748441382394
-11.773733350093380 -33.024305962621433
15.199775721521551 18.534211704852236
20.501614164230826 10.876840644973548
5.418142519863800 -27.976847371691413
-10.008810204612558 0.223024146706492
18.841597486919824 -23.908974747959878
15.726714668024444 -11.381832491912760
0.181056586052860 -1.092649650572223
4.796292998730079 -31.974169538453395
22.294573507046966 -1.482638598160731
-9.193639666000950 5.497632889769890
-14.751334473872927 -40.298101135034941
9.607034983983086 13.448399682709722
-8.148236729392796 -10.809019608415106
39.950081501769247 -31.129299448616312
-1.850789138180281 -13.914926929469825
-17.790976669023220 12.611614514672794
-31.722139706478995 14.992536703253089
37.701561583334041 -29.740798672444217
19.985810745440940 -7.000062672448837
32.967122186191261 11.135255615616030
-48.424801758856383 7.058252374494977
-8.220835181870031 18.430425944023455
-0.853626304327757 1.867312478365897
20.036671965470394 -49.014525798804492
5.036447306008188 6.305215080003751
-8.692551057779985 -6.672603611247938
-3.003593175330206 24.642830606294673
-11.259330737975446 8.612463796778320
-5.687406960238143 26.051923772878364
11.885394473322050 -19.123740394709081
-26.479334715743210 -20.568344299629789
9.035422078452351 31.497308252088555
5.220974995581337 -7.851997687089820
-9.378141936870280 -6.453833229927900
14.361762048029485 -16.640236699552307
27.143857727128491 22.266888958681474
22.586236495779676 24.640174367453781
-8.546721541430395 0.831050437317990
-3.574382049225574 -19.721660203050156
43.930555906270655 45.885132965537267
15.141531954711203 41.652696058951527
-32.269886894485616 10.728560027762464
26.683113455801191 0.104702273666005
64.513299488685192 18.460952668967284
-16.916824192835861 -2.413139993107027
0.540524499341303 -37.007825023659265
44.599258723861205 28.075979965938235
34.727805564479816 -5.413798990298359
25.678449573821329 -55.196727613438995
-27.074891369754223 -17.845804120774762
-21.987569174475581 -13.199144757935624
25.701005847850798 -3.138741792286469
-1.800749218171827 -4.075113607704301
-7.497875028174492 -24.387374216049345
10.170178089976577 -7.855826075676359
43.927328039905895 8.683945628844274
-41.398348361549495 -20.461291330776682
15.099362432615523 -1.638079575203351
-12.196172461932658 1.292439774758206
7.722044398083354 -10.862612143053450
14.505078558321232 36.625883553986029
-7.724404879471906 -1.070280544065421
22.792100165371778 36.932542827356926
-4.236934224800649 -2.684206474030360
-11.271587523108499 6.946905641607002
-14.599119760877024 -10.226234816083826
-12.338520735775262 -6.331946326411400
19.671532380772717 -12.959882474846749
-30.526157122404992 2.333564728364825
5.020348116311984 -43.826542579571452
19.836671992033907 -15.301327674793585
-0.198981150145004 -5.293363060898868
15.319536081068884 9.044888128827987
-14.513305221708620 54.664335486444358
-24.255620927112215 -3.240076512088609
-30.183651579827497 16.822490592248517
2.273235198593192 10.175031186693154
-19.402717711241348 17.666814006037114
9.865281912931366 -2.158240616982943
2.937540539842953 -30.911141956702973
6.740713889269446 -11.892340669418534
31.009595502214136 -6.767100643283371
-13.354442341586230 10.553994090275342
-27.065307829139812 6.787519837853840
43.123892526324362 32.063668576164055
-28.306181149118373 13.635337246303042
-36.907602542517225 4.465987923016544
18.753648109385633 28.706784257027255
-19.274873249786662 3.932286833399372
-37.235171426156214 -29.519100773405139
-15.942240153592831 -10.495364138039969
4.751789065133128 59.121066756536251
-19.530883867338826 -41.735378100112335
12.376082056344181 1.383089912414729
24.742609692516638 -25.518089466747107
21.786618092886002 -19.572936182402515
-1.263125859010745 -54.014701026505286
-12.358407427219063 -16.382944409347417
-2.939349652639812 -5.712378012828481
28.977596237027438 -1.470648441564320
5.852195874920155 2.791498575790683
33.175099628740988 -1.150013175239988
8.157980918697232 -8.779752017371633
-4.973223026703339 -9.441291385292057
-35.620437036590381 -21.909438763516629
29.230310167653762 -17.101206743288216
6.920825122253514 32.343336070037516
4.411086214568170 3.859271419556262
-1.976254085869710 1.284014075667615
20.118150534020167 -4.985407988911383
30.973624843417650 21.444292162336513
2.242471770627938 22.393851412946574
15.833401695456176 -30.221400845288667
-15.557787037425470 -35.607772376420463
1.556254974947342 -3.773146212335413
18.168796837977592 -24.432025352343533
-7.001092670258141 4.878201419802178
-18.276422126112500 3.774811817326370
-20.639770597393316 -30.744809884536579
-4.443482294133804 25.459535430450270
-15.679311984854333 -41.029110404589211
-15.843433913317160 8.804676068490092
15.795828638933196 24.473255160770936
0.014286067061978 9.881045085371042
-3.456568512812304 39.268323454198068
-24.696258127193602 2.354699042384634
-13.976318195510697 9.853374457501046
-33.978365305055767 -6.937303205682427
14.788427735002848 33.186654061331602
31.539346456553176 -3.470031713636848
-21.976861184455174 35.157776083683089
22.236627896436953 -30.280629212256006
14.165689987003958 20.886351715050679
-4.548031489951406 5.581503849340056
12.253415682816387 -1.699174890809144
-3.256808126048793 19.032347546221239
12.111943681993992 21.007804995462248
-31.383493444509998 13.663948000938914
22.983369763864960 16.524105636589944
-2.164849198164621 -15.722870406557348
-14.309692348251202 5.249123450160315
23.230347162678452 7.453688140286366
28.103196357069901 -19.596490573450083
47.943533753701630 4.912724777810529
10.485046096308078 40.733922104615679
6.722275369295338 -2.795349952678122
-12.866902821330878 -38.154258330516505
-15.082714621244223 22.737671454127522
0.157370754233303 -36.047956120348594
3.088913725241322 8.717562276235679
-20.373338254025803 34.843123051073718
17.489395390314684 65.082844995154147
-6.035855350577481 23.640402552914313
3.069804034266954 3.439574460389771
-0.067375905765602 -15.726955228427924
-20.525193007401882 -24.711035728053965
-27.443026591850732 30.933296395874798
-7.936479689509223 2.674032399979504
-27.751886171201669 37.163553228192477
-9.258763068649454 2.171250509471119
2.781307523962755 21.790695447166321
18.927833590641825 -17.702040286197967
0.722223387437033 46.322182097859923
32.755388074076279 24.912389042204996
11.191889453824707 0.614276323198577
-22.888289140897513 -42.888727340237203
16.512249379572005 -27.148045051626493
-9.718860405635489 -36.482214371202630
0.762762780527623 -19.926946771540923
44.721651946427791 2.696929238081576
3.360349395956961 -0.651653721164639
-42.773698501372330 14.855990728769147
-33.446211871897120 -3.166647773297361
-33.942112812133807 -6.980972054323913
-31.801350712484407 21.504598734481409
50.893363606699438 -15.074962183784168
-41.947327789761765 9.647629806049691
-37.327896891322688 -26.561939531409521
-0.997790082239458 32.088600885855229
-18.064460540428438 -12.919022191519334
16.058849234479617 -2.011201821823201
-2.753073363094034 8.895512318991555
17.331030174929193 38.616653588939513
-13.800171888921268 11.512491504793379
7.543263582461374 -30.011795610363638
-27.399094158773750 17.271503828249152
32.565237525469435 30.434875736222310
31.760099307257647 -13.146815644431335
12.301847562104784 4.202900096678482
-4.147480174608496 -10.980660316710907
22.096911839070202 -22.929184195941144
12.135120289613507 -5.720434179874634
50.546680859008809 -13.870748803077618
-2.074329730307990 0.102033772567989
7.392970636907456 27.157985602746223
5.467883223132753 -16.399444951611290
-15.623121693393303 14.902051021058730
13.404620244891413 -6.276232804082844
-5.692696980602921 7.848014800937165
31.470814450875849 -6.943951242438903
36.882652846397875 18.642730764027572
20.148750617003945 -4.959052582858366
24.711392249838518 18.346314932848326
17.737276294254816 5.027336697506441
-33.390348382241491 8.544991976807847
32.620949410527672 -21.805061342048383
38.315706788720789 35.473449912191953
20.906191009019786 -14.038905580246460
-23.175835700963255 12.819612798332482
-18.577035470496241 -2.544547343101062
-28.055491276308310 44.993529257125530
-5.937138561208605 9.075941655545572
0.013255774158659 -20.802523261360015
-20.495600501474584 9.607667016122546
14.533801312936745 30.630627957208421
-9.760591625703627 57.388365958365704
-75.605832177025860 11.051794089416084
-13.317457092740156 17.974112905002279
-10.728971369357511 1.418383231257386
-18.582087540746077 -8.180194245173356
7.834972423656032 -19.497543587940168
30.869966921811685 11.137689512615186
-9.381613224514760 6.177781145050912
-21.916452756954978 10.975097371403933
-17.191079474158460 -5.647995549045131
9.239851416009950 21.020487308990958
3.932456711772556 22.057620627994918
14.605875057304123 19.174894503962079
28.592922347632886 -23.348191132976485
-8.308798051441993 -13.660039414234895
-7.539490634757227 -3.672555779791605
36.275850579831044 15.497891000686423
11.184299182759348 -10.800295204342250
2.286912369345604 11.747060891986068
9.648436267182932 -8.939984560258608
23.154822662132617 30.990297757039826
20.022106923360436 -4.276911976559009
3.418248119686971 53.129829902281593
26.544194053668416 -12.285892825943412
-37.221915085805627 -12.747600165244304
-9.964381165489506 26.335614374326031
-30.965649509655229 -20.311483621482964
-46.080637592496196 -24.052411837735697
-10.983435593293324 44.259040464213498
-22.252014552729687 -47.331443445770780
-21.422282247845661 13.214318821953563
32.017403030998729 41.778134636590686
14.746421446989670 -17.750327693435281
9.852834184097523 26.530923329622201
30.168253668464928 12.104364503622895
20.747483344064999 5.066279298275762
31.102755897511784 52.506515792679963
53.327950055710566 36.044351441128676
-38.218390031512406 10.205027254249019
2.524590701605395 -31.973852933913129
-33.773959386864675 6.681281065317089
10.870876936076538 -4.197218849495401
19.361987565944752 12.252836554483563
-22.920302964250613 -1.637779578800870
-46.844490201539394 26.727221642730733
17.175030286206361 -6.753948380480055
-6.976125912156091 0.609164575990106
12.927561827582986 13.577567471045493
-8.447408240962591 7.185474642849842
-7.587207216214930 7.390431304769772
27.105175523352692 -18.397737630626203
15.220318069289865 47.091481609429849
25.360347333729624 37.957800094482536
-33.147477115471411 50.281501462129704
42.597248356365832 -12.235402872980240
28.495787752388228 -2.365646351258670
-14.783004840220727 -37.102042779996438
-18.007992014052803 -14.135189341714321
-14.319936185773400 23.479665020993739
-43.472041332690623 -17.090494398248069
-39.180120555054614 22.604949111302162
17.848848362448763 -2.785616427336636
0.697952232828585 -16.175848327801319
46.070300573090911 7.184905497124259
-16.221714534617252 29.906360734627437
2.610478628256461 -12.284002428138471
19.905087048276442 -27.615475451236353
-15.561732929423236 -57.689074879106933
-25.826060763102344 -19.827718201857238
10.044306082233820 -20.305955020900132
-8.036386868400299 -2.124871104540359
-5.353245538896839 15.491880531618845
-6.147352404707992 4.154951316032728
0.437168400113002 55.949402020518740
-15.151698935600576 -20.159397848262124
-0.404037993892133 -19.310812767189965
-23.216301262970152 28.741882804046522
53.657246155885360 14.190270547304005
-9.086579608936642 -4.557399269102635
-30.089532743557577 -18.853074627700344
-1.130275707083573 -34.961185792807306
34.531533413653385 -32.291292437139205
-5.984934078023525 -19.600608768702067
-15.420889490944646 -8.594191355975736
8.542607692940603 -9.505749396551781
33.164820176323900 -3.734053917333111
1.893956692506122 -15.180888232107845
-0.877698638321181 -46.100075339783274
13.129220808909794 -22.736086970153956
15.801380477059073 3.977954375523612
-8.904497080752106 28.070665662685297
12.529648426307475 30.815947113291895
-13.694992610133198 17.290935527106328
-22.217458269675703 -7.551560506169691
-2.345656823072475 8.688312135866774
21.488377429390535 9.903358780515941
-11.049227123626311 9.446868842874991
41.441882164136736 -14.503124355896603
-3.998379976121929 -22.760833894480299
-5.532658832240249 1.205536320341393
-10.651004997262191 6.845489871528369
17.897113516575956 -25.333405444807756
15.485272591431022 -0.637842133087271
11.963126139318867 2.481957434230917
15.271378609368004 -13.893679639961265
-52.198545798757422 39.263767383716996
-10.883512948345579 13.083802278483409
-4.121042191826003 6.407285289431744
-33.027721087762316 -28.442071422559273
-9.028207360137998 -20.662214957403624
-20.553810490619313 10.260284876320872
-12.727039471868972 -14.587798918080082
-5.113833240027819 -15.025200789336395
17.915312493475621 44.491613614635597
-27.210628243587493 27.107927323297488
-5.164372489485182 56.561824414506489
18.010085946676657 0.597728023490533
-8.282845230709482 35.026150907853214
-16.738865102277984 -9.010603943410574
-5.132523924296583 -1.691077026280346
-7.557098738665816 6.023500196205025
6.744020056391129 15.697298251679106
-8.910739470706750 -41.197976388223402
17.412878832292922 -5.938858865583051
6.234569498013776 22.885063175865760
-10.751536756073998 30.900356135361541
29.184023825314178 -30.588133541454624
-24.674382547652627 9.803433981986695
-20.604085549881205 18.922421921052230
-6.055320716180303 -25.556591363069721
19.424996440136685 -1.203851631121598
-2.823177375416279 -5.682872849045418
29.710396946532761 7.919721508567742
30.241456876956519 12.664053984056160
-15.631143026941009 12.150745001811801
33.594201267283559 -0.760608172221667
22.325188550163009 36.962802698659516
-31.157532457737130 -10.874412503522640
-20.848043524090055 5.463991249500882
5.905102035727583 -31.831568971017017
-22.913325947113826 -21.852189470774423
16.662150216838317 -15.734686317808485
-17.701058431231321 -0.523701663049912
-54.377174357578006 -7.471396688667546
-7.300564481437878 16.277098999497234
1.158968866869514 -44.442084900432988
11.130877970158409 13.023919433025441
-14.084144478403504 48.754614905455142
-18.781242034836719 -38.583209338186194
4.244111947250246 -18.584728404247944
9.180590532616772 -24.325931368624389
25.764310582436309 -6.286374307419803
0.007676627286454 10.802574536820140
-33.136713876931267 -17.435806935375748
-15.320944868400648 -75.639937394181530
25.975838783840750 29.033815070567464
-27.751943681068674 2.855840591607600
-33.139460821133348 -3.045385339033382
18.298498208321380 28.267407349342957
1.356305963944298 30.618004266345203
12.569241450212020 5.973658271982615
48.991159823899217 6.756430717566414
-9.876112771177759 -41.320365109041887
18.696589914950881 37.826348306198639
-16.029944212971095 5.120874646157359
30.686642115398197 6.225990132230888
-26.715689007571445 -10.185201233883529
-36.000888170793537 5.061445600405664
-8.371124597433145 -23.568293299623832
-6.625868531508664 20.305804330427542
9.082673160961365 -11.474351554175769
-10.329735300817566 -29.264235620266657
-13.458236807092913 -13.014462539811746
-33.952790266465911 -33.908262507229821
-9.951094206714959 -28.077974816207771
32.266423126951643 24.682277611471182
43.036309169187959 18.116302860608418
-6.529406215430765 24.219441750312097
-36.947017931557120 -1.439187145857554
9.581856908323488 -25.972044682086135
42.657129875327314 -4.550163897086527
19.167709691005825 8.508148865202747
-41.405809248693913 -31.162347721555886
-21.037839236491937 18.640782983762481
4.918965868445275 0.211356038245281
9.709866610952961 55.228687217409266
-10.442906787138126 -24.260360524076905
32.159884175548562 1.477359640461133
0.751184049095222 -32.404605389857757
30.361888977473679 -26.365383603553976
23.280991168466432 -14.214279033276926
26.787800383369319 22.838942165418285
12.203374790693358 -19.070343682164555
-44.222563527731303 -34.691519607882164
29.907805320450876 -16.675289479998252
47.454397007879692 10.790338787127913
25.922076552896009 13.017370924093505
-31.895313626119989 -5.075512382487737
-5.192987199019751 -10.695973370689428
10.411160964918997 12.014687605791091
-12.257227486695424 22.266612897076850
10.534808987244917 13.327456237638515
-12.284328911252597 -3.404541258868568
16.119682924047019 -28.922880245023492
-7.793801383683676 23.766090021555517
-11.680281831730159 47.849546122829196
1.241721750389095 -37.955970030561978
-0.337184099787728 18.629566076515133
-35.371808365846086 2.173005680262210
16.758705035978842 -10.019653793869006
-10.752250427665023 -5.257765835214078
36.501844401562764 -16.029875985189200
-13.495729012882952 23.461618819797454
-1.195852067821289 -15.398157093521654
-50.309968658470162 0.228893770328497
28.353482216395289 9.912789131795885
-3.357671874670383 -2.560635695949213
-8.466984411226139 -19.752141623331518
38.079524836095153 -34.797030222404615
11.040708807940959 26.179513506445566
-24.957790571809959 3.286570205154169
21.973372447562621 24.885252982258720
-23.338292603547611 -15.313164891918278
55.648706434595695 -29.170991786695875
9.646148878031578 -8.943050885568750
-5.881428194197446 10.328092537648391
-14.441135106665937 13.496635254206405
-13.991624546225216 -28.551953579220875
9.882411937685886 -16.716764675758395
-7.921266212179694 -8.082896222431481
-44.763521638010836 -20.098869451479665
-32.561338373506103 -3.315739950589847
-22.465214099163319 -7.111800277922463
-5.244811099598373 -39.774100599114981
-2.446573858358173 13.127522320090218
-0.245411642539936 2.210715837991177
-22.420910277738390 24.277068022609036
-34.610495588591128 -5.022080541432731
-44.281455524476904 14.500770949473946
-4.506942762363511 -62.957071099477979
-11.898163026460953 13.520682090885330
53.866527718606157 -10.767606086050646
23.629212702873712 8.233411155013703
-1.505233650459531 -16.362599924222490
2.691930250213888 -22.423744568610108
-28.891879639836354 20.032371478295754
-11.523237158901953 -16.029207330626178
-38.015117230020529 6.402184259812221
51.149757525844599 25.414874277257617
9.021779195234020 24.807390941581005
-0.697432160104154 4.623829840428804
26.577322306413919 39.318947439980306
10.468765691327004 -28.513341603365312
-10.289320802733215 25.062463752407698
14.942561454989928 -15.166468629383395
-16.140112858229941 -26.961962846034236
-13.362898982765845 14.596608840498599
-33.242702731623886 7.407955163134025
5.933932102659270 3.822340046091268
-9.411286120588503 -5.308695608128785
27.770910649616869 -44.876426544795244
-29.649318377852655 20.597784444293335
23.650085318070154 -28.068434637792244
14.557942805071630 17.138119844819606
28.145855828963377 -1.109898479861126
12.575528604449023 10.638226080845328
2.548346004767552 -33.677391570389531
-30.428179507388194 16.489372946524512
1.658113824512920 -4.484419368926146
-10.363454836350128 17.617169295341142
-28.091559998892610 -2.661021372770183
-22.897344303389204 13.661730966057881
-23.861613449388869 43.208955483653249
-12.372671219383253 -17.878598446619982
-27.055890085260685 -59.246432913892143
-29.183382687651864 20.427545341563942
28.310868018951986 31.968897788185934
-39.773888693251969 3.392705836096229
16.560609167113761 -23.660815066720243
12.903432246818213 -30.337698100689888
39.302778366098217 -4.791343743633377
14.893668462224456 15.670511842422949
9.535944118723354 -17.863516991638257
28.944758120744634 4.429965553786724
-6.264491031464523 -2.508992554012049
0.853780615911168 -17.635283886043286
1.187756818634736 -18.453706932490064
1.260256201716874 38.102672639741982
-29.934482805416227 12.222640382039085
-17.718659238344571 39.650849353571594
33.857415221181043 -8.863795044457182
-5.418447470577452 -51.027449442703507
17.350647136134544 -14.905486493098321
-31.040119942504116 18.828835984111912
20.041558761407874 16.388221402259994
-22.228058449934217 -13.480153940032013
-4.189971881960283 2.363725502783972
15.166103166590375 -1.290753916298973
19.498400948525688 13.236408854340489
-33.683495348574262 0.677785945047456
8.085384201886052 3.277937886912503
-1.206171742743060 -25.386633493102195
-0.491903208967423 -16.037516822610431
2.815397539089635 -19.099773965539033
9.150528000698744 23.675890956229733
-35.787119396172741 42.428715256484672
36.719441248213300 -14.040496162674064
35.313721934144468 3.685930975592230
-12.557538202058074 -3.229557873536131
0.443450649948726 -65.381093429420162
-10.270955878215460 7.609482920731357
15.898097174666891 -19.593465783302765
-4.027944525086686 -54.885784025420499
-51.019408165419094 -22.654495512759333
25.189605786194445 2.143512348707663
1.923693694684015 -5.900221515874589
-52.210878934028536 18.330126245263461
-6.930555491922573 46.656458342154913
-3.185662980952086 -8.023317633069237
-10.113911106554879 -13.381921846194592
37.400385050067065 14.838537406632229
-28.372511086726476 -6.981023776035952
-7.163719528575066 47.834048253583262
24.887355588785685 -25.619610321087556
-25.246508731606280 29.431760624573272
-60.243100223066648 23.971890605390044
34.414350839691885 -8.978971621384680
20.618979477622403 7.492264423580459
23.977430914597338 40.309844792564441
-44.910732782165766 -20.408011391341255
21.085542585043203 16.031808628497988
19.060047785061027 2.246246015609474
64.037388489825275 -37.446124516423701
-20.278296886852122 36.861477325980871
15.080546770274301 0.353277114492502
-43.228610452229688 -16.404143907093928
67.642513213817907 4.085066337979383
23.761803589029732 20.167061539970515
-0.245868416276676 -41.972527675202080
4.209868091262388 -32.684188432104541
16.820773419503844 -0.390268879256993
-64.260437646090637 -5.421986746935079
-55.837904146292928 15.955895835759272
46.176002107451161 28.678748562345493
-54.285054173497386 7.199343227798274
40.207193653146597 17.377763884541736
38.616651949001003 -20.820388214489956
-4.750871797019074 -2.288861832287642
-2.700692756442381 11.153939095441935
-17.608786619797957 16.019253004989917
-27.453227390412891 26.128062049560207
-23.135035238518455 -6.402936109952805
19.755940146955638 43.354537187854163
26.357203987784221 26.640812579196712
-17.832522134128563 -11.252482216850304
-44.534604307944406 -18.289064118608593
5.122346791315926 12.877106184417764
40.560217427001952 31.931013844461621
5.365034299241588 14.041260369654823
-15.939625670563201 7.978971827518142
-33.977940696296670 2.695515676670851
24.939916900212054 15.489991096591982
-11.273657201273297 -60.906660812796481
-26.686469791872511 -69.975625230134057
-3.618460597559576 -49.990805077034580
-13.454121276081155 -21.842130126275524
-14.155177358344897 16.888433922787478
17.406128003898992 40.254432173286453
24.754820340668299 -17.445410861366867
-3.774137395349189 -6.810394613548028
-48.680268986157699 -0.746577803131383
26.097771075966811 38.152221332392344
45.005767694446540 18.012153606769044
-10.284723522094472 -2.068389162110798
-44.524727831069775 5.866364831825202
-31.248228351435074 -33.766781984376081
13.194544960885088 -19.405804993033094
22.208344128785342 32.213262791540188
-7.566333445554587 -13.055986326708133
31.936550490192584 -4.406846470179491
1.198673789207683 11.261630839674101
1.036270753256038 -50.232575840729439
-18.960256545306152 19.156003801928254
22.164460869908531 -37.119403449249347
4.882673120171590 41.033687446241430
11.329118451684248 41.263587396033081
-10.533371131336519 -42.847404948464359
6.793663844439979 4.348598950103850
29.322797405677463 15.130119808456994
6.689884976708350 -16.693174857984545
-18.595534541693709 41.946994787087952
-8.578892381127359 -25.109002529562254
-13.658664967318551 -22.883226255366754
-2.251343445872526 -16.424017505453438
-27.954935122452259 -32.522268806296978
19.254617310973277 -12.287260926883709
-62.684830849521319 49.917595065532289
54.255994595766182 2.391151281742641
-8.842528903590241 0.073705496382852
10.721639224923255 -4.934283676282599
32.805246717806533 -19.568019048519247
-10.940620793627636 -51.634371160045809
-1.985175642708686 0.588535990582545
14.472389992920997 45.993259443002117
6.308911391887176 4.720248368905768
-11.837204057283358 10.840478599764950
-17.948448862872343 26.413612754785337
17.211764939223258 8.093615623225384
19.480458623601773 -68.123945612227217
27.761104698181907 15.696079941809435
-5.900625713152431 -17.480294136558527
-17.838879982584491 6.559026929309597
36.464182772859296 -21.247648996077096
15.914919435742513 -33.443525378141047
11.313521571755816 38.452262437989269
-21.325959576496995 -56.365686553981661
27.803499536931998 27.319359580974638
42.403075386109769 -45.282352119485516
33.937543791040262 -22.868898190055685
-46.016163808776838 34.118146176534964
-3.016756572909418 34.557771264968743
-30.569634059459126 10.047639877631635
-2.139879441542704 13.284019328047847
14.491941708284516 25.861964894712298
5.134282312675300 3.879102090532188
14.724552924550096 -14.843304456874286
19.219482998007027 -11.226531069634639
-24.185895476343489 34.483143372600431
-16.067922230016372 -43.044951761758433
6.627581125598759 17.487930850387553
18.013398376501410 -40.563215331296291
1.219323497097928 -23.597509734354233
-14.746886462499056 9.184675521687753
21.970940955175905 -9.064140498609808
-25.607144336563142 2.970912555066804
9.486827454113202 5.768909801815833
-37.565801251604746 29.933463828675386
7.664129844963762 5.722316008920625
1.411388224500559 -13.304852224123676
-20.150962901994422 16.507115905531528
-17.326823165432945 -21.521184584182031
-12.586893056106451 -7.261663810408875
15.459539556105559 -2.676231097481140
-9.099820176690603 -59.442133909239651
-33.074280747522479 9.342289526873497
-6.827820115360396 17.505671019344078
8.880234985808739 -0.382278124700124
-15.211065850239228 -23.387932959413380
-34.495226107264870 63.998026612207795
22.697559538708568 -26.372926079101521
0.533381447314915 -31.295841990524274
47.096305797152539 -24.815529048473341
8.609932191867037 -28.211852082373376
-5.140203096895264 -17.034691350652302
-18.614688465846434 30.903515453748362
-14.777230589808442 -0.175373815591028
-16.967763654812551 16.970170060607636
-19.194554230260849 13.542037921123143
5.743342699002078 -2.468156823015049
17.127823399316359 -20.946137458505902
-35.101696659510829 -42.122411898871540
-53.844424295225146 37.051530390930964
49.336789616917159 9.937421630387679
22.622663851544829 4.598294541897026
11.988315040568088 14.746229473323810
-15.544798897145519 -17.949679303308901
-8.616663407278145 9.799403674234828
17.975583635213450 5.298384702426095
-30.966717245178646 -13.947465079073995
41.698188263258551 8.969418745020089
47.422358440984667 0.581653383053795
9.310356820095651 14.683432799012223
11.603250439828980 -20.713758992820733
-42.142677843014681 -2.312054260788800
-3.865610827995532 12.128042817174247
11.833663495368793 23.335999508511104
-42.955836337760836 -42.812981839403328
-34.952948533234803 -32.910945068436504
8.971637404725934 25.555188898369547
20.066839806771373 -23.932773897566943
65.719426689783646 8.397038044585472
-19.511347107201541 -32.510495099156593
2.272623647583077 -31.585935466744477
46.905593374767669 -0.200052324584137
-34.530229772206376 60.273944102243732
9.594066603161158 9.528828252059846
7.421336068190853 2.994918425322359
-6.538635501769853 -5.460320584552426
8.417277623782716 20.843401676324653
64.392416764241574 -27.725074353399979
-13.284801443669096 -12.774581621507705
-6.216104577398839 41.311782133516253
52.888929069093670 74.566331281852499
-21.751713698902783 14.749772362487933
-34.050587115791004 32.826969912982101
-8.542882567845508 -25.459158083131442
3.171079223362284 -1.281613833021683
48.014138657284356 44.186123583471314
9.886983311276223 -3.031440403503199
26.295674766534969 -6.664203926807791
10.127845743459259 21.435051257283405
10.583886456597529 1.280713151661579
-8.688559766883689 41.112621471593123
55.210779089972178 24.053424188802424
-21.626034175899218 15.237952086686350
31.742258840210130 6.038598333954372
-27.156885223041524 -42.187990231819064
-4.136706664130983 27.488578460057536
11.340908317728561 40.886973669743675
2.233974470512848 -4.966302737776727
0.279706282942226 -7.615859837964259
7.907968648288447 12.025354420540172
17.310606079342694 5.476604879144105
14.636993085417263 -19.008456287528016
44.486018249026607 14.785533175328725
17.054358777521717 -35.185131735307955
-27.430645304411424 16.149707790600996
-15.653580323574056 -23.640085178927848
9.871656599326842 -49.069555919167087
-11.501375464809984 19.586941357249032
-8.304079465138631 2.008643072502946
-20.475101362876650 41.686526029673793
-3.741237588203799 10.111975585008558
5.273988382952878 -15.380571185781317
-21.332579414329505 -28.371242294003942
26.728268077980125 80.625060061056558
-9.635348332829436 -20.021894315053974
-5.644923327230804 -37.903026951653359
14.925034580383237 17.746162151254854
-33.047218101156496 4.620490421725955
-1.105912674897165 -10.817909769098447
1.037375352860381 -9.404490966169941
26.108510204138128 -7.751527609885528
20.202706655013902 -32.087351711948365
-35.438236305608186 -26.868356847061374
-10.961696559974051 21.374164925745426
1.280889209620103 -16.798734940808576
12.055849070334645 -4.043559137253314
49.687946581650287 -21.444382079674899
32.310496589910329 -53.458139641616313
-23.749536018471215 18.680710811673588
-10.102679253320673 2.654460501070627
-10.140583936447987 15.902889819730120
39.118862828497491 -4.135734058201779
56.246029212282366 -16.178277144871082
22.669843874180028 -26.514251822432431
-9.631500290595424 -15.475881761863764
-5.112382831545537 -27.336474759846251
-28.955794151325868 20.349724567255695
24.770507798471346 4.292235147952614
-11.364315626318414 26.901492966560557
8.399481419993124 8.399151665303959
-54.548795627779612 19.579143202483905
-4.835838436767492 16.089134262101240
-29.691469581900389 2.101337351418525
18.471580000671747 34.536391474016611
-41.097301767892823 -14.145767572343845
35.443678706494779 -22.438992860075562
13.227237188202812 11.406863953691154
2.225498246124431 -36.023267890365773
48.339324849759194 -22.698097082126498
-5.950458814376955 11.652511262214386
28.278318086616864 -1.152882341262464
32.233622190289140 31.135085084144809
26.550872316513388 -49.133425604886760
-32.734928027640443 -8.502746729333342
-31.636017696875452 -4.711853565053856
-7.380228378282953 31.521383949515950
5.372890823941850 -1.094143706958183
29.316843866828794 -9.789245755497690
-23.678926302164236 -10.585691913684633
22.499104852236950 -5.158670441445480
-13.822918624225856 -34.489735666008308
-3.840121862446587 -14.742207653222803
23.027859156060952 -14.076131077192597
29.798317966336530 -17.063056829399716
-0.151029499055997 -38.835805883495517
-1.172552052694106 40.588798125741782
8.234176817963574 -1.290211956584267
-54.055764930760681 -31.594796407148170
4.736265495148087 -26.700736154103886
-5.636955356259453 30.021707583718765
-50.611386752674584 20.692046791526796
-5.329997519530404 -36.367104692131612
40.698917734687029 -15.344728311044191
32.653878818842053 4.837319375516145
19.835924603668804 15.479397221938189
-17.928342038569298 -14.912858802921534
26.687334101132286 1.098656307740036
0.532886658727328 23.350467914914088
21.122005714952511 17.583557016403489
-1.771325238243906 -65.764515683995114
-19.543430056483942 -50.768133500335530
15.351516040812305 29.975484225153689
29.548463042915589 -1.488134120746328
2.336930542605648 -28.477364721315343
-4.840885294600975 -2.968577116678746
-23.708853640662884 46.754337621280172
9.761033836969773 24.029897512387535
-1.542572211921652 43.749387025435929
13.490595907523298 -25.115038959581256
-23.514282031393662 -2.467072879259205
-11.592545416544956 14.115152111375929
-28.873105195755194 22.504755046820726
15.710914449179201 -15.714782130985512
15.518674463692921 -2.253838018470891
73.436709043256286 23.228614220042409
-9.442483834470455 -12.998645264228182
-23.870879256462921 39.077887339404569
13.221148765319176 -22.161707046359801
-33.112330978727329 -2.722932546661597
27.434974414756329 -12.585824845862373
-24.079382022870000 7.091879565758098
-25.457010061153607 35.612025880168972
-4.319057647870693 -8.054911257056098
-8.377615975858786 -3.154121012745948
7.446555279015760 -0.607180806710062
3.268384621238298 -33.344029097511118
5.135486484968998 -2.289695126171050
-1.890111547284437 64.109585207231603
-22.184520505141339 -4.720091849366473
8.254367622649202 -3.344765195702433
6.890857636631941 28.664511348560008
9.880815848745074 -45.445900810354544
8.375510487990327 -6.002392301737437
-28.714706441722083 76.129839134823470
-48.664625139744707 -27.227000191261610
-13.721881116151582 -47.359613012270593
29.542926950101545 -20.605151599293002
9.680303573442535 -18.709298819864461
14.102054752257944 -27.402952570094811
16.511825429424988 44.013777189953075
7.881997136387211 -20.324477213758147
26.822611442171496 -22.182759170115506
-45.431095459780771 15.054491150502839
27.569226980490836 12.815410340311082
-36.150410075432099 -32.284636982181837
17.783631303266567 -13.910558041015655
-27.531933878796000 -40.658263056073942
-37.076745817125513 -16.781270490962513
14.879431174182175 -15.246597100637551
3.699325304849924 0.251039269909816
29.276218071929353 -32.537284620495655
14.905141812935570 33.439395756870560
-20.890302856817382 36.075204660848094
16.666088951790488 29.403982523007123
7.575019543036791 22.718763947160102
9.544680463502957 4.305058778970452
-8.498440162832244 23.600986552363249
-6.681866152192376 -17.420994355515479
5.117658663392471 12.766925354091653
46.588828853161630 -10.656753350792483
-6.812897486438442 33.376834296295741
-30.129911019178909 30.818086425261033
-46.291182395454072 -13.438961876725145
23.593696540051528 -34.721921414783111
3.078625392297607 22.236666307686672
13.962120050859090 -45.031656778598872
11.702160799208404 -18.262273001173202
-20.212539110960922 -6.410337140947512
-2.356782090401126 -11.983664284838680
-18.142914279327854 -26.701452967239344
9.998167170201524 13.328258482355198
-10.100749983895374 32.986434464686226
-9.444642132412543 17.251774379662063
2.369043090568338 15.313649777842720
-15.858374621409164 0.368395312341674
-21.592550681023155 -58.782101155003438
-14.298128294431374 -1.965249302130831
21.741082855384320 5.642530353795226
5.975275188901176 -15.560241292543708
-0.092403413905927 13.605441677453447
16.729424237494843 9.166261411353608
-35.479884114759869 23.665756309351231
-9.903928125789401 -34.665793422719076
19.180456892179667 -50.235734932433317
10.325500046266535 44.204633902825279
14.530383132073108 -22.786546527393050
14.537144399514185 -22.302524497356487
-16.341895796368306 42.557145641205977
1.431992535303063 8.728688590477464
-11.477400016276034 30.941830883265187
4.608891054601183 9.867494539370277
18.005365704370675 -15.987158705046623
43.005520828850266 6.691378167663558
-4.442341784200856 -20.968153933596408
1.954967869835495 -14.887991908897487
14.473506627791151 15.792670035079103
-15.957978183735944 5.037682501509962
35.033788016237786 38.635828405481426
62.271081939440933 30.211827087379550
15.168100984849138 13.165118326980167
-28.591089406180462 26.026652632716921
-10.144641904607781 4.103760812869161
21.229725451036565 30.836239585115731
-11.991817274912931 0.091389081184579
55.871801684016731 9.146537519687385
34.467634808303167 -8.071830579953703
3.337679655314760 2.818694786290096
9.320826358078167 27.468004968604586
21.425485860319597 -19.594692177555192
-15.579357865983489 14.959138685559653
37.070860188856791 -2.919088046754687
16.933179190378489 51.021724430957455
-15.602814820001717 -15.432168266983737
-7.354168635708008 -9.208587152828118
-27.743613074100288 -29.004533685606688
22.311158922936773 7.056860240471544
18.663592131348466 24.193496239466459
20.718895885037956 102.844527107732674
-21.926223153108825 -16.532465297104267
-7.148219941481666 23.974440544171696
-24.035552173496118 54.513155150201968
-39.939673660758352 -12.437637502945391
28.308471039581132 -10.292494644009091
-24.343325879611196 3.426791711917768
45.263822863525490 24.664376596201802
1.710323250976747 -10.783188101819466
1.640977602297145 -6.842157933782014
14.069476188071082 12.797025978235904
12.458022061932247 14.332261974902382
27.529114921402908 18.680857406470423
-13.245373208565846 -30.806246967122888
18.701008896744149 14.095842170054077
-6.722824782568713 35.372161414906749
-8.106768165469189 54.491203310598451
-11.111365144654570 -19.672518837723413
25.612026166810104 -1.518029434944168
-5.566872263284934 -33.731501387425553
18.310226749190385 7.941071001237233
46.266681858836719 -7.424152085061070
-1.483706858107990 23.942381037104713
-3.565507652838761 -3.716737908283463
-18.274729062466019 -27.186525309244249
15.615779351159919 -2.144089349592653
-12.814854623419018 -40.596057048990744
3.619165059735369 9.146710516386152
-14.484938838129235 -18.063253576823243
13.453116030249124 -28.144961644726795
48.921417328129507 -15.872384455182052
-2.280240834379046 -30.267949516769296
-15.362613337467140 -14.955739160369321
-15.038671630381996 21.067259431922068
14.849098672464869 16.621215159674058
-4.877209680972755 16.205321445304591
-39.912917489083384 -15.292231786037149
-19.034365786247200 12.495570930198307
-25.866791775095294 -17.615227812897988
-39.761271852815263 -6.057484083738362
-39.505543520303931 33.170587729948217
45.045838855600707 -1.935041656981393
29.234426543710960 2.724828580915665
12.535677451276321 19.102834360372420
-33.564207086543313 24.174310533791552
28.397426035498373 -0.380746236768939
43.769425013380541 28.079384225196861
11.549481804517679 -27.821503825070842
13.256310008203007 -37.375187453233032
-45.474411992350277 6.641208128820686
-51.013008197205259 6.581680274448130
-23.752287487229086 18.960810054222680
16.234307179977012 -20.291259801927669
14.449334020626127 -25.691661567268454
-10.693127599175124 9.522151398923379
52.027307752761864 56.840464938097035
-49.294583210905124 -61.441549691877178
15.443578426299442 -27.220046397497455
29.952459299945659 -23.866330153402163
4.741395758297990 -9.139557906458554
4.966937978902044 3.510510185312455
6.143379626643913 35.099274041298017
-21.657728404796060 -4.376058364626925
24.233399093337475 31.931615207220005
0.145255597544886 -3.205154053561447
35.948344567869775 5.049589424087867
-37.215646541788026 9.498634751475761
-3.215272638209389 36.702099066965687
-32.465843393727077 -27.756694176374157
28.928156401962550 -55.630196890329174
21.640095806597056 36.035809115871231
-5.668322850816440 25.610766928291739
26.205085402457510 -10.580947475692156
