0.000000000000000 0.000000000000000
0.000000000000000 0.000000000000000
5.457409986050513 0.000000000000000
-34.952155719508241 0.000000000000000
51.919967256308809 0.000000000000000
-14.643673260327951 0.000000000000000
3.020561103279118 0.000000000000000
34.206884982149376 0.000000000000000
-31.884440099038411 0.000000000000000
3.124417103757759 0.000000000000000
0.721729302421566 0.000000000000000
11.355746870022731 0.000000000000000
-34.572481535721565 0.000000000000000
-12.763133492234372 0.000000000000000
12.496053355408998 0.000000000000000
29.083123803693951 0.000000000000000
30.540204352128104 0.000000000000000
-34.782043566248390 0.000000000000000
-32.520774897221635 0.000000000000000
19.296425533650567 0.000000000000000
-14.342453461161925 0.000000000000000
44.230324765506815 0.000000000000000
3.357596106857343 0.000000000000000
-35.189060630315261 0.000000000000000
-20.394203485635131 0.000000000000000
11.974506853924487 0.000000000000000
66.954540362061039 0.000000000000000
-8.625847168384631 0.000000000000000
-48.499689255731170 0.000000000000000
-0.324274379360910 0.000000000000000
15.075477400961546 0.000000000000000
-13.586557459624933 0.000000000000000
-29.961737018681728 0.000000000000000
-36.534608154090016 0.000000000000000
29.472590642566569 0.000000000000000
-29.301592610023338 0.000000000000000
-18.966929341621849 0.000000000000000
-8.773565324783659 0.000000000000000
-33.713874342396515 0.000000000000000
68.382383556363678 0.000000000000000
-29.856214925052644 0.000000000000000
-5.969489427303055 0.000000000000000
48.845940322813156 0.000000000000000
40.938539846950590 0.000000000000000
-63.508102481003156 0.000000000000000
7.145980753986116 0.000000000000000
-4.033209895431854 0.000000000000000
-30.089534148966315 0.000000000000000
5.265440364341678 0.000000000000000
35.711932381226447 0.000000000000000
77.084050538375422 0.000000000000000
0.000000000000000 0.000000000000000
30.916280182338571 -13.718574867044532
-29.195026392102392 -33.727440293058876
-14.524337076722894 7.105761452790837
10.927964978349761 23.720383816377453
21.212195437463361 -15.511944827925326
15.888280845055442 39.641313932582605
-7.999381024986506 -16.728033673274890
-6.457138829587402 13.948871434901266
6.538108382083681 -32.053767329578193
6.047954912431745 -25.013309870646612
10.798000252606897 -38.138607384681166
-19.922881278454405 -9.707755074082071
19.672149953912577 -40.537464991554984
44.737418922183309 0.830925464117894
-3.067442424483080 17.415298252333070
40.945498279609211 -41.400103680179825
-31.902160246135775 8.079271342630125
9.820100010858264 24.977245209849084
24.792795415974560 -17.000105382473322
30.711393540341383 -5.345204611634285
-9.446222703112463 -21.592828390235951
-28.666939692614598 15.307415321892002
20.990723014593019 5.840891468475221
12.791702200393726 31.827042965464745
18.185450121152268 -7.859453335045730
10.109996617124057 21.107471318840020
12.005291312589698 -15.689858319040185
9.425478304263747 14.004700267272343
-35.992888177467798 17.182342188855525
0.499340635981929 21.526696164678956
-8.338755665743417 -13.966671449815498
-4.442802186981869 -25.909491062442260
69.748645024121217 10.583770770391936
-21.943659876583148 18.143256614192367
-60.150112162674517 18.469139727257957
-23.179137479593134 12.992193940902647
-15.421567569823283 0.582485105289445
-9.519396024123941 10.793618686047502
-19.852194919596343 -16.851562305690699
22.080639905187340 -17.122360119174242
-10.619933806495727 -0.172770059691953
37.302837142066771 23.558491824231762
33.461505850830072 5.641337387104223
3.219958473078706 18.029604396494012
22.581029406493975 -11.129363997437906
13.307183214242723 25.967067369098196
10.028484422060826 -16.091586572996082
-7.142039471259910 -37.149827962279176
-9.678663053526691 -16.467048767806439
-8.883819579475592 19.227472810318986
16.160084060394453 8.211804823207142
3.648859283697365 -0.669172135539559
5.936948555809312 79.508459262547319
46.502123469860365 -10.214027596696241
-32.398007073694245 -9.684284718399844
-0.354124611070203 -20.495982714392685
-16.381886840931955 2.710020708928340
-22.312842805349444 -24.960307275074140
-23.245775830306052 -8.037660684354107
-48.385308771436996 9.534467829642214
21.549604563543078 -31.368483693465073
-31.242401190046735 20.210569973749603
29.901493377108356 21.265807158808880
20.105325764904357 6.808135568243675
-4.558655870193412 29.819810394452588
-0.341093843755194 -36.918418852055609
5.671696982821760 -6.647062705744790
-8.013915228465871 4.507602033876427
39.129455360683792 9.796893651612429
14.774532976242551 -24.982994589161603
-47.192319630470664 15.364359154912940
-55.941884224273899 -25.455775334548569
5.340603547239666 4.795744588164101
-20.696798141451946 14.172123297457862
11.844192260692429 23.556034876477408
5.680194850312350 -18.000945670103331
-12.445198199278408 17.057776106015329
16.710641284333629 25.004792267836567
-22.560956331597446 -20.203080749278474
-16.899864519124385 7.873230089385589
22.702608389801437 1.200701097264336
11.824422989125228 0.905626931587405
-15.113248984313151 19.676235330925991
-0.868595488379537 16.149885191080493
27.151496071556011 -2.140443829793899
-43.878835972821122 2.592077714843536
12.000191780372367 -13.370217802244269
-31.058115260683287 -16.768495989509429
4.479144273282918 -3.177392240754660
-35.686070785839036 15.819218790901973
-23.394979365381751 5.592791835231671
-30.237207694709170 -23.240250108336877
37.447984047470278 -0.627480529363303
-8.553591792047719 -44.548924237805778
-0.726878469019416 42.365312782202615
-40.319135739642014 -30.184431902922174
-9.986454746107514 -10.610540476357407
-0.779185421788414 -4.930453203004739
-9.039251686267491 -16.002291701122452
-28.192767003642199 -14.799084122628829
7.950171318907658 -0.802109563548152
55.919138013540959 8.617559689066931
6.493795559932555 -6.311345240652059
5.282901396299216 -11.074606516305462
17.066575298776492 21.145071491434908
-15.757526298091928 -15.770041472319633
-17.037964646182832 -15.148442915965550
-11.874446287244160 -19.653995738933784
7.989222185177066 -10.850442789049133
15.883793503548596 14.095204830125898
-28.407489868076730 32.127968426438727
16.150218898569562 7.148007826633282
-21.572318167847882 22.788702844336758
-9.577377871126323 -12.916271177057574
1.006877249544245 0.578943345605221
31.142100182302400 -11.819464985556474
29.189657793066061 -10.543507640010301
-2.852421726905642 22.711417835146079
26.026111004140940 -12.505591809187225
14.589175422215082 6.782070176097849
31.551523960248709 22.346274489912588
-27.635648690875243 56.294189148826533
-28.668196140299194 -49.065400476135061
22.969078530584184 -24.762549007590831
2.626178293202153 4.879463650514839
9.491248352297253 0.318355502354783
3.412964859920637 19.977334954091535
-23.450077179208503 30.091674334942166
26.858467515744227 -25.214682065599678
6.571454624933414 26.526213712615430
-37.960399137870105 -36.839308864338946
8.467802144500427 -11.092736355237939
19.287845994967491 -17.358783749099075
-19.970892538723170 16.263700977789270
-6.034431935241259 -11.162795244678268
-31.135476700299936 10.628664757489327
-4.955202142320241 7.217377194115833
10.106660841934699 9.623011184674429
-11.049320218504375 -10.004397886682954
26.531718540867331 68.800854721040523
-16.939967084936672 -1.803920368358636
-9.745693420619947 1.539608993416623
-12.640446416786554 -17.446767342689327
-24.601478145560474 8.464515897927386
13.541754049608693 -9.770562556961092
19.912890138967800 -39.704355402856628
15.314625391316740 17.663649819906677
-6.558746338886838 -35.465719941398930
1.863796208217626 9.465814688274028
57.834240520321607 10.311953762672568
-13.706106586918398 19.196566650144533
6.760676977798925 -0.552013056477899
-10.026574409823128 -23.926387328239532
4.874158952523908 -27.437739621162930
-25.822201304799602 -31.148279311717062
17.800327388668450 -5.237054358381311
2.210922975497599 14.709221963138235
-20.528618577657578 40.633794036993024
35.408374426825254 -5.613068491778956
13.222860459944325 5.621475313214491
29.183397270392671 19.464586340576645
-5.136238214765132 19.082361574065192
35.178867915059456 -23.438887305743158
-31.218863005538100 -0.706323572887623
31.249423485160815 -3.534805750220922
7.500657239690984 61.768975966478664
-3.699030487585528 -32.560850595964048
7.336536816329696 -18.576005852540156
9.226604949891472 6.305704454104553
33.617147483097810 19.220713710171772
31.771408421845958 13.082219909406083
22.521861800550141 -20.931320788001923
-15.147884704459187 14.010651627883265
23.694925349496973 -7.932562213359399
5.777185207475900 -15.269426859612546
-32.940362964465912 -0.809910802406196
6.941844226306736 -3.829922556352429
14.275608169144423 -16.438767666620667
-22.396394246891951 19.036314364135727
0.653119426105866 12.562123323094356
-5.711168754879953 37.457788564861687
38.256055759486379 14.271732486595289
-34.988818451297995 -65.420841938524305
-34.718315998611843 -37.055350025785323
-11.617296408742952 46.417156555368273
4.139275356810633 -55.822579370663824
2.506335757723902 -3.693510556259784
18.819442329976614 16.864733810259803
-3.583562652723774 -17.121064506589210
-23.791925005251048 15.333904533601656
17.553369980946705 -6.413428570788398
-12.927874090713942 25.746513871549489
6.442039938117141 29.737840797613281
16.215955643911542 -10.806387136935935
8.629119496078431 22.255078513044971
-20.505969371209353 -14.989085297493959
-5.013229374096579 28.340344316990809
-31.372550828193017 -22.114863193452422
-16.911293328881417 -9.826635988898952
-1.866148479142537 0.654408015277479
10.053674220202469 10.976237993162979
53.725835328255030 6.451192098269140
-34.462035615728084 1.272921470885083
-2.784125138832350 8.742876212368895
-18.231394899626711 26.532878181668512
31.475817377084333 -32.145864982478876
5.107668911682303 20.500962123435031
-14.539625847568574 -14.325766980335654
21.559412809606336 32.660119140218939
0.956900407166364 -42.307298630153326
25.806528011208044 -36.223219244290739
-5.504231551413856 16.319386131717700
-19.952417279652664 1.817188524381153
-34.454782525755157 1.878688404556451
7.518620497592406 -14.090308735195849
-39.102233102013784 8.668622950113967
20.638028466237344 -15.254822903283284
-6.346594378996689 10.344903378192823
-13.422855988105301 4.457149755190883
37.572427739901649 -5.297622039459154
-3.873317955040580 -9.685335278738155
-9.535623831833826 4.877165212456480
10.598251952208010 -35.648440747671458
25.893919270892425 13.338826108623413
4.329464375213789 -21.992719492896580
12.490054176094038 20.820453561368339
-1.778711829422734 4.437572355945811
31.045745024491254 34.306306946655376
-18.062514647221573 49.802561763597879
-36.219113088782407 -3.222976481134856
-0.691870189058603 -50.538695304744081
-10.418988367143566 -5.211092144033683
19.646094647970511 29.397008826959059
-3.322369939957076 72.535286697780649
33.794684957934592 -6.690535341916111
-18.133093260036087 38.206447945627005
75.708669510349850 64.231903919936997
20.516337873086357 -62.765685607533761
-37.268353759527031 29.565475671499151
-16.469618448263443 12.595430332271347
-12.677630357048173 32.577487947645920
9.720364891989677 21.254011405502187
17.350467790408675 8.687904894085168
-17.036953026973105 32.551170740059824
29.287774473607499 -24.514698321531025
-15.123700274664911 4.623166140873954
2.670105133825668 17.783501799803872
25.533326403532499 -18.537580509388352
-14.488670962299057 -34.191046765768135
-30.330364267164676 12.380141074899612
-6.926378366098277 -14.510862789810719
17.367023571161031 18.918818330887778
33.657516131963824 2.190011271210871
27.235293748101025 52.456967522906595
26.667264690081225 -13.584071109740195
36.793314381165239 22.156087866266343
16.865999182559015 1.721311938301497
-5.820595624751745 -11.085700056292492
-17.370959768843132 -20.929972753489974
-32.821341307658734 -15.628316929187248
35.887681744272037 -43.550926897978243
-23.806050558764714 54.009985149350214
-8.816629307570603 -15.504233434436753
-37.095970815596743 8.526606750470227
-6.496208689917723 12.675034468799948
7.246419808375666 6.033752318268164
15.429218520006650 -13.917128498449118
10.307259740672672 2.952357547234507
-34.681809825519473 21.031479426153908
9.517323731957552 3.351343684410768
28.832952236319578 -38.456800651469358
-4.229235017860619 63.324466501743075
12.546654619172235 -19.041597035655879
-39.792741877145382 -36.187540333324016
9.786888230857437 0.074966614633220
27.191493218575939 -6.080522337598853
-41.458518648687274 -56.190941722551152
-32.753439071439757 -7.884520579703397
-11.290183543212892 19.637710716430355
1.921958087080701 -16.192335604264255
-16.651521879127873 -6.734625246882213
-12.007914935485310 40.201451807797994
5.181517230374514 -16.789388295738195
57.163043324859842 38.552671120098047
-23.978327470216289 -32.019705500905523
14.554319028502995 -7.340348249985476
44.052444772365291 -1.560351968986554
0.951249957959848 -15.639361917666514
-58.693474427984683 -10.474110317309197
14.705802055337681 -3.413359297733434
-13.862965469782662 -23.947262867449627
-4.571221220726812 -3.088351018649256
-35.031375159227970 7.360815019048272
-33.234488399940304 5.858108177856288
2.807077322153200 -24.054211413574123
11.429622723839390 -24.846208452760347
18.195480908047188 -32.792572230871777
38.130999160909177 -13.164064076696276
1.984789216487474 11.747684002279261
-12.961515908925731 35.104078723485500
21.486287388143431 7.465259673050836
-22.482324560621500 -8.683213075085318
28.602168728080546 3.732048690509640
4.955612433698806 -7.949347782023041
-9.371163729656931 40.140087669102755
-7.046217589064690 0.771077490779673
15.576522908088611 -16.264486707187970
13.721215925149474 10.634931880753880
-3.951434476367696 36.885588220684959
4.433135951543656 -19.057926897759287
-35.379499214454562 10.409388939633368
13.006718069564934 -30.019756691154321
-26.361298115273975 -13.943602677036665
-3.268160296710433 29.249267788784291
-20.984536821479242 8.158007260571884
-25.215838095400184 4.680703483751075
41.427048538185133 9.810908039159447
-40.892180515541000 23.420478088040529
3.642410422900497 26.921774969689686
-9.227345621998545 63.353712363927329
14.763650042097014 -26.172376525068657
1.486748757777029 -15.211709318015991
-22.980800079035667 44.199713814248469
4.140575196694196 37.868682991625462
-87.157262099552185 11.070625164996926
11.659773178010797 33.527534080885964
6.023206365250092 31.841172789426942
3.617091820511243 -78.098033708802092
33.071105546990992 -2.922044046026803
-14.697541160508360 27.148739479200497
23.186493439548155 -23.443729739882595
-0.402338941395814 5.654387919657148
11.396760787821224 2.095404366620354
-22.145594878535746 2.398728387842748
-25.458397401323985 -18.732330762631754
5.521112364639182 0.049430532102900
-1.043634806562098 -15.509614354770545
-18.408285281359674 47.368514782006812
54.880011784801610 3.774143524355806
31.115932705730433 8.997545978643878
8.297898413123832 7.849497799753696
-44.632651719981716 -6.105150726302337
-12.971147974603198 17.069550702459132
40.750760973769339 22.613063304904308
-9.353452305946545 -38.064925794296101
0.055598318889684 2.367139036744294
-30.953035850835739 -27.058909777833222
28.420833777636773 -8.909843212686821
-31.942687128897916 -27.311468647421226
25.346361568825579 31.409268011888987
27.400073441349836 -9.156595285512191
-4.254023212914535 -50.029709542615429
5.028953058277182 -3.112910321144215
-32.809811826057448 38.451470730318405
-45.939798955615053 -24.434267162229165
2.151955520785023 -6.148838691153583
16.413709013256707 8.758240882054981
21.663724615192912 25.270112081227861
-26.533956105508068 -38.618949036120320
-6.339521106688100 -42.137583711252312
-16.141956253791626 66.632192121818662
-22.825037304890234 17.009697511176071
-8.411391464857347 11.783936609720975
-39.968610203170833 13.773640587720209
-1.438944654629848 46.737240880927018
-26.714306862971387 -11.320840192511730
11.939313221999686 34.619182148417138
-50.053657165295363 -30.555334576248288
-36.367481116039876 -3.954054808129849
-21.341175356499114 -45.977160656805957
22.704764809951776 -32.780447570984954
-9.765012376644766 -8.848876019759473
-21.754362215493771 -16.955362035591282
-25.014862757890608 -12.562261861795454
-5.459808543403731 -1.706575068188611
-8.682910802926660 6.529846248527180
4.468756825924078 7.651748746630187
-26.469981931952571 9.284657576058278
18.825099443010156 -46.654376193863669
8.526718294515105 0.661487175909038
-37.190314529382569 13.020515520934877
34.434675420825847 8.196810267450426
-4.535700892849058 -22.896946552405190
-17.923875496898056 -27.715434383761309
-25.446477893315055 6.276205268089588
-5.131757135006544 5.601749923849208
14.287545562521760 13.011381813143926
43.147088540110673 -8.036772848631569
-13.984464300323319 -13.352748001712371
-20.804555724310536 38.408988665156954
-23.599974173057955 -42.858063119251206
-9.030369206574294 -40.408746870127359
-53.159204646323609 -6.730585634927834
-20.312817931082940 20.058100666237248
21.926294410524754 -38.882911029014053
-10.800772012002133 -39.923551998930144
-7.865393134872780 -8.050981388916057
22.601807296067502 10.533573586535523
35.044636589062293 77.923439931260035
7.947409295540324 4.309296826019977
32.957422133239312 -17.049149416438777
-29.880033454465593 16.552373997919574
-29.941884448685446 -31.090496003861944
51.250087389286541 8.136559437511110
5.123070677517156 20.386007024854635
-13.209650108924302 30.710059172477948
-37.931788413095482 -16.633568730616322
-36.159193515565519 -20.605585964672496
-12.531612041863589 15.325397453708772
-0.546527004762940 23.758139397354483
22.140009160917753 -38.221840125290747
-13.440637013583537 -9.920065756997912
-3.023930179593268 -44.172391546172342
17.917016085899142 -16.215276962605810
11.464988308373291 -1.146094114408867
26.469609606814583 -9.527752341086277
19.766307484739073 -24.829956956269296
18.947093961390220 1.406292060068925
-38.344822691477823 24.471298946407128
5.203026239528457 15.213593191262223
15.834059193175481 -3.352329452594306
11.935395277917115 -21.959567251889776
8.529618725097597 -0.050408015774999
-18.501528435740912 18.725682687599306
47.362465652641525 22.461399133339476
-7.867462385018251 -7.665111228317960
-30.677932142383007 -4.193620762895561
-18.158098811234620 28.242556663055193
15.724893790055642 -8.647647936018918
-25.188208858815472 23.601754473581845
-1.685800798393328 3.535344288436038
-47.922675729338330 -17.489576786153219
-17.482833273723649 -30.661661750294524
-46.493968328801024 10.601649646312522
-33.839723890359522 57.330488602771673
-28.438353311261380 -14.204459071186104
-46.432108588652326 -5.927936873208681
8.863290028574665 -43.570610934249359
7.430991621270591 -2.367427931480826
8.514417083059310 -27.548714229765721
-14.769689721393359 18.610344443925726
-14.106798739680274 36.510821406932244
23.289759754490468 0.627732597246755
1.032138885867348 27.519116344287546
-3.449915103993634 -5.114287017838238
57.621517199949530 3.226402471066991
-13.616143997870006 18.651087100873607
-42.958403816335974 -11.047288300552822
-12.850916146265185 51.318129563969102
23.667723328612329 5.828823054606827
33.864726436512846 -38.290757307798792
25.781356708610655 30.218002888549158
16.128189294693467 -13.344858216430284
24.228959302253557 -0.089017705610197
6.538334691002987 -2.591139029621990
17.352642585260632 0.080186993391979
8.316364883935686 -1.777900718688050
10.061076014803520 -39.069084232947603
-19.014300125172209 23.179007791695554
-20.092530457334679 -13.240531975229308
0.343577805778115 1.271201421652377
-17.789301248668405 3.294547839176106
17.366446014066685 -8.766774633180566
-12.258775274070542 26.849091948953383
7.501929287187010 -12.141815089887677
-13.352118348514336 18.509552500937581
-21.343706117421689 8.320700397504666
24.223080061137622 -10.563981506368750
-15.441774122696216 -9.660455501449745
47.674888940829760 2.449232542552225
4.698064286194964 -3.765650830040333
16.364548442648875 15.653120368449761
9.582438341610690 19.158069425019313
-1.004041265555892 -35.453875282868083
-12.401700335901527 3.494728360405726
14.740893468183799 -9.803017448876208
-44.860193178422385 23.664381120082943
13.610176180857801 13.397924270924772
23.988783388841220 -3.338604748788484
67.883355694983123 -17.001752291535141
-13.293011846685918 35.680909461527740
-13.380832631635791 -27.485413574253275
19.451342753886774 -46.838584825591084
52.343664246871931 36.054992842197059
31.944306418248903 25.544202301047392
-26.704092464974938 27.490602761194047
-31.408892636075439 -18.858661697122496
16.547106992325684 -2.175513443450737
-25.050107080505637 -32.024885569553781
20.921731070464546 4.777623916953866
22.956309155921971 9.165469135397853
-56.839932276672457 -18.084470302341089
-34.533678833388912 -9.654008630105800
-2.332430983597688 2.230158358254684
-24.310084666611509 18.049743034693648
-1.384991273473488 4.037567218213874
-22.140214680190720 20.501003014581091
17.917513380543422 -17.591643492713931
-19.833672696278651 -6.003140684155093
-38.047902078634834 -2.923137984802001
-38.907975909006694 -5.656922838824053
-51.403475913469975 -2.399575080155431
-23.754471491963468 12.711877643278848
7.010249697421767 -17.081069311222343
45.417727909882430 -29.219460171915880
4.901838563767180 26.278663570639257
-3.103161453724644 -17.991365259642119
-5.679588095581687 -5.671991566759500
-51.339782635434233 21.146237715129971
-16.313553132619621 12.894505263603724
45.508359609413709 -34.526464388101431
-70.982132802027422 -21.838822941659146
-32.781249360824539 -6.512900627642640
-26.711276059341621 28.986527812009637
29.113772391440182 -3.352597837466843
6.537231926626886 -19.891368453316929
-23.926971747371816 -22.250176251455155
-48.328528231821032 -40.843618288706118
-4.140646088163981 57.582606104624126
38.053704600799655 -18.375085639975584
25.863972973718127 -17.974286253585678
-11.454617539695530 -47.351946553733278
16.567209387133250 -29.137352811971258
-5.222628186472938 15.563190819374801
-18.695168125510996 4.109131455149239
7.519047871159980 -11.395009730269287
-30.093298326944957 11.838823063865576
-41.208817406827770 -21.219164017590902
-62.749198191205600 17.728242361388705
-14.583365535872160 -31.478108709583324
15.238544979429442 34.049552763437752
8.275792796403509 -20.989301399314346
3.380212758289870 -16.296219332165546
9.731492158353214 18.874127551731256
-40.372633566382852 1.539587772467078
-17.891584759360722 5.843015813525420
9.306064151295034 -1.862149322900213
-11.139668280134059 -42.855503602067621
18.238618795615235 -20.809561200446378
-12.043653484114666 -14.458165092559746
30.407126889517333 7.344268646804268
-0.226082654107888 -37.636183796651103
-3.642655612303450 -13.731919064967920
-2.026074517442389 -50.874399647851050
-26.055791567252669 19.556062246268485
-13.745105884280569 -33.024645267333817
18.446128947038911 -10.022743144005876
-7.267293474803205 26.994620025703849
36.103265175914515 -3.646886129711304
-22.956855107062360 -30.281323570997994
-4.793614418148210 0.012753220187432
31.912571770429679 -33.199195913711428
12.635974170538081 6.823044678194238
-20.223017806558001 -36.382309660507659
-50.299071068514003 -0.991009977489103
-3.119955901515128 -10.717198882152204
-39.381230981018504 -32.966679290888187
-2.174489844699878 11.085276804744511
8.363456454782179 -6.742202402581215
-33.734574381175136 14.368555876965109
7.314026527001786 10.607260616371891
-12.832969465898730 5.800094723975846
-27.295229627917593 13.030129569615807
2.354292693156237 12.572391628189701
-19.842903285852746 6.634247797263564
-15.639152122374290 -6.026894623571816
21.424108617145265 -53.438820783049287
2.830021563515654 -30.706149402774678
-48.628759426149884 -14.226003642356929
-22.855783213856487 -22.657407452741996
-15.878718258829444 44.725187235659867
-17.043227663074454 7.750486945568448
9.202314034619322 40.180238780319549
-21.634423438995089 25.170145831788020
10.422918319556249 -11.249490511667174
0.989854398437894 6.211578370166882
-17.695068153015363 1.239428802480839
-17.142512398454862 -0.784632663635508
44.512746432036472 -38.401690646256007
11.753166690759208 17.393612586006991
14.538742003919621 -44.542874057412149
6.068694703082293 26.530361632817819
29.019605895781893 -0.664873473139509
-19.222292469260960 -2.013425064794628
6.620145275131442 -20.795182964778604
-8.426922493891320 -8.085544919280753
21.209154540950241 20.634310186018073
-64.699037041769955 20.949890279969967
-28.403228101046604 -36.927259555468517
-13.155209787419002 17.282075849181929
-8.825506144333838 -32.929948884168638
31.846439769121144 25.171324872454175
-27.903930215841438 -0.492276124773953
5.641435223888653 23.376074541485224
13.643163922067787 50.943052669172893
29.999304405826557 33.275115896848483
30.352050622604956 -7.551897649064601
1.594066049425175 -11.532880188898337
-6.246415358023742 24.033019444539772
-21.529508510794148 -26.240181320658102
-14.738798307159181 5.317013816143924
-15.512424070582663 17.850045018544797
-30.700226901751314 -27.834374147056366
13.799789149344035 -31.613479281022229
-9.480596524787769 -2.625095198843427
32.486341231150277 -15.747746616737654
-8.407781945580469 33.066313218109514
-5.258031197436695 -33.142103130370053
-11.703587136256099 24.390621095972325
-1.143503525141347 2.995003649184222
12.995720608708220 -32.740855562670319
43.279116859221617 -10.740380552904048
18.501545958535591 33.853573898069932
-25.835920154238107 37.255129980283073
11.676435786245623 5.872470513992919
16.956456677063400 9.340729767110110
65.614790010342674 -16.559896155543541
-0.344822236998879 -15.103744325369416
12.576961619456808 -8.911984323974238
-6.941663036967991 4.931121195126901
5.730897468738347 25.754634900695553
10.600834593976842 31.111909161023704
-3.455022723711819 25.493277720853857
-13.125136151411960 -33.578117239128360
1.377910530284873 -46.358704510247954
-0.866781845493020 -25.565193513872138
20.249613862439670 -21.099601242974998
11.156648416724890 7.824960529028059
2.653090601637114 -0.872664202374027
-9.231081485385021 -13.753315505908681
-11.377590443150853 11.392700067937305
-8.149685819911285 4.224280716749273
-29.294858892792444 30.156119855197396
-2.993344483607665 15.429285682666503
-20.843221276145869 58.385515512695783
18.458378485902866 22.302190157827479
29.604394984595586 -14.884860554288052
96.955750031275301 32.868172061261816
-48.652593779334005 -18.746355656874162
-0.915540704551116 -21.770953399796586
-39.549823568988870 18.427147436587539
-17.343832478159161 12.580658157979762
2.882527612204584 19.510467347649818
-24.411502711603909 -17.867706652205325
-16.641687690222970 42.930736475257874
13.081919500851281 41.227338817729617
-38.730857706313905 -3.192300774986081
7.323166571698363 -5.205997742419711
37.732353306197339 -6.008841893809199
-35.762448224955556 -10.325255798267229
-6.037331507423664 -25.314066305727223
-13.734299957201726 -8.709904242854639
2.407896717965611 -7.184864680904028
-32.831359867785743 -9.469755934204089
2.949125795479819 3.065271113842373
-8.696309261077380 -3.385535279720858
3.211790491717406 -41.162018097974205
-3.535133410552348 18.555894450900130
-40.097738798320691 -11.332947296847907
6.128059754389700 11.226692721206836
-47.397575309811174 -21.773086954905029
-14.870884554764586 -2.223960923526946
6.843842460579141 -2.336763701090888
25.450640029120525 16.324279038237201
-27.399869204681394 -40.745430816719477
-0.510920495147936 7.689568301735264
11.326839008404360 3.764724758795064
41.640613695657009 -46.963124012274243
6.108419464669143 55.552689692117809
11.765819011240458 18.183210546457357
-14.679592548006630 7.552709619937135
-1.021064927538972 -57.622605081793374
-12.604313570338418 34.191625685242322
-11.989846475295078 -4.430118837793605
28.998341286054611 33.736615636616662
59.971299312897486 -21.132194168683039
-15.752751074779740 -8.775655792558837
5.744333422254898 21.320084273389664
-6.111325056602277 9.116926838746547
-12.541747722007978 -3.364375931459108
-24.369726698344135 -40.931184739899635
-20.986800693049641 -26.210656578793646
-1.084390013017644 -23.253852987498465
5.969095982237862 16.213952240319610
30.702864327944351 20.039803073837490
-0.872760903222145 -36.088690759884102
55.984896122095272 19.481625755409407
0.292977261645475 -8.369726604515959
4.237695988498162 11.279582822906638
-3.984680711176688 -22.009884446247202
-4.872583754926954 0.767027108492868
-30.772842901269172 -47.132828073662424
21.786473744799629 5.801953772512209
-1.767959540738561 -14.622278245617117
46.304349407117705 -1.411384978146123
-4.092589293955085 -26.324837074118655
6.126216011324696 5.010756687975532
0.212812583323051 16.194548055090547
-18.086443457830455 1.566877650891089
-35.908871187920916 -2.201363434535403
-50.531593489317899 30.754685410379778
-32.767764583798318 23.532287378244696
32.389921709721982 -6.444772215874162
-10.950760526515120 0.954345493986386
-15.126202845891498 -49.861067002681679
9.547782903839167 -19.206129584948421
-35.126514241069657 -18.215506796015159
-9.087151960210816 22.579190149146733
21.431207265857388 -13.101555313787889
-35.584803578280443 -8.682056127976910
-18.028102396554900 2.955637905046069
-3.389900603956000 -7.923707113791575
-29.750032364814935 32.780274906047957
-22.084300753307485 -12.189020759032221
22.897108298953771 15.098988480107133
25.269861486482810 -7.018923071657622
10.433484869383344 16.969608207948792
14.311388916041862 -8.149224868167929
13.469539574154423 -7.177132936408148
24.344320584369239 14.108547662844524
-4.875414967022427 -30.418735657067558
11.108873761381719 -18.625716601997972
-4.595234265891381 -2.356863969379703
-9.626494296156267 30.658808644408285
19.011314724336735 -31.676197101546304
-14.007268179686941 47.068221309220363
-3.829985871929697 25.520508558397076
26.767492194906204 7.783000988843937
0.342968238442056 59.482424272387533
-3.529498611042047 25.495017525511422
15.489492229316337 4.589141340063911
-21.317890742513768 30.121093201287799
11.622576038381141 -3.595457779802568
-38.327825641440150 24.644744362245472
-15.180079494025023 4.333381311717734
11.674918135223853 23.894275683165748
22.559188744463370 1.906797430078033
13.796641028011647 26.692999666415449
51.517435118626025 1.831370925236296
-5.369560674714237 -10.488264268052056
-13.835699716218501 -27.817991224839627
-17.856557449667509 -62.612945435055963
-35.484304919456747 0.042094106634969
-30.353426218575297 65.236464105339294
33.243387127408788 0.882111609059231
5.682256043325706 2.564858789170539
6.970059871266519 -7.325684376764161
16.421560332146480 0.257180886460785
-4.831775616131303 18.792226640336615
-1.721713919767703 -23.239658239927106
3.664952032535572 4.826023464034683
6.411149720601956 21.606148771171068
-7.937548026226833 11.961424422061372
43.476274922371772 -0.357814735787147
32.241849699807752 39.446635441349720
-14.775690107974963 -24.032185170760851
-9.106294105330923 -6.348169155842580
-3.504957644571568 23.902432317457755
18.029831196703043 -18.448067039971669
-24.202240394982159 -50.951498789154712
7.009296718945034 38.172571566311497
-0.888823713295064 -5.832384765429933
4.042021460061061 23.086247614165085
-15.364050083323711 -17.998266833478613
36.067711414164513 31.282855060144378
2.063924921325058 -32.597365565214353
-12.280167457200550 11.633770346980310
5.624291892762389 -2.378851812350737
37.444309568705755 2.457844857339190
4.442947282900671 -3.266920923622002
-34.818686500325867 22.350544348383920
-13.710720803313460 14.733737175782601
-23.861700792090279 -11.596373644649821
24.119524123836083 12.865360728647337
11.053270235003188 -20.278103233974662
-28.911795672556377 2.556536958484668
-20.825906901830731 -12.404113025832958
-56.927483752404029 36.765174166100735
2.190899770449332 -21.043945175372230
0.372275225899288 -25.561621627579544
-10.637837083282745 -30.000936891054831
-3.817786562626315 39.314472046474144
-21.330701976297654 -6.587021676064208
2.244978244138660 -26.810975177680362
14.325857661943186 -2.269977438331966
-10.257903319432872 23.488696663103802
-17.152432285643602 3.504385890979397
7.917963703775410 26.103346206429219
-22.503473359353197 -12.247968289572121
18.858667505997261 -3.613458417300498
9.122293517834789 17.274455947292175
-42.282358795329493 9.818119373421235
-26.237753356207460 26.407111809354827
44.655436069728268 -17.385728126058414
-38.842721014475870 -29.555275699096534
16.303039026326665 1.076046044019800
-51.488345405700443 4.773780604214777
-4.354804536542131 -10.690135449528867
27.666288457081663 -72.692119579991953
25.281299860422756 13.572010795462106
-40.419761639538038 -14.540474721599526
21.733505383472121 6.376814009517918
-3.691787060375641 -9.713805431755279
34.856640832581782 -25.235433930576253
-45.430650552383341 51.526116204011977
5.025972664161862 2.235553883208215
-81.932023364556514 -22.097209472741110
29.012522300033247 -14.801699287028407
40.842418234119805 -17.913646982714202
3.611297594086852 41.262450669867434
-24.403645830356240 26.928031556393169
-26.367889909353224 -9.259739395403384
-5.995616686311796 18.897231077230099
10.225992650160297 1.261638406318677
58.223403148292491 20.952127869815495
-36.345252198724104 -10.130565074274825
22.573900763707631 0.344404540262603
-11.249128916048591 17.467061726241170
26.555676519229795 -5.747446140332867
-10.437170912428931 37.660538475118621
26.166543626060523 -17.248364794665044
29.801855961717315 -4.229034593266924
-30.420421471661658 -6.005056729892578
6.840026808549082 -17.494089348418587
40.910036693096615 6.626902053903367
-7.068135210242019 -8.955462719750528
-30.809184411010300 -14.049067097243807
2.245287070525761 -64.546103196526786
-20.640142736585521 -47.553535861799318
3.940752601426876 -12.698147233489667
15.917475283590241 -28.653292115307789
39.557352154515250 15.298611090274099
1.591664862663330 2.924847439342833
-11.446911589096542 3.958899580725903
-25.634837978688211 -34.835216889999835
53.561797881708635 -10.302751109220882
1.092119084436271 9.161496463069970
-65.995085256675679 30.037320620470503
-3.498722837483685 -8.571545748679341
28.442069440352810 -24.205687810294794
7.974215598658753 -18.669150861121036
1.905146304480253 -48.848202457630556
-15.169852477854539 -3.707865817258310
-26.650606690315449 37.336730136204217
-13.351453760346839 17.001009846646763
9.852699100101216 5.200252015769737
22.169778676662432 26.223795181636422
-19.793435165203274 20.426617665705610
-37.967712213328355 -20.602118978885475
-19.227378730726443 -23.493489987088402
-36.129511861182188 16.536056439341134
38.711824985435477 45.676332893727427
-51.871337366671447 -36.917838025776739
9.384197328088009 -21.877102588987444
-4.112507565937912 -15.565221505890889
33.728076567230310 -2.508590077030000
3.779772357633792 -30.611768748971802
-21.372906781214020 -30.651770806128479
-42.675600206295087 -28.091452145199675
-4.188187591402377 -5.332653136909282
21.647793748780295 13.434396536521511
4.635186498529976 -20.819010788753864
15.131238100111709 -88.748496152412969
43.870232163270401 -22.449606631569576
-18.760109034644394 3.533128354701780
-2.514503357149083 17.342815897517870
-3.800246585509164 18.374235821878834
-20.995404936719652 -28.561770292880325
-36.171199296854816 -10.229098828064801
4.454854317856857 -15.495944461330456
-63.355021075075868 2.873625006869120
-13.100238462829369 -36.115259903623993
56.773069172916678 6.709123441386775
-6.432157217618008 18.352456271422486
12.106762950575570 14.419793706772584
-15.909191901180337 14.459858631876479
5.215104251568223 13.962390910318904
28.175877023071838 2.310537297702481
-5.319063193444296 0.247825699372315
18.725567666155243 8.900863154409715
2.858717979721554 72.434104179150381
-34.413752853701951 14.622414124773906
-14.335653677912266 28.482462584165084
30.340110521336641 58.894911534785962
-9.767833381101608 -21.567496382623883
-17.654405448922223 -6.563010780901741
28.829569474884270 -11.819238163015102
27.513449494378456 11.894332963369243
27.470473163558680 22.556457077269489
6.527704010516110 -40.922549315771583
-13.801813436631825 32.549646575589556
-6.530790410866494 16.364502228469629
-19.724946938881910 -12.119658896779722
15.732194260665999 47.972347351707725
11.448742401671010 18.531455742149465
-0.757830847550801 -18.623744080169345
-45.377191355333878 35.872321517820907
-28.490843137400720 -3.313350693442001
-36.084791593707962 34.371927074233326
15.503700650380482 31.063048233967550
15.083151208196012 -21.039510826519273
-6.904028722609365 29.348233022038194
-6.687302684702656 8.700726476032660
-5.309757803770276 27.027135253937001
1.071104656998873 21.276964695016627
-7.357731919332086 0.510399140373578
-25.938441812478061 10.851046247115255
-20.216239235958621 -7.148607559807090
-49.246580537012456 1.583499329743247
-5.028773759626456 -18.137889078890112
-55.051855179552994 -3.550652170104470
-27.904170430165600 -31.006450439470225
21.123750049082567 27.307573458270316
-31.046771975272822 -4.438579649428095
-32.446631643622780 11.061976594638944
-23.769460947834460 47.799746499697484
-2.592657530441730 8.935545172589842
20.689197149411221 23.485383055998245
30.456094789586512 -0.674860424303897
29.171373441216907 17.797395056318450
36.165046610837571 9.626890739830239
-18.451363287403332 -29.781629647960692
7.390185493170312 -0.163711899340889
19.141502133489478 -1.942053634322078
-3.143585916401654 -30.293315256021987
-23.835786205733701 22.593514884190178
-4.876369247296632 -60.828153517142134
22.495822608775299 0.423938715386821
2.465129649779747 28.789362729745921
-14.472565293330451 19.811477142603628
11.986941228886645 9.931994110652392
15.357216721233375 -15.313474954187635
-8.779786979685834 -16.620060269468311
4.612995760002305 -48.175013822569568
21.218873970966019 8.371176861592451
-8.996610509139103 26.115038262120347
-42.681358330400485 2.972932546869051
-20.818703039660335 12.005233404386676
-8.415301817891589 -6.720510608560752
7.183683634504798 21.665783067190787
-9.008754209254667 8.564470432079899
-22.981648871949506 -26.703081235236642
-14.732115829004961 34.804431438353539
-6.222061429438957 -35.957215199979011
24.942510802767007 14.116775223898809
5.323523689859668 8.933465691585923
-38.719445526539687 -9.495259657515986
-39.716695432498042 -48.161968477032239
-21.560467501183432 4.157061572089215
19.560562828251474 -32.132974214508792
-56.682577282569966 -22.455094677546171
-28.554786484970631 -14.974352095265040
27.770105971122881 -49.825267541116737
14.775040459978600 32.710200652673713
-35.832612825638336 -22.522823492691511
-15.172241452772123 -20.756216946251509
31.472627567414552 -18.308347349224441
12.868685914069752 -1.000717544999381
19.735635576190173 4.016340710048299
-31.851531181331683 -16.836730160842961
-1.766935792401579 4.197524028154052
-21.468743190218941 -5.558158784841755
-55.598134724035468 9.457658789870823
-25.378672174419759 16.960934014870205
5.770351273620371 -12.737711846466254
-42.879134267722350 38.136124577414407
35.801548898959865 26.720340236754101
23.953475917173314 35.568842898332498
13.244254778205001 23.532740917179972
-15.705854235311138 11.998297956743421
28.366345555221862 -24.131089611936375
-42.694209339331429 -2.970324478082579
27.210453536710631 -29.462465947168862
27.438407933274455 12.576866970512507
-14.449179283574782 6.327416062350067
-1.812072911923349 20.376128938430149
-9.850616230456582 -0.608679111379659
1.234989772009255 -16.354484391129425
4.466066812900304 -27.239113501286653
-4.874092479435348 -28.978928476304741
15.048851807417130 47.023098328519644
-40.240757402324036 34.043405041747988
-37.308572736487555 -17.245976375329253
-5.994022469583610 -20.218888365321490
-6.245289192503409 21.940276576961111
-11.694124537717080 -27.789843766479041
13.166048738866499 -48.094071589825717
24.450560501759359 -19.297306724345908
9.011204414035438 -8.611796196896741
10.752582918509296 -27.190453576099305
-14.312195629172098 -25.889092348193770
-5.929355616060324 27.990207120510480
9.829881780728613 -13.304190931598384
-3.750593446730464 -19.708664089554080
8.124041903809090 57.186870535249383
14.101427897532924 -11.945789502618892
-9.634576980259208 -21.567500657276430
-5.110626393255139 4.284942498089282
-6.487938998740016 27.587362194072423
-16.577696744551726 13.377325256311529
8.571288974596284 -13.177326743744388
52.115251834672904 -9.850673735660941
-19.416553403762546 39.699809175368948
30.456947065234601 -19.949063617763255
-13.455154112990067 35.541061869697991
25.473237934347932 -16.613646633716776
-0.544526721078013 27.083701342401213
-13.538403154656779 -3.673050073003503
6.229798271957957 -23.297231757904687
-26.137669017580222 3.109779234336437
11.038731252322227 19.618943452959424
42.265872346858366 -4.179492365471213
5.147304555297002 -43.061959972708316
69.548360553046521 1.882210234993830
-10.227096216768349 -60.876047497373762
-35.680808028661751 -45.662976076371983
7.915553468536696 8.836504468640006
15.739292550253356 67.481742954879067
-3.793266670583969 35.758238285467129
-65.197955903222123 -45.346912410285896
16.805779168550480 13.555446058688457
-24.524284597852475 8.168963677212446
-31.500778548666251 30.266122891545308
5.035560338865601 2.747218069002109
-16.321633468244688 8.729037840805885
4.519091761673496 2.654008734293409
-18.833784672467388 -25.450333656590693
-10.833469525466457 -16.428793585339232
-29.714781618813493 14.714310062002571
8.861898008916890 29.519050997925810
-4.996553718600775 1.623849169464940
-26.677971749350611 -40.929972170386435
17.729076354026954 26.106037946137771
-1.525393228976757 12.473965844092270
50.230677494147869 -48.054694600059527
67.161019076694942 -18.724187765380297
-2.729403926613372 -5.276115713561380
46.016530422337730 23.062182980664510
-23.076980160393902 -43.265760467663753
9.131413588424243 -6.565664875305258
-29.742650521853161 4.934955239840985
34.671834732983243 6.124470268211236
13.328984141328789 -3.499153042202832
14.034692173359987 -35.158082943434209
24.517460519005095 10.637781568538662
-35.443804273127938 18.324092586955476
5.043840317970033 -11.374173013705800
-20.973448515794367 6.045444036748512
-17.422485138056999 -0.238631280353540
6.206696217921946 -14.759213847755863
-12.878724608747484 70.337416779723284
-24.998212942994410 -4.727517963000702
-0.500494549831857 9.115546072217297
29.241414040844415 27.017171286422343
-8.047378697256475 -18.206115589777305
23.483802177013278 31.083372335032397
-31.216406400666052 39.060203190242440
-18.016726430721643 -46.023498504844554
3.920773919402943 -27.391264493001710
-37.930315193728561 -22.688903412761917
6.194712419601455 -2.875527407350253
60.944577568851329 16.463185888102956
-19.076598605051799 8.312773122003545
-11.632298842042148 -24.589741782243085
36.425640237536733 18.426602741800018
66.207396612311058 -32.268751494323226
-30.815481488516451 17.613212869107176
7.368472215683566 21.344626246755901
-2.598544917882654 10.098937357698560
-12.540993833757362 -33.055314971823350
10.422291357219107 3.099084135694085
-34.358281586582422 -35.814549691551967
23.082200509673331 -22.216901881808386
-22.137714623276160 -13.205064654092446
48.755713860144837 -42.824489028422875
-5.898816883874003 26.530508890318668
25.070067219131520 -2.799874572011078
10.234811113997639 15.871166485679330
-15.647048534438943 -33.467448782978003
34.612021833437943 -36.433603364705924
-12.835402574701773 22.987172539384058
-19.416145929441999 -23.461903214149427
-41.592588072075522 13.884735045076678
15.211008972123057 -5.802947920125048
-17.083591114634896 -14.236321848044698
-9.188266377048961 11.303558070540406
8.933500891797340 24.572446208869703
23.044731890338689 24.757466869408333
-16.406568865710703 -20.395267143501343
22.147395003146428 44.791251955540076
-36.029492398917931 8.084032739845993
-18.067521682502161 -45.159239387283023
40.186811628952753 -26.882208204392743
-75.601638739995664 5.871666617861583
24.278146188084119 -1.505935051846008
-4.134306617508392 -61.962033942192065
-58.258626219181458 22.670343930788093
-11.984060566791058 -27.979170516913612
26.565083421368282 47.357940224982137
12.034845685394908 17.690011640215715
8.516292800020423 -34.256040640990321
-0.126099391474328 15.616907763057348
-20.631317473571308 22.996416558479901
-27.931156149399516 20.698780838891857
-24.852977952617969 24.861448813308087
-19.660969164301029 11.177935979770849
22.213529215696127 -12.593223722570603
42.890596819374302 4.773995284002275
15.386394477937097 6.206191994900363
-38.006869866937009 21.080817448930070
-11.031428398241932 -22.519510149867024
-3.510331079933460 -15.798904184487675
-0.861267797579125 -3.783584669195715
-4.135419964280972 -6.038865438804995
-6.980267992198156 10.001277000993969
43.788541384066498 -61.801061485425990
14.842877744344600 22.370167135437768
11.806253051887337 22.328805064860326
-0.277354265629182 55.426222311150354
20.938965726312585 20.880933894128248
-17.062799778243537 21.344106616700245
-34.429119557583817 -6.807036694346624
14.713300531073052 -7.817384916444000
6.141597796330615 -7.435105487445346
-0.798352354654677 -44.454228169802967
-10.379465466224151 -23.137827054815158
30.089518501465808 -0.233126357759459
42.082949595335919 -16.880923575371060
31.392507373596136 30.224252651248790
15.392233809478654 -9.084377206013784
-41.370408517808059 -41.131628244436563
19.256996208459110 14.804748515286610
36.399673410932323 -32.607758052558033
-36.640582705823135 -9.967942960062262
9.185773995305299 -52.574850619963193
18.681386074612249 -2.522496217909708
-9.216958329262962 5.409240315900568
-16.900027456370044 6.090779935062051
-25.164614878327942 -4.211304985080654
15.053661522128614 36.327080751874163
-4.711361450870069 17.969735300402760
-22.335287983528772 -23.797383577970930
-1.425686236318701 -11.889075067848813
45.002730973879750 -2.709491212779134
20.009942497520370 1.508126031694003
15.371884808208355 45.796441843967330
-11.155593323747416 8.966656376963934
-41.722304476155266 -10.892932447727008
-11.129489948892777 -41.866435060603820
-1.884426114684747 -17.905785813314811
-35.818062741269337 -29.327133705184330
-7.836502202980683 -52.661053673342764
-20.993094607988432 -28.069350193697804
14.095241626703640 -26.980903557477433
-6.967905892423341 -37.540634056344423
40.565104393605594 -22.637274033613458
4.335752273234427 34.849351400666954
2.281632442337932 -4.550852809586035
10.685919623976263 15.605939573659274
-19.496696227942564 6.756918921458295
-46.606657863423884 46.430721643780906
46.831153299502830 0.426516550220606
-3.027195290229503 16.771358853172494
-55.566717043621715 -30.372727501174584
-29.726679321902459 -29.002244892441098
35.748140453566258 -38.790141439082113
-0.810441028061190 -18.502753995482326
-37.346393024718402 56.547204236761416
-43.623868374898109 -69.754763679999840
1.461176382969104 -29.014380528906944
-30.078198650003475 34.701924970059054
23.913903075909978 12.786382717452240
13.284435528945302 22.869707780168060
-17.285582767295459 5.024992625009084
-44.084364824477078 34.936649510905298
32.601133487989600 27.785076315167792
7.138509183328501 -12.259386737466890
-26.210109602941511 10.092257978564433
45.424232974011730 -13.353062483635863
-6.678526767077563 -7.084705370981086
71.056136871882714 -35.410451261477405
7.447118010896101 11.560698885773981
-16.851102129495779 -15.191889440295212
-12.297091021667704 29.323447882590973
10.180981077795806 -32.432954236615949
27.642700953585763 9.782294521728970
5.206319794082035 -38.365269434442787
-6.992574339357901 38.030912049731334
9.337338729105358 -0.624470729030148
-28.711147857726242 13.695094893279222
26.716256408328590 29.702717008902454
-31.668997348066199 -36.303380575763896
30.456939722272857 -29.840829318320260
5.145245381747474 32.729790526658952
-3.224496182655744 -11.265658605996567
-1.490862715216966 21.788876642440474
6.792479087765125 76.498177255471035
-22.517068395331307 37.397431564566411
-21.161579243639892 -8.675213351098259
24.123027614087427 7.945941887212444
23.908094256215449 16.254149140063760
-11.025803176639409 27.423611067998436
-15.263221845961761 -28.616541756155954
67.025641268288354 -17.589248933986685
23.583415213970234 24.193451144960825
9.982431200247239 -9.530173280931509
25.199351061463990 -38.884772261626551
42.288258736604668 16.092397105979448
16.258326610081696 -16.814769800657697
6.167438438534585 -22.687682712693288
18.490326917376155 5.505292331982711
6.979274290012653 30.313218311247834
-24.398655991220174 18.959891905836546
-23.633924332807158 7.015192881192087
3.176942819458066 -34.485383219834752
-70.155970979339571 21.955490893614662
-26.479256513913796 -12.368683003610840
-1.531737745944585 49.919119640132521
-3.367111045125248 41.622741795570924
6.254504063840886 10.368193663155465
26.867480625030684 1.865825147299845
-25.296876429659541 -40.183126823537776
-68.227821186342467 4.996850300599212
14.924709128570425 -40.019431868374681
-11.158696167499999 -29.117142631862478
7.167528899909994 -13.757603009931632
-2.971756139330942 12.602649407887371
27.665167915356729 -12.894034595173958
27.492067417212780 -24.447516338885318
-7.160880578873881 -16.256681699432495
-27.034821751656448 -31.522624767584816
-15.279246047322554 -21.698517903884859
-0.794318299582756 3.284259748545171
-23.588094009376736 -17.919583233532620
-5.218706482827750 15.023161764324476
70.937620033687310 -0.508756000466816
-7.458272925351133 -19.174238682801413
10.676887708446230 45.878931692271159
-19.786226651004711 -10.048716388472075
36.810539802541037 0.660594035441483
9.109138054337029 11.458187695085780
-6.183278793233097 -31.889086019664283
0.192214350775131 17.107683240845287
34.475849803297265 -23.541490623914395
8.115958712849611 -1.650486989463588
-62.196867344227620 -37.244647110887655
21.693095183927447 18.038978490730546
-25.378977710369593 -3.321560931103209
1.150425990035458 40.850272615913944
-51.478490423750550 9.754626292825254
8.335918142789012 -20.569483657029611
-42.539920264332046 -25.483381360121921
-10.879955636209859 -19.434508500778076
26.952686493458913 -25.302981297464079
-38.308715141056204 -16.892087382610509
-15.878456153780970 11.878193220452397
19.155194700834386 6.660039164026474
24.014148666081550 29.474416295773935
-37.103333631938710 -2.330665065459388
35.549047250497878 7.039250368761754
80.383189254633933 15.750424585774805
-42.161451217143210 30.356517767227711
19.868694641735807 24.163190490992001
-19.794289770111781 11.969422828402497
-17.996876039177629 -1.662363299366111
15.816750707181001 0.830273649564780
8.484001244689496 -19.281917291005126
-52.543220787269291 7.520408488616454
29.661570013457894 -36.983385162659125
1.774672088500175 10.630564470683236
-3.528177571282449 14.952602677394180
36.241828670102677 -8.519015337245159
21.211704743887143 -37.687355176233744
-25.980612232673504 -42.009902177557727
