0.000000000000000 0.000000000000000
0.000000000000000 0.000000000000000
-58.093386506289377 0.000000000000000
47.080605955227853 0.000000000000000
-8.171057509096842 0.000000000000000
41.373839051027623 0.000000000000000
7.280968486137912 0.000000000000000
70.638669984885951 0.000000000000000
11.031625281585740 0.000000000000000
5.137004017033973 0.000000000000000
-25.043363188133124 0.000000000000000
-4.124547956373997 0.000000000000000
-78.926313955854980 0.000000000000000
16.303390968830652 0.000000000000000
-62.433644998301446 0.000000000000000
-1.015855020933686 0.000000000000000
13.638679560093792 0.000000000000000
-26.229532480530548 0.000000000000000
31.146532778340838 0.000000000000000
-11.697220921661549 0.000000000000000
-40.266151533810365 0.000000000000000
4.384973068732939 0.000000000000000
-39.335339889160920 0.000000000000000
26.087032725606704 0.000000000000000
9.357062436857397 0.000000000000000
-14.847116582632578 0.000000000000000
-11.734275692071371 0.000000000000000
-19.778513225345815 0.000000000000000
-20.179629640445587 0.000000000000000
-29.054611034864745 0.000000000000000
24.256636342264425 0.000000000000000
10.809550431229786 0.000000000000000
-10.337907451943915 0.000000000000000
56.464382506640035 0.000000000000000
-50.593420932299331 0.000000000000000
-8.253606191172508 0.000000000000000
-1.670488603135910 0.000000000000000
34.523510344114165 0.000000000000000
22.917832714972761 0.000000000000000
-1.042705413626951 0.000000000000000
-41.801127186323804 0.000000000000000
-1.418568555150789 0.000000000000000
-45.142611496219502 0.000000000000000
-52.720972658538031 0.000000000000000
60.004211421046037 0.000000000000000
87.255235430984442 0.000000000000000
64.153951446993062 0.000000000000000
44.272232555602812 0.000000000000000
25.191873458065952 0.000000000000000
-65.808824442475597 0.000000000000000
-25.656093081271571 0.000000000000000
0.000000000000000 0.000000000000000
18.875924793813684 9.378632851451661
-6.783414763712369 7.049123274158243
-22.822078772541111 -15.093734052177959
20.374329395131937 17.389926514682873
-25.661486108099382 -10.897213212061173
0.520254925991722 27.313446441661259
-11.446461814935056 -10.977285839629221
-24.749794494984737 13.360828906162981
-9.675445174968569 -6.846519902568609
21.344082070564852 -33.485287182581800
26.689444375243124 -50.777277280203968
10.267173142600672 0.911296386281816
7.411931921799333 18.125710533103568
-4.579085791811122 -20.038745629247440
16.969412485261714 -10.960226144629610
24.817841186686053 -5.017169536312417
-1.230409455810436 10.824539367435991
38.169300108956989 -20.666070642985655
-11.030471433033028 29.230077302142334
4.289084513830520 -8.030813268434922
25.262017562002516 -9.073504926642554
-0.777806305922421 6.113164500826991
32.068592452788160 6.366921606766105
31.004208970992163 44.548265307596452
3.047354401340037 -2.016134741636247
-49.943114434759849 -52.425948719366161
13.032129543990258 -5.661742858511860
14.837918337834106 -21.105139801446157
34.193875144289571 21.559353255951663
52.442792204575397 11.051468387730475
17.504487106558287 -20.267332489634700
-30.243127326702538 23.642152926691594
5.985535592697509 -9.148293200582534
-6.986719802916395 -42.698067140835960
-24.084889312601156 -22.672172726617863
-4.763919874441746 -52.346957134439549
2.944607414558844 0.180131633861647
33.964793857008281 -30.472792469164219
-40.588209914371191 -7.152070278955544
3.878638613430041 -6.775679596133002
15.695125126586262 -53.498873518972005
-3.144218408958580 41.144807103899744
0.214556161027029 32.834971451679266
-53.375967908939529 19.025934602518291
-14.596881301552147 31.880660046927154
-6.244330515019959 -11.789487308440286
29.487816270395420 -34.690869361191908
13.659778158340744 -26.684364547764197
27.183786170792171 25.412129446117117
-5.460374519107025 23.541440113904216
6.419969640404425 -34.202640401693799
13.152903610841276 -21.254264799294475
-6.031194307807548 -7.107089381929517
-32.698310393248931 24.639837387609401
5.170792052318567 -8.623988137967981
12.932707693774368 -7.344425969735140
-18.554464480073886 -28.527850309237088
41.830726799748611 27.851042495522986
-3.036779140009334 31.141021089141709
-6.680480057301793 0.016607723468613
36.441586514995308 63.589580938332261
7.082641449011414 2.287767177131218
-3.802979537918925 -17.738027412848659
-12.730665551744142 -3.209418288032306
-13.439843463652602 8.589251515712432
-18.978273452946482 -1.210541183112508
22.739442789410926 -8.867187050186891
-1.898372518389206 -0.563718503273650
64.812808372886721 -8.685417326433827
-58.724214536691548 -11.759024954227545
-12.028693301757750 20.294564373479382
5.854290534495863 16.742512727137036
25.671642666590586 12.909017793919499
-3.800011308073552 33.990657186575675
-20.953291758873434 8.106594330330251
2.768536944284290 -22.852118635318966
-10.796463176615976 -28.963207544208881
14.759055066055762 -13.000651308750124
48.169450538112741 9.590014218685454
-28.433346176134428 0.265571242197276
-35.652051249883208 -16.868026071302143
-4.952142779721957 -15.761009704303937
38.838787932595466 8.291255983127963
-16.496519903295439 -26.646685191339703
7.048636129859918 0.214574620394675
-26.068620368146551 -14.889035725674017
-51.148833128838064 -0.625517470306750
6.777707790577695 5.707146806493191
13.549640814899796 -7.068596089719011
10.981417951402287 20.152825823495746
19.315393840906598 -11.285993887515637
-53.949528714676092 -30.916362066022156
-33.283221566209320 -17.732446426173482
-9.193652369754750 -0.821783241811633
5.850129703895877 -24.371659018222200
-15.156484594631941 -29.966345797757405
1.347772197638421 14.160142755255796
-12.831651191843122 -28.976886391437905
-41.940776179408758 -13.843568764549515
-16.405919591982681 -2.742557706573188
-10.955951203735035 17.953220315193683
-13.988779609776136 37.398090360825108
46.854829019052893 -23.985044699272393
-4.591973050122400 6.779375687033213
-19.667315639700806 39.329295306500185
-25.228612512076996 2.269834754657689
-35.663082800031283 -4.266246903542088
-13.112838017929549 7.494307441517655
8.214600356403047 -22.219846193188097
-6.111571002086700 -22.291074506204122
1.065636784686432 24.521794797082762
8.510699319163537 19.969391214376259
4.664329135282420 -17.800543217888791
-25.619541363568910 -25.450070673514173
20.816822749847212 -73.491098102388534
7.070743825975276 -2.434857468290053
17.058685275324546 16.190300975460165
-7.654336570145184 -61.957126093381234
24.580796874281635 -6.505740990870396
-27.786344532337729 16.512289859362948
-74.756528700478142 -6.111687181157227
-16.156100110779789 -19.167169226322795
-20.929080669720598 -19.110138806976096
30.959255833509253 17.945054376745048
-27.909052122676428 23.220245175147326
-21.769040534350292 1.720906296065278
9.030407962367624 8.174425778565668
-30.240287631081102 -23.279069324899950
-14.449058479210189 -13.504477202510904
12.074668883949437 7.768820893029635
-23.300062495377972 55.593400736940978
21.152660110531148 -9.019566894357171
20.030079621876137 18.818970120252871
12.579758661453599 7.228356621027899
-47.255595254085982 24.336752093214216
11.005636339874869 14.303868352682152
-23.710408598118139 -41.692101370843467
7.141902543008357 -28.832847586934538
9.692128814186976 -0.771784056777071
46.442485245934648 1.989472496342689
-30.709528322657661 -2.251075274921196
17.448872444195803 -1.778557134298126
-67.563910530941754 3.250585710169148
-33.605641755854364 22.782124123091361
29.581263112884216 -16.174583389496750
26.020219835053442 12.324703239162700
-26.933156639298417 4.194852411562386
32.126376162743568 5.203994247422646
-10.980326076213906 18.989953306885880
-14.946468314369067 12.110892995844070
-4.428399587539618 -20.833075948469691
-0.330324884492522 -9.788523447265675
6.819715505196139 5.904045831014022
-11.758188872796786 45.803479019512622
1.527250609206556 -5.719644012766501
24.258034174560450 11.440593767768119
-37.760020902509474 15.808599934803743
-13.179525459621660 6.146256398796124
3.922762717091403 2.111424841893210
27.536189909784973 3.069348333242402
-42.494449787852986 -19.576563149186970
36.560886658551290 -23.726451972841822
-22.585189547271838 -9.367678282417616
-23.628173534407264 -0.641815733707081
-0.204800709031732 6.643198976904125
-22.026582377350234 2.971127374500948
-7.910806738019610 9.656535958300966
-8.636783995390045 10.408735338686824
38.399074809556062 -8.121635200639714
2.143849167530075 25.520053197792102
-30.076432338682583 0.619495520674860
-22.677398231523195 -10.425912654256194
-34.580845738702273 -20.736474096144573
-31.397902391526433 -9.006931476973961
15.575182041646940 7.220514811579454
23.029357208665779 -19.427224542341069
42.863145712976412 43.355603594868334
1.134279009838611 37.716942690060023
4.424320113197261 -36.982538083531686
-13.435302602180236 20.527832761021749
19.636307009441616 5.035627797945232
15.354777622269571 -0.618767001191789
47.326150059049318 26.777873678038418
22.979234058533155 14.720015038369038
18.038716906836328 -28.194608510183368
9.056430176057221 -17.255961910076817
-20.067956478521594 -50.015234091577497
8.849468078745895 37.931812528019684
43.162516402498326 46.759545693371585
27.817595156238653 9.641999028543331
-40.685378469936509 -43.634609252036718
-8.528126491550099 2.477594578627996
-0.443071966535633 14.252697498129811
11.194271769086066 9.679482239616014
2.983708303782494 5.624319940854308
6.371677894782743 23.354383251097776
-27.963761301196215 17.552959631624187
-27.146021607361860 7.322050133385803
-20.852386657881624 20.973472461179679
11.342639452608770 -17.791702948407600
-4.014628002353009 15.087380234623529
-29.062496291361978 -10.931826614050234
-9.066121787103741 6.482087125777955
22.255582221645504 8.451884286499183
18.466376978072663 2.221415149932281
25.069902790100468 -21.174521966190884
3.924155895224263 2.852105955368943
19.910800401040088 -24.981848587611591
-19.327274597122191 -10.348053479378219
14.551875035776817 -35.224364512163348
-16.871897828891761 -14.535223712668737
-43.867288098346478 -34.730588852479436
-14.083504286280650 20.965146414703778
18.026585095584256 42.902274935735505
-4.372436484621153 -21.509698305945534
0.228137895136685 -2.365928758914637
5.468673477099581 13.493488005413832
15.754220488694072 5.830699267732740
18.929314008772856 14.268438474669145
14.161636611168255 -30.051591009202632
0.631614748075518 30.457437932972294
27.160189893148232 -8.568209603153186
-5.855625004590160 15.350024952863491
-9.906246131966896 -23.690115184967862
-0.687636382439635 -33.954907016980229
3.067283812400917 11.742437637454607
2.653122825514813 1.457102109680854
4.390562283799832 -9.996534678996952
5.751381256078019 5.109753113688424
-11.163117375557791 -25.917894671671114
11.875630716089780 -25.809961559161891
4.633650098353688 0.641530608993488
6.876687075129397 28.923421309594030
20.255871114955085 29.636061835119161
20.564843449155205 -17.877941199083573
-35.846834486418153 -1.727221944889886
0.999971537904239 -2.363380562462463
21.725033993372900 40.433709201973038
12.417653989502369 4.441506950555982
-5.198690588605291 4.395188542106499
10.504907782894831 -6.294710800114612
15.752199853938652 -11.768992667964348
10.497272076695458 3.170968012824837
42.713278408845419 24.527852994437726
18.374290248118502 9.151316133383180
14.074099557382045 28.368062338975118
-11.450258304425901 13.067895477171481
39.289411731055736 -0.472963624511681
18.182079474664960 28.656917879096095
4.858764783968252 1.540375347354980
-10.104019390474280 -14.679697847327253
7.608836800027275 9.040985614431506
-21.091669976812735 -4.812497620608957
-9.127406892584260 -11.645635575846368
33.004977109878830 0.907290854395716
-3.748365189453077 18.049674178504333
13.312872385951103 -8.103342906853298
13.390847629046563 0.892340125269577
23.999003171826729 -8.580852858766999
-1.787782726620245 -0.671415443782358
17.425630237656314 -14.770486298457730
-60.349629744780806 -36.071922762604608
20.917666480267314 24.698227966754125
-5.310233146779319 43.418836996767496
7.837225117092811 10.997493831688889
20.286189406621020 31.753562221023859
4.026890542450028 -19.165160384612335
5.059134946938584 -1.800535408178644
27.419240278634366 34.668094817346613
-18.165583933298656 -3.086570579936512
-25.149832754397313 -2.864189124478407
-3.459561451713529 6.297431944169047
71.657808682842997 -8.546543348543334
-4.625426675954198 1.765224785628976
-18.000533403641718 -8.109009930089098
25.025399976833551 -20.010006316356495
56.597611712247506 8.575355626047422
-4.779279300370064 22.595808070881482
17.413672441948954 -30.204353256809696
59.265971629494359 -37.319331004968348
-5.486961810671176 -45.826387729788287
4.185866871252530 -19.682463234487916
-32.660188900324584 -64.897542639118839
-52.294697692075019 -26.135418587052349
-51.133485121507967 -24.925784831011729
-2.341401509261475 -6.666961468016508
7.929850298370622 25.557576644058820
17.105055851398003 -13.734760276041461
15.825523539753339 -1.596713839260445
66.268758587742553 -10.554521765515847
39.136262598568791 5.402306387309718
14.615318446996429 -40.632296325534199
17.995354276773220 11.343217767527822
-5.870127724456609 -9.896476332531295
8.229518742305812 25.037260062832178
-2.216932296819736 30.414949091523784
25.222312945676268 -24.225274637877668
-1.298062161653811 -20.063177425665181
-6.881264067386391 -7.963383166687080
-10.943406965381344 18.564091625001435
-41.090713367442135 -25.147433415036637
-4.163895910847355 15.364178841387986
54.579361956306016 -35.226290924953283
-25.839131413551648 -55.041356873281565
7.740197722007488 -31.765768790954457
32.293088880764216 -36.636165807377409
-48.271894146463517 -8.945716835578700
-14.784943042737247 -6.723425942542141
7.706424371211541 -61.399525505784332
44.248256579480106 42.434493957027208
-0.152673203341266 1.483385582860687
34.495757398367800 -20.703428450866600
-19.617225664073494 -34.840837932401094
32.081262219135432 -8.059807574043953
6.561833911590634 6.582979415326474
6.426640769231610 -7.606835377789475
9.701142863641774 -11.106243095389962
-9.547720623952973 18.414245782915192
-2.323098389737221 6.679199860932427
21.772990266675123 -40.198234919359045
41.774921279866447 -29.639579537096878
-7.996751504937836 65.777339608539322
39.279607470941883 15.454506449355499
19.333608654814316 -2.275264563011570
-6.987419228228987 21.584883396141258
30.322072574261338 12.853769231026002
29.786434805493492 21.139700662943842
-14.433805348720282 -53.943052490753878
-5.829888588261889 37.980702214820681
12.559859748264362 17.222349358741763
16.077943726752821 -16.443213827945481
-27.907172793616940 7.507727604486695
-5.153912347474334 -10.251047640105980
17.469176920667710 19.213612089880321
-9.188624160808734 -10.168632661452193
4.051180512225981 12.513905160124436
-6.739402797583636 6.610346456891439
15.328765562609064 10.259848783090137
-41.171853148314518 0.720193325283212
-5.641312532005240 9.612213630257145
33.754032515106040 15.387685962938280
-19.946450713201209 42.210267560230072
-17.654051969894489 -13.525306356440746
6.637253629560701 -38.221819032631139
-22.399872705300552 -38.200582939083880
-5.283758574930074 50.258840638380143
-12.402369938432143 -36.773130461255704
9.141307771867309 -25.558416889621636
-42.916822831345804 45.783825051900976
37.758650958622880 10.757420958438201
17.613084929297713 -11.033518426807092
-2.143934560916744 -1.286313359091942
6.287103925590562 -16.881148763795611
-38.003989950418770 19.066183192049763
2.024504890162144 -0.063133375246382
-0.913551693460283 7.243337276514447
26.216022035972088 2.731376137175163
40.864902839762948 -38.879482183619132
-6.044716879016634 44.722017827343421
16.995795414327990 2.712273804213086
-20.722933153940915 16.083632721519976
-6.307588853243708 -2.268375842595599
-28.126693066815019 18.958170148453377
-10.225189907840520 -34.834726963416095
-4.066600192139808 25.890440656521704
-16.130982815315893 1.405616558589693
-10.329425098986540 29.227517468447743
14.057726284230890 15.170439336758141
-18.358293169773958 38.078152011342553
-38.042095117441484 9.744320294065282
-5.662514177789585 51.959469014653543
8.229401632512287 21.025398124465582
-1.745742572766508 9.957945851285128
39.284808245375331 20.860826914881468
33.874643085366486 10.073429675872084
8.722740649785722 24.512890227234500
3.380664466551332 2.762333967848150
-14.679667256295154 -2.027785221809974
-11.247719271652556 22.682541683353747
-24.661292666937253 27.811913734674697
27.604797268262942 -3.945494131503613
5.713694147945959 17.090039694838950
13.857822559225076 -16.745365213141028
-10.263148671511404 2.646825395535409
14.609377050064914 24.453756084266434
-3.885562885554551 6.587872092499140
-14.129335566727914 -3.207790437431344
-28.821789933793521 9.255748812693952
-0.277290483587587 -24.813366321508298
-24.886795179552024 -4.369301022172882
-21.574462900281052 -19.496478085989807
-51.795974560041692 1.653744680319828
8.271231830268071 9.384287333732807
-18.515534784092289 29.942370994616727
23.937466827581360 11.186038137076425
1.450815389076890 -16.963227034818370
9.402201254720582 -56.493438529477210
32.366055579717568 -2.214638414140240
-11.100553381476317 -30.241359088516692
23.622190596029604 -19.346688180172450
13.923737028821169 16.605288794766167
-5.021499188771249 7.431369149491723
25.180590027163163 -7.451673931532516
-42.675856114225965 32.118553684719593
-43.168965713225028 21.885938675338988
32.417732981503036 15.850401422357747
27.641746506697984 -3.529437967503737
32.296198556205354 3.697999994803790
47.805267537576235 13.036840670387173
5.568216112601045 55.786228508371089
3.104388583560287 22.949033901441261
0.104635865509758 18.627793412781397
-12.396302892233486 2.569626415869441
17.683940670266313 -6.404508909811489
-12.492185470294190 14.208310402597457
-22.577984108402607 18.961000259340217
1.096037439708339 19.395285580588290
-33.058609366128287 17.107518176422829
-5.222249784407059 -16.472558998595833
15.598194600045659 -1.628105999682912
-3.424961003700489 -17.146008770647260
-16.595499473726733 16.315909545980823
5.586779773865953 6.369742175253190
3.184515945323358 26.208198685159566
-31.424448176853634 -5.905600320385671
-45.353388479536669 -6.791408269245456
-57.176749023059855 5.776008081494236
-14.910097401594404 36.661292414472555
34.103487656447513 -29.262282840958104
26.723128030015769 25.476233792011271
8.367555737805700 39.752380896399572
-17.154232937903323 48.498588267427870
-48.505595876602371 -18.191864466367964
-32.053355584454664 0.373504521749734
-24.161025434194009 -10.189440632102025
-4.411260465490344 -39.802491683891098
2.059563824619672 8.008174653707183
-12.901661446513987 -5.569408859033292
14.740624970027630 -21.964597177245384
28.260649909078722 -1.004049667913245
13.475183092213376 -6.831169874220655
-11.296766943672814 7.290783039056848
15.516949981838309 2.925094047822338
1.399701333226323 1.583434994150090
1.864181484510020 -50.817123578957393
37.248611782385780 -3.844563594123944
-49.685646493173408 5.750640809179877
15.057383681805915 -31.107409142752669
-13.443969298045552 -11.288838053906138
-19.101677961193367 -15.536356459105985
10.743709418090857 -17.275039676250625
-1.126034995279896 38.202366554586867
-11.289620128090430 51.277816547322551
29.346074841641705 -6.403810113297767
-9.993093295053431 14.058144794602452
30.131483904369620 -9.662167633568618
-5.048563920947264 -9.022728539954477
-4.807998293729317 6.339282317654461
-19.954747393063133 2.776470070581646
-24.858875246279208 10.256116595151306
8.992818739826914 -23.535659636122027
-36.322742778204010 10.713817830526336
-14.711119054209234 -39.007457635267073
30.870802384829872 -0.651566851246701
-10.949156282779219 16.905748845807583
-7.473194567256968 7.058336924454929
10.365003072164821 -40.209701738831995
-59.528961577729937 37.984779284565228
-18.995155447813779 -33.971661234734107
-12.276793057697635 21.745114668014178
-19.812344723032375 17.492818535241003
-4.144818461562964 7.843896243358081
-21.760268982002465 9.802982111964543
7.599251660673322 -1.194623822508194
-7.288414859287448 33.374999398420137
-29.453793677065654 -62.512351875641606
18.599571811155922 -4.530629945763620
-16.055808845647313 -36.313035229796014
3.634783300842442 46.973839665253706
37.334513366554987 -11.404199869729464
-47.096917386588885 14.133445539800571
-9.577185527345396 -10.680002721199871
30.131563921638413 3.150774547470849
17.960613762517660 41.391202655893693
-14.139715986072405 36.047126739631373
3.207233549344704 17.604117610126991
32.119215928410156 37.133898731335179
35.603814249204547 19.205951263996916
-23.101626824232419 18.213937685059854
-6.124328331526232 -30.278585419330341
26.978528563052201 63.277187953686969
8.533577029001787 -24.849277998313276
12.240963451573924 38.094460201136251
-40.644133612106231 -37.917607003654851
28.267270549615084 -13.864367585416193
-13.407588581388728 6.015564643685554
-20.687500024147244 4.623659992884665
18.170353334482204 -4.852043753900896
1.967528042949306 23.571793490631290
19.881106274586017 -20.273770208917366
-9.658892102537170 14.330499344947928
22.723515452599102 -8.819532041478984
17.090293777815226 2.121892915615993
-4.002639306246556 -35.169361266089332
16.251416773743113 12.609500923635842
-11.299307304367691 -14.467008677864014
-12.647849610966908 0.707020325874845
-7.797033585411767 29.691191902069615
-16.994008559480140 1.312545439327551
30.546381465782950 11.177918050815327
-28.574389824671613 9.091884072048055
11.986033546514081 -25.305949767825261
21.980562469391995 -19.348853767772304
-17.975009156613762 10.950294656627399
11.973265657030582 33.618300281152401
-18.308846562287481 -33.429814563152576
-23.510500440902575 26.059092700113258
-22.060260870478988 -17.245712820462522
16.440668808551287 -41.740350719332888
36.764933068049345 -28.214836950291904
-49.361120462915324 -17.247572276578509
13.831125685795820 2.453885405458136
46.754896732814011 20.426062191111605
33.493860526199533 -6.944127764494620
20.721867039329243 -29.729558109698829
34.334125867299129 -6.373622410787626
20.855852581463608 -17.999904467592021
-1.447954240105792 20.875595099260313
33.487046037382200 17.625212516553745
-37.323598337630955 -31.634918590040787
11.832613552977953 44.974228895682565
-19.733686899658363 -27.903188753191220
45.712258454845497 -13.789668726439015
-10.071596953518894 15.174152005114806
-44.163772441305525 -3.580923975171591
-10.759435180027889 -1.284223141779685
-4.937256906620224 -22.122507254478244
-16.924916962298237 9.556911224215806
-20.698178745825494 5.684791380689681
14.410102983165016 18.869531599769381
-4.084786289654904 -11.243457219229631
22.505090506857265 -7.754069040190677
13.936985944653159 21.470409825952174
26.803202922201383 15.409237442032746
2.437481284540544 -27.723710837536284
1.068273888351599 -5.698694860865896
-6.534191667424828 -34.010796404402043
35.112828017060657 10.159241603248452
-25.717177447377903 13.578088703711787
5.108707179663325 -34.938818996857847
19.489360964354336 -9.983329240593630
18.328110455613292 16.465560360200136
83.864379248900420 -7.524853685006078
11.335553789410913 -13.492316454890602
15.981005088351498 -3.540078516509521
-27.945680611811170 -6.652049296304252
10.363383662418086 -1.659554547316007
15.656531568441135 28.616167299196530
-2.578644881638910 -13.309673971557716
15.241362553689799 0.664368244231497
-40.772536665700699 -17.707437664022486
21.631338901154908 39.928121212462614
-24.483093994511929 -3.662404742096303
-8.785135806367569 32.220562997617527
-8.990007520587078 5.096623817462274
3.426589938458161 11.997107614720107
-13.871116397047244 9.665387987641530
46.726184093124090 -63.000959244871979
-23.050185234791211 7.581434101138180
68.662287495277894 -30.612272618197615
19.716167222964675 8.825566749668566
15.337269927505497 -9.895388635215841
8.069424868982139 -33.868036424886540
5.535922308562885 4.327567464153797
-6.049287434949694 -16.951380818494425
14.896585706584721 0.083974258181653
26.824789704528882 2.087171597297533
17.706785103057502 -28.667353128481505
-25.118936817567089 -0.011035072591985
25.929269489854924 -39.694848379448771
-15.696857149566970 26.557386389045984
2.044960097311046 -26.843261194910934
-38.056761009487637 21.597072321245406
22.498931704430071 -21.024615058353589
18.084421619626220 3.901048295190948
12.920589413203805 13.716065940072987
29.059031093700717 25.250258493976453
5.367471186742491 -14.428774231264141
47.738871300555097 13.413259263262939
-9.545629244528342 -6.646710746596262
-31.090167333779679 5.820348535885298
-4.498140015831398 -22.905285194764971
-2.511823697335896 -24.965702523659619
24.320878854074891 -11.822038878074984
-9.316930618376517 6.881788339602966
9.440408132506914 -6.051805786576707
44.169523494025114 -0.314406468700068
5.426388878806296 -4.250764841650372
12.408603550442662 45.915379585650577
-30.403931069030254 -10.350323703043591
29.643712166866486 -23.982223102326952
14.094078528179626 21.285309879841538
-11.677362735151689 -8.134544876831395
-42.698924533919275 5.749823434968945
13.777993164061730 -4.051616918057148
-87.120070017842792 12.741583482332890
13.690176893980823 -38.309091108806228
28.051984576615343 -25.282884684581621
26.740967186571236 -4.719510874144127
29.561421622005167 -33.435765060443075
-16.056178084342339 -46.927729865540108
5.706445241520179 18.454466351231357
3.862722730792242 30.762936950973991
9.886119057453515 25.134249070771066
-7.593876358531283 -22.650842781165725
11.330973313589084 -15.401955357159146
-2.746887996642305 15.100705316982920
-13.867249706673565 -39.531698795034387
28.617660207697007 7.822828877496365
32.227046742384864 11.171117297081924
-11.731118214192682 -22.933571174980202
6.449005017599757 -7.976658732882955
-2.987678059468481 -17.107097632754218
-10.078341665490933 -19.132483637536776
-31.683698156249310 -50.866569683957046
20.623234288481886 17.083410096231365
-30.816537949002978 0.790086489623390
1.535971472070196 -8.600249478647298
29.209897238564420 16.123895613410859
-40.474792505145658 12.251531494720924
-20.040362623970285 -10.569135510025536
42.762005546589755 44.843313714175110
11.959756738259941 9.630378468511758
26.435690410188698 44.390678520372589
-10.549682880803829 27.466286409155259
1.556335071627612 -11.185341651497483
-21.742720622773451 10.299388644996153
-6.122901777085286 19.208203807611604
39.885284365974144 -12.514952054391687
36.780866838653701 -31.006607509579574
-53.650237926278933 -29.668588898099141
-14.390200153310962 -4.872414908676563
-6.943105309329979 -48.780287665236258
-55.897099279589938 -27.909164053048958
-25.039295399588330 10.064829393009054
-14.852099710611707 -18.616334660787963
25.852394640510624 -50.221610584119105
39.472836118414293 38.901840219454947
16.782537312637977 28.379403554872095
-27.309962199363515 -6.929516702011457
5.449619782988276 11.016422918928948
32.695211455631558 -1.510524554913516
-17.246054888489930 -9.574276881087545
-23.022863204722405 50.251641266312070
54.882258747351322 28.606568134474191
-39.804462715331496 25.381277748731979
-27.439419945657026 4.801110501864859
17.345445992201288 -2.279138007305240
23.800561538304418 36.913359428619742
-15.971390068052665 9.400577674232098
-16.764445505924868 35.083922842093607
18.953518409662802 9.573488524648965
40.396045418808413 28.768558721604276
-13.268517142118855 -26.429866912768482
-12.485527630755733 -41.339228552457911
-8.972515815613377 23.552330349169385
-12.591727577056682 0.385666436668081
-16.571377833784986 -2.884506242546883
31.176129136773447 -4.772677838955963
17.385978176296785 -20.701398104129918
28.210428288177962 36.479430754447087
19.450331079078612 3.025084421493357
5.239511152054029 -13.173509486019558
26.458706944847105 -6.505923737669104
-23.561289802222145 -7.761466407017052
-30.317595548281364 -1.127653851560085
-32.733314947505647 -14.871540446323406
-24.919071091109739 -0.610419558012886
66.404472694470272 -26.801436820181880
-42.335187617731215 18.957039972071122
-2.619237897143765 -6.987621204864565
32.533802495671750 -3.396854886316742
-1.241073575990359 -2.111433708398522
11.554686864499747 1.347930023592630
-6.340021588054115 -0.811425531442546
-2.970157649607041 12.714292092329673
-4.490574701875960 -23.176429405996213
-11.850158931519227 -28.452349432044873
-10.704877050379739 11.727928712800562
0.391171935316968 -11.121247096402492
-27.817133663770029 23.146351445683219
-19.357886161207006 -1.025160533720802
-0.862743686737730 -10.762859696504492
-18.669051287681835 -11.604677962081210
-23.715347307664924 -8.649608339125807
3.295038170656773 12.302825722883759
-56.820402905168535 19.638273530051048
3.073578121152829 48.942686903864654
59.813312686425064 -45.036696076172959
5.313369215727388 -25.576249308712224
6.324914235470286 28.067816689814752
1.695056979253619 -17.188195014576738
23.815567289561933 39.294363555924896
-5.019401499564670 -3.462251093341030
-0.517880854030886 -59.103182826891882
11.511645919390606 -10.658675105307013
10.130548056986207 11.590154318496721
7.540327443590268 -8.850654095495001
-53.808993584564710 -6.421591188652644
8.462498139754027 14.842431942598557
72.888553650315714 -34.755514500887550
-57.339761066227425 -29.365183214583233
-10.086160415325239 9.779682352926475
-9.196166889629110 43.461525623096200
-10.452697247393630 5.694934498870983
-11.045315706040583 45.112463048029717
-9.488522649603569 -1.296735150647034
4.550793742252131 -19.303536986358253
18.900561251031885 -16.938540566450822
-6.665872188775081 -2.352960364474572
-41.799655645336024 26.202070684513991
8.592490741471918 22.079750641047724
-2.320233662749920 -27.671401840271123
1.465611286070161 6.246129052178869
-12.296208070021741 -40.633037351401327
8.025985869462144 14.422347690437448
9.221183060390105 -15.333429987830568
-5.861149685707817 37.056752845966727
-36.874224374371856 6.208622346366987
0.985597269855614 7.850863119037180
8.657727092748466 -33.513367045768099
13.947668829068704 32.004990174909089
9.231000498841231 -35.097033184013583
-28.402302494885038 -22.056678593409309
-14.853026860615183 -6.023159177743156
6.261015815387021 23.914741526763564
-10.635630995195124 -20.022454977200201
0.866858132155169 23.876904781877546
43.996300043478485 55.696553899567981
-2.688146540032451 4.186266722071521
14.979871736269480 22.419493002868279
-13.116554444828427 -8.535390258120913
-18.821833803711066 -17.206196460507243
2.130908444526093 -18.149295821147700
22.179010929369326 -31.156536787780212
17.616170086507289 26.017781293058103
17.165836116157308 40.531208585064363
4.995561484585965 -23.970514343164233
-0.129743489264057 -31.007332429498486
-8.418560806161912 -25.984391355743579
9.564296371423833 17.232131755629613
-41.584076967318722 -5.203769550404679
14.506336114425139 -27.903878759251839
-8.143239479006072 -12.918383239426021
-24.722512174455069 20.578457350404950
19.971292532874784 45.454774963749244
3.768029172928945 24.486581074559179
-13.016845573495852 18.215728384733961
10.015564312253627 39.507762974553643
0.245257492125293 -10.087761803907920
10.057850689842184 34.682702241428380
-22.862625485890149 0.686075388194754
9.428138383741816 13.052902986073923
-23.737103657473163 -10.881745731817727
-6.022983629291786 -25.178191726415832
5.037328464421640 28.306016352855483
7.371967664078741 23.515665930062081
-1.653403953153354 -13.255242015877828
42.823535087763609 -0.516514888699192
-30.159289099158539 1.785804818222705
-28.883833374167761 -24.133479903704053
28.124166137846270 -3.874530978341304
-44.733613505738028 13.616760789252332
-32.344561672274907 20.414972862528636
16.970124667293401 7.734338006942418
-23.268179760320212 10.545932217611220
23.390758296838168 22.779315404872477
-68.579117956634107 -35.705164709738632
12.895268443246893 -1.443637426525398
4.861114726980385 -8.277366237212995
-27.269806437096609 -34.113815499993180
-4.526229394689861 -39.829129200802761
19.811583093191221 4.815471272432469
-27.170929962187014 -9.531687061827483
-20.097832681054332 18.702371243759337
-35.847530442978083 4.118010747413149
-37.774021304145471 0.515797024635473
8.382891616573241 18.902606713558164
31.917162094454696 -1.127460892470259
23.932459653545674 3.374488788474701
25.870465475194742 4.714730749811054
26.602626289814623 24.394654785435282
18.455596718786225 -33.965260331474951
-8.079190551112887 -44.500488495100242
8.896146708696511 -6.261724220098240
10.010031894195171 41.381602611172625
-4.448214370016790 -12.833995881290448
-39.139601276632554 7.863687104854266
-35.468816818939111 -4.510306273583927
19.741057305149177 -11.476389227152003
-19.341681391168322 -23.297559804793654
25.553793270070685 -3.198472007223912
45.573089321549311 -20.425948926754266
-2.035934530529637 -28.453539331260060
3.290575501841665 12.229715988150943
18.969263335029215 47.550892370639254
18.387415835140956 -14.606578665815253
17.080725897019516 4.688265501375188
-18.100890021429155 12.435357546826829
17.670997359555578 49.101485790312296
30.749167035246995 -10.897655937578630
-18.613636979256277 -10.280301661533830
-30.333329920053266 -3.639215069856739
31.131247161279511 28.351035122820772
38.550743559681543 25.588115454892176
2.123314959815260 -3.986507020883603
-53.748256507739555 5.611927688538720
11.331977724561504 40.688904127960491
-45.352504293174327 3.885585807483893
11.184063698192878 -19.045144350235091
20.995996422995205 5.597623482228708
9.014879332336909 -23.203837203666271
5.510825428770645 3.112334509426602
7.096170122264265 0.237262725938293
54.983636048156775 -1.522476409444720
-12.571679699160086 61.330674891348998
-10.037672680096392 -27.893866393685318
42.319242488416400 -40.998546515778443
-3.623505276100024 -24.981173440268940
-30.095812407912280 -32.396518667956506
-1.385750613198258 12.882116906958316
17.799225247767001 55.988414924055441
8.323985096905599 39.619667353653206
3.505414948911266 47.004612002904558
24.510047576273600 -19.987001227971202
12.503229885588485 -24.917933871466005
6.867355091200738 2.648188705815685
-8.316879268353871 32.050491389843707
-4.394770771846388 18.457771072947157
-34.052867885288393 -40.499258584576829
-23.076097903426696 -2.854036149611323
-26.929759658622267 32.919796502412765
10.264483569968196 -12.343466138435730
-19.685893227458752 -28.807869086660649
5.946499022828230 29.956135164872713
-25.888709977658490 31.860724193692018
0.986042212813428 -21.156234240108997
19.615820742230287 -25.217483510186458
-19.994347900740269 -28.730161876212787
36.292061677011922 -30.552758195015258
-23.859149577250239 32.132129349384321
4.880455125006614 18.199598415931771
8.055451285820832 44.936036614206358
-22.545816410120203 -16.168969850172378
-17.673249984829091 12.030290486390491
-5.275899195779195 -4.139662489891002
-2.705920077195361 -13.916186574663062
4.927458628948032 -24.980989579302960
17.181752779539664 -53.233120191838069
26.698537657546247 -48.971973707573703
-4.944781095209876 -41.057952826806712
13.420408230431978 -38.124431324002167
81.141800306248783 -53.106608343073013
-5.384431722887271 -3.695689397657909
21.773504582295832 3.695520451359497
-22.708528604069222 47.540507258763000
7.132444264958679 -2.549047536354698
0.377950277079200 -16.815608611739300
24.038529469534598 9.125611279711809
-0.294154705800987 13.557523826527433
39.643377485658156 -28.910095505754285
-11.595154216116764 19.546103879665193
34.374487460241809 -29.903680744770892
-3.236405338163383 -15.152028330546504
-40.510885880769941 -16.244556588355721
47.914910327029226 -9.752827005616624
-15.970750712606387 22.051617848240927
-9.451237217341054 0.236537737160035
-21.020263205845030 25.004926664817784
-19.589456923810314 -9.457384451164634
-5.233216767859237 27.872531650283026
-23.709749815569733 -36.581777879799681
-53.789645168122632 -26.217037962003904
-28.803124296935113 -3.080506126079278
44.835687217141228 1.922091681066997
6.990513267079433 -9.035029316389998
12.680606153368576 -30.692253464713147
-17.144082272298860 -24.594825881299023
25.083024138503365 -27.477656129246917
-2.561132050475886 21.616470174514173
18.808470924583379 31.788823724236231
30.307512275663104 9.529576714185744
13.668044610020976 4.011914543046189
-24.838915202960866 -52.959552427029237
-67.078525920351467 -35.890647723452076
-22.765201764686545 21.216263266316130
-33.700325793798598 2.828631167350487
-7.653545608980174 -30.824645663120155
-33.466633175764208 -17.234401647386342
-11.494910963460002 0.211102907121595
-11.757991683297956 7.183207934200766
-28.571167468419681 14.630081729259139
-17.808944163579458 -0.699386346247089
-29.675492599249729 9.307875550130552
33.002113523952040 9.037770048845175
33.038724120129984 14.000273506635109
-17.575150732216446 -28.186636381262019
15.520199145853681 21.809280259998900
-23.290815653172633 32.492454113991464
72.764760055614843 -26.309400208523805
14.865301329332411 0.478720557050352
7.985260528941217 -27.366716919016731
-13.930730474569668 4.027292190048991
26.135726500060802 -2.890977521783627
-17.980328032628684 -35.678097569828758
16.169215882613663 -31.891151047099228
40.345092683874292 -27.721948792049080
-7.949882001617743 7.724350278346132
-3.254817440864023 23.378077105699198
-26.175268578750703 -7.081909410625174
-7.349987708157340 -21.147347684326046
1.280685224056618 -55.500026540516636
45.755890367239708 -8.386821100297240
-20.182228835151140 -26.043604664545512
-2.949051042549962 -38.329287824286766
-2.152767250123373 -2.413944735354812
-39.889449156229389 48.608168180115065
27.728764088477067 27.617825574982632
70.040044916978829 2.812635570461192
10.614460515752773 8.379826450001129
33.940115683059773 -9.140601888166820
17.664896919757986 -15.234379610312525
-3.535231985143950 -28.785473576099292
7.557500125767739 -51.362278585822111
-30.115463813565235 6.236919001436920
23.584666930960960 1.249961856132391
31.106291041246294 -0.114947610595964
18.313598437345821 22.231250756941296
32.335176415772743 -34.679581230025384
-70.522301736592368 7.822042805973583
-30.886218792449824 -19.920083883625946
-19.044332410600838 17.481295456989859
-34.019623529988074 -19.828584500719799
25.183634094505862 1.920912198570976
21.581544496028137 -24.416606167889643
-1.033077633547920 1.659632812646951
-19.801558034554599 5.094450493240094
-12.214091778160160 29.390508487173971
50.009205993125768 30.357510428208403
32.795751391608498 26.208711379894236
-3.003875591567682 40.212260745015591
-24.840893642114008 -8.993861223575708
22.621952476477016 -38.417509051009560
17.450034877479368 57.891297297335036
-19.030053642907319 9.499529599741022
-1.316039606311639 -14.369001822367247
-12.828066712536808 27.202484144628553
-16.523995900124760 -2.323479217950866
-13.086700072469219 7.172675635682002
-11.231640075815349 50.432743888196150
-2.014856389308354 14.656030511869163
57.842240531656692 3.902715400630036
1.660661827099014 4.845689531766810
46.618508785673122 -14.038835500664479
-13.048196482159888 -13.221388820227810
3.021238839205088 -3.354032987221985
-21.504718289729052 -9.399371725330479
-30.735036725344301 -19.166663746950960
-21.678204904142703 18.213861056450654
-38.539371135396699 51.256914687004020
8.681041220131943 15.955441809882624
-23.696478935387734 -44.061130550598115
-12.103675712770841 55.749734098237170
12.045077198622689 -35.117168609427736
-13.126427931625710 9.451382452227280
43.679916985123725 8.383811707863233
40.028353529449170 24.831855487865536
-24.492458862549544 -29.967000693815542
-6.974972949837793 -27.225928821275669
69.199269589936435 23.496037778759334
-7.752732234111142 13.745228302595256
-11.897504082555352 -17.301493050665044
-13.828247281110022 -5.938178873592982
-28.479018542997654 7.777207707411218
-7.152728553376310 8.781516032419072
-17.376859707072150 -13.991773006453158
5.963748178396976 14.405274013356525
-27.926867217678449 -13.720409900257058
1.955769446965730 -3.438110140330064
-13.131486912316545 16.857656456166797
25.928004865868918 -19.100863642262532
2.125991352766472 41.672278704336968
4.207528683774943 2.197315611285111
11.224070893542393 4.158727825584046
13.992691791097844 17.554960886541778
3.809242917208596 32.419964928413684
48.261416284281310 -39.551802333692130
-57.734150095278935 7.776307054478370
9.608348531137093 -57.424563640661205
18.814830749261077 7.231281694185903
-29.444526355765280 -13.562825978458079
-17.968709893175919 -38.871101898145341
3.757475400291755 27.248349771467897
3.416026658733694 -14.129184208278843
-11.982860926081198 8.564562541866808
-27.040824908566815 17.337640735779456
-23.647205362453864 -3.385254103033034
-29.870970223686378 12.295868988327166
-13.423164117274597 -7.148624398941234
24.462588620726692 25.457354302915427
61.583287011682437 -14.241728170135046
3.526235837133183 -24.883105643569301
4.982806410723920 -1.430405822084386
-0.722337320266613 -2.154450675866218
-19.318779571980404 -41.891719476034801
8.186428840333608 -1.467187739739719
4.041419233014755 -10.403390221733220
20.714356572231733 -25.785868857291518
17.335344705492933 19.572287413742416
-22.526242895182410 -30.169215533521449
-44.955777469729746 6.684337232282394
-19.433067678468419 24.681101225296832
10.012127194735225 -31.879219307792475
-18.415262087971826 -10.697965816364977
-17.579683291440244 -1.645406459644065
-28.059590568368005 -26.375128223237319
1.074175181614915 -13.796405702778184
-43.907174199888146 -9.673462686091073
12.009275533823505 -54.215069806769080
-17.330636042659734 -34.322919427329033
-18.130088727027392 -9.157332161054573
8.585270315070707 -18.661173580009478
6.117138359419138 15.773782601736073
-29.724311185662014 1.131445062970245
-3.222368069165331 63.681343724849228
40.956641071088683 30.073946181303697
31.715206525768458 -5.393580430149791
8.226443984330045 -21.708334133750743
4.902996711024487 25.256803560290887
-15.111989532153267 -11.070112679461069
21.949791310066896 -11.960621449377468
16.501503710911564 -3.769552277466632
41.887671996155611 1.455395363991344
-23.447089885366260 26.662688473773340
-33.199715801194088 -18.134174623309242
18.561016879297387 8.849112377074949
-3.252905203131165 -11.649356039009202
-25.228782104779782 -3.520430204749137
51.671926265270784 -10.366761231764100
0.749440881132276 -41.166156631502311
-14.530771508867316 -25.770107792457939
24.054475227561625 -54.039796328010581
8.648666225706128 9.822765226370036
-2.913732561908796 8.482534956039894
-14.102797694101355 -44.536194613950087
-51.185767074159692 -37.445555906168636
-18.861138395932073 38.684989902154605
15.752549543844085 -12.770728814838380
-19.645432777349839 35.179467549573019
-23.267619899875012 -33.465149940676447
-40.976323592302080 0.878950271900757
43.086964082633862 -34.167092476088889
4.644460739208276 -13.319639718320607
-33.788499800461118 -17.346462551852074
-0.059128828256286 34.281848336754706
-5.824122880307084 -18.579712166080466
-16.957027679661383 14.521325037841544
14.541809772284584 -4.584463121491704
-19.087076957968463 -2.172566170656276
-50.709266594994453 31.749882411768212
-51.064844986175792 -35.349830760650299
-23.143844289373213 1.131503493202883
-22.880082545380329 -19.141062822548282
-12.337588891241008 32.730391464312618
-9.523739466830177 -36.873236221752222
-28.641195817294861 17.508196282462556
-8.088395214700176 37.320682518720268
7.196852933507342 -3.148142518752615
-11.149221679571223 -49.785080184256898
17.296696180003178 18.997845279002227
16.672445365031265 -16.328518355011788
-17.853013170637556 12.247962617673247
17.117156498064471 -36.463889335916228
11.577490516824293 -37.564815266789246
-28.113600543967774 -12.428663835681313
-29.788883701358600 25.294534635820778
46.469792685410887 6.772248553852576
-33.911183161726925 -12.232765362373446
36.717980237872318 11.730445461504779
-25.436635650837758 45.466866085559928
15.133728365910438 2.288098182302140
-17.289380628994337 2.667135955053007
-63.862352935076302 25.463188225835154
29.101414192522892 -8.768996310889325
13.065447508221752 -17.411576618643874
-26.217600984121560 20.257451557884348
-13.051040010076202 -19.670014653392268
-17.712177807537905 27.149012420087246
27.209232068020125 -0.289014967679537
-7.896969998578583 -13.779326632958721
-44.312815887998987 4.904811046142775
38.588444701317890 4.411763200199862
-24.393817690074435 1.175286282698226
20.100751205283768 28.275895098281399
14.904557832088416 22.640975417660147
-30.847727208324521 5.129541332290751
-49.305061146616232 -18.709342166792609
-31.150417099575854 17.157210135079048
29.456908245168410 11.460276131328412
-25.353192004170914 -10.415793424259061
-6.652508883588943 25.830632108758994
18.651960385179230 17.867141245683058
-14.039912498124510 27.968910123744266
13.565847577716589 25.329974773518060
35.061884960394664 -17.502001725114354
-22.107076093695110 -32.398915693674766
10.247911511084293 8.771482793939452
1.158243407046529 0.659356065872136
-21.566529445226490 40.810404288040225
-49.787620336436618 -30.887376266895181
-21.195102023946291 -29.771517116156943
22.899250181694388 -28.160909074936058
31.493655140659968 35.535328804072549
-6.165591484655466 9.098117470524960
19.358362398313211 -23.077980165584105
-7.563479921354954 -35.280830817773364
-10.790886896815712 12.124458224149320
4.239587912218995 -11.788603372155396
9.976288562417459 -46.116709149619865
-1.072653367373831 27.156962547647538
6.447996193991133 -15.262466966397593
29.155238376494040 -17.382970580169751
8.904662854176470 48.173750123186437
-10.331389395894117 3.869742807176459
44.030229179362088 -0.221772159966082
-32.387624784187672 -10.113375197583178
4.731367468412585 8.391012737361473
-23.874695133881634 -13.898717960327016
25.422735356253703 1.647972285511739
29.723538692375065 11.898732148933382
23.707693937223159 -32.272381823840192
-17.360255580611497 4.930733309730472
-15.151042905845459 11.975898943511000
-18.869151955781987 15.151755336376578
20.609245298090471 40.622605014853413
20.468250667788201 -2.567550657791118
-1.789523572688254 1.085314715134979
-14.545532305347487 -77.450865878697172
-8.867087091633431 10.808153382964520
-63.837720267071745 -14.560875958103376
-9.189666193041829 -29.438901200506464
-14.633380368844511 -40.143072183929938
21.776613263364691 3.250574830063336
27.941039940514880 -64.798875220774136
8.471733283827302 -21.131853190836658
-0.077679001943406 6.271205275611010
46.900206903403650 5.262471094997547
-15.260886135126144 7.658133644531311
14.229200679640439 8.580455093446453
-19.059337429268872 12.511908107642601
10.200067609917957 -0.503153203283672
-5.056199314212389 -16.698130402623988
35.847036286654564 -30.068761797119045
-21.624219958212532 -5.513344805609144
8.390231410368834 12.549906046157053
20.270354485676741 23.081175020610779
9.133185207438522 5.931167201909155
-34.086476684402967 -41.530621149325036
-18.084597812032932 -81.454780044877509
12.703538048831044 4.264547253717819
5.446211954920240 -6.561338679159115
-5.517454327269570 -27.211595707277130
16.448884678096864 31.024540032428597
-3.846762631857888 10.230330049304907
-17.585151839629933 15.200130872448138
-6.718166576925397 -23.865487531462396
13.306420843157076 -6.478050590770241
-32.552581657706462 9.157335987686761
-24.927077948379210 -11.798700958582399
10.241348509157687 31.027355329793487
45.117098773509511 29.131505975679936
-7.212280728050388 39.335508304095768
7.194577186289685 -5.648695446542455
-18.118250556283133 -3.112738104002188
-7.696414078558366 -56.204577515196760
-1.156967406121899 10.885530779415982
0.009570447256640 6.315089567358820
-6.950826869957804 0.472460972215959
-1.552482970252281 -41.651375750272109
31.930504511234343 27.946640658446512
10.643960365393696 -3.171165072742381
-4.462341999472456 -25.178458648675736
-7.655858122035016 2.607930194379579
-24.834264094093712 -15.445136636221727
-40.923935309990711 -14.733182923536779
-53.358717594755305 24.784852523949912
8.189515864086989 0.616175713114832
11.614484690426114 -49.021274243804193
-11.801055684204467 22.461928587355647
43.368972490674459 -21.196676513191239
5.016373943536684 -28.740587153005631
-58.766947630897462 32.303931344325704
50.091323968555223 0.305705849276461
-1.349189607267771 -5.907998812186781
21.631738894059819 -46.593100726469949
46.856937523164468 -44.950663626388526
6.409993209172907 4.488824489563988
-20.353855411089899 56.007117072597147
-4.852233558359722 34.526376546745240
7.452154340580947 28.581334796078828
20.244284432572940 -0.401871419180285
9.394359451597396 -5.407311491908035
26.330356790126157 -2.458467094160020
7.478174249336695 -19.699544815701525
-28.251741327093644 2.230135023064768
-14.467050219203733 32.059549508530260
17.170167507404990 13.807406118331178
1.684581655857542 10.903095524383470
23.279511215323801 -45.457211545468624
15.465500825224192 -39.592328747873104
24.794443788801523 56.341956629532632
-6.092553008934479 2.452866956235992
20.097525684886605 -11.904738546478033
-4.108655780913055 46.218125254393534
-27.726036718617209 -5.536536850242832
1.038974384483031 -12.089181167298321
-36.846254689953781 -2.113654486391512
21.158707704606947 -32.257002002815618
-2.116838488327969 -33.644656251841369
-5.171933485003689 -34.491706097719877
34.291975200748645 19.088668985299442
-19.724829489880239 -19.193870714404184
-41.335983926452464 42.287160657407220
-10.742243475544992 -7.530541534211359
32.435588497219705 -42.799140682631020
-1.844198263431710 31.225081725438354
-0.751204140023234 -2.242706557514755
-45.501529338068984 -15.316748888779646
22.309267439869696 -7.469849708923852
-26.236067104758710 -33.795398915644988
-24.419117651992732 -2.312023772452585
28.804405565837659 -2.564743573068051
-8.851578162640086 -36.123774791494490
46.527795853018546 -24.957352187634196
-25.496267152151340 27.183304971237163
-3.506696050888464 -8.285566805667957
-20.697760632110462 20.724812347920878
-9.227883851171603 -15.521121527120227
-7.785381530035041 1.380659826392369
14.720767349956901 0.359469412125168
1.516476047062649 13.343526876908237
85.735693402555256 33.333206172645731
12.462770053418392 -35.347154534189919
-15.638991353473646 35.291734030916395
-14.553471788741097 27.120473005510757
12.360780168633356 -4.423780707129988
-12.382652438680758 9.973776259507106
17.022170382404877 27.848246625762286
-10.523611519484238 -2.567124846053999
21.002581714024103 17.263082632512734
4.066162008310346 -30.099983189606533
-2.668415036959894 -6.302507388704372
26.951886231168842 9.101436550485019
-12.700565366310993 -35.420740353402522
-5.706944544801097 38.501131641008712
6.259355033151095 4.350675684449862
34.293946758411479 -42.281037004493371
-14.780328942550284 37.172934689325864
25.490855154658064 -3.481045127215871
13.913210471375589 38.854380314448221
-46.737001559691713 15.635830484406020
22.003116093452277 -31.875177394348107
29.641875912193349 37.713016525870351
20.315136405844136 -44.255227260897200
