0.000000000000000 0.000000000000000
0.000000000000000 0.000000000000000
26.544958983996278 0.000000000000000
-79.154812059591279 0.000000000000000
-1.191833279767739 0.000000000000000
5.034433254970276 0.000000000000000
-37.272616140478789 0.000000000000000
32.298502368933391 0.000000000000000
31.654955260178202 0.000000000000000
8.297120583041723 0.000000000000000
-1.631671128274577 0.000000000000000
11.221464064763619 0.000000000000000
10.972727190636400 0.000000000000000
-55.926463985597920 0.000000000000000
2.137251533813730 0.000000000000000
-39.044258361632977 0.000000000000000
16.250272622135142 0.000000000000000
18.622952775165839 0.000000000000000
-4.090973928337006 0.000000000000000
-37.131900930303459 0.000000000000000
1.166710162580662 0.000000000000000
26.981814927970930 0.000000000000000
-7.698992802429798 0.000000000000000
1.491473920083153 0.000000000000000
-39.018550646467752 0.000000000000000
31.413700412523578 0.000000000000000
-28.812105666440313 0.000000000000000
21.466497495014593 0.000000000000000
75.208520247897624 0.000000000000000
-33.978171393695504 0.000000000000000
42.805411926626107 0.000000000000000
42.644598607138477 0.000000000000000
5.012060068772320 0.000000000000000
48.975370228355750 0.000000000000000
-5.897444139608703 0.000000000000000
-10.071617056957017 0.000000000000000
-9.165929420178113 0.000000000000000
2.810517931775999 0.000000000000000
-38.185990751222008 0.000000000000000
-2.683379865845345 0.000000000000000
26.072098156263475 0.000000000000000
41.423024306172806 0.000000000000000
-19.113848410542598 0.000000000000000
-3.463294426507908 0.000000000000000
-25.305076888718922 0.000000000000000
16.884735720515913 0.000000000000000
-11.211491980399623 0.000000000000000
55.164902848964331 0.000000000000000
-3.088050997501136 0.000000000000000
20.023018805968022 0.000000000000000
51.505631556007856 0.000000000000000
0.000000000000000 0.000000000000000
-1.733351573240923 4.545886843761808
27.293971915377032 -43.650845532573058
-46.352777056076818 -40.758358831506570
-44.775614769377015 11.547275104394760
28.659574442547818 9.040342379439778
-1.730602571573726 -15.718914595299259
-3.264298484345674 -12.425597664437417
-10.423181594197745 -17.132445567053637
-0.655965117980968 21.788935947356133
-5.016131253652311 -19.852957160273430
7.376792097341800 -50.949854792567848
2.380323218507277 -12.387203807191279
55.654673996239566 7.443650308816490
-32.468472676356591 -2.107070189896698
-2.116122284458991 15.007395328204886
-32.065202396525422 -0.969081517471546
-35.338047081931769 12.067882047581532
25.662467280035898 -12.205386091634503
-4.331013457929179 -19.538178534617277
-41.791079178024177 10.722411133260890
-34.305041703172449 26.377499765886476
21.555273794844005 -1.383517116422573
-15.153310294440423 16.350990857669213
-7.233458048421936 0.180806484864996
20.290346166205893 -17.508165801328303
-25.805806363518080 27.153218069866547
8.760955126940113 -11.641527429125508
11.344589927411738 -23.729320944958030
48.338758542327895 -37.375563704682953
2.675354663368504 7.419028904575447
-8.354372262883391 -0.946927481151023
-8.434800769273222 -16.724672130420522
-14.778307031167378 -19.431094382870416
0.679514177514527 -4.470656807971639
-16.715441999020502 -26.907470353075624
15.992654405473514 -12.740271522235668
-38.327089210553204 41.708714390825968
2.367516886812841 -4.657978888212368
4.097696315223989 -16.004505268923946
6.690699136175755 -12.030050265110990
3.539731093587376 40.549897014694068
-25.838544956688231 -0.628887706983397
29.767799740775601 2.969422591109543
-42.107958571203930 42.417817227644036
36.486112268854662 24.632102058949290
-39.052072587268938 10.205389057539103
4.551495500349017 26.119836283709951
-8.158322958211336 -12.458774846216217
26.194551381450822 -45.706977581177313
-38.505012813756828 -0.454441329184546
-8.619240400021292 -4.107375982794523
-7.799007288534769 48.347467442284469
5.554409023713853 -34.718415552021575
-19.073596774313867 -35.066597092349859
-37.325473265846242 44.723912349590393
34.547059818959291 -25.831985846523398
11.936652698740277 -16.628382950779482
-5.781125317283263 32.815851899628960
13.244735486327434 -12.295359012002306
-22.603171912993822 -14.183096418874642
3.917603814536003 7.639287699289157
8.997455280555007 32.361538010627051
26.212471895796359 -7.957091848463709
0.930975849883689 9.810279495068178
43.418248687238943 10.601201715778751
4.264580557239216 -5.205831463656581
-7.099916462012473 5.170190087136327
13.691907051843243 -1.276801162685107
6.743394884425712 33.108690230873520
-7.067555601889480 -41.298641172448775
26.315114555245469 -14.760144929817029
-15.187537521228226 9.447270436776700
5.540733387789945 -15.460204588486071
-16.966914173283275 -51.068371016331916
-0.214200565332627 -29.874344114702364
-13.133220252567016 23.919905202298665
-4.304030767454735 -39.846715085352329
25.140418001275787 20.278476906929249
-19.241343365854380 -0.358022941552588
-38.595103411465033 -4.027253953431610
-1.898263073688286 6.871926120645747
-12.558954694275423 -1.865328145930856
30.638783023670584 30.653855866677294
18.678452900025668 -7.089729285347526
7.108134525109698 -2.108339521809985
19.543041923550270 41.563847653278124
-19.772311166345322 -39.519785410519276
-8.498602007860082 -19.651033422218653
-6.880835983178901 -7.547141534633115
18.095216763952035 -18.084011163103387
-7.151423477373037 20.712441051854228
-35.967817714486664 33.253276828027218
-3.583205155349015 14.065054601422155
-14.043608618932868 -27.106041435035415
55.204773878904071 -19.581379053619720
-0.396433259696885 -6.646054420016556
20.694747058508696 -10.205293483892751
-23.326986607338579 -54.820096464893886
-0.627995420339864 37.064284550449209
30.895102637613043 10.858833321060493
-28.185901888944077 -4.548307293830064
-22.056220750266558 -25.169784150723352
-2.940937983276112 -19.014817526110747
-23.166603779029707 -10.269372447374117
33.256187559680221 8.082089457341890
8.347615867437117 -5.958960367310040
-21.908396001211567 -0.769130282990193
-15.711593568022225 -24.911244166637999
47.380686090540280 -35.133904524370081
14.285791880482089 4.885446614805452
36.928232155785643 -1.250063509378253
-15.639815299611579 25.280153925919606
14.106044296691469 24.346776715760132
-7.846849440381796 48.775497170330020
11.374402173688798 -23.780731088885890
42.849388268150648 15.905916087104281
-22.106653847436611 -20.552239558169866
57.567786491999421 -94.654390738091934
6.988140292173918 8.043930184430915
-24.205582630387102 -3.744704765495348
2.594791310967885 4.875806285456110
23.751769266983214 27.076696544957606
22.040539197610162 35.569351430817598
10.878881746439484 15.400343086183655
-21.901655771244933 28.263312342755189
9.385181159115048 11.535065943832697
-26.081328498095534 23.159928173294375
4.632151529222266 2.599957765509198
-23.490991333660677 -46.700829340616252
-18.777417551062278 -2.827223901261739
10.328191233601004 -46.231650153131262
-3.229931059513096 38.253637314982143
43.330362723183875 11.705697022580113
-32.130273776694594 42.251599695808657
66.762162277124446 -29.090029355696558
-34.210619055713707 6.238236560653044
-16.821360030121788 -6.722404650236546
-6.163222098974649 43.297570236935108
-2.019832851594096 -15.832959256043040
8.191979757400910 5.224578434271733
-11.866869560758015 5.144325818890924
-3.803532816965385 -4.282878318194420
-23.602935088102395 9.378768401963578
38.102413156462831 -14.195747974621380
61.513626787833573 -29.647548596322526
-24.049750786929277 -12.056662899171910
11.622393104213739 28.134618009844488
-32.488798843443867 10.534917100469237
-7.204554212838424 3.766907253738404
31.692273811553868 20.946515170755411
24.202754475366618 13.617394718962704
4.056234703418743 -14.087143146998732
26.142254182874602 -19.371533035515633
12.287580115571298 -11.814034075647236
-2.593493341869566 25.471062871567948
-9.569131510153497 -30.439564501360923
31.432052453629975 26.583697534599139
-11.597297147866493 -9.200483860479235
8.085940239363751 22.248846497334501
-3.432584208837285 -15.748603838264783
-14.986234683479061 4.927077278014175
-11.438499477970856 5.269592114341757
-25.425108634433432 6.227770392535812
14.839979078734988 14.304087123486557
-3.268720087777609 3.159263007299170
15.897944202629681 -26.164368178775796
27.006117700387495 12.271669554799251
-3.580662949642252 -54.359167672208081
20.041080902678495 -13.875386408774517
-20.376470512541250 -14.692559780857939
19.847538570443476 21.120867850272870
10.496858784651538 9.530782414145611
26.466782655494146 0.186392274113636
-18.547745648904485 -11.595544213024565
7.510275210509762 15.416159820742253
-8.960571394160118 -42.291929895845605
15.985661580245152 -83.330941761479195
-3.401293731141783 -28.247718543985222
-42.241319715783263 -20.297148609821225
-13.743978936855671 -19.987403457967048
-46.468061197636914 -3.438991078924913
27.622969729267364 29.213397295012882
3.033590799821661 -14.079468310574111
-17.961241362364206 0.681318649676147
-3.975803309019039 -33.603825042960871
15.491087539942336 18.997277434989556
-35.169863848033053 46.175055840505927
40.660971478834533 3.347641190871508
3.775970306565845 28.164206169975838
-5.706986019830147 19.224542896006803
37.093078831484910 -33.432530440609042
-18.563360279170368 -1.288135224030510
0.743122356361515 38.097381062006562
-9.885350518463722 8.066200335556321
0.010527143107579 21.215535994414648
7.108599634908241 -41.980180752994528
-8.227226634128177 -1.770472945257680
-19.954610223509729 3.418910346839465
-32.493151316389529 -16.096203705193314
-28.838281632431201 18.393791626710115
15.375405483957623 8.511974304529611
47.637519088322456 -37.837392540120405
4.625632099965092 -8.223646627519461
-24.838955738464406 43.295632412313537
-1.574913318223935 1.008795625889882
4.950392918368379 -9.901431198315969
6.912710069950148 4.875931305046992
-13.196129815234674 -43.103920279157180
6.136634214545341 -7.311587242538203
17.313337164032202 13.132064817319206
-39.367284794764508 0.777137473711001
-22.308797354342214 -18.898855887018716
-49.393136951832567 16.299384133776599
1.210700561959575 -35.459919528976421
-9.618169313600120 -16.913836217773870
9.773574448196888 15.310166356078735
34.598888272413603 -14.145961210448284
2.414370984001482 -2.237022780727542
23.944355028918768 40.281582319371168
-5.046233955496751 25.847188566586222
12.038184343586449 -58.182493693796445
1.087767402476504 57.357961880411025
-50.055853138867306 -8.621075288098686
-61.891069337361486 5.745629434703475
-6.094607834831041 18.778295972289619
43.053395577124022 -35.860086466028768
-56.109014138473803 29.283132833315868
8.122765915442704 8.653102101270413
0.372036495188401 -14.555608816112420
9.223486432158216 -14.995912666680622
21.667699410199472 4.450679637610750
0.167093644648746 41.418585041589878
28.299065716556896 -8.127427107474116
-9.128770092877485 -22.926467608066147
-13.583734056305991 -3.936564336948267
8.297937316347854 -25.901007812631430
-47.843121337888064 2.032710086702478
-17.475843243565638 1.949249514571046
26.165269610693429 32.600652426782162
38.848324045737790 -5.904772990431253
18.580311235819675 -24.152429524269056
17.762642679900772 -20.840685799605673
-18.605613963599602 -25.745605534786314
-44.391412959267292 9.531694730828725
-2.978311557610752 7.046573797199115
-21.950062337530213 6.363804023371134
-42.780499740628713 6.960311016235678
-31.985127505577701 -27.817275513713632
-31.987348826535467 13.657895393170827
-10.593081186099782 -20.725796607067753
-10.465153130904911 4.442845837719388
5.800209776427131 11.648717337113304
18.099124409958623 -6.589909832494630
5.107740150818960 -0.320616967407782
-43.239663713271781 -10.203253297993076
39.124321268213222 -3.573014539040753
22.175388991899720 -25.481251311466750
32.389402675460182 19.081372493209006
5.371204321154348 -16.451746410292039
8.735502434826909 20.232825782297105
23.245957404405015 17.552926970771725
15.062312564076185 16.989209666258553
-12.268520504847686 23.145886012147908
15.257326936210434 23.997661492916635
64.667930876493358 13.713099971003841
25.251919091018507 -6.661690696259184
11.823136036847313 -11.685730791717345
-18.294935922095451 15.547889545386457
-12.614593004363977 -4.645985752447947
26.245670046230753 9.168843594984139
-10.192014778441713 50.044620628091785
-41.282501380375408 27.687528787091015
-1.588712858718067 22.175301637572908
3.361446295325340 -44.103088803093932
-3.111828759399079 26.819894658800081
-11.229021887850307 17.412256009514543
-34.671320323069210 24.481593493323171
5.230239962380208 -2.758177428500283
-28.533632383439056 -16.614507976144267
18.114824369542497 22.512574505711466
29.888799443373046 -2.629745123854774
31.233913439279657 13.495904842843713
7.806639477739505 13.689782395523375
22.783069994690081 4.430966711492876
3.024281749077326 34.259500538205216
3.842548814271465 5.312737590487818
-42.490018473789405 17.055631926723269
-10.074499835661433 15.858434439738451
12.430058095519236 27.655119802335133
30.520018965879586 2.232494860002361
-14.055015472965509 -11.709700659804023
38.064593531801528 6.440525350147067
-17.022390364396074 -2.728865671274816
48.066058934916420 3.210676794467665
-0.548152871438781 31.940919490498260
13.458856861290339 -41.347034640922381
-12.982787067904844 -11.116622269933181
-18.903667811831639 6.147153915140949
2.791471204878399 -29.981067374682183
21.245459725787558 30.425192061792220
4.531812757302063 -8.617332718526516
-2.726177977287480 20.275107398574278
-23.546003751047682 -40.021753628547764
-3.360589258239618 -34.540139162655272
-15.556836526802357 2.500539187370673
3.694123786137258 8.197694024218505
32.843518476736584 39.315158068723242
-5.404528324664286 27.162720271349080
-0.570197814627078 16.531394220880276
-8.009008917191521 -20.159948677092032
-5.566386167788480 22.571107537157204
3.695644151855045 -0.244130706368849
18.781289459028837 6.407666515586212
-21.286491407668077 -22.115583467646992
-33.751190822275539 -18.684281775940576
-22.114415978812939 29.009464715094936
31.232286317320153 -1.420993024816626
-6.657427952526897 2.591717560216799
-18.814764096100763 21.751187670259114
-20.842992347341038 42.106514334824894
-12.360675985864898 -21.981953983320430
8.887139761411982 -8.451367768331707
-24.144420070646092 -36.855121919346594
-23.509321503151934 7.565192911337639
3.271263824049410 -1.772622910125326
13.871534411983649 -22.729517037136752
-19.997835940337968 15.583276011815629
-13.096666545473377 -13.447241091930803
-0.212840364922883 -10.190968980312826
32.166839746570254 -11.044742972120014
26.671431521623202 -32.342130053676776
-20.875205365689265 3.802999379815521
5.981940028069014 15.139665439974399
19.063762543986989 2.521315546197926
12.018808776463841 -18.050683117932440
-26.904437339609665 18.536908162938921
-7.639744679012232 11.838505919871148
17.715463853500506 13.221324991287901
7.573460924688072 -21.432025146245202
2.781996970933503 18.935072285071328
7.192145337702974 -9.601582365898052
30.686785820247756 -18.992436887589914
-35.437962791855973 10.124116056591665
-5.541619207995412 -9.868105714387680
42.222634771418520 -10.643474475235024
7.202631872208348 39.602075322244289
28.730082647785142 -8.234068597002610
-12.285029991348823 -14.153649065867047
25.574207597586675 -8.899043836671657
-30.764299949749997 35.636599573684990
-3.222343740639683 15.522209923662977
-9.083382271806249 14.089907184046071
10.943055621092965 -31.120490427077666
-15.843757949576828 23.289131979975892
20.551629187373941 -36.194104197002439
-1.348553027582073 7.836280340558890
33.890267995022036 5.048149012274840
0.329859870314214 51.665621070461647
21.106092347673840 -27.906736979049175
-17.124572278893183 2.615981248569014
16.566095798969201 -3.931488892444754
-59.920517764936292 47.535970915725777
-13.437002228365349 22.599952685097577
36.767786487540000 -10.519745826191970
-2.657953391104110 -26.043399715040682
-13.862793220713874 -19.839420562450481
-9.085398836363069 -7.433900889422900
8.630118383000891 -24.541798349866863
-48.884937455238074 -19.668682834315348
11.716753115002186 14.722740294574697
-30.022848035427071 -5.021947651863080
-10.999842019300754 -14.899408659073638
8.854162302536608 10.595814246067061
19.929004011309200 30.547801234779886
-4.547572223122303 -10.315371097590866
-16.784488724962742 -30.901463448104824
-31.984597937463764 10.174002301548390
5.843356407810431 -11.977003736217338
14.271848652290060 -9.839599866049486
24.545343378080339 -23.229343770024386
-5.424577008521598 23.405497731566442
27.655367003967871 13.823819803367348
-27.029148502417751 22.449513859854854
-42.008413113224336 -12.599084843390772
17.393183783428054 -9.141754560073704
-11.561837341873693 -7.877644375852646
-39.333664634197632 49.268153937535494
-4.530643444620777 16.935841051723070
16.210277444264200 -38.295003094890205
-37.083142592797124 15.343309606662453
-5.291784222894629 39.106860088531135
15.354922857339211 28.758791846233677
-13.819057412803502 9.863604279550247
-62.362160001972995 6.867474205631751
-61.486551559096135 8.527234475037432
1.439645855121618 -35.102697214842081
-3.394870578468732 -14.881669680523691
4.292598315504457 -49.422802657708644
11.731267930759966 4.942097014798767
14.106237775567243 15.398855728226561
36.822052417065635 -0.991109870845980
-5.630182055100185 -16.742141640443094
-15.686681914868247 21.314252408738472
64.064518116750591 31.289542133159820
-36.104102456737536 -40.160828773002379
2.438651927647760 -29.522697585918987
-0.243950351638121 13.278049367289016
-18.780507056043728 7.799493405409775
6.962573777185405 4.510080128164709
27.493033280597903 -38.500976446786275
55.566758394758480 32.811857871338319
-62.075139906006974 -21.124512466862452
-11.976772809378028 -70.901433221400737
31.844072262259878 36.795530659066031
8.433993270261610 -45.116939937878243
-9.818966487570199 -12.163351198352879
-11.211425190046146 14.356315513931847
-43.796506757070652 -11.206019287400128
31.079412728312978 -4.286934666748135
-3.414251945356396 14.108546217883427
-24.734507134842946 -31.978201243413988
-9.871080918531714 1.877792556139293
-25.805778300254428 -29.973275681438594
43.792892913888984 -9.486078332058545
-4.379083329374713 -6.256394228603244
-11.260042566970423 37.883109328173553
-25.028900656570787 34.883376578062979
-25.925663062950605 8.934414941894813
25.687637484709441 13.035620909020452
13.978395389596443 -5.243990671604464
-14.670712625038266 -26.012204442006325
2.073489210414274 -17.287570067369447
-1.405980264428093 -0.371800296689179
-0.489911397606494 -9.938080728493826
27.419857349576152 0.257533636606490
31.007245770307545 -15.661714227800154
32.487972994566150 -26.005582644055103
-24.130864273356440 -8.216858407323382
-26.188559645750690 -6.756847835026779
-26.604301236892258 29.327848969773424
-1.945741863090079 35.997532777312436
38.528067739673077 5.386804400747041
-32.622453686410019 -20.569555842441989
9.186149276548576 2.420655822204577
4.906217101731161 31.927060476586334
-10.168507855696179 -16.734523282769761
-21.733591408043925 14.865072099606111
19.702476810955016 12.185897125669749
4.101700596043090 0.345926439995130
2.091433084182738 -12.147244258387968
-25.673684177071721 -16.376024548450239
36.819512365805970 -0.739424912513906
19.958939196317893 -23.697734982267761
13.224082428443001 -26.327035491076128
23.803110542163068 26.980903424705271
3.473531110821453 12.411076161505754
-28.743475577463986 -1.029045643086383
-9.553660397962444 -38.743153844735879
-10.847285138867088 24.731769167135358
25.431449687591190 -0.736135478828586
-39.169895061817975 -34.453167375399367
32.070548493110344 10.802204683166742
-1.037615870741893 2.891065441014044
6.872737464329465 -38.691408295471874
-11.878235333074205 24.556853538018405
30.240831871057413 3.853119121371864
-4.554979753885111 -42.395767872119258
-0.041372897776184 -4.713966578651061
26.398296908491453 35.758234161616940
-20.590564608973246 -0.808765332416206
4.099076987326811 -14.258710775581903
-13.730039456595907 -8.547484700438490
-11.334588608841383 1.478656622366703
20.738371868818799 9.475424924448406
-41.767061799204619 2.714267703235185
-1.357142403639803 -22.769331501978524
25.358923522080513 2.538731618289441
-19.445272283112818 -5.103515669738816
-29.052534581568263 6.794568809022537
5.417854864792838 20.760909599587553
-47.519863466261363 -17.135056251040723
33.114810817213915 9.141223030236333
-14.497879708179839 18.321352778440904
-8.313257918221590 3.513293552877661
-1.493432133750392 -41.384817214710424
23.692987918061590 14.475845670923961
72.164812622455031 -3.884471883994600
-29.967878113874818 -11.480061818187611
33.298808811891142 31.168718588172570
-56.745686133824705 20.557346045810107
29.011566398861437 -24.614578505165355
10.286583095109602 20.188149512859887
27.766832190948630 30.177142461689510
-19.452456273624023 -22.465387800897823
-9.066435783685924 -2.625932619037382
23.720260799695179 2.923348535967029
-19.528738454546620 15.518797875529639
9.485096211960448 -32.647828837953483
-3.082769602161252 -17.961791741366003
-28.649424055198438 16.334040046647637
-30.083212420400660 4.135317960413511
6.691695362980303 -3.850221209261657
1.501525074248541 25.280769782510497
-15.592172414716131 10.333694585151509
-13.978860618271396 -4.204241929800045
-7.561483249824762 -4.228692154722326
-19.431503616112689 -36.380328400335010
-12.555754486567329 -9.562485200489238
7.864148132264212 -15.112065461833827
-14.827262430338427 -26.137940010787705
-57.701769049879751 24.102419145827831
9.591931096445354 -20.222710065566428
-19.044401524969203 -10.356277289351844
-9.696500951036962 -19.282737070042977
-45.387879536545867 -10.526263537043317
7.158642971365634 36.138357810781159
-19.912231068846655 20.467353572764445
17.894481257614572 3.083744414573638
-37.845893098410841 -7.468460240948062
17.547695390525867 -35.624552213969622
0.367737779121974 4.272033329941524
-4.792382036396806 9.363885196637781
4.876631071052614 25.057596885234307
-21.454558056985579 -12.536798591688019
24.862106127717645 0.083094119880007
60.417438171353723 39.211411527149167
15.005362144522136 28.467559347106917
28.926986184128278 -2.763106118367411
23.297542323348434 -6.002860959342804
-34.106169420880825 22.152296890128614
26.073184620634599 14.321649249687551
-87.820126080662959 21.017314347352777
37.820775310437668 3.340198882449882
-9.430879711959397 2.307775994328728
7.479168700096547 -4.607981781676540
7.961060801942924 -1.114538202982891
-50.628487101919212 5.199684356654517
-51.561181976532353 -15.615406656253221
13.556147352189958 36.434572414958112
10.025625237224604 -28.892461363049538
-19.241422726045144 27.035121437113439
13.525837274495830 8.414860800588157
-3.490065093815911 -33.591272454719245
-28.724726614146370 43.310258673332484
13.828338662509942 -24.528606578019005
30.230806049956509 -38.745330762495470
-20.149796562772462 -5.419303985817252
30.527358625954029 -23.014150330730455
9.417483313405437 -9.635153618317943
-31.910975577356094 29.321096334292221
-0.608019385475364 -9.823629229424007
7.241143533315806 -32.764397942274456
0.888823723340253 18.169533575462989
-28.306668061549306 -1.999102046388716
47.167852054050478 -37.871715405329560
-17.492695325924394 16.312993125553913
55.829166260589112 1.018102853231311
-31.596341823411226 -18.316763002125494
21.230268443593655 -9.347290793033546
-27.241751903133540 19.791647774227378
-44.760981042769870 24.261293318580144
-15.274238190880670 14.180039328272565
-59.238769715810129 45.110688621586725
76.273231938335243 -56.864439761352919
25.342700188224885 32.221937400349411
12.716621462027900 -45.687643986325078
54.842165294797219 -31.006136733907315
9.942689411922801 -12.267351606523224
-17.219155803482746 44.389730084262347
-24.593987629391375 -2.352121959118803
-19.162891081287949 33.876421420209795
18.349050408922942 5.067196514645854
10.481807850183673 -36.466197203243979
-36.883264120024634 40.890080392714133
-8.485236913189359 -27.098314882397720
27.180934684981036 -4.684838054565072
-35.108820033027371 14.504497022840710
-10.742493852150009 -49.149908920726197
13.085395858556584 30.152183021124944
15.656908783724552 12.400725318209881
-20.068251346128161 27.349046413908393
19.650387310791530 -18.623670950339204
21.371758787303566 9.958104284174885
-15.585769418220956 -48.115074128781821
-0.048667753319379 -4.407734191617333
-7.906059154295621 -8.839352935109448
-18.141657842337619 16.433212488310613
15.007689721028296 30.993086145886732
2.366977811843568 -6.175282684829044
-1.117780778872139 -10.253454920033386
10.318773783836576 2.693421838741304
-20.521509131638194 -0.073570233132924
39.461674688474361 -4.124445508010910
30.197229041188631 -32.390558943864995
7.811121083577773 -32.715423043838470
13.613930977826159 -28.952845644376502
2.795382030814632 11.294940064277791
33.030296703366062 27.456328067915898
13.553806652424793 -47.197019946443696
2.855867274844331 -12.634009754084497
-16.589840679561608 1.527765609518485
-6.043466515466216 -27.992055925358695
-7.405730351287874 21.792512802132496
-30.300334543393092 -26.208086771529540
11.955564781611496 31.999699415359295
-57.600395182440735 3.839557141770381
76.703744608896756 10.154029725695151
-37.510742505071491 18.419258047834127
5.521852994767201 8.758735784274364
-1.956430136217443 21.276500228934243
-18.189088109194731 -12.636449131886705
-21.476243619422597 1.741037511057003
9.986933399568377 9.900117348216956
-15.930880001756178 13.844450228374988
-30.889374641908102 -0.852917219570111
-30.101923573218450 -35.991108840400727
22.427076956397272 -3.194917288344719
2.640945967362553 2.937950596226250
-2.283447150147791 -17.883232579726371
23.341829805077914 8.378287803509426
19.022224610646415 -41.800970524888434
16.235505896270869 0.123483017843141
-1.919039070688241 -18.464215258863597
-21.859513168029498 -27.000333881570032
-6.625510872034533 -5.827556018391826
13.443773723372960 0.116368619712923
18.466830835182844 -9.590244872258769
-10.732976405662869 -34.102157310637665
34.316178707371606 -31.194603979919492
-10.885000215329374 -26.587478368168576
20.322655751512880 15.169613749535573
-18.751532741486265 -52.276702194483086
-23.361858451344418 15.172938798727671
-2.066605742181645 0.773361818663573
-9.867966264560076 61.725203460774715
12.446072094378044 -5.962963219045998
26.064628657027928 -10.387369718292449
13.793259572443683 -27.514363655555456
7.733392226954328 -47.644285454866065
22.494258071269410 4.288110560824948
-24.589554811263508 11.119671214167298
-57.768231198106974 -17.532593864625873
-27.514166256166099 36.347578072495985
8.194009983045207 -3.006269008800741
-25.756658795177596 -12.879958753767804
-25.818924787741803 -13.418956916290869
-49.905122265078340 -12.736686497453846
41.693075922571978 -10.830863288727766
-25.789029832351577 -4.420690052713491
-7.250544065299252 21.573975087149066
12.621492395189163 11.637516075184582
-15.742944817585428 16.549688548249218
-19.276729985852047 20.979907758822357
1.152425187272061 -1.285991060734146
24.991814687297747 19.875061483119801
38.606099445717170 20.731835809626730
-26.320312855460866 -37.026818328270195
-21.656179471065894 -30.019394146208857
-3.545551951841997 5.392685274535289
18.623651151465360 -22.229218722619237
16.977542422203381 2.777578076416452
28.506578937967447 -5.992910893330404
5.147564694033483 4.954027060944164
-13.835409631922666 7.206261067404222
45.382715279001758 9.931028279865529
-26.752656574031075 -1.476398342216520
29.872539755509322 -1.668524732056128
-8.527231552424393 -7.697094441229334
-26.157977342726053 31.422327775810604
12.431351656871259 -34.131969298439394
9.020474235130809 -41.381545129197917
-36.763954738139084 6.313657880503971
-25.230736341654659 -57.747039502055515
49.296989934328622 10.128166237156080
-13.139874075322368 -6.083550757815417
-47.891832988709098 62.568331106951376
51.666217869412812 6.378892577765823
-4.205570707353260 5.173936343941621
7.186901283426914 -4.597456012951559
-62.159115921881273 3.791592657839228
-8.190570141389379 -20.819539329336841
-0.135048401120661 37.867535767962615
3.482869656671566 3.910513484654717
18.438245949861152 -26.845170733653468
-4.460949506749579 11.945153990729258
-11.231059332438109 11.449037889669928
-2.596554161578076 -20.589545609819982
-39.600633063551413 12.805350328579353
-29.053109572894368 17.878005272728174
24.880525351015237 14.161233521199577
-9.049155581964751 -6.675545472728126
5.225469824611498 -17.867316741011855
56.000627553861136 -15.008378119880394
-7.546776048753547 15.095203502407221
2.089661347016716 -43.674491157226505
-15.372765811894253 -30.670450172796908
-17.911753615502722 -38.987316367629276
-18.946550453836814 5.028350386808094
-2.219658667579941 -48.248039872775287
27.795810732868500 13.808080507383755
24.247216937217395 -28.395066319519714
-0.763457765429419 31.670614848392418
-0.068742115487693 43.768928359543111
-4.053555837077772 14.622733940566198
13.677122944398107 36.526965918863247
-24.499779842645054 -5.572434415506724
28.979641739643768 3.032574855251942
2.917478733287036 60.850527621577093
-44.590702775761883 61.594860231600073
-22.641293795057578 20.676740259449403
-2.176943422848185 17.915215495712687
2.894295200887183 10.723865503398383
6.032556403915707 -23.858586027914772
-5.025106220839011 10.157681066596744
-0.432634801172919 23.046288629554951
-15.298009035147686 45.499465777245469
-11.950167879875080 13.890948086006730
-26.032376302268155 13.393055548263533
4.015649961847691 0.326880415711664
-8.690763408387705 13.925494623848168
-26.544429595452250 4.479367892213961
-3.909721356144738 36.193968138390616
-13.364881992324703 -8.740120195156729
-25.096596220086461 15.511437349988906
42.577544227349428 16.916844624594514
16.900992778207375 -12.907291132457846
-8.333361885163828 58.425753987507932
5.094805971858041 2.355126248132647
-24.356097627022848 1.496051352686923
27.707753345658748 -8.221622947397298
22.859888846117624 -5.474216031608527
29.245327125735827 35.751687299989243
22.352347000395369 -10.478432828315640
-7.231230259105842 39.580157272182838
-5.536738575442736 -23.209444122191233
20.172493868069871 31.900160564266955
-38.652507091230760 56.505307782534977
-34.833912041569405 16.669341174479172
47.259407788682118 9.474251347462641
-28.324559273629710 11.703582570131941
1.410984752612654 -18.337802078670904
20.096075698285741 18.897941308156113
2.350318035938971 0.307109974188062
13.139373343679843 39.074378112166990
-26.802185118261502 1.488090139865025
11.849726862645250 -35.934390356938160
-13.896858763661834 -2.760771860010657
28.233369541099350 43.991500440931688
-2.035979681941682 4.891242046903352
-11.526691488475281 18.115531165355058
10.038553562187099 -10.412514227844026
-0.342920411095869 11.046307968268149
1.330568353224497 29.849326577062065
4.111454581900719 -23.508935045889721
-36.316551762320870 1.076351078949710
-12.690228016749661 0.717414427116298
-42.433502923764351 -15.376157401123905
-18.503705000140243 1.088585322796118
-19.029563646731368 -0.040871260360465
-23.574691227978423 23.014179003978136
-8.741683116183049 31.232918537613891
-25.043009733106295 41.139654028526920
-6.754759939405206 12.449857058698360
-47.793337531359981 0.171519440522990
1.002897779401883 -52.365234705374739
17.225638855374903 4.623208465163560
-5.349484908184087 21.925032025857767
19.772118644203573 -27.363437947639618
-53.264575723524743 -16.728665375880944
-10.611981180264365 24.761510606688258
0.945858146535789 -7.623723756007882
1.009467032728569 19.899853997751837
1.789422137614371 10.305503925939062
-18.665012022276827 -15.401616705592721
-49.167103985576965 31.783762805026946
35.535584171818535 -32.484006195476169
12.555558013866323 7.554253257500432
10.093609884280642 14.352582286641439
8.389745892007813 3.997799834035265
26.233908998301462 4.964628117295169
-10.465608889070461 -28.067184681238459
-16.649942351733582 -6.990746848639773
12.879508676945473 -14.248559309914986
-26.836873392779562 33.687092829433787
10.147206353168654 -25.598905462761152
-39.012985266512565 19.912571176472579
-16.405620677864675 -5.930190792820969
27.056175349618528 -8.736171363582894
29.157454533071721 6.346468745761744
-6.573057874318667 10.128456677426199
-44.756950500310751 33.713436206344475
7.783597158827900 17.741492908279156
43.815776482571742 -5.814083965314400
39.381635378589969 -62.710184066940165
-48.336770102775489 0.679832651608031
27.848250294998479 8.421516297790557
19.782495341429200 -4.409185038137133
-16.750450131970815 31.031298065527160
-7.669167419819661 1.654055460644599
55.854203606957682 -33.168435692147845
-0.941030295273812 -43.365790096870349
-13.660526481048068 5.391614851495514
-10.574303094239852 -36.134436001551911
-0.225693098508900 -8.362979878307430
0.867565829712688 -10.634962110027899
-3.217899642167210 -28.054184860721989
-6.240683832548321 69.803654990266679
41.855170020697429 -33.274238515199031
38.384998994531401 -50.449554756966172
14.386984640689304 -0.963255324276249
-19.819396801987537 4.419145206006384
13.864125966975942 -36.216787905429079
-19.439351604697482 24.234324652574003
-20.007930071734275 10.531199001695480
12.495341498269896 2.210512248340851
-22.169481427570407 -38.741160127279194
-56.154334655415283 -18.146286711071120
30.197292576834268 -0.911404344922681
-7.842880479549432 -1.192526292245328
-6.495550899085172 -31.183500637186079
-30.785386024773171 11.226946047227576
14.908904963974017 -32.763818271222753
-25.609495347965051 3.876329156765503
-9.308487823629488 7.061535783076681
-14.292931867718355 -28.153902399159758
-19.527869148802829 -5.041697838652750
-10.203134245779205 -32.159469442652060
5.581653486058643 21.351310551921070
-4.358888433021431 -31.202949990230007
-7.209937757682757 47.502532980067748
-3.838795397743035 18.642746146785345
-2.337421978947924 -3.018271948523622
16.744745196391257 22.373033417580707
-22.603654268627221 15.118824395379772
55.976662861201234 -7.477904118975281
-9.061890330241342 -1.449023813252985
38.486718666219204 -13.035323094796095
3.490427101036087 41.048461955982447
-20.122244378665986 -18.945830636917020
14.261357735755238 25.101788090263021
-4.152626324944293 -18.312486261774378
-2.502619306437324 27.982630797371723
-11.480737130997644 20.275275629405147
1.630664797853427 14.304653601614095
5.407971391111898 12.436325628801645
20.698977188197709 16.227590031771040
3.735100962795376 4.040862785748685
23.902716184943255 -55.861934125046069
-12.786277798660901 27.583305845442151
-6.710557045852932 -13.219543527912194
-19.101655753022797 53.301957984165362
9.375610938683135 10.112984152313397
-55.636639075493321 15.089498531587100
20.634064006320155 4.345899015491453
9.469819429301843 -11.897840957380634
-45.517960402526747 12.159795876753835
25.136373635283999 12.855148420370467
-35.351688675204741 18.895089028929000
26.096554872047964 25.116715543026114
10.301458021011381 -1.599132394294366
4.147761017222484 -53.138166271506414
1.462840934447312 -45.676432306162383
-52.687787243927019 18.714336379366546
26.813802623188231 8.124174765767536
-27.324296060025230 20.552590376884357
-22.141678955723261 28.340094880655297
1.756215824305023 -28.370322182927350
-10.867657229604978 -15.107933265416200
-22.652360785566412 5.094930128808631
-28.974273586875817 45.013890538907148
7.874652720412385 28.448541516476570
-12.290298243059226 -40.971559684702086
5.111852099059812 24.328890434214365
23.920303416370796 -41.922743526948423
44.767167410091204 1.674260350363074
19.715264464962626 5.310671659241859
-64.413497626910498 10.587504340688881
9.420896292962803 6.163742816430604
-3.680128888086822 53.760417478250865
10.785556781326276 -27.499095866595191
-7.045487161750633 16.570515647347758
16.350275241600254 -25.530857368995513
18.239185419136234 -16.592233834341304
24.499814753738299 -40.142182660798774
6.248128999529815 31.829432467789065
17.101219645592444 18.233066029601915
7.622800618591963 -12.533068654186954
-33.357365028706589 -13.350830896615012
49.542395071231496 -13.327683090651689
13.139883716388491 16.297008414904038
-26.678931439987945 -0.950467144052092
-5.700400423897087 -18.660691105840737
-15.320371354567746 45.728569621236289
12.805275208064243 -0.932807792260610
-40.089006947785883 -38.547857781357784
-52.763493355805245 -19.571400357923476
13.550342308366226 -50.629434336084991
36.956865011341506 -39.294280771271502
16.937362279914652 1.501614593902229
-38.147181833027716 -28.560612197082897
-25.527405851883682 10.333786149229509
-16.850924433189082 -10.047450422968060
4.398641331104460 19.978117955734664
16.487020287366235 11.543393432826640
13.461730676160334 9.379232909933064
-15.391452908981968 -32.550227596580285
18.763950303075362 -5.598401347965803
-14.040434345901247 13.201516250511757
-21.576685002466299 13.552941811583416
12.440443903098746 85.156289545305540
49.968664929481605 -7.946572687769340
-1.948670102288816 15.103094024401619
-24.982896377657820 -16.708581041922852
-27.489415283477765 -16.218775970930942
30.599242011913066 49.951754120595645
50.045941643665294 17.825776343945865
-9.351414558060396 -34.301624374881918
-14.258118219049313 5.338880822502060
-0.482769578817249 -16.868269218496941
-3.515519899986295 -6.600435693685811
-10.789952598444467 17.996118098354675
-53.324089763729432 -1.335008255697807
-17.301918423813486 -28.354374983938214
-3.593488939424556 -47.291134178139700
-28.851932458321244 14.043995278815824
12.548726411408932 3.943887734305689
7.783970539442621 29.483088028532869
-19.698457593137242 6.202974982949340
26.262233439205662 4.217521209242219
-24.956627163540695 -10.215819394136236
-19.649303170262552 19.610102154533141
1.738691986576572 -12.759835675807043
-14.152353965981252 5.012267828891320
13.022193457310667 6.168648655103847
-0.371848565899706 18.304308484879968
-4.758763023614222 -16.977303608440039
20.458891226617066 -10.975481190110305
-2.880987957671173 44.427642847761710
26.032744857255526 5.565208407841560
9.629183187796125 53.105478380661062
-23.767359363341168 -15.133077073569492
6.647351347851922 -13.006676198158534
-35.155077028984309 14.645151123275593
-9.866606949382735 14.117383591740161
5.600421246290559 -3.742266489511546
-11.503786088105910 13.457948959252150
-11.257381545982145 4.624613345561781
-5.368867468250419 16.705926556196449
68.337454173261179 -20.649653087114988
24.284249565793289 -49.858873522859277
-0.857066187124968 17.931934518365331
17.785222434565206 20.865346487640590
-10.549130380950844 -2.825245806694523
59.352079204773055 -13.989433930186037
37.247035490736963 -18.958386844512258
22.838935653718625 -22.424161898126798
-20.838120024617609 -13.020578364807442
8.543623181135583 59.988454304815164
32.820463341313243 1.665086266913466
18.738244213847011 -41.687552319640382
-3.237228088250820 -57.940831546367484
16.499624900261193 8.538265884239209
-42.234707948599450 16.997804716228373
-4.634277119889616 5.622976234724248
-20.448281351855456 -32.519338997158265
22.143296871374993 13.477841504797597
37.628835754254396 39.412101929850429
18.971897539862184 2.913700765283278
-8.157660769954338 32.565382218176147
-37.185251116422208 -3.392980418957384
-3.461262037697964 -2.965399373412784
-4.408870084604524 5.267140320608274
21.034399249780698 12.193193524516355
12.012522323739132 -12.995609809591800
-27.781887388883224 -5.751367118965276
56.587015883146357 -3.704666607364594
33.067783054349633 9.730888067640000
6.268194595663204 0.668446049082836
-7.825271048034778 7.250196148463102
-18.091295174125722 -7.360558290812774
35.316601371492986 5.835581516572673
-13.918409409810794 2.304535200247563
3.068677044786967 0.296040593741719
-17.368513157283388 38.474982563646257
19.641822924362888 13.987640618604315
22.687285172034603 28.527473985059494
-19.065710179611109 6.011088275418058
29.874216343785836 -11.266263266302463
-1.209268818297345 -14.641888995854913
3.226907669891071 49.967316562084868
45.483935657861046 -1.453505900934400
35.772981181504065 -26.776214439964921
-1.849772709681238 10.444708242660701
24.879403820353254 -84.936628238372990
9.434336068034096 -43.548416483566534
-10.479401691562773 48.947638449302246
1.408475985652714 -13.418932456381938
15.418444556423339 -2.141932719188339
-19.159968311079290 4.835119036157004
40.565702895986561 -29.201291528360741
15.812209615454183 21.601234865713163
1.765976058613096 -5.378197071919171
1.896196430850476 -23.264789558008982
23.491814300318083 1.135778154540370
14.474551425060886 13.865964941994488
-29.249806148465307 -22.960980086892015
-41.134111422452548 14.245403356731538
1.846741407037733 -21.762826371208533
0.530992838354425 6.147166175652591
-39.054755594638323 -36.620923690942632
-18.180596664121435 5.060974801754941
34.199409409532905 54.709358596148675
12.415353800987518 -0.697135892961174
75.548913760817996 9.368223092770986
-11.813147049313120 16.181965451576499
1.798981697403093 -11.268914570114354
3.480475900770864 25.913802199335294
22.306530635084599 19.835601258150010
39.434447159544419 34.453553638351593
17.231717533049082 -2.684973525598997
17.409718384409040 11.204987300651609
18.579023744453746 -21.583948574200647
-1.274823663384011 5.786700339145312
-6.095577340968330 6.446650796128758
-6.947478013841347 5.559982242005885
31.618265105972089 19.747840458972405
-32.523776447286878 41.742392884214830
17.763630733682682 -9.361672959249036
39.459879390077496 47.539216169526533
21.106785240809842 33.094800179850807
21.541739586057460 -3.208163326775902
0.545040632672179 -30.703982234292500
-5.867383903751054 -15.519568734154552
14.088683094373657 9.034074490828857
-4.482572563918680 17.972221156673694
-53.922633965426201 16.556974259790138
0.173514585178404 -2.175147974940168
-9.069251233008094 -35.618223725901053
-12.282783465487130 -12.148434478913583
-5.227356999281909 -40.271714628491928
-31.947995888195120 16.873870108990381
-23.199505617834596 9.116542440831052
6.474534500117170 -65.543694293839224
-40.800171319699430 -30.502147647706334
-20.662848960259090 -4.041095703404014
-6.459709509849367 -0.168943277533337
-9.877781385940692 -7.550301556447128
-7.966567988319354 24.204502577006615
-55.879729116095092 -30.034618169061268
0.410609002608816 -31.638509364599585
-24.816854402793101 23.633894838358721
58.499607101676446 19.036382773414559
7.497222099856417 -28.882897000563993
1.062080986526077 -6.644702647963010
-44.142580479161012 0.963279007431082
4.348078436715335 21.549459996833061
55.281288572773882 -9.991097626069136
59.008316040975124 -11.770322997135745
-18.030310379455319 27.279462845405828
-5.801282927037518 -6.014490172409051
0.031025075022131 32.274852266910642
53.144825529486262 -30.920837380920712
-20.606733514332596 -6.626938307795361
-22.649139322257298 33.794538704502578
-14.650073328505030 -8.756636204434365
12.009643720905963 -15.887101030449578
-26.925634966164139 -2.200817008535942
-2.541258813060987 13.405008815960626
20.121944414749311 54.287624360647996
-50.662161306280730 -3.435548399639952
-4.327137213191175 2.453938306911719
22.169643631607432 21.941475861971725
-30.927333856802733 10.116263766875145
-25.289477713214147 3.716245796538331
-31.015823205977838 -25.151869547117748
3.177477313526830 24.041976014625096
-28.830634486191141 28.639369242213590
2.404358842917127 6.045763783767844
-11.682145445248235 -15.879780948099192
9.851847124044243 -18.151061578967081
-46.975830733405637 15.113430802432241
8.629856365073026 23.425173784511809
-5.117935731707577 -8.268580714456009
2.068361169720851 -31.698298029473445
-35.431189277549635 -38.530308498343970
30.071516913796426 17.429026470152778
37.470945723045901 -0.577054907807507
-14.655690624199389 -17.045311810249984
48.078735266860335 -16.746423209311804
22.636577125779564 23.232459831094857
41.358508071291403 -12.523438058624819
15.302425180272646 -0.662841634151463
54.937315521817538 22.602034600584840
-19.714879368435202 -13.879071008173931
-11.543937402832617 39.899329351395700
-21.996054981792980 28.636072693728405
-27.157954540498793 36.861969069750515
31.068103985963667 12.493868921500690
40.402646036976726 46.151464685133490
-9.693789484327684 -15.789520876944689
34.031002823230430 -47.395822772702594
-27.399519247498038 35.887506457687387
72.787593988880019 45.693597381727386
15.860919704677832 37.045206480107410
24.959679592016762 16.969191039447932
57.487048847156203 -3.380896816898469
3.970997419742365 -19.575819152059296
-21.445526783125274 8.748479720687273
-39.739018201183747 -0.184574037547852
5.377994739141950 -15.013172170260567
2.738625469835065 13.740435387060320
7.228700087486268 -35.301635726901701
-28.481224508027442 0.697279426377519
-10.720964279916148 3.376753880533538
-6.421874125529946 -13.258509043293875
27.529540905982007 -9.747132368507708
47.014667056684168 -10.564394646341977
15.606424725018739 43.790940387241740
40.138719987126834 9.115160235713358
-6.181203938407739 -28.345019628241722
-20.625995673723555 -23.658383274967342
-26.283234305981335 -23.664555157328287
25.091129697571837 30.469541631432339
-14.888322496075620 45.486897865832830
6.767010032327200 -39.296968667386949
23.282162059717855 20.000163351325590
5.801626421409619 -8.438920117417744
5.233305966768167 31.292174822128640
-27.504859133349303 -27.300621368871820
37.050692164778710 -13.796686272502409
-62.301992804798800 -46.030506292513863
8.228911855607057 4.681633414177290
-26.909018153854358 16.856727629015275
-21.391703839970869 17.783756637811958
38.484134509970275 -8.533897357306392
-4.494377108833159 -2.791829356560617
4.696221393794357 -5.467222372870252
-23.645631747916831 -8.469856643911969
15.042843145582976 -25.725096303059313
-10.096306988845702 1.047417895460410
-24.710238804687332 8.747944344666086
23.289518788524909 26.811895383445652
28.461184580261257 -12.246440762652114
-5.071873740396466 -14.016835176494203
30.713677782268768 -18.594214543345700
-53.549867950860339 -5.260531764998150
28.789109380990073 -13.259426783888575
-51.578481424453237 -7.224672731926209
29.505306892982848 -56.887386822376136
41.715697817924436 -30.323816115301771
57.697697381832192 12.256286331931962
-0.523530099380408 8.142796249347562
-21.415116132015591 18.140647797695024
9.962790044636202 -3.070582800962702
30.359193575347362 4.710397998617204
-29.002935988941982 2.683810837544840
5.233532168134669 -1.658575951138181
11.473661537481533 3.738390475634907
0.689384985302060 -17.117860457614075
-19.864228942642971 -31.686825631134909
-56.440195943565932 -10.254859302549383
-13.895634483223764 5.338824465215692
-22.527339424414887 -46.286901658178287
2.938515903364830 -53.347763906926687
-24.919001007024946 -4.873756308667323
37.759237872877037 29.740594725891132
-12.484279462726363 -8.462532610088180
7.230295353864472 -33.040000512242102
2.981005513983047 6.402701631689365
-3.209810980086703 -44.961020354136856
-12.220230122342180 57.542700810526036
22.080625559192026 1.071099040579489
41.671877308029998 -9.210863048543343
-17.186208539268026 56.816165258654998
-16.039067193861904 -9.245741764313086
11.287521037189761 -0.470018411380192
16.161614284077217 12.938566058279605
17.746174857900410 12.441753501756109
4.724501306127913 -25.992428856202206
-22.952006740155898 2.546124958895452
24.679473953634108 14.961585034121038
-8.137297251404419 -13.235871151468917
32.943012970804396 16.752850517041026
36.605564254830917 36.106147438517567
-35.817083648598505 -32.286814767627639
53.097800116646120 5.496510394075620
2.409191833659697 4.600113452993733
9.113099026034623 -25.172435438018539
-17.204232745386076 14.388367104337666
9.246927197994296 -20.982063514741899
-4.520352274024036 -18.239192326862920
-9.325559824095453 15.636183882826192
-40.915279488337767 5.639298415644364
34.215423296917763 29.372309648006492
-8.619520446897813 30.439207611646715
20.703366284364776 -17.380465410014757
9.259193172693445 57.682282802088118
13.610502025024173 -12.388179640922381
63.154537615276865 53.219740523334423
0.387620828265168 0.162021455776446
-38.643183516377213 9.258768771160716
-14.877740740966146 -6.347854443505591
-37.937770194537840 -15.764263029410015
40.786495109466557 -25.225325560746896
21.758607260617730 -62.792289203514230
31.958579578147646 -2.784490850768460
11.983699142500585 10.557165261045860
-6.870090898655480 -27.268499483900850
15.416521459407333 14.604280458743730
4.211347450805143 -3.251980662959856
23.026180634446153 2.937013419984739
21.375219853657015 45.152435289481858
11.508286179627190 4.228028938492902
22.593141598477544 3.312321255823180
-14.280165248276159 35.163980174950858
-22.254349574731119 13.661202516689546
19.246598875923254 25.555778585770430
7.886216207159077 -55.266935349097281
0.254312633333679 -44.431812047564812
36.878300322979385 -33.681081900420601
-24.317957946528441 -16.472833406930231
-21.051364842621780 -14.326021829577822
21.119911374817470 21.024710818271263
-42.388531984944244 8.941740792317077
-27.861293546139457 -27.940680535362496
37.828008063270246 -24.703686496666354
-35.908035895128940 23.900911145802201
41.079423523253283 -31.116250775320427
-15.029644134857051 -16.602182463311145
20.884817345713373 -24.335603257575325
-32.984803768016100 39.197785796553205
-16.178506590130265 -16.352995374916148
-20.134939856202163 -27.271053225241960
10.047312005595570 29.430459609241090
7.242029232814944 -24.215900717226262
15.723376917315690 3.286724978062373
-35.317915278333345 14.844605673926967
22.055523529315405 32.261624060596837
15.874444279371998 7.493010129191948
-14.425510366578070 16.569455546951602
15.329993978669608 1.562296120484171
23.843296876866248 12.000335862352541
-18.447656181256708 -38.049039524023627
-52.209260989784816 28.295714771503011
18.892169568488605 -33.128538155153230
37.040642319306322 -4.902040437288485
3.069125292573225 14.884918470971515
18.681117232718030 14.839914168827837
31.346314207902427 8.040313540930285
-40.661270515889690 39.743447525026092
-18.080240319248972 -7.973375990199115
8.578647036569242 -14.352322244442799
-22.955824947989061 0.959434921491741
13.586743969825436 -2.875236808250833
11.781514140972876 14.577926955787960
4.975058581388105 11.466756052804614
-17.186471747684411 -53.112907210960735
10.368583660917267 10.971816052104154
5.096459527791431 20.801983220934840
7.492041432661114 -8.860457132182324
-17.789583740236864 4.108885726737550
13.118583744101826 3.288559240163157
35.394288038333535 -3.795326469946560
28.874583462900002 11.789902296247059
1.219033238124106 -53.587673871884142
-8.911984646975943 3.031595205518815
-17.357847656838317 14.860935475649780
-9.283901901316405 14.554554113869269
29.440774622552958 41.622164934220606
8.594324731099464 33.767773113264212
-37.018450490046938 35.708251064420537
46.634326125351322 -3.872956570618628
-4.636754438887836 5.980483762844973
27.383769721646523 -12.547078136337165
