0.000000000000000 0.000000000000000
0.000000000000000 0.000000000000000
10.841721289161024 0.000000000000000
-4.640808390755542 0.000000000000000
4.266628913140793 0.000000000000000
0.937743178978432 0.000000000000000
-32.225656692005565 0.000000000000000
-61.682813403934205 0.000000000000000
-12.709970636304202 0.000000000000000
41.262816186255158 0.000000000000000
-26.699506083166327 0.000000000000000
28.870347098517517 0.000000000000000
-11.450086539490785 0.000000000000000
-44.866792016946484 0.000000000000000
50.785328036565609 0.000000000000000
-15.265425512943736 0.000000000000000
-24.546637221915766 0.000000000000000
51.000717478154655 0.000000000000000
-4.858493770110526 0.000000000000000
-25.097795590017171 0.000000000000000
12.448808490501888 0.000000000000000
-8.395191211714087 0.000000000000000
-16.255096510433599 0.000000000000000
6.710934076408178 0.000000000000000
-2.649905722015831 0.000000000000000
51.812060742126604 0.000000000000000
22.992714719116218 0.000000000000000
-9.954120746540740 0.000000000000000
3.609489185665246 0.000000000000000
-49.097477728901559 0.000000000000000
-16.482172385771864 0.000000000000000
11.382431928482520 0.000000000000000
29.240909626114632 0.000000000000000
-6.257086511660406 0.000000000000000
-38.716849890196841 0.000000000000000
-43.521849599079935 0.000000000000000
70.531361646685809 0.000000000000000
37.060137762914614 0.000000000000000
32.087825235391676 0.000000000000000
4.107960108784120 0.000000000000000
-52.437495048448213 0.000000000000000
-33.921982553888974 0.000000000000000
22.512756843813115 0.000000000000000
16.161978605739098 0.000000000000000
10.377972806397713 0.000000000000000
28.589067552645943 0.000000000000000
62.439549033227593 0.000000000000000
-34.952626822506950 0.000000000000000
-4.437913537596519 0.000000000000000
-6.615203777238376 0.000000000000000
-2.865643076507610 0.000000000000000
0.000000000000000 0.000000000000000
23.459592444487669 -7.505108104343559
-38.632204915260935 -51.307720684272610
-31.556853623038570 -39.332105105152614
-43.549512731424073 5.530028487044024
55.000493641551849 9.164745859882396
-17.900441267986363 0.441452709238100
-4.140366078485329 43.746299390688577
21.506986228464651 -1.527006128365514
-13.675744367885267 9.443555548706513
-20.829952912142726 -33.652079463863878
55.038813303554271 -27.041226937158079
-3.798506865310219 2.200593158964066
-9.118811277955576 -35.265290065874332
-3.379021223430289 14.588080764359271
-13.266654299788774 17.272163298876901
-17.135880747391553 33.322447089983640
47.883112513478871 13.750984389667851
19.395729082636844 -12.734066617100966
-6.530259747621193 -45.496251531503852
-34.284500012490270 -17.828698859842049
13.393542477500404 45.267409549354092
3.109325387459474 23.584802813149356
-2.173750481757777 37.247003383336676
-7.957775029959679 24.857449369573825
-19.500271304923288 -19.157775146975180
-7.165657145941813 0.550639762405306
-2.779486518549176 10.988304112413646
3.225698797547474 -22.481524746027421
-57.481696804364780 8.930839494852520
8.579655720913264 -53.254033235041625
14.672756287130802 9.660436453600925
-46.701702820041731 -44.811078823135070
2.363023762974682 -4.175600287420595
-13.586701480308051 -10.239248787644975
-5.963075288317857 -28.310194752511197
43.565775845029819 5.202927066589565
15.340791808585388 36.847190702358944
35.468259140567604 24.119765584175472
-29.810136221448058 -40.691079040830083
38.548680454617639 -0.706215299587307
-30.661267185309988 20.855270593839155
60.150223850350841 -42.432433873213725
2.466402606465626 54.662926780434226
30.704703482516599 36.365117448591995
-4.881799272573759 -17.929417640913691
-4.203657741574589 -17.446319006218726
-48.875187750555725 -19.143416543578589
29.090207473724785 -52.150340322945347
29.476909029052287 13.493273963420503
-41.825190721641604 -7.911559904587959
-7.253415319230104 -1.649142371604796
24.585567653297364 5.704141104246827
3.227699848782193 24.181092120437647
33.534008553135358 24.511664428160437
34.321699881032174 -6.267298451076432
-11.122986791983498 -13.093505617703901
-9.866568907014887 -17.610272893099808
50.489639056637557 4.194194083680340
21.658630824858861 2.567761860618349
-30.825966402319509 -3.103182706007213
-9.707640736955403 -41.032336218620628
-3.238010037625629 9.659816210241884
2.006167815907982 5.610915434695070
-10.072923648907320 -10.627433204507032
-10.893963045405910 -21.095367085338864
61.964233040545203 -22.715530623717729
34.415991839224255 -2.947262208762333
-6.520511430780435 5.482507668475296
5.008641774535806 -39.455757528710492
1.351083290343648 17.536726039134294
4.505215122845632 7.673130470049249
13.483007967157958 15.596072696121015
34.050667488923089 16.259419107580207
8.007502407600615 -3.555321269592240
18.681824735524636 2.797773290354284
-27.149912668415350 -19.940075547965854
0.561958850081276 20.265269079076493
-15.759681293921247 6.832575987589627
16.079792983946056 -29.957889503259480
-17.876739426888946 -53.377727975324561
24.210091246685209 -4.436741383939822
3.327952825685139 52.185367495561508
-44.437828734737963 -30.230759860781902
-1.551348959985055 47.933843065130517
2.803359924746269 18.767422668426466
27.155124377551058 -5.599933596820828
11.998725670178972 -17.152204533790435
27.488808451167227 31.980139895411515
-6.815415299804702 -24.535743498767800
-23.751374729486756 36.557950942342131
-29.905977736755990 22.952585190009007
17.582193102157447 21.950202869807857
19.631139725332357 -2.648707616164891
-52.321711397126776 12.551713712793548
-19.242391889680732 35.545642450320507
30.266634286387188 5.612892000176513
-7.040226162683613 41.889319009801099
-14.265623896206742 57.357172921639524
-8.865537940541449 2.573963997585934
1.690814663061134 -27.026929249313472
20.989487570355486 -32.381251816840241
27.244580851023105 16.307192333147874
-4.748784469013523 -6.224729914558183
-4.808083795145583 12.870947279812896
-23.727178113437454 7.731886428686131
22.884233939120268 -32.230913594996821
-17.889750670280510 -25.218449638435917
-23.579840312335904 6.115319627966588
19.543345297614170 -23.519215929182067
-2.229101836713739 12.506197747268970
-31.548679179375732 0.866270580503522
7.589249783866144 -14.993660073909531
-38.263496419418608 -25.656801158862677
0.966645735855931 -16.489765245749304
-33.820310286530152 2.012250570391060
18.644027668938470 -1.973122671035146
5.076820239871794 8.565463504186763
-33.306743308878893 -25.942848451690832
26.136653236200978 11.989482632048512
-2.638696013923495 -2.879151149005365
-13.386365270688954 -14.467942700759385
14.106499880986823 15.602226755674048
-49.716173742288476 -14.243757292367906
-24.056537118736980 -8.452069542717338
12.257469824227018 9.338110957557058
-3.782649178824969 -31.332632808477275
16.188649429435682 40.545608791471949
7.421054408115498 33.488260159059479
-17.707089013707321 -27.536413058360598
-24.569143863836338 -15.283167775069392
-9.418809375852668 24.258553784180087
-15.878642028104451 21.933969208976588
-24.046057573510232 -24.624546415270213
29.357980340792093 19.808812004791356
-0.598587360472362 28.703905898583898
0.183072855822141 27.220308699535895
-40.928564924761851 -30.557865093589136
-4.699076615939034 -42.243796664522982
12.483002907948716 -27.369890101835011
12.891178870817065 -26.133314674937996
-17.618855327756386 9.026058419918563
10.685978218319727 -13.609315605528602
11.933575587648397 -6.292521297685455
50.680344780631479 -24.818778062875651
40.946515731905954 4.450446489256657
22.914164992199993 1.796761687020006
-18.802676190004746 12.082531167462308
9.914680911629210 -18.825574955300109
-9.024729913746100 -4.916926245394190
20.669975235218686 17.512337597963612
-1.702000972868332 -14.354572614281743
9.653123148361294 -24.116404149507453
2.783101305504049 -18.759020742998921
-1.298938233797495 22.964480418001973
-4.281646315580758 2.404357284044864
38.043562520905283 -8.548207112686470
12.083162003243945 -4.630344733419371
10.114214284309512 18.121694393213922
1.259091791410571 32.645090977238112
-11.923175845542737 -3.203537126270235
13.554996234769408 18.283189203003829
-8.396963814600563 -0.521678713233921
-9.541019761603083 32.234464221051304
-43.606412080994708 -11.855313405290703
17.860429592252643 12.065461867879190
-20.209337491927904 8.813728701066029
13.200082690369410 4.167029786505903
13.329168362737837 19.940296874871898
-1.958737467600571 32.971788518678871
23.249733159550750 -6.957679840644119
-12.328876672629868 0.400649916978792
-26.453888728945600 -38.838636997884848
-3.533571888829631 -6.172945815865591
-3.311374383148591 21.514974269701639
-33.453050969596546 1.309716641237030
26.277592638714069 17.656726088558948
37.184172347903129 -36.770021819596600
-27.536640326859960 3.461310231597272
0.153931308504877 -0.226216436620739
43.845658518935565 12.706790500254540
-38.515384539449727 -39.608612044736098
-3.082288306047731 6.960192180619418
15.556470883643177 -19.050918496948803
-14.433332915177854 -44.478827377225016
-23.695300230964683 41.117068735873438
26.800067162153329 7.181755173525392
0.786303717061857 49.980928025437557
-6.140223298716201 68.908680989123908
-2.789740687506273 -20.900718139852280
32.070949658620926 42.371933033922808
-25.162027931426671 -16.489909629304456
10.512452699333286 37.492164636634897
-28.143597685940410 -30.766613742332947
-9.232480036417527 21.573277522446638
-5.677040208593225 -13.481516515197447
27.080028843740227 -35.600520371610379
-23.400061027306222 1.611393209987143
-5.677338055956131 9.539885985061934
-0.437759433144365 16.018758629655430
-18.851318269435424 -8.868375971263605
18.752221765033060 -28.952667347508129
3.603402266967351 -7.463238095595145
-3.247936043478285 -15.992242884575813
-29.142904434599831 13.408062885949491
16.320913706435640 12.483994119998787
-27.455067856167680 -13.540611240607767
-83.416661274269956 6.653818419929444
14.773615872774538 -15.125249379526666
-21.687075590656708 -0.584113077185879
-7.460907935687479 -1.579974367133922
-31.892083689549903 -2.690609912279284
-9.407556400507506 5.720787447877070
-16.387541938314708 18.323544443856090
-63.303557946965078 19.634671277442465
22.900908152893685 -37.321555063203121
42.829183669373663 -0.337414808090970
-10.917937819534510 16.251448895824247
-24.297042120368655 28.734724110105407
-5.260284175079836 -36.480032874111593
-0.759866608857684 -9.275115287826605
-35.465413648692042 10.708848117347570
-13.072011559355921 24.946320610588057
-1.456707827384919 -20.678234356908767
3.902755259124243 -22.780042305334380
-20.309730234258382 29.843241213872240
46.348949245654950 -33.451895872808635
-0.539292417383753 -4.133752529885716
16.488713676012409 -30.035110810803339
4.311588867476342 -65.579299528900250
-1.438538093138507 67.762616833447339
-16.703708949475562 -30.728974012206528
-9.744735547969167 -2.615477877814405
-6.291772048352695 -49.499943806544429
-5.487276974266047 -26.331998811862835
20.146784517647763 23.526295107420356
-16.987209634046177 6.310200119878973
13.208971356381463 3.715579024712259
-15.419887044943740 -18.645148231616105
16.501981355097126 46.272395735854190
-12.801990517733492 6.798757808932140
41.619264015436158 -11.247264818802908
4.294922284308581 26.486480657951667
-19.495462742121642 3.610950810433903
12.008460333367459 -47.380374867951915
-30.367402405071580 -6.490868229457059
-11.717345046765354 19.239293516462109
-14.406214657107657 13.915847865025937
-9.055575832755464 7.238211466360131
22.698882524661339 50.381780759442989
-28.063396993277809 15.102731920328015
-8.991771173768480 34.844158771883812
-40.786315251213360 39.935377206255374
-22.832375630764471 24.920497905423435
8.210489713173455 -57.751952224196700
1.511274812511285 -8.783146431066873
37.170729954667571 28.782736514062009
0.547206224344729 22.231122627589489
-30.318147040644089 -26.783355734801017
14.474541840371769 15.971948813326762
28.091349101773524 -49.004784878703816
16.949568627795468 31.448925589525999
-9.701665968782622 -1.749624817638656
-15.451563357361946 -11.548934481433148
-24.241663256051108 -26.855859982754236
-18.737208665695530 -10.615870264724681
-3.160788112976348 -6.905263043906888
36.554842210791321 19.783621942361609
-40.686191539812903 -21.833034245598629
-41.096012147763084 30.662294596224427
15.515752845863050 -13.881573826158009
-27.928163179323704 23.209126902806148
36.781369859155987 0.217915868329757
26.453108960923103 -20.973171395852265
25.245147006729241 -17.246058598959145
0.565822730172013 -12.247720076709349
5.390710971736252 -1.626205405796411
-13.698540686989604 39.339058050252063
-11.332062681377677 23.225823774516819
-75.650012484208062 15.343538714332498
11.489203371660505 -21.501769227579118
52.950568314429560 17.174129711221063
8.811481498666168 14.956240307035117
64.611540356183212 -32.131919350040867
2.028213653587672 -32.618867676747939
19.729106948150370 15.617112798935375
18.442088720548711 3.686897996282285
24.700690481428751 -41.502510019852551
3.760253565023741 19.187533776706154
9.354311759476499 -19.141834735055244
0.813363987039243 -17.108088031823954
-32.369566115554157 -17.045461471491780
2.537551413627075 -1.325291562212560
-52.022950227109988 -15.624045902461468
-13.497657953276686 -6.992229993235124
-2.116078176372665 -44.338496316360029
-27.528552274120049 -25.339136835553759
6.440143946459551 22.167345832844909
13.774902376017552 28.663920261255619
-18.312544934315000 17.791485184738860
-26.989247805131015 -28.557060104153873
-14.395995167337970 8.504059561927766
17.579568118418234 -22.339999492017743
31.258234816338007 10.753077925662190
-27.314180353280822 -31.248346075423321
13.399094424730077 4.412187998641636
16.550259630735475 8.083945531244121
-20.694117572616765 -33.977210685489638
-56.174931029019504 -25.136944478016407
-63.872504898520440 -46.566424503951950
-12.089868471127978 7.854052984999576
15.987223016332312 -24.848789630538089
-17.085349343747300 66.862409640889894
21.923017248415402 6.961598047753101
-32.888584304614888 -20.278874809235781
-30.050791444357362 4.798267529331591
-35.928870959201738 -30.585423507381723
-28.885143323475706 -14.984449576708446
-6.180412764671955 48.220297192544301
1.297926171145335 -13.761920755776362
39.779083771603311 2.073515882934713
-36.117052103478201 4.406581445702058
21.645304766953572 -12.613132513143871
-19.265863164240688 1.699182086804726
-8.994698549848467 17.666977825636646
71.479843233376911 18.624258116091898
19.132787635751015 -17.056281938167817
-21.841153632983723 -36.195591054812780
-5.641649717160981 -45.054500692935399
14.719760130237312 5.416587571910935
-11.014085594571522 -21.270392006415669
-22.979944552530590 16.877653463411029
-26.902485721967157 -13.457519658201845
19.158523269675634 0.569496138175126
-5.797857297899879 -21.766752782594477
2.059361667365330 -23.364954996890091
-4.415724108757504 -42.662103459805621
-10.444889081350647 13.254978368764833
-5.103816256829273 1.218022568406364
-13.056177914197709 22.573423037094077
-45.809724589376970 22.433337865929829
-1.400604696914001 -3.786594105652382
-7.457717488497243 -4.919394882953080
-35.548572737075794 5.823065109822496
-19.091237375313245 11.077486484296182
-28.772143346558241 -15.386653180738540
-43.041634279525788 5.123034386720956
4.878604566664402 9.593133321377749
-6.513612643135236 -15.603784492382179
-13.173486324936773 9.631322856415956
-2.244431578553987 -2.505489771874446
1.550925378769761 -37.797665321773870
-0.080667426613243 -10.289039233589708
-6.820977832847719 31.300885683930410
-57.432286262237334 5.286883984142663
8.314018493315650 -49.913592623615578
23.290768837136699 -18.901007380213244
-1.249892535572691 -26.780001086440237
-14.847491742103932 -4.399245000048762
-14.923386356259098 3.943712710436160
26.585219569003385 -4.247764364412232
9.651940816419501 13.437477630850793
29.810635542592387 1.688860342646156
-16.677319881178072 57.138928188027876
-26.825942539986691 -19.634148262530633
49.366929993834411 50.165059598067096
-22.176307837786659 -8.537790390035200
-12.337366761584072 29.064861836414437
-29.752343471099795 -0.321332523997319
12.359240850799255 58.472764535793303
-70.652519847802921 -5.149061764996709
-25.801758630351337 2.909460820872053
18.760228815885441 -7.047173862514377
-10.128731386682585 -2.145202492042120
-32.022127257841824 -6.916222774681406
-11.256025899017393 28.905692636504686
-1.914985277063251 -11.215256158641989
10.054524939880247 -6.218196891887876
-16.851565324959246 -42.483992999131779
-22.239860071846721 -29.421352667693757
-14.465408705370212 -68.795072761600139
11.795416872987150 -3.660563419169604
26.534374745971380 2.311893466332337
12.625921468757889 16.275749143792492
3.866734991374850 -22.906967105100733
69.629683680801605 40.395037655567990
-1.364004447867659 12.386751543347472
14.442272566787283 17.917211168290095
-9.168577563964478 -13.887644393329094
-25.390888972533599 38.318499764321743
5.770314998819233 33.205651697889536
5.870472172409109 -11.794019903111174
-8.732899706801041 2.185114357668886
22.483751775173580 -39.406351686058073
-4.412445547187168 45.834597416276708
-18.550360229227842 -7.532619567909967
-2.493025097907022 -11.870848238183223
-14.836332058562075 -13.761013713380352
11.670033680924739 -17.470906164026903
40.763627088658964 40.640969237358298
4.290180453999656 32.933493699347338
-5.296104963663854 18.913159313424067
14.938568540002510 -32.409554104493239
-1.726802136194509 11.687222600274438
4.071634473161404 0.194406467710387
-24.064819910011000 12.486292713022577
9.865655182029601 -9.483365397575373
5.288523304383211 -6.919923720417295
-40.732544665691712 -14.062416996057289
3.834306494182121 -6.610009296671707
0.149081438296609 -1.209506209753072
-14.962488500722325 3.380937452856320
-11.116017698066205 -40.118313082783537
-35.207284088279103 -20.400588998704709
23.204636414629967 19.744474282252000
-16.023999982635001 8.294954816749247
-19.360494734245989 -7.584717115853361
11.814750895406222 26.559585877862656
12.863967400873937 -15.729703799651032
-6.220688840910483 -50.953524586029246
31.048785901473920 -7.485455665927274
11.067862531453040 -21.115429279120249
-34.990175052099652 50.086816204916126
8.011653315625711 44.898289705803606
2.047083921406773 -11.066095790019610
0.881352276837122 29.783997541486599
-26.009548641102491 21.129729630609742
-5.992407512272420 -4.887614538590773
25.995371804666117 -48.724691760314940
-20.682828138263073 19.610483768393554
10.210061090267587 -26.083489125393964
-15.868773452348650 -18.854012421309729
-3.741626833748349 26.567072336711409
14.743130014668147 1.510939891088240
27.079786016882487 27.354313405843779
15.076256119064379 -1.935690895444614
-6.692075251933169 -19.293779136406055
12.162097312271369 -28.220577171426875
-19.717517347532109 25.491130119410805
12.397025968061998 25.076031573968024
-13.375046671184167 11.195218776203365
-16.037056352741619 6.357377126018541
12.688304763196548 -59.433127283499346
22.961254149329147 40.409158276525396
-39.846768681461576 -11.017654984946537
21.130736338007278 -13.204284806958606
19.227397452079934 31.035609380672149
-23.604897723126321 -52.368231048426253
70.530313498811182 -7.778929101193156
14.401009342746455 12.789743539913360
-18.255254107374380 3.659403947193608
-34.745690636324547 -33.425238658963693
-5.226064180538305 32.607744910718772
34.403541608722072 -54.636323294700389
-18.777120084397218 -22.359039132571422
3.279222111173495 -12.260553390563746
-21.736281131083494 14.069326035990192
-0.647092642385858 16.445814961462386
22.789155286850736 3.323699047160983
5.837868821978890 3.280457166261938
0.354785467922302 8.977016117845935
-3.832427316592832 -8.678042690395728
17.759715934482099 0.629840910497814
-2.666584126492299 40.373538883516567
39.226585666189976 9.282853158552703
26.987904530009377 15.140740642130543
-17.427393649399527 -11.954620958377539
31.386746413993922 36.253638421922318
13.378631433222706 3.665218402342679
-12.048030756711670 -31.000902645194031
8.579186890876882 49.897902768819726
-8.175683434124675 -3.658208393798306
22.137521181531429 -25.976282238155925
24.392317651443594 19.596628565959378
-20.217259109763209 -6.371930856105411
-3.089144637685377 -11.343740969414181
-0.444462787392064 39.952636317635182
-17.781103224273807 43.824686845706530
-46.148196757655079 59.990413666666463
19.025724981878845 -16.678352641398202
-11.204181340023544 21.548128032246169
17.289778348307141 29.599943938914787
14.704863607735703 13.087742215915767
37.774591538620840 -12.766387477887365
29.136109902999042 37.186117857280422
-32.268267011518518 20.906484085510371
8.174018240999033 -29.060864174667106
49.956755748467216 46.186139212690648
6.557761134261419 -10.937758553819247
-7.806070193628376 16.530555963774141
16.020289657539237 20.532850082718731
-40.959274536746726 32.876803326408108
-49.598189913258381 -62.625897419722143
9.484265321522164 24.756534549930819
-12.028931984784831 1.792220216676519
-18.105295606563686 -0.610871230573015
-12.411632925198884 38.677057327341196
16.424443864309424 3.761690792219656
-12.851580919246087 -19.171206413289319
-2.750269822492379 -39.982838183504406
11.850427719054382 -11.002891368936965
-4.532435994895688 -30.410047276453071
12.598161486772669 -42.110374897401535
17.835863928562535 3.756712096936828
34.393401617034094 30.719230797893303
-30.261872782746860 -25.935249411460060
-41.491543905787076 25.699564442333802
35.505405235601295 -5.068935143012730
-21.139146069634709 5.650725783192015
-8.843989203725819 -0.638478004476719
-22.866703568639483 28.219322239741860
26.246229628819286 21.916071150479688
-16.404314907401922 49.270767797982465
28.051666138744178 -2.152636676082574
10.911096759904783 55.705436543877951
29.374247110151970 16.949618295420439
23.237533432115455 1.846010958820801
43.661739892823682 15.976969761294495
23.696390087733274 -15.952805827093002
28.798019543024125 11.822978010611605
-17.805986842826169 60.877458514755979
-21.765586084924490 -24.372235405261321
71.137846981757008 -16.884219119688730
10.304936971904164 13.441174997863849
0.049490090365072 3.670491372842122
37.254499415126645 -2.520326295643155
3.671220716264591 -21.392239933582054
-2.032521871463279 -20.073453145130046
-51.605129770545517 13.707711654502896
48.580032292548424 17.772766788006436
-30.826400386581749 -34.004605271169261
24.891978062504187 -38.510747256728159
-58.738601936548669 -12.711289606282255
-42.656793654432590 -36.473977606608109
-2.246957475050869 -9.826318459259682
-23.880707432866227 -5.597553140692814
39.512288285970428 -17.260594324508858
-8.855240065016368 -1.262925211808060
-25.005048264912752 -0.206506965318647
26.565359551943750 10.657408811455525
2.309770714390717 -4.166476378516348
14.920064599402272 -6.261596094660953
-15.772876492220727 21.313293315557672
-14.516457150220131 -6.339493969892565
-10.237567436104108 16.505569119778190
19.733874619031898 43.844480174565803
-3.290064250507537 -21.711986988009496
-0.612926735340266 13.995282524262208
23.566068622811635 30.729497349032101
-32.925086446009821 17.342766483198709
8.298806053544226 -33.613956658232802
-23.827111642830374 39.463374494708873
50.016731782021566 -47.999341994919135
27.248204786303926 -4.197171596372609
24.361183466696151 3.654451219714292
52.046728067839524 5.990611186113497
-17.675823271706925 49.404406836666134
32.463080518294284 1.511756440720811
-61.033172394379697 -1.244833657217454
-54.814489681010116 -57.856653843325347
29.912921333071942 30.384493912095440
1.720330133365731 42.427679586449692
39.213567190331013 45.513426073985073
-5.521179766792489 8.959336687336874
-16.720784353728245 -29.820917733501890
29.925418821640431 -15.030063536446761
-52.542283260121287 11.015697673050123
-1.313900547738423 -26.909312106515657
-15.103015718959252 -50.155585441502154
4.606478741627350 -16.044829168312852
43.869568001962733 -41.659107804752352
11.323839052368301 14.205866633468746
-7.712886473306247 -13.247248243726082
-29.617266185384885 6.670919319206773
33.657178147242050 -34.535241943667913
2.809332188816700 -29.665551940214556
16.687970314420753 -10.692804950649863
-21.160293950384162 -3.644111220356664
10.725388856325081 31.493383115363621
18.534300359930533 14.063424011281299
-29.442312621800468 13.717577208770750
-3.185465808510883 40.816748086341121
5.690507323405097 44.239760615080129
17.587289949391536 4.267539855658186
37.869067691004233 3.987610267499813
-64.829201979503125 -17.689914282250360
0.586261616463933 22.460000884707341
3.912851851777455 24.018957256912085
3.731509680140703 -39.582282773092771
-14.897383571609248 -8.229766323952845
29.770879253476025 25.864409513667031
-27.795445595355389 -17.556561878788450
-5.000485152282764 -10.307559117739789
70.047894756551003 -0.812401415403269
38.118657431191181 15.806191994984776
28.806153658031825 -1.403221272109568
66.800169675229185 -7.397950259890088
10.729829161610981 -18.241660292902900
-23.849063830527889 25.076711537257459
2.335890834841437 17.200075027452687
25.465391144496078 -21.253430714512014
7.828417989645994 16.847110016524550
-27.764035202771961 11.294271324394922
-16.021643717438515 -18.246872659669911
0.156998965013419 -32.534894159849884
18.364653891069157 -3.006642207873747
16.843787958085233 45.419060947456458
-43.666529336875556 -18.562380310871117
-2.088310790545432 5.760663075271681
18.223842488983120 9.241557423640462
-13.343369536175718 -4.091353015236711
-30.682754681203246 21.570129933570271
-25.544831916016346 -45.568170571499287
-23.939920558762275 -3.579449051815680
0.762393685138837 -10.142237251535475
2.854111657014212 -15.242193753175913
-14.056630619658788 -33.589121428928735
8.593226567123521 4.037967458120867
10.433932603871215 36.661531676564913
-13.332023041825979 20.673046451048528
3.620939400232608 -42.297409520086426
4.077094163207020 -19.993098464135894
-35.957437774128550 37.686427604424118
16.402066872007090 0.936879410405838
14.546298721440543 -14.340207405036775
10.789803813153094 36.997765740340306
12.786298897037430 0.482522998136927
14.513352660990002 -53.383339825008484
31.094190180854000 -2.256476110389356
22.627690525732678 -17.899120571467833
24.573457121586770 36.430646871940716
-36.690894221782123 19.656010489712454
-25.721572237451394 -10.083490618121450
-20.278660185195729 43.074593416851663
19.786325196952678 -25.322531990402247
2.850909984775866 -25.068772560021578
8.861000410279377 29.267053543550311
-7.342106119282975 5.895364840385670
-7.212515912077835 -1.052709311129599
-29.927085173661553 50.211476593680253
22.162308108104540 26.037077512988638
21.503227349153956 -15.477582947195742
18.851641937817963 38.398199772982757
35.285441296248756 28.191617744268640
-12.433349853626273 14.409675932642170
16.631376941657063 -7.370389936780151
-30.994364950075834 -78.758500353046799
12.432428147365199 -41.456635167718808
-2.729365976475526 -26.880504030927245
-2.878994192278175 21.082917596480637
21.773488114606074 -6.616404777389057
-1.485642360979161 -19.723892374055172
-1.692443705915766 0.027533058785149
6.503881043694474 -0.711168557865443
-4.476326539175070 -24.351534557903801
-17.381865107066204 13.197609068984562
-23.878646612402090 -0.157084444785361
-5.698514124960372 -11.691550784989369
-13.037862203159886 16.269745516250971
9.459551090926356 4.785695511374398
-3.242742951903169 6.062054436515281
2.675716565388797 -9.308658433023956
16.027365812245495 -21.546564935844899
-44.718760466231551 -17.116623046277375
8.629338230721347 -1.859400810258644
1.710448294660556 16.416702820665591
-22.997672070322245 -6.794131792538919
-0.614120849713826 39.562729883073267
-29.174680442543906 2.915603601300988
-0.092189098878839 11.079818281968953
19.272839745241825 -49.775870237067025
-6.802650691895741 -35.840117115854490
28.938465148801921 17.530841004709245
-19.679060881341744 1.235720183598847
20.261738157233129 -22.995669458623837
-7.237248079429689 4.875999785585348
-14.861073175058623 3.495965292219906
-58.615733644730611 41.318659583445140
-37.983911345049357 -27.443748252602784
-2.235089112914926 7.581785596272137
9.633108756660697 42.592674820131798
-7.806169031150853 14.234923257433366
61.956582041666522 22.509188537042640
6.809193302264736 -49.907435094659746
14.048663424231016 -36.121848553504002
-51.681771096202844 -23.892520567488944
17.098353012342166 -3.365414136695055
-16.709176910485994 3.051186036990141
-29.534263301248409 7.975477309940679
18.621811201364100 -12.219171120536346
31.039036798176344 -4.692708771972175
-27.145993974113399 8.095077056508728
5.395337850641464 -22.319050171413124
-17.385131976238153 18.093292906449182
-5.154627258001795 5.203017255561819
22.730922078453965 -44.132135212192154
-14.058537544837172 28.831389056911529
-55.111867746954729 -31.913835777225348
-11.491174665582207 -2.220700345478439
-23.018773568462532 -26.910976758757826
-19.514188498251777 21.381307398582010
-46.222198951551675 4.632968046012765
-15.505677708008800 -68.921262372947012
-18.884053470691363 -2.865141272449118
-23.354731213105620 -24.407150356093286
29.577865376240830 -0.241519448607216
8.018215146021991 12.360950166760963
8.702811358403904 15.072278913380433
13.805576696043191 37.485363072050838
-36.640971675274621 -8.694077608606912
3.124624104242474 44.994847028590883
-26.339238797831158 -5.173714534024636
76.088848239534755 27.802823081508706
-24.536751123618302 -17.383066759649545
19.830282091678910 -22.376878786752957
-25.029299217218067 -16.025212566291547
-20.531708569468631 13.642987222754490
9.407632295516892 -11.111796850130091
-8.913269103761760 -0.035680525313881
4.391586132265985 -9.784246534204023
2.949155967617185 4.693733218746232
-22.437617290943365 -26.513902259870562
-29.180906503216182 2.324885388495115
5.042436565648384 14.426235900535429
-15.424702166067982 16.057896537567316
-5.071384278100353 -5.854419581438669
7.587397660063129 -10.470004001344781
-3.675935102838376 16.112840133942655
8.865308555253449 -43.601640232509872
-13.883362644435872 -33.207268876860773
-58.331219608003437 41.590573506655261
-6.349980960612823 30.101818349355366
7.494958534862281 17.881891846651687
-18.089604486925797 -23.472675476108286
25.567316980882115 -7.295225473010636
19.926794713474408 -5.839419356618507
-16.706587837131611 -58.187850152972686
5.948957085627578 11.214699407393082
-7.616892126890913 -29.595711964028439
29.353051532544725 -0.299565208872362
4.516933554888173 63.182410011730433
10.506499082365810 -25.059324607999162
24.129460307196801 15.715616320051373
-19.953075348156201 -2.663765401447074
25.693627591838556 -2.048686237117852
20.653175819036754 -19.300090262152946
-22.748011559249697 -22.271214517075656
2.002494524418177 52.800459472381711
-0.148821160830497 18.377173605029792
3.887365105862396 -1.409426524038686
-32.862495066816372 -23.582504633597541
-12.371755723453747 17.579299108964630
3.585615272728470 -19.649054370756854
15.860306578306542 10.393123891348804
-1.402789101426437 -8.388450592115847
-0.938779818277113 -18.498374902796797
9.812574097091304 9.960639786478255
-21.232187247155451 -20.366129468029616
2.521484967174360 -62.453064032436124
-11.841051832105741 17.135871511802254
20.686452805402194 36.282519851468706
-2.981452378192750 -6.251228565622177
11.491242663526933 -1.393559428850205
-25.778819290242886 23.941525355877637
19.271284270253862 -3.030205037202161
7.681037813831317 -10.028301100701466
42.682064431334801 29.536519444905412
-21.293425401797901 -8.066442841779262
3.545791733241113 -26.780668297675181
-18.137203434270585 -42.356262005525963
-8.090774518554035 -23.457732688402949
-4.915385352319731 -16.508013620815948
-12.416822917468997 8.458497933241588
-4.060874703282940 7.171663057688263
14.205167985756944 8.762245563320567
16.809688367822243 -17.221688190207100
3.597067973872943 -23.304947478146136
22.177530552233115 -4.245034915396954
33.529250562077856 -8.832259020115012
-10.888543522274064 -30.414025524825277
7.095262749856296 8.533189049346273
5.382273561331459 5.601443165954568
7.181851986615961 -34.552159210057120
-19.614411823448734 -6.720934378990792
-24.644573441398936 -9.491366065281241
-2.228723673161234 35.461279674097675
-5.813125841596285 -23.252437285050856
10.908243544119635 -29.433071583577757
-2.685073512634565 28.703444977113534
78.426541763255457 -5.760236383254379
16.883313940345282 -16.801597855994771
12.280852919317750 15.101969887063476
-5.561361851601752 -5.002252311992508
-6.882727123985334 27.666160097557793
-31.672942700893479 -23.505663235931664
-44.381647930377838 -4.940550980995215
-29.884790559301891 -6.207035800488095
-21.028254121990205 7.055213530292932
14.592375451088754 -34.494830263965994
-11.047623518598167 -10.753444407952159
-19.122339609022340 22.964796994478856
-7.078316657789066 10.942080669736274
-49.936124894812970 0.382821432950279
15.552644291249552 17.280793515179429
35.004080242074615 -7.194970871344381
-37.767607415492066 -25.099287394073446
6.507619077131195 -16.120030487001088
9.185116839146687 48.610166542237799
34.476942526860832 25.532364888360654
-27.246781729028790 -6.829865253503784
3.502601344745011 14.884986353358697
-25.159558871191429 -62.028618170330994
17.848874131432503 25.525630938966387
23.902655045270205 -5.572381256109421
11.520966730280957 -31.537269871781490
-28.424738698972508 33.341118726258628
-19.600732208836874 -7.379066494767911
43.983679504694251 -0.408240041698698
28.575357689091376 7.439763487710276
5.127390461549217 22.626989507266966
6.075484449408556 17.933317938764297
27.442816803037250 4.047596448146871
28.688662481590317 -9.579413127815508
27.840827523279241 16.229964019694830
10.561128443649896 0.472614216918518
28.419574135255814 -19.427401503161626
7.766317582635189 55.438656655341383
15.745223382543498 -39.012487470366587
-21.582951476155678 41.408195948542577
-26.537132531676495 -0.875850906357700
6.725763602285489 22.018060757737537
39.785026490321094 -57.535147687300643
-41.125583480437470 3.485590265584521
32.561480948843155 -53.460364494953254
45.586664314700592 9.893555679546481
-32.953579346128180 -32.084804854474484
20.084273859499689 -33.219035208297072
-25.519513979761260 30.373398613549384
-11.253421298749734 36.769341464438291
14.382720115616012 -30.409000269172690
-6.033904324590559 -8.929856127841170
-10.741282363379739 -9.024637177059429
10.884321492652699 8.181029954336308
43.922154751448318 -18.030193705455272
27.233866006650892 35.642037358767134
22.463123550157487 -4.241989116703043
12.724171246583149 -16.693108815702999
22.986500412892134 -11.845099358727962
24.294375412116509 8.728238180276586
-41.547769241495992 -27.002115363662917
-36.874896434746752 2.281543248414995
-37.642204698682981 5.911486146616209
4.799293941717766 -25.644450132653589
-11.558724260753607 -11.550391541353425
-34.424216498218669 21.932964762009945
-23.972621899524622 -30.993334868522936
-35.975415697202578 1.769014137410865
-8.052105089212926 15.607722649805398
-47.814029453893596 27.011576986093374
-27.089679668655368 -3.764135814123666
-21.478118660672553 -4.967205631348343
-2.250749716500309 12.239091678503881
10.724772700080649 16.480583794226519
43.611515734250830 28.001315702649741
-6.594312478364348 -17.176834685338527
-45.210313323624874 15.606220963424404
0.348786132074366 22.994607199117731
6.470097777535428 -17.062865072704795
1.709930847600058 -0.403522308020518
10.154623407776720 -18.475028639202122
-20.576156594175114 14.918612993737737
-0.575878042755054 8.629602714791822
-20.935960805849703 -7.221087775055149
40.790520474182792 -19.758667310783579
-11.372858162080755 -12.551051491532514
-21.175207810591743 4.042484345927917
-14.961074006463402 -21.844948644936956
1.285641792784857 -24.410488070548041
-12.497802496355867 13.449825370609362
-50.433426945505644 -35.806981750735943
-30.015036777077011 41.463882895322214
-11.838702806288820 -18.149598701709145
30.911986505184579 16.535865248559350
-29.432384120837671 -1.197633380258329
-3.127751259839647 -12.435174783246667
-10.142126597677343 12.069529325047728
33.856362099862920 -18.999035414196491
10.260271785937457 43.748094974983786
-1.960444104539372 17.184402750186393
-17.096249426271687 29.485099248492745
-3.813990385661973 23.318023269553709
6.053984945635544 -35.407709623083832
-0.509290383823627 -24.457421683370502
-34.330216880300007 11.476347091163335
-23.174795643918891 -21.767992383080951
6.036066040542345 27.926664000229458
-33.054225357538193 -18.621454735807792
-22.292479047767262 6.618166478819955
12.890946650502103 -10.242563198362696
1.826559177552560 -20.720153851728259
24.968511773429441 -7.318472945686800
10.404078965172195 -4.993242840709880
9.782686511771070 -21.283473892032191
-4.761651502285186 -21.381712468829292
2.646802029768037 -26.889288531380544
20.086730678559530 -20.054243796841106
-1.878052052093962 -7.615335486385615
17.072283235691845 5.486333160396662
12.711620929973849 2.223226884288688
39.684849807927449 25.290566055871786
-17.000919038470951 -36.673917033719754
-1.248880257913507 -4.504632841326908
-25.008439821289777 -29.880058312310517
81.911907405681561 6.938942967846056
28.824327774759443 60.391018191912849
-15.148101081854870 29.792214573891208
-36.567316660719825 20.531505935452913
13.782137665163425 2.124918038365192
3.105011525270100 12.800278847026812
-0.666824582779833 -33.030391125034619
-8.424218394597599 -0.898950700901625
28.965827828004564 16.119699294845805
34.556930041648116 -30.239832865279784
-26.200037017143238 44.670047558808861
28.231000959194695 -2.925896529412738
38.376500581145784 -20.733136474489982
20.943847968327479 17.219473489140146
-40.374892965346874 -47.195115007017620
-38.997205978258094 18.282304522276053
15.185905023983462 -6.383192828163423
36.543368839501902 19.375573664558235
10.851284850610979 -2.887117251776123
-19.598540160687079 28.095159266158333
23.780587159957733 -1.934879148962232
16.662809327353138 43.926109132458585
-15.375759257498430 21.428489661576943
-2.868598599673930 26.485520821977879
-17.164310746881743 15.601985478363007
-48.062532933286761 -21.396683500820831
1.715333792479503 26.142948897625054
11.242539402680032 -51.351982078938498
3.857320367025085 -0.732887596918824
-0.299111055375659 34.841240614124068
-11.263539927093554 3.020287962275119
-10.877785807619103 31.407080668481530
29.716737312018335 -7.323218374036147
-29.693189795796719 20.797616653950847
76.663798475043663 17.454338176164587
-18.910757511680885 -1.413728396289362
-12.397313860306404 -2.747846234333281
29.706522442796572 -36.617838855832915
19.665658669826392 -6.514748958731070
17.550981431035343 8.904952620941259
3.930364383597492 35.905639389311879
19.365753436568902 17.962230726226426
19.382908954747009 -7.340545005583791
-32.343064823490046 -16.822257719375287
-31.347728247353377 -0.511558531736772
-26.721115500465253 1.977907436069431
6.314147951727015 1.533634822935767
5.469898217471602 11.293998441602804
1.128346263326414 18.295005002498772
-5.570506994607198 -18.286693954272401
-2.995405344744954 17.331565756501266
31.558068070293981 -2.215732594215132
-43.703358608016977 -24.589853506884040
-14.288060473725199 27.401943600935585
-16.176551744661079 33.342729788652669
4.583002321457236 14.774227719588820
2.578696721739400 -38.117237712384508
-20.244597927345406 11.593201197097612
-15.098411279612124 -0.918850564841308
-1.661155148635867 -9.388227830393598
-1.960098088076793 -2.803627345379955
31.783841706039105 0.902201999055918
5.944059174183555 -17.776998304151153
2.547483882309949 -8.645264921437747
-6.323609456755979 1.642093401913179
11.127920036087740 0.188431902440943
36.070435788688535 -0.002689959805848
-19.669076847689649 0.304412721102087
-1.014067084033076 -36.818805637948053
18.691139679189835 12.097068247060706
-15.819247749752355 22.720368770280707
2.944040101882663 32.463262156821685
-40.333494654777965 2.637799309026990
-15.258068303095275 -2.417251916957264
34.227629104436630 -38.729086655140385
-0.832102016609234 -27.464005855437893
23.574718280514187 36.173143406515564
4.728392685196815 -10.030191999785366
-9.400015008879345 38.119609942606004
-31.624547266592870 -5.275104760921747
31.243960435279444 -60.282646113668221
-29.033756316486620 3.114397291610726
6.049752359921783 8.711502669870715
-47.014848509763496 0.652122192924368
-35.601395449402894 -0.263510624889918
-61.218884169628538 -22.085308997010141
-30.914743085698522 -35.369416423798818
0.534871184227020 40.066030206843081
24.931283513020318 28.522959171969198
-1.104756110173494 5.679802016537955
17.858424109821794 10.301437976983156
9.297561890569950 -24.832178321619530
-58.410098299686624 7.767842545069503
36.232927926736437 -0.514013866022377
8.746290227624717 28.421229701613370
7.899707507451077 -4.485172544807854
36.272007968270330 13.403372212535787
-49.771580175566726 11.525048138088138
-5.134635392630761 10.636015241070105
-20.564555350935787 6.953231120343331
16.733323194511215 -2.434753375465441
58.387035042604197 7.474463472635497
18.368512285485579 10.943267987072471
-20.611770475937650 9.721369780340885
43.605157504050169 1.423047962830852
23.219621663441064 44.622169715688905
9.867973403138363 -13.863972501697518
4.618909361992755 11.425749426227890
16.901037368224053 24.448337296053754
-25.726186092987902 -22.533472464485758
10.868783304536063 26.941566783281374
12.514610351057193 -22.354864267151878
19.822442533577302 26.939919869373721
21.377984245216929 -7.473255687793011
-5.929878674851245 73.759112229906648
30.725823504832231 36.530579741344447
-29.367601410423433 13.046324762485293
-9.213692734571159 2.931710901509620
-36.358222690742117 -16.260980629975208
-20.726195416523268 12.375924425619411
10.776167062568522 -5.269688851614993
18.412893662462558 -15.613764862552676
14.954575956467073 -3.216567944883593
-25.277394673413809 -10.274552997707493
-30.265599146581149 24.415357441688052
-10.793605281722110 -7.959760867672003
23.211044802098247 -5.489790884454112
-19.172287289317239 22.390649747803131
-22.431556718264545 9.837167419832083
-21.738288843049240 -52.226788815068950
5.413971562596836 23.747570288413229
9.481723858907603 36.349715029650248
19.369199898063204 -21.685704518278691
4.975870007197408 -23.187600688096595
16.657781833487476 0.436652196236729
17.154890564270850 15.860235585423771
26.233722783157756 -13.245659224503745
2.738454600602335 37.326160835288917
21.616781657811554 26.511186115916118
-2.013273813807043 45.718962988681803
6.114828211056975 -36.317077836905881
15.494578971540159 -16.959270704394267
-4.733538143226767 -22.089068419024411
12.668215303239791 -12.325584547452955
18.088275302087702 -33.354429884390342
-10.722700432298574 2.391593746431756
-6.679716322009572 5.694725870681487
-9.211806838782904 36.128597737099440
19.583091691990248 42.953954712904554
-8.078745620870412 12.105574866243732
16.606144244660772 -20.286985606406972
23.309309711880655 32.997903254706671
-12.295393787654417 12.752313327581106
9.979771746774908 -19.064159663418028
-35.117125517539264 -23.005219506625807
-51.653610377234841 -20.562511312941240
-25.002193746696896 42.289993071630740
16.584922752252321 41.672748539081923
-42.479839789748965 -10.843835291264227
-42.355172365217342 32.328377894597736
-32.247290062363184 -9.579074539574563
33.467979245063447 -45.354664262020094
6.575059011830293 16.040610261989737
9.940999807111297 -10.316439458783718
-65.654718084719150 20.463481695017226
-40.240946988168041 -26.990932276365275
40.468548218972280 34.375477123627782
-16.721646689783427 -8.923579844975988
30.521247838382553 22.343258412127412
-8.652035380686248 -46.232321874188493
-28.938432708972751 44.539540351820371
-11.916082567880077 60.454413493494719
-16.886829002592151 13.311421718962375
-25.139728725398271 -25.487438461907221
-23.241411323446382 48.876853533585475
-22.399639797403989 29.996826006226385
-46.761425258695247 4.148094997255738
-21.042005225924168 30.175872428083821
-5.206178131941647 -55.833363919299231
-10.565690163760515 -64.955870757453425
-47.850157643990677 -8.301205311490948
-1.977440448285538 37.700124157843014
0.547696317299541 -12.927517491294177
-15.687463071219913 0.370938098848100
2.108029354142303 -19.957675776328909
-25.610305696753684 -2.556084672481263
-11.813477731183077 -3.031696798306297
1.446415120492828 23.338263326613479
5.841805810851741 12.832336894437930
-2.711560537091338 -6.517025877642649
0.822483878094000 35.400576963968859
-5.901805027945799 -21.730606006884464
-68.789655824262397 -10.973316094621859
-33.195322386214208 5.607486214134587
-2.651755118923397 41.426461756583990
7.969507039089327 -9.182055858986123
-35.235150556241926 20.022623347116319
-29.346747743692848 0.967979020060192
8.108830973017140 -20.056336154228539
4.866589115749476 4.683499437444975
9.750085953149522 13.008319986604860
19.100333449946429 49.763268347160690
28.249448160353563 -40.769231087462437
-14.439349891363962 -10.189096000451203
-21.508904642497679 -28.672613129163636
-28.537085739970358 -40.276975017581776
3.580479772064821 -31.678920020245098
15.984069381273699 18.509581194563129
1.374287149937786 12.801944156620472
7.894283965871523 -18.809200802488217
-24.760925622426772 6.083678317694690
6.592529202757668 27.172521959599933
45.299478625658416 20.986743781281273
-3.535823728820453 -48.262264577766260
-25.489304089110089 -7.687408386171009
16.148818685064807 -15.676814120963998
31.747799849527393 -5.509269244582318
-9.845843893089979 -10.629328416821725
4.074471853784799 39.868659134049842
-50.254137501276801 27.761604941295573
16.275454798037071 -12.949344895373532
-16.460604495856415 20.634295821229308
-3.140238569455466 -47.027844979894454
36.619431163745610 -11.809471365432339
28.020336760400237 17.219685233638835
16.787145442679275 -38.006301881410309
26.101529530674203 20.268433237249127
-42.985457904964484 6.093718027609339
5.243764030647797 -5.360786488942339
-24.439551538832124 -6.473019360489594
46.429861910267604 -67.853319315954224
9.121900787911938 -7.746551431286677
37.840959471510757 -5.801092031798132
31.851268085457075 10.453572948938843
-1.659832666237773 17.005687372675343
-19.318873746328208 -0.438093889770240
0.598949456302097 -2.800176246641367
28.479611117894265 1.245835791929854
-38.346633907588860 -15.092352364705079
14.787013273293114 26.135481007649076
49.140891989231449 28.816525286462063
-41.325844864529067 22.096616387241443
-30.779070755318656 25.043250596702308
-19.588171637450795 -2.212489487066970
-28.252107812939883 0.345259535530962
4.751683423239861 8.479007180992921
1.888827105018195 14.292348322500725
16.424280823752479 -1.511198053104037
-1.994528977247459 1.646570569727392
-32.499933820215119 -22.870471037087821
-15.838392541092894 32.300311472727081
-12.189876129636856 -23.487243481182919
24.377133680597048 23.465785130450264
45.128250549979271 24.069165261111571
-16.161086192573958 24.536534644944993
23.128079115487562 -2.979392167329848
-5.833503093162269 2.500803851154055
-23.609975201948252 11.687883176545245
-3.353937778372615 -9.762943944325803
-1.619007247952420 10.268653348954800
10.454003102228400 -7.699496255131495
0.538271631560171 -6.938087129926829
-12.006956263666726 -8.730518811247201
19.867591225601398 56.915882531543943
-6.220587742480400 11.439488098504125
20.110786242701234 6.266692459178167
-28.090934671233750 -9.641455937972751
45.185537043062823 -12.090784113863764
-15.019164007935606 8.555389133978572
-27.075810232649712 17.269909586829904
7.696126145639921 35.482949811674430
-11.428097091003618 24.953268795786258
12.008673197938936 -13.228419101601702
-11.325625709653478 -0.170739633134963
11.105853413837934 -10.615300410171830
12.081902221421048 6.830853992993284
-4.720284369401081 64.875059719795971
9.890803645289697 19.061487364142337
21.676756880743703 -3.553134891008256
-4.803637781698841 63.667893702639795
-13.391738868759061 34.271309182229487
-18.371749921637139 -34.529268131170497
-14.264206873381710 -9.555684555771007
49.254295769335478 -77.138859481076722
29.418672002598537 3.257497915045076
89.155175674541439 -9.308293354961432
-4.466595225636770 -7.185397085200947
19.585899008973502 -26.043982039915374
20.331764968269564 -9.837551781401437
-7.623778903979065 -30.188973615615073
28.047315730904792 -40.576349463502126
32.202837839844506 -32.691998105681428
45.669721553645104 -5.754619398052969
-12.571930095591824 13.524607305598243
-20.375537812132709 21.906554088517609
-16.362776966547344 -28.065851572600376
6.775500071801820 17.344478968898102
38.493683454920316 -22.989781753841861
-40.799714965340250 19.646667672861909
29.212976764251639 8.265665649115743
-22.795909051460672 32.980229947191113
-4.505062542230385 13.899050774005799
-5.627106407102625 50.152835882818856
19.741952380684605 -11.270893125257061
-9.584420867327035 -16.804678721379357
-4.744872501480634 -32.327641684310052
-4.976122385656252 9.497492081821852
-2.166184882192189 -22.049871655426525
-19.320844643702529 -31.846423325136772
-52.970441804626653 12.610207162734779
-6.168812509841741 -4.178929415245237
-36.675826679514856 -28.884666340282234
8.427756317929209 4.855683984026783
6.546826925741808 44.231502870401620
4.965681315785726 31.098322973439487
18.096918879129596 16.704799987758829
11.772177336516089 12.216686492798839
-28.358613536117204 16.157170110928124
-13.820968730760139 -24.522233482454158
-5.025158463159748 -17.855505576333737
-4.674756696071536 22.026691094545978
4.966758536230541 -9.412688734131013
-9.152798856099896 11.256248362847414
41.921867960906489 -48.182478552051613
-2.849036711514253 -7.825919581253965
-5.180776169532931 6.286660143692365
-24.496458288402174 5.484860675981446
-8.918401396650250 47.408261005154912
15.054350334242292 -44.891643340776447
16.248310181331799 0.342144396365415
8.531177002087814 7.928589926538067
19.477805852855607 17.803578571998464
35.142288291960917 39.524278392993835
-23.706835079604033 -46.751288983813573
20.338882831664336 -9.903081073255672
-16.179435480519828 -0.297400442343275
10.947038841089469 -5.949646810919798
-20.152979814739368 -51.300431777230010
-16.556333035679778 -6.737052597423324
16.759592342951283 8.193193190058452
-24.389784384289051 -46.028554919879653
-46.944587003172416 51.700082456198999
-22.510135970241230 44.405952268518433
-19.231763067957285 18.720196361600511
-13.526495103192364 12.214768744800285
43.852560269064931 -23.362573037194558
-10.319094721851751 -8.730506806353592
16.382581382819726 -7.335659519440254
6.732925702826393 -41.099184505453849
-25.352989521915585 5.351557576322955
-20.438734146103634 19.430369222009723
-67.268833878774018 2.212098954316256
16.392353506980953 17.034230241469299
36.927952678820866 24.179247751822412
-4.816950543266367 44.398245065981016
-11.755562693811070 8.776705111373172
-2.429390370141352 35.297185750799763
-35.595979941595516 -11.993036936218685
-42.562168136355638 51.846863892909639
4.206685325504782 8.199288216523424
21.108653211065540 7.952448920411536
7.835973179742645 10.922115613128629
