0.000000000000000 0.000000000000000
0.000000000000000 0.000000000000000
-9.135232658605526 0.000000000000000
19.167879834223935 0.000000000000000
-7.443187459796099 0.000000000000000
-33.940937871093588 0.000000000000000
-23.216547303140768 0.000000000000000
-17.745658304301354 0.000000000000000
-42.009657703511017 0.000000000000000
-22.865767143401865 0.000000000000000
41.246840592957831 0.000000000000000
12.954380907360910 0.000000000000000
2.100434592341661 0.000000000000000
5.130378969518222 0.000000000000000
-2.159029804532223 0.000000000000000
-66.986143790053831 0.000000000000000
32.624968515409009 0.000000000000000
34.171952333225406 0.000000000000000
39.630145793869460 0.000000000000000
-1.851877694034241 0.000000000000000
31.546250245345149 0.000000000000000
-48.295571628335090 0.000000000000000
44.542439820944956 0.000000000000000
57.424928855100916 0.000000000000000
2.309222710397826 0.000000000000000
-5.547219828373009 0.000000000000000
-63.354281540896181 0.000000000000000
19.016059249728141 0.000000000000000
-42.966759077888625 0.000000000000000
47.268482807328901 0.000000000000000
-8.891983683904755 0.000000000000000
49.024129438292086 0.000000000000000
-3.917498073645810 0.000000000000000
40.250562024445273 0.000000000000000
-14.763107971050166 0.000000000000000
-44.523354780567004 0.000000000000000
65.846924763273748 0.000000000000000
26.746266920632284 0.000000000000000
9.738251952234897 0.000000000000000
-6.271062530697808 0.000000000000000
19.794966754340489 0.000000000000000
-30.795405436672237 0.000000000000000
7.716162053140915 0.000000000000000
-14.341325541515159 0.000000000000000
-13.526193769915873 0.000000000000000
28.523996564964715 0.000000000000000
-63.331430589755485 0.000000000000000
9.747570630443228 0.000000000000000
-31.509987960597531 0.000000000000000
47.508950392463589 0.000000000000000
-30.484697818717557 0.000000000000000
0.000000000000000 0.000000000000000
24.210560376499657 1.959952383160329
-44.727622469046764 13.607358851637574
-1.660391227533427 26.350219436786112
-27.770926512464403 -7.682089835633932
26.522106954699122 17.968828906898974
25.123380388831151 -18.398480070471908
-4.712307839209378 -10.935004346687206
10.554223890759635 -8.551567843879292
11.105180794854881 -6.235000425116035
6.153218815864011 -22.788615695042321
-10.178558665164003 -6.502085154779289
48.949874833719477 44.653169822073487
14.177408540348232 49.422206955403333
3.280881747108610 -50.912886484175594
-16.302879224427429 22.343939047523428
-48.821086265065588 -20.075482460052726
-25.285790604009936 -45.246664377671905
16.828319520175093 36.051621839076368
-11.462052051470689 10.410165889877566
-14.533605641784744 9.800616178531891
7.722767418923381 -4.366729165066569
-23.726886082391374 -1.070484903678768
29.536448220973330 -7.511059107436438
37.722473250164825 3.554294492400368
-28.033252844378918 -6.751040398032768
-13.618169391373906 -6.779585318458189
-24.014015443355007 24.392821060070830
-21.561968096410208 -23.419517709385708
13.199027546288363 -6.002427761367265
13.248045378018015 -63.490871392452213
2.364997956247838 30.919010422598220
50.875844941645411 -21.208860438976945
9.099457866569381 -1.993439609708339
-6.521216803834865 -6.571015185619475
7.595821098244911 -5.146261160575115
9.631707677502064 2.581659228993157
-11.706838477375435 -6.319507972901331
-16.337287169069601 -28.860177858040501
-32.015914777934775 -14.256565922270452
17.565327790018802 -30.042079448214881
-16.890583076375243 -7.311661483809328
28.278885882854350 24.383493068103849
-4.154122537623834 -6.618667964832290
-25.419135927299575 -60.183000604806857
-12.846924457516860 24.115362512011057
5.934117489396615 20.382510994497260
-29.635162944405362 26.502040529999878
27.932195951968144 -19.528649205584436
27.621116627453492 6.975632016887685
-35.197044306681214 13.607251607779691
1.283723174332801 17.904104357853328
1.460039736439052 -9.453287022252857
-6.802300514988382 0.041748179120330
6.493621267611893 41.062005117025898
-17.135208601445228 -4.162810825456060
0.042931659413691 -51.992369229387521
21.080864203589780 -32.426426170162536
11.403213780777925 -22.540002563835383
-1.303069539274457 15.283720284341081
-17.775389687873496 -11.670853749119091
-6.722337825855186 30.660442489164783
31.873008070593666 73.855274513731686
24.067647856291572 19.349431171652991
-7.093200755607239 28.141833034748565
-3.017054503739817 -24.072087624999302
-13.085665184825936 14.294954952211468
19.169463282005569 10.727784292172098
-9.692290569898827 -9.043375414376717
4.610344762187176 -8.461665699212167
-19.677699433036981 -3.167382367893332
23.311471063285524 -14.217933492225383
-10.869386546222110 1.333632523815199
-12.223687716460768 44.377049158993756
3.676990550157756 -21.507390237490807
-48.678432840905693 -20.512234430893791
-31.147899370219044 21.834621748553062
-9.869091043306948 -3.503253295822116
-48.763687669980776 -14.921874713791567
14.365034714174740 -7.191374420340816
-8.755793247281709 2.908901148448229
-3.034153556853270 20.193172322814281
29.756906336847894 -16.550198788148371
4.645107394829202 0.612951333786851
-23.084468356216242 51.841023447933139
30.226492280016302 33.751846899393065
-10.885953907875392 4.431883871033957
-17.657425784441660 12.387171393196592
-24.090993840866251 3.793122121999295
20.667347011724424 -34.725217359602382
-10.881895029681449 48.859886848065457
-50.673971970446466 37.035759316160757
-34.268187805325539 -20.802390209017034
15.646258124547902 -10.660236599908529
-4.635423893550621 -25.434606407067996
31.503840053698383 22.157601770427977
-3.126483923890921 7.537833140695683
23.407101397024096 -7.852498386107126
29.876357800040921 -25.399272015691647
28.786936277942555 6.238278276547978
12.597359323587693 2.931128804861586
43.068113906022617 17.214945336834965
-4.709360330781553 5.105399211384441
-18.826700480143241 0.565790549650218
-23.177242298580769 3.651040764829032
9.834923937925574 -19.639313106160049
44.718883959448760 0.095835841062197
5.774257670429435 -19.582819395393955
19.060639187807730 21.588549195968891
-26.417666716371297 -18.697651245060506
-46.293891754986660 -34.373433712581388
-16.952058583203659 -3.924654126045042
-14.407820871606360 -13.590835135236102
-5.125066343856486 20.360654746418181
-1.284590185147747 -57.253505802966728
-3.298825768149756 21.412975574483632
-19.685058088689829 9.351346031283427
-9.496025158343748 16.698039044845466
-56.377917637481666 -6.735597956162143
-17.921971292599068 8.494618526177016
9.954678314955514 -7.081677606455107
37.984571142319453 -1.047790850976607
-5.586655711655554 -3.782508169513070
25.954692728294436 -13.182598271608219
-2.067358075496062 -29.269557800309808
22.777300570527252 -32.791186262621366
0.411279676925867 -2.222896561800293
-33.225104959962295 -13.286192988647002
36.589332311741586 19.459546585001540
41.475407634608956 -8.395414909023952
-42.570950531872192 33.929694913610170
37.878950098225509 -14.358339895101176
-16.880053147600144 -35.933313819399167
5.186881510670220 -47.846946537248989
-13.673388251198990 24.575824002226945
-31.978780306071034 9.391306375708593
-6.884329416047403 -30.967642901221133
-7.297831095655750 52.899298208534319
-7.986832860792282 -5.473650262901987
-25.936861668055670 -11.882856296813525
-11.883868221426804 -17.694689176265825
-48.513230664022224 23.710051171780425
-21.429558216542013 18.926469742511376
24.046014266674845 -33.677894020714447
-38.092472665596844 -17.041709545846981
38.354177142025719 -21.511494349371617
-26.318375375074840 13.860477562867207
22.014529195400890 -31.734091603043588
-12.650155801022104 -19.759704243966592
6.236562112005809 -3.148850348242794
-40.077016501986471 5.182433659449666
9.705925048148483 -10.563897031791434
11.992984339689663 11.646110865028071
9.258109164747315 -21.337676744755459
14.980984568898904 -3.555819904025716
-7.266021919297065 -21.825999768535755
22.458218009317090 -15.987213320616000
4.273117072122151 -24.568351064089484
26.302454351415207 -8.100192972677128
16.286853360138224 -10.574742663198244
-10.480877609286761 18.124880876037949
1.570270852382511 -2.961429792842889
-0.304169417406528 25.838827402156721
-34.458001596539106 12.131921177310502
-3.203843916348764 -29.421117519554013
21.579629519610162 -1.706279108323791
-18.689536947476146 3.752665119006060
-11.100391973779026 -11.332728585669425
-5.766929445247697 -2.758567361570488
-18.315604574164482 24.303069415434873
24.203502799430250 23.955124265648507
-0.353362506103889 -51.229301009648772
-59.652157915793268 -19.290045416208461
-21.288077355807044 15.801416716473115
4.009751136823842 -13.702855987029521
-14.407305342183585 16.673640816332771
0.086327552804844 -24.274144117470293
-23.641834343008124 -28.011125702193652
19.436432387086999 23.145805046299095
-75.659274063075557 -15.419748435926063
-14.359781903443519 11.575539239631203
18.438265438692031 9.073677815651035
-5.414238330896085 26.065815705966546
9.239480393587428 21.298384679823020
35.293628508944138 22.417229905359196
5.344933892353846 -53.476668444693715
1.101919843954870 29.803652390557509
16.345280108085607 -19.731953530507209
0.372239298468634 11.013092247694781
-43.679094512945575 51.229169240394434
-2.135585311590428 -9.091827712403612
16.240187323832227 16.654926656147861
-16.593838384950384 11.744648417503779
-40.308348763329128 -27.075483348434258
-0.276307011800432 6.109045097026054
-67.379381513817648 35.036079435459371
-24.192932928552992 27.130917773584883
-5.565263590647874 2.995629097213692
-29.083403727855131 26.455137407125545
-6.459566864353745 -15.884172362653917
0.010684501188468 -23.364543091434051
-13.838735294678182 28.243665766834471
-30.033177529013347 7.442592469451101
-18.289681873310727 0.242465235591425
4.036051222294509 -38.963361143677020
10.836927412002714 23.202881658852629
8.621985572690742 6.579763700119320
22.935004082456082 -0.224316682060641
-0.559931637155019 -5.972423029722235
-11.537853184984323 -23.408951774390552
10.915799419542958 44.115565616331530
-18.889064953134397 -21.253400326004805
14.086725602620646 25.294013646550145
-18.268966679634186 3.318583880801895
17.896020421989689 -40.146748596412067
-13.965410006686971 -27.708857998154375
14.376085671229617 10.047179675210881
1.308650540943199 32.052752734828260
40.847533273213081 11.727139936955441
-14.400501601393970 21.874163242551795
21.263393885042216 -23.746594637751759
-13.938987813479477 -1.224643638590059
-14.118688933101952 4.457929270553409
-26.448336747800340 15.143353827145710
-0.423071730822316 -1.162653876239581
0.004952829820590 -34.893331857614079
-18.798284290570187 13.404345438785786
-8.749470299409266 -15.560111982094213
-3.028129839488263 -55.794883486129713
1.464927507288565 29.151357508285386
22.651376760257396 -14.871648448436398
-1.476553842697110 -15.029104788041233
-21.708724069610831 13.781522549638353
21.264813462777600 39.944125264478281
10.511176566693671 -49.384541592530418
-0.259379576630443 -19.334635480518163
-111.273486208533740 11.402410814424716
-10.341621388116961 16.504638779459402
11.306015649890359 18.999758518456453
-21.656229437061729 2.168788824396079
5.061870337592921 9.864425677149971
-4.860912938571229 -14.667775723015758
5.340739860005203 -3.545123919964510
-19.799140305741730 2.316359557410418
-23.833029815565911 14.951629838748246
12.794885944450359 12.353277282174675
8.072987977140594 21.132928388658328
-12.847141576427607 -37.087389751423260
-0.572701695988823 -7.970377979825058
15.532866655188217 -19.429429122856270
-10.075562131085432 -21.056141199759651
-33.125860678164628 9.893494844287373
-1.355062867577510 -40.456617118291696
26.326860935224097 12.973910663133269
18.733323103332271 58.386280746439787
1.664138832905058 36.597776052492783
24.875476645581966 -36.235065967371817
-19.461890043506799 10.787495221721224
-23.133455910112598 -4.906495972196796
29.655313054427801 19.990507431779978
13.090325973998029 34.300156586451365
18.069149767687499 10.950709788969407
-0.702902370653120 -8.012644599872269
34.984777533677047 -27.623999112655341
-36.511463152217665 12.627315259411080
-54.945916151195128 7.454628521162112
9.808265575836170 -36.355782231996358
-6.068345014844863 5.800826092181861
27.770724048684801 14.248772578852309
64.058505983025427 40.503679893883913
44.241614095250114 7.127560949494470
8.660577146807256 49.572975610848431
5.009311906613612 33.188395677494690
1.578003068649113 -0.057740528545544
42.092601143797964 41.725035297469837
25.848053293975671 27.281572980501863
6.856743356563749 -50.118030094266217
-24.633651252077122 4.486338775948463
51.961090129784630 4.483555940665914
-20.720963216341463 4.036524567892550
-21.748944913262747 -38.293196335875855
17.946244572615193 -5.923781097642312
23.692221280082471 -5.941146740225271
34.946087556417275 -29.135167884017957
-8.276792894997381 -30.402718639391146
34.073155117306641 25.567160809801372
22.276047482304811 10.453705720849781
23.127591533462315 37.117538878568489
0.645571863529364 5.008918957027361
-37.396137350982691 27.021585565059564
3.826026112811640 -15.628309306603899
11.036374669240319 3.888369492991722
-48.130944853659081 -4.703150338745979
6.146314925125470 34.299082386274968
-4.912015759097384 13.681844873273414
-1.796231235524649 18.455852103766421
-19.586634381931592 13.564822823428687
-10.709594523447945 -2.008141280396533
-2.874422312402704 -9.679751324281625
7.732696984765086 -2.862721917900705
-37.533830780424367 -41.983575345139641
-4.140095151974628 -11.823951239368697
-3.141296733450907 17.432638937121443
-24.175852822775937 31.639894765236473
-25.885036621148682 -17.940259992391724
0.787497762863402 13.849036203274732
4.293141527890509 37.364258621752498
28.760977639269306 11.608229802469456
16.352121481249423 2.837202003907604
-16.742813971368150 -21.815519826137756
8.654760551751531 10.657616224491223
7.435846987275388 17.316622514771748
-59.058910544772132 -16.555389597344245
-4.912109130035748 -28.008975744389907
-43.595792760395064 -26.298852149828534
13.232919389328492 -9.103727417346994
27.713762934750125 -38.594964089590363
20.353136996472152 24.193850451971461
39.001946210918092 33.095063085366085
13.922379769527424 -14.146227027520638
65.227815762370199 9.338718320179241
24.446883186784991 -24.428928496195404
14.535721331940589 -12.572272109052536
-32.653569928484735 27.795362808626205
-40.183546427598905 -15.999500175200803
-2.312299260997045 33.974088799851273
8.001719465670240 -37.275317201225612
-32.080596169798035 -0.812721041474503
3.502042762054473 -19.168061972495217
0.189999548655338 -2.463100851776991
43.462591619910654 7.694744851631230
15.436676487082634 18.628920433021968
25.224288407417784 30.763202742308312
4.841898033487229 4.749548777647171
-2.169707018036378 -13.218947190867052
-25.334010985469781 2.451517925191022
-1.846217608287964 -5.695176403092313
14.492366800546607 13.806395123366405
15.554546409340677 14.243568691117478
-19.218013700209145 -33.257918094333270
8.330046106328934 -4.734125713195775
-3.718301160018857 -2.128548411828528
-34.081069905118198 12.443556828064921
14.295902345642546 -32.297032097359420
21.940301247501623 21.167311020165275
8.030976187184347 -53.066095805534744
-14.006778807369189 14.531670787937369
-34.250213620634106 -11.607285692158595
17.560359000627191 0.878730642768708
27.788146476338103 -32.797089475460012
20.309071584093509 -45.492154561429714
8.199662188999428 35.071839181162268
11.467725025804226 -29.877735821007093
-24.375724733915341 12.864330485398625
-47.034372078117698 7.230497595660432
-34.750524914999659 -23.658341579134166
-2.660314393524946 43.409181938355033
13.523670427623109 -18.784654642067814
-4.413839333006764 16.456634738821716
27.488960904819645 -17.019282492265180
29.297228508020201 -9.363635239864205
21.269362632404054 18.956621914425185
43.868767171958815 16.706484384081566
31.239489894854671 37.147680040956388
28.771131404494998 -8.539610577269423
-5.917317356460257 11.608310791182916
-5.724629437187582 10.635389743959150
-30.016687304648563 1.463035519558375
-14.278423208471965 23.360347011421787
-35.337645930878139 26.059423845839255
6.436469454348257 -8.317628460539177
1.959759192470866 6.151124945771536
-26.027725684274419 -1.046639926162210
44.972591532290380 -3.180932242152333
5.141691901974781 -3.864450784695792
19.934562529877354 22.870940689093747
7.960100813695137 -17.531134209150089
30.783329482779660 9.097801040322196
-1.775799999170604 -41.071464281722129
31.224540239879808 -28.942411348543079
-37.274151863433893 -9.964773260318426
2.543705062747108 -6.102821576782070
-23.450824426079464 6.216846096388909
-11.790228414096434 -18.124760931195251
-13.994204318680664 -18.153345346945514
-23.917653389765899 12.696559024992951
-43.437680185472622 -12.422522104898340
31.113873016389398 -0.197197007479103
-55.670512344614309 -33.612117839610249
-27.238537401007765 -13.618206315113389
7.915152145747144 -11.226825489514427
24.533763311843455 8.478628473570001
21.850028089096210 -5.616141627270375
7.761687475967996 -0.402985311426098
26.016787400281661 8.740811679062167
52.234347326359902 -10.606824540111651
-16.497556210831824 -44.346766687880852
15.062496236670327 -23.552463647580304
-9.534669051894562 -1.751196883480907
-10.651396602976206 -23.919550949605764
-9.227173782471027 -24.772114520390115
-5.723017923674522 14.717965268049733
41.843284674348183 -2.641391313466902
-60.413668287397613 9.143426432619753
8.632762087901684 29.821620872120167
-34.453469548752068 34.565455927469323
4.605037929933660 -5.771351397534365
51.736477515598914 -1.680377385296833
26.343165941052611 26.755833674217111
-66.980714106548291 -9.514608597158874
24.406847064529927 -15.282123187452660
-47.977849160721910 14.024567725914796
15.195866882355773 -2.160231834730878
26.517317581020922 -4.332676515567138
11.494014915989954 12.631255852226371
-7.327280408712788 26.703141907556880
10.898300805735770 7.222759973932865
9.952638914521902 25.746305262649994
20.472515451835090 7.668317181836290
11.046716882195931 19.468483810942217
3.376124472940977 -20.928307541851602
15.708870128468432 22.063611162235564
10.975358549600298 -7.260443114633473
-16.578665864383421 42.433493965953474
-9.278001222455154 10.280880626088665
60.340070678055717 -10.434480856444420
-31.304853331018784 18.588123845869379
0.143609119663114 1.932548048053571
31.037670203427624 -16.958952301151680
21.857997362740697 -2.320296434759420
10.011495514322105 4.392980954785596
20.464387893310167 -4.487546181343794
24.605886362610857 -5.193036748079405
-25.366390468347518 17.844584075427470
-29.045036833157400 -38.806198243619171
-44.239551852436087 -15.163122970841441
-26.920299525682076 19.211429248746754
45.028141678157851 5.790488845065626
-21.429132589943244 -1.216827431584476
17.339737192332297 0.337710216014532
21.432013667282838 -5.828112559665093
-21.151123086783841 -14.682530222215266
-15.915581914237011 28.895374905503481
35.493965099789456 -24.496604753008000
0.717961437202203 -9.221400620439864
-3.705770005997264 -1.144843437080593
31.402380649927089 -31.754021720544237
-36.439738280265871 -55.723081305023577
26.114922220195986 7.759940398437752
-12.571832546477703 56.395338451964989
41.740978794120508 20.065192351546361
-21.875283048336630 -34.246013945112104
25.085903317332690 -12.673056106373828
39.827315651885669 18.538674170203638
-35.890148435459615 5.664512434717953
18.825641880801079 -7.972096580170201
3.011894914085895 3.080335913370395
-11.768563513941766 -1.892329262993095
36.527994656844676 -41.828890489770650
0.051344757830443 14.683774583132488
-18.729453990287176 19.252807695175623
13.643843703074914 37.260950391426995
4.336021744687423 -4.245598932905101
-22.125442132088015 48.681688523298781
-12.984433723245113 -35.049985018136574
-25.507628583677302 -25.308534900399437
-4.998568644155719 -9.668177695095693
-46.772302871181964 -56.729689075916426
23.808740048716768 14.327993833290936
14.498137023607262 -24.532070962647712
-12.006941435578517 -9.300849561501058
54.991195308100266 18.170157464606678
-32.039356137369573 34.047326906575826
-34.419299065304429 -25.340973604772127
0.120015444786141 47.735833963978678
8.597060435774367 12.053099885112330
-5.683102088040672 -0.026011808248009
33.651573628228554 -26.213120618960883
-25.733793009164735 -36.153040871430257
-31.792447854491350 8.401319054612559
5.697935543858694 42.152563272670278
-9.513959202134979 -16.048501614713224
-36.719331720911612 25.508498231112181
-4.518100029874601 -22.435066773066083
24.612875589769100 26.723689942780297
-62.531647182719119 -49.782571979413930
23.184006260052314 -21.127756298548679
-21.711171393729757 2.017681187615973
0.989152000420916 61.164453170784384
3.653933106573588 -12.869395319454853
23.443058351816639 -13.707831169895597
-6.277111963819686 14.016942717914660
44.093139332170942 -21.896615783959938
-12.491711434732169 65.634142518007224
8.576144363974594 -13.282659510531385
13.586136487991050 -19.154688588404767
-6.736841855433592 41.013801405841086
3.158651823180569 12.624466969529159
-22.012692891586209 -23.866236259864181
-55.490461358904994 33.348988163420749
-2.793298743452551 31.362068607663485
-2.871126661938986 7.405613042614773
-14.398955330802558 7.628961421877981
10.050391539964778 -3.148781255735734
21.455221058206398 15.388494912793078
-16.698360622429316 0.178238958444549
-20.270371640514348 -16.042824552421866
2.331987042018202 -5.607955172999439
-16.743411478149678 -9.764166234061083
-19.732834191457684 20.320142911020564
5.620157917876514 -19.331158325584003
4.896362997212610 18.672945776817283
-18.443009242263294 18.920979472286966
-6.521292194067445 -57.219425657441505
-33.036648183366381 3.683610592160044
-48.906837638307671 4.062342095049297
-43.335822783421271 48.888012177256059
-17.112936058008046 9.281526937779869
10.792870444537931 17.308625761098980
-30.489032695270481 -45.440336175969122
5.806243785981926 -15.556357511392612
42.816812738789018 -40.378114047087536
-52.684392548324759 8.697110361741384
-7.609193244126254 27.164264773844561
41.904035948591968 -28.909313733790924
0.010048273418117 14.483535069271399
2.132047783746169 36.758015976875150
-18.836067896607553 12.004444378827330
7.039616385729607 -1.558663835205700
7.727661887970337 14.929208706318324
-35.691446421330888 25.696548476234440
30.298706117123281 -14.880454868852857
-6.645610594856121 8.400612380742876
7.918463840175862 0.740509912793790
11.912161596102266 -7.949262682515529
-23.700662168511698 39.554457255910208
-39.593361173259616 -15.615508589245321
1.791618799799389 -15.328055237547659
-14.992445050604013 22.393616306562397
-20.110454820268060 -0.181280461763807
7.879354284581651 -0.286495298301249
-19.669845901339819 41.084432370894447
-13.506098518144757 -12.337761328513608
2.767280108841164 5.228007498378260
-13.184203903678808 24.284530209846547
-7.920366654615474 -25.686561972426937
-5.399465417715992 4.612117998394352
0.766083041571861 -32.990515938692582
-36.433912690005023 -26.063001531923000
13.592605397061030 2.964361315365668
20.170282949307989 25.197728709122554
-2.303531101719954 -21.972520012332911
13.032085679077010 19.208725228021390
19.026883838924199 18.941271813594295
-14.441109758668173 -20.071778872381682
-19.023376564293041 -9.536333449111641
33.177800332320842 -17.490089433439898
-24.805357031934683 21.943725581805808
1.800062027390305 18.598086040868488
4.216914570148888 8.370878242321089
-40.627392612416941 -40.021825594419788
23.939094384882036 -27.113012854050698
-36.091730255717735 5.154619675007190
-2.985709294613652 8.217401793998000
12.483821753778974 -24.314460521093356
22.937420713002403 16.547502473290667
1.271059810922151 3.238792959137211
-2.628937181955527 45.729485525335335
-17.967345920242380 1.644082116891901
-25.344582002311199 19.497123134710172
0.601848266648877 -37.106625059616754
-41.897869064280393 -34.864378267266190
7.452158056048126 -1.041676887371943
18.799858127041599 2.455909392914226
-21.809603181436231 31.672688292707246
-17.160981093396099 -4.223221813210227
9.956526149636508 -18.766443020275709
36.204887183709616 -8.409153614943232
9.111816428261855 -1.266010435126789
12.517645361285272 3.097838880463452
1.197846631058929 8.388154016320055
32.509354152180904 24.235886481466405
32.816239179625008 0.468499976084066
21.242512472367185 -13.382139105678828
-29.582823991375019 -29.063760868717566
23.564426608143783 -45.833302475080103
-16.648181884653717 48.774358121848294
19.730605261196100 -15.506600366784120
14.540642073125015 -20.183447669349349
-19.798847884108248 17.790279061680916
23.922568504136791 10.448262210429323
-5.516484793422181 -3.554499500492188
-21.613174464350728 6.031700883284079
43.116706324240425 -23.359390847492239
33.099586499983914 -15.157266622089370
8.334274678210861 16.224532319251853
25.188628761224191 21.187866941305735
-12.377511516458478 28.442900231957218
45.113350968750616 -38.665270434875367
36.533624636246763 20.743453024044026
-30.198402882331475 -39.667463873790858
38.438603035007375 -21.532359226583324
15.566495501564834 -35.650961293715618
-21.001603723773062 4.114210070993703
-69.523443951613643 10.692914899857730
-32.724788133510295 -33.926640919733664
-12.818853574612698 3.114394353730548
32.733012760691764 -3.720823542881457
25.596532666166905 -16.031109817792924
-1.632028212710455 -9.545695533575689
-24.501886634752285 26.578809080870602
1.215638005966348 39.520387842993564
-11.775403434751425 10.497850050766530
-25.296362479296693 2.480725883571826
-32.050472813181990 20.597708349167519
10.293965677202007 30.024971544114507
-10.207789198867516 41.451015937541783
-9.620122946607617 4.482691229432336
-18.600131546009639 -6.162386139245486
-37.139117478748801 -2.473733136027221
19.710480417345629 10.198740142568585
29.491172583936756 -3.641938478327659
0.362592527395342 -34.768007314113611
-18.111935260053862 -17.631893916712020
22.792232630228945 -21.481089674552344
-7.117971021984909 -1.795158899095108
-5.442324397579606 -48.516738812167993
6.626872631364946 4.617013621730877
28.809355909751748 -1.297756999320943
-23.264374274990182 -17.576706415883855
-42.663385657615535 14.713688972445841
-14.068100787242912 4.693625228222534
-16.010180933638260 16.362038122843902
33.525953622081296 -34.631343057451026
22.479673794360881 8.868276814158168
-39.972902090423915 -11.694771890982675
-16.597722414109654 -27.398281313606738
-0.112528295943402 -19.825513807362722
17.507127028558795 28.051744960479681
-24.501410343291553 -9.027493755477813
-4.593876315372858 -30.720493964696054
7.114302529498135 -43.493999407782965
-23.580602284675408 -38.451891345097827
-10.963050504283547 -0.785680626547069
49.501686456299417 40.777018162404616
-27.610270706822934 21.383817172279002
27.738176088658662 -9.059688438251905
-17.137487821209842 13.029296973990609
-8.368374554883747 12.071595689907911
-16.959447066214665 -22.330580755246597
17.886045757618973 53.395149276790541
-46.849743176861359 -4.253790203320628
32.080199627200663 19.606185334124039
14.460791275818687 -18.306751927723557
47.242426858651584 8.577302211605483
0.678607269795481 -3.072471504290418
-13.980646084893866 -2.969891816006875
3.937694109458379 -39.439313102375280
19.839952824147087 -0.050987109932545
-4.634225102535131 -23.978004859930454
-16.028206377404668 2.227668518292142
10.550733566460133 -11.190178192133235
-27.018862024030707 -41.801900624575730
-54.979149475521332 -20.405454587643682
0.733496760609184 4.412521079891558
3.064855596167055 0.547537753316180
4.418275032536273 28.460996758378428
-12.051402857344065 -18.865024784791366
7.490564683345352 -9.099553952772466
-14.361241521344713 17.184645530420887
-14.380117810272324 -43.499188108854597
-6.310177198392670 -37.428787316926318
25.016477837372666 1.678804427039330
13.413539979909530 -53.085666760812543
-10.370483366558343 20.479860273858499
9.275498180049846 7.872593855084901
-36.288990745233335 -6.507432217958811
1.113573258488500 -21.659860426898508
-11.257533183347293 -13.481275648287507
-26.422349370665806 -39.411336414552721
3.520825667782003 11.366571258563056
1.096750208553408 6.989721623925695
-3.102632310588995 -4.491787444173305
0.171852457285313 -0.614197467086727
-12.234214916430338 -23.754416206168063
1.761366533038272 11.402930997174206
6.474808547984553 -18.658831641644642
15.323962730162224 14.992346249189751
-28.860688506864633 16.712515572877461
2.263098049014893 -16.563722774332469
53.593802891660843 24.615354026837309
-11.079643608850645 -15.471517213524001
-20.315261179404846 17.571054747060465
15.816373839513698 18.648647579105596
2.429685959897197 28.182130737184799
18.308777076479299 33.625811051514845
44.306496463033284 35.523607520652099
-16.060323528583147 30.038491479597017
-26.838213517637239 -31.121999937814138
8.974401287139990 40.609756381546596
-28.177101796925040 -15.564991201358167
12.735013032120714 40.596214107619105
-70.411950404241153 22.540476060477435
-29.579962456005823 -74.424615741151854
10.854929620163078 -27.703043373262062
28.908332247219434 -37.964570095405222
-11.955371638481932 -9.673713179150973
-8.137106735415481 -24.890386961021516
-14.730420999197241 27.264092810710874
-5.065592688370810 -30.277269925194712
-43.519733104300684 -19.811297273396832
-12.715657118013171 -51.530301897543801
26.073809429564051 -33.091602362526118
48.413378686508295 21.582285326765792
51.123726721129024 -36.260083908818828
-13.535357385479397 13.928239625761430
-24.650468390842686 24.205884677521162
-0.001589113393178 -19.324662964133008
39.839258567847764 -31.578374730024652
17.128197067599782 -15.097878339766446
-0.855559064901391 29.067854850275261
0.472883057803065 14.660241609474426
13.526418894247064 -7.715106600307024
-34.008228318806410 -62.245889786872361
-23.666301169783111 -3.281872294720421
-8.571873119166678 -16.964635003909361
0.010773833039445 17.100011998098559
27.395990517668366 -15.398236318046708
41.321439863630133 8.530950989567016
-10.211327614807651 -47.856026961404275
-11.604799357704499 14.078817148753746
-3.424086987316139 31.870364588026487
10.455213276541659 4.281966520095197
24.946003969396475 -2.113793355301868
23.779138574659065 -6.412911583300448
22.127163776882192 -20.541020644670535
11.443408490221724 -7.449872256593589
-33.673204441526636 35.734552358154481
-2.296303246010503 -1.218138230149356
5.957102439540457 -28.144840117487536
17.781551963933108 6.658095543894360
-45.109760529519932 16.708083798619292
3.174011021100303 -30.822028677558567
-7.489989787116520 40.783976440325944
6.338323292041488 2.499796619166458
16.922631107792142 -2.802302019851118
21.283086007559714 15.030840677138592
31.690713344829991 12.820331963102376
-23.797945788917762 -0.476679856416469
-14.275184080710876 -16.070451910516425
2.380389368575624 -18.836135782808967
-46.510048633511609 -2.142077903278324
16.285187122735955 21.645333912387642
0.731273889093468 -14.870633029518466
-10.938287768908250 16.527436920693447
2.260645554485143 -0.115777403979091
55.396414089301253 6.008102045162752
-25.205600060110775 -42.995813155253089
7.667953912315503 23.034185281481044
-27.334144168535310 -1.713517792071296
-3.250047606218373 33.578616191746619
6.481226497151694 -0.611181434664527
-38.270957726472659 -6.208874461994748
-37.512454289736674 -2.736213292771967
-26.599534745966178 -20.096452570981299
30.658135410644892 0.931865056539727
-26.501038573757615 4.445597825514874
59.150746428824775 34.076963291575737
10.208705167602906 44.401719585932241
-27.404719885130838 12.252508116514559
-8.307294693151796 -20.369398248837197
-28.376771391538323 -13.984503670859144
6.761592445623013 -27.143418259985399
-10.299107907907079 -42.495820574521602
15.517970333577926 0.488770926279172
0.255659781985747 -8.568146087329009
-37.920836088494212 -12.595353626121428
41.544087385061353 92.410811090475207
-15.578148042631883 -26.508505254677566
23.257397694061499 -16.740938559265597
-25.714836971377498 -3.847473393274099
-17.332322337283941 10.091295773235109
-37.570461594735519 -0.813486169597088
27.276609738538706 -20.252424155151388
4.343671979852221 7.008172980115578
51.838073653473437 -17.734722420421036
-8.115003804641319 15.035666171194132
-0.427101123779951 15.348095149543306
10.674728606481324 -0.527043652792972
-9.135063154357322 -7.014360191934842
-61.815699310125609 61.679794913267628
-12.698090636208645 -12.679750477358079
25.860299892395432 0.713407651566544
-23.759366765484184 33.253615216131124
-12.895384532165034 22.954400184856681
0.906355671683219 38.669507623236477
24.482327846133995 7.170997479990858
23.579117586535062 37.122310004693901
20.036413071875522 33.538018330102545
5.888089772410809 -18.155551091399293
11.504022777638090 50.252654751376454
3.901439631237223 18.409991848835425
-35.983176348289518 -31.288078449980002
-38.426739933981395 39.430180724951242
-10.258996463806666 -10.268369832042392
57.140643586637907 51.514500659544510
13.297622081594605 5.938315855188678
-12.594780694493574 24.690085632961217
-10.922485886095998 4.902091006205000
-31.911005506001747 14.934997306943995
-25.405850060682301 23.332154205264317
-4.210945827978342 25.085109117335374
-2.404668966561286 1.125834898413091
24.761772406780388 16.125009987732568
-26.942355240124609 25.128497235977115
34.348949800350610 12.949263981722686
16.877442087347312 16.938517407608686
-15.596581932616967 14.471779022150406
23.566378693711240 -1.507673859953440
-32.113750133300222 10.826060862406651
4.730872898009097 3.713089373598577
8.325878135764858 16.685629320224514
-13.281894949423972 18.511728115115702
-20.658832592599282 5.904441424272407
32.900741355129867 28.535191739564553
-3.327821921979501 7.232489529968871
-0.873103296574183 36.989805030870535
-13.321002419022630 -62.005977847066880
-11.982671905576085 -20.698433620510201
46.896525526731644 28.090149386925084
-37.072743989221166 4.725205294905140
-4.881015980221176 -10.397605327520802
10.673917675966292 -25.962669594426362
17.832167478288316 -43.393328547184495
18.467077892157437 33.346451679324481
-5.283360278623388 2.647424980574235
23.520029095737399 -40.894451693612559
12.632092838991557 1.008707831128976
20.626839806634280 14.308660115491255
9.033812635587809 43.385334345597016
-11.827965629195921 -12.753451856361433
-12.236112445247755 6.824855367074676
4.635162824344314 17.406458030129759
-16.547174898242574 -36.147094882551031
-8.659653538086303 -34.492579942552929
-8.894682238831102 -15.821037798834055
-33.069591602274663 3.530985744138739
-56.153939127152142 3.623449478692748
5.709995353006042 -1.579902838163946
2.286233581814155 -64.392163275404513
0.936496315464968 24.082919915334323
-15.425373537741853 13.031720421413469
0.156584653290700 20.192787268886921
-20.660570397622308 6.473307822437666
-3.424591894616553 -13.542846978828644
20.162883307222035 10.240255392041298
-0.924268940579099 -16.791974641978374
-6.071826006650491 2.060647497570848
-10.673244619143759 0.867519572298903
36.126586295887378 23.692610624560665
-20.414941742330029 3.317302416043482
3.954787818996335 17.444072838109953
-7.363441627516464 -13.006690380060970
54.410941322883531 -36.471823185484809
-38.899849524577263 9.553019918244232
12.614577757335821 -0.188461218956825
9.853236114597212 -10.257021735770181
38.175763041949473 14.481032495600699
6.688695040033772 -8.804645837135407
-7.360833620692328 25.502408649008235
31.918678579983567 -23.878886876759182
-8.053401344949979 -16.634807345658093
4.963284921958079 33.604034703697721
1.183683335376851 -18.917242624211251
-52.760702730862072 -52.812409687544509
-5.785620923377994 8.680983182453939
-16.926473750263121 -4.245453571426607
11.444422675404143 -4.870382206522896
37.230620359409222 -32.525674572370512
-7.633810200425933 -1.568675748299968
26.997137538687873 7.982410855071201
-21.112118077986391 -17.833315860033643
2.596627454292753 -25.779486453731906
-15.397213137886181 34.197588569052606
18.629338871492752 -3.638275075615722
-16.233750773549914 -16.691606116169577
48.377561148182352 -18.832280645134873
2.356794763794817 17.217219153113476
-22.310321185938047 -16.165023433600687
5.185394671982938 -53.030767337867154
10.621962215319627 19.208208036516197
-2.670644254526862 16.953073059560932
15.976693916935062 -13.048565905870795
-22.133046384940034 -25.974312501564356
36.211398157971580 5.289686567247101
-31.932759313908754 6.492443977271843
-53.082366612334255 15.533592006729357
47.124304173397832 12.753008936212217
11.262137290352445 26.958248716535550
24.659683089126332 3.888316955473984
-0.408462700265058 3.233915558483939
-25.847887311980831 73.514488206960564
-0.281219706451042 -13.113181631610534
15.111752183722039 25.401050586331806
-24.826333064889848 -13.607452576148122
24.211673605357266 6.011177437451030
-42.525917383210320 3.524185614998025
22.378651293120594 10.144100110498595
20.805573860085257 -41.160197023435046
13.208715812567165 -24.347332594007547
22.875315000269936 7.079691811363352
-30.381242499868499 33.391931505103983
34.187898866475159 -30.459593854898102
-28.053034800964738 -33.903154569383290
10.429343104521035 22.288610705881361
-45.722414013168837 13.423561384839996
-10.963835309696767 51.461154414172867
0.918893555528869 -16.084223476711237
-1.906572942702944 -6.355330861183267
24.496776166907722 28.247657488430708
50.906871330577182 35.622899907383605
-18.682711528227188 7.707458644825522
-26.301816987982612 -41.258974055002454
0.906552727032125 37.277418178632900
33.257527366789539 74.571131492688636
-8.628001825359846 -36.026384755951668
-15.155983639183129 0.597260744957914
28.933035657961344 37.236658905590254
14.972074232160178 -17.470172868401324
-33.373060693175852 -13.924541114796567
-31.999421003468445 10.385186991438275
-45.677164136747187 39.615536440237143
-29.379188645992876 2.338236213912126
8.010962726829129 29.775113761268127
13.077597945916716 25.844304962387813
-8.991676666459087 -6.294649015876725
-31.336855744339800 5.987111665531933
44.319321700269214 -0.625376166391793
34.267323275418924 -9.381660324927036
-0.784341534687997 -6.919284139975411
-20.832571388425489 9.616248163371298
2.260461749554280 -9.093440018934785
36.977539709239977 -38.960551636334152
-0.961030745500543 -27.485011103315255
7.979205928537333 13.031945225477127
13.770199613889170 -11.350099387705674
6.510736187614028 28.827539907511465
-15.181371911808773 -24.246911671852331
-19.233494779380653 -15.754574450128649
24.192708525266344 22.500317643147621
-5.131416915263286 4.126122610350489
1.308938974765403 34.907204570872494
-47.309070876904620 -5.507943069279110
-17.027738358481091 -17.671375827604304
9.312717553865641 -5.269299887337481
-6.040584499582025 13.229223255042790
-9.912988328622280 -25.451496180726267
25.520941685199979 -21.899301233286735
-18.128857393853011 -17.383693077049504
6.324612155183113 23.473751920831969
-7.346257961691362 20.725910755806453
32.482733835445167 -3.200185839952962
37.709011643408274 -5.556984752134903
26.308322826032214 -9.966618988309730
-0.852120594800012 2.600949481796796
4.107791782494661 0.619445229768791
-7.631293361825359 24.034502955675357
-4.438443304130378 43.145532184584695
47.423068725404164 13.700743443528701
-10.986260138297817 -6.603659880101567
28.503712474755897 -1.107580524597183
8.700488393491188 2.440484926250505
5.715834106691457 -41.294291768011171
-30.842120122094581 36.956426282813602
-18.273645505562577 3.088704301914111
-28.770642877548919 70.677256225314252
-2.730848853878066 -24.317786041013701
-35.995410558956777 -5.840013691910774
4.442109263035447 -21.537966743964425
39.048362131998736 33.219460218130045
7.566319391084984 -5.215677606810488
-21.020079353795026 -15.232600281482251
-9.716822108399557 4.505260632080643
-17.927698470641889 -48.230231745330521
-35.176538201873669 35.551625588036330
28.790758281763235 -9.128058971626624
-24.604360200290991 34.655317606463846
11.805712898415189 -16.248228673036106
5.132189305197159 1.672252523096823
-17.815687756930501 -26.502017994045726
31.185178313299417 8.917393145357972
18.002009938742436 -11.622031862537147
52.022736351226769 -2.775535341957657
-64.812907052621213 12.707740228231881
-0.701176000408202 -13.150596492739483
36.911658027134571 -18.784915163077724
-24.022749738882279 -5.963133014757509
25.143027956215636 30.004836954950168
-6.278143575132636 -25.943265823955620
-10.044209522677775 -13.238745879912885
1.309743428792736 -21.776404245690038
-66.463398937193560 19.216461665919336
13.720442328672949 1.305042054828440
-39.751481440211229 -5.171369821472258
42.143161587524325 24.833605038420686
20.793269234584642 3.489173210147081
60.812298329854045 14.083663748139742
-26.102670564962676 36.767524479183983
3.740654137955865 7.166553917096723
23.319430284292359 -4.020410387600994
-11.339689613818329 5.261110188197169
-31.040544524261968 -18.280200704025727
6.618925211261897 -14.955312837121340
-30.012751564381045 -25.567716297330705
-64.097766345161418 -17.719065842620363
9.885794780309567 19.801692453995020
-26.205643203688197 16.276856952575770
1.218966281138453 -20.828548392720595
-8.312712325777065 -39.630311714740934
-9.396696878404061 4.544426591757873
12.358577413042871 8.107362751469580
-16.705614358851086 16.669534666440768
-24.440444305437481 -11.356584931339306
-16.130876424059903 -4.287559713532482
-30.275310579935173 -0.777367855077651
10.864837019796036 -22.989487208077126
28.669430661439492 -3.740673891914830
-9.434210123112395 19.771884083773546
40.200484893440283 -1.205461265835318
-10.417450433627284 1.713443656792678
-22.192812885934785 13.416832930194158
-45.633528613492281 -8.429004824649972
46.151335537938735 13.080241513897905
18.384113629114612 -18.415587436801765
19.903359341503471 -6.076805405823328
7.826811812549193 1.829463482983610
8.347328483823150 -39.944176595651690
11.560025628665123 -32.952097230186837
26.678581819611694 11.138945743529101
-7.332642620897743 16.353437211443765
-19.084131432412395 -19.653385451985063
-1.923899707197636 9.766643068825513
-7.311333502953027 -43.998738552397796
54.142710625897379 -3.807160593913393
-7.320226337069855 12.271045777768874
8.331516775925767 -7.769496208612794
1.228867761303224 3.651805566111166
7.528069964363747 17.136316833821031
16.364661443354752 -1.220702721561105
-12.842806232125415 17.835812847412555
-16.236802758421071 15.238491025502739
29.202569467958817 -15.818459821802675
-12.934022882426810 -1.899082196576027
3.372955480007006 16.240232327342820
-14.049173316749149 31.726144349874790
-33.665880574546634 24.256039006331637
-12.023126476835101 -2.518799088833705
25.530921260034752 15.135619675115670
-23.509908642370846 -21.069021475934857
-41.422921967391922 0.387570163839466
-26.798113539689943 -15.475721818169937
35.316388818745459 -20.565907170417699
16.849692388434939 1.944933168153301
11.252639209202957 -28.699131720632209
38.230276247552311 4.156123483966747
-33.018696213508939 6.989303516204850
2.226357186019071 -26.743049335057801
-11.339297934723071 20.375638048796606
-30.995125195249869 -34.947793863997013
-8.682576953323180 -14.349055955096372
-2.989939517142161 -1.410276186781417
49.183601249446326 10.528603555193580
-24.423676744966276 2.398550172708094
-16.174573379762304 -34.747834084551840
-3.918166152509297 14.077534957723485
-8.421989929841288 -2.482184080442692
-26.642161632070835 20.433372235832849
-22.378963742735774 -15.996619305910505
-7.097610410545533 -18.353087112229229
2.823675991916067 40.542267867496768
-41.033631602547324 24.288527413194696
4.797501152909500 24.318485694676973
17.698259130972247 -15.127684322840107
42.997648328610758 0.803606849509632
-21.026242924901116 3.772218967034642
68.245044196166916 -21.864236462785307
4.327575491205636 -17.120983063542045
29.771996393613140 -11.306566602409712
35.216344047634649 49.215261849216645
40.436793805198036 52.988947442238633
-46.585384622615251 41.042245693570784
-27.512206889352214 9.625572483428950
-27.669717164972671 -10.944125916583682
-0.849875531305417 1.593019933743632
7.436688575898827 -6.056656570580159
1.444097937137527 35.843110006039517
-25.699703062709442 -23.035828486430450
25.772473196422020 20.741139825246719
38.221725688194276 -3.087232107034510
36.179212686028400 -20.260832516889394
-34.835662368432892 -26.295975547839742
-23.445878907411529 -12.100782227128212
-0.148737739477025 -25.176165769829883
-30.028932547268877 20.374719976858430
-11.644421245186424 8.762645605096196
-13.966024854791382 -61.310483169836338
41.617822618600989 -14.424863549704231
27.469921335813272 -24.866175743371034
-15.256996063362793 5.827472517223189
16.838029390688213 -44.696013297471687
6.240563389029862 -26.808834441157245
-2.195362493461361 -21.607322616793290
-9.806583813790169 -4.466529680696628
2.511831866108364 16.486553222228391
-55.104259552849754 40.307609360758853
14.810373460923396 -42.302317949618185
43.500114634913906 23.301919900479273
0.580778040461187 73.761422998150053
48.344470494052601 24.360025369382345
-10.775913819763865 39.742753270244513
-5.277128519483139 -1.375754725397789
-66.686995430376996 -19.356017059075469
3.788174164628575 35.886308968366428
-54.737018152516384 -16.703077363963978
30.020395960891584 54.725605345284308
10.720834200351536 23.873107998833341
12.889888444065219 -2.417932392345219
0.544166199176751 8.453173676030499
29.569562938046239 -18.328231819472251
0.040895650118334 22.948404185169139
7.498393305935869 -2.143772941661187
4.932742020474543 11.065740051685685
28.775226096676761 -3.185708684836157
-11.863891736616743 17.054244469557375
22.059893666244111 3.170697434220929
5.376352901488564 28.325843379943201
-22.618518047753401 32.961149940758432
-31.621210228556105 8.773107439636787
-2.008735247530375 1.137199041968376
-27.678067283737978 -28.654711903643744
-20.196616079160503 22.090855124987488
4.584251355206829 -23.969330599374739
-2.452239689819387 -2.682103632479522
-25.729382347763543 25.093549995763961
-14.367659071889303 5.393937508342673
-9.884968317388717 39.858293203908381
-33.009671932162192 -57.213304594548042
5.533940876350322 -21.398834695773260
0.664602611278860 15.129711232935136
1.663751316931877 -5.891752389252870
-4.067080751232948 -8.649003015952628
-31.986037685236077 -19.012621248166191
4.656558672405852 -28.072609338589714
-14.997449874093180 19.446875912721048
-11.040828504167504 -8.815294581248043
-6.539886015478615 18.710343665431314
18.378886631059668 13.203715415278207
3.244076234747217 15.333018639385735
29.889411689751736 -26.860797309134124
2.219427164411449 21.954275594288671
-34.036755367079536 53.319634877512271
79.477872403658750 4.455694682274993
1.030128508779827 6.377507750393796
-3.007043102158628 26.198331064411502
16.323818079751565 29.862152535481414
8.414716450383773 1.453797457291525
-5.372309761635088 -69.275125027140348
-0.604471474657334 -36.278417572499258
6.154321755170218 31.512149944747616
-41.556212416931153 -3.750864890616360
-68.134370077168811 -7.701030924785489
2.110637527664114 -13.360975566024582
39.284638316441729 -16.804718609270235
-8.557977703695789 10.289573436958632
-5.421982645967183 -35.513956354166545
-5.263021362751697 -15.655913533817060
28.834560124707668 25.989874906363863
-3.981165872349849 -10.321647827457221
9.479853151468102 10.187971349185130
-5.831798441242649 20.909061529077555
-16.382424827685046 10.639871050113269
1.032799560781260 -44.828932022006995
-6.271954364377165 5.804177937276647
-13.831414574364489 0.580005638973458
26.066411929512572 -28.529647736295647
-49.583166360150990 4.157461861787147
7.938808290112675 -7.291840348949042
33.330527699454706 -29.707016338406348
2.609914497224358 25.174800431953209
17.194449136613130 0.390595472541072
-4.333249005322026 37.108163152757541
15.074737498515304 -18.164617345229196
12.335326525529840 74.839022156227912
28.077664269599097 -20.485605333832293
23.756569620763020 29.370931295496597
-55.682004918850367 -7.576371191349120
-29.109809374029751 -3.080207170209775
49.304775225269992 -38.283251804165722
-20.820786547092059 -6.387451308709842
3.645506882960845 14.780724831263539
2.045015217296251 -5.288126461205196
-31.746811068835946 -3.236505987376233
29.945736818562263 11.670526269834083
-33.796269176697017 16.018378831807915
-4.659855366255343 9.376511720160504
-5.284398737773307 8.038571258046725
30.063138727295883 -17.687068559162711
10.530745069895573 -8.534797429074287
-2.645039883253368 -11.897250070064691
-45.086773137032282 -6.494561082739015
0.796931299525111 -30.030550135891417
-46.282705708567221 0.209072910165053
19.643084352822779 30.429869529777864
4.040998235503856 -17.456503634286875
3.786916824068153 -12.240108343408661
23.896436421590501 -48.008467749929480
-7.237534148939697 2.467674779131255
33.361330817353320 8.004421085796498
-75.303573098179854 -20.624289458580517
42.816761597032425 14.436786106258717
-3.192048239609941 21.468438945983522
9.593286331397726 20.676567317573902
-12.032809199767531 -15.805802968065437
7.378952765363097 22.523051685443296
-45.837843404396047 -0.358090469358065
-3.937487465880776 5.622449971217097
6.705341284442745 -17.616649778676504
7.327528306378136 16.489191007687449
22.570413474654526 46.142034600950375
0.544805803736926 54.802265072382767
32.478751926757617 9.712345932574324
24.895669442519004 -22.029472198132684
3.794199794854306 30.165032671880493
-0.736019922220177 -15.316065664593374
-13.995720076459806 20.292626457178752
-1.700254279845990 -15.645517337178278
29.158262883908865 -6.959438157364247
38.997415525721806 21.417789722655566
-26.427000499231440 -13.653804241672905
-14.794342801928554 -1.237275557294348
18.995885323399342 -41.698056116729582
30.427053369541991 16.963275428410199
8.927968537801529 -56.745828638375741
-19.474374803935401 -23.640155642923276
14.964317982598855 -20.685976028436624
-1.137990715422458 59.959541743523403
-77.185371644337636 18.241306101077168
-7.713446092384523 19.325051640806411
36.655766416838084 19.858799743457556
63.162437924121221 -45.636779917083615
10.229747889879112 -1.040641819513402
-8.405645211732407 -31.413028445224960
-19.872430309181116 32.103169034370048
54.896853073502498 -41.143547532976697
18.501728113902988 -3.527379737746526
-9.987089731246764 -7.264738899220816
-7.465240196072307 8.962704793933581
-19.760404764790000 -6.950916244439929
9.160352792445780 -56.146447967156860
-7.108430869815948 41.635525061600084
52.942314909131611 52.509764310380895
14.539973461726023 36.865018061953300
-16.405791724314657 13.784991498164219
25.388474811121153 17.773722585975140
-42.266372790857638 -30.659099292059285
-3.871418005273121 -26.667106118539841
4.632317773034186 55.046362984155870
-58.748321322766323 27.082994263741742
8.440603213162039 7.426176569807738
-30.459920079101355 -24.260724395312987
10.883204104402731 -45.355311685213813
5.032197858993106 10.678380692870229
-2.188897634111018 -6.658177974769429
-12.494704939434312 -1.543247466497735
-2.383876781800970 -6.483365305221440
