0.000000000000000 0.000000000000000
0.000000000000000 0.000000000000000
-10.894110287339961 0.000000000000000
-17.412798833522228 0.000000000000000
37.524379144173558 0.000000000000000
-9.409705160415266 0.000000000000000
37.757460388906196 0.000000000000000
-3.483370685411139 0.000000000000000
12.048813077417487 0.000000000000000
25.234754247581463 0.000000000000000
11.085298877865821 0.000000000000000
26.246883995024856 0.000000000000000
-22.398028667720673 0.000000000000000
-26.317520192959378 0.000000000000000
11.715642365523776 0.000000000000000
27.973535000995806 0.000000000000000
0.051184068477360 0.000000000000000
-3.139193141553510 0.000000000000000
-0.994525457484086 0.000000000000000
-30.765860188287025 0.000000000000000
-11.310868422774044 0.000000000000000
2.230021353936897 0.000000000000000
11.915314855568367 0.000000000000000
29.356402698397655 0.000000000000000
-43.194891412759347 0.000000000000000
30.742826031880799 0.000000000000000
-80.891596287434709 0.000000000000000
-27.407126111951186 0.000000000000000
-25.061133137005044 0.000000000000000
9.670946451392618 0.000000000000000
-55.211778492552973 0.000000000000000
-53.075247464433218 0.000000000000000
-86.574605945570823 0.000000000000000
28.542939005225620 0.000000000000000
-5.193999857101341 0.000000000000000
-1.970885835217895 0.000000000000000
-13.742605223538815 0.000000000000000
34.118768927738543 0.000000000000000
2.799699750029168 0.000000000000000
13.248761375625977 0.000000000000000
-81.160195773770639 0.000000000000000
32.645248711265310 0.000000000000000
-10.504236217680520 0.000000000000000
9.409237612415287 0.000000000000000
-48.479547664602087 0.000000000000000
-1.464705712091131 0.000000000000000
-49.100420057832466 0.000000000000000
2.008165866850497 0.000000000000000
21.966176115758920 0.000000000000000
16.596774300689674 0.000000000000000
-40.137830475690336 0.000000000000000
0.000000000000000 0.000000000000000
9.577911299147003 -29.267564597172210
18.685107330019573 9.531340171246656
-19.004338865959202 61.038933139508920
3.809546708885789 30.190689053636774
16.324639922166138 6.150187959742633
-6.609453476389231 -5.198293732146597
24.187595272109544 -10.648597259941941
-25.265676858418534 16.679271040464947
22.519796049401435 -20.375142609607337
-15.313673141911092 -3.022943194635128
-24.535818505227443 -13.126152784163532
5.604020244185425 -15.011828747546247
-14.868457132996948 9.781902909657184
38.570353938398853 12.227997615529079
0.697671004614516 18.308379243785797
-16.353743326501093 -15.545004491913074
-23.676268984546546 -5.507981201450538
1.610915573991073 -42.313216675062328
8.189334479434727 -1.078578222777587
-15.951218754069872 -8.856429179806611
8.826723850212110 -4.307720763144628
-29.365717389573625 -9.031834745030398
-14.656557723370984 -43.383040536178910
-37.068288045363104 56.377989842085711
9.254354889667342 -18.060298811569272
-10.019325771323729 46.838988954438662
-24.681851390870012 -24.122435392763173
1.214017845140854 19.375899334960543
-25.897687061497447 7.572992113677815
3.625699588863341 66.896905980953932
8.784649949637569 16.936640980861988
-19.775269483246884 -12.094567372291074
2.513252768678930 -58.440560355104701
30.952790213769131 -9.547135045465893
14.974403882982571 15.249950690013540
-1.654963507582909 39.060408884757670
-23.407973264607111 32.670835537310346
-0.276895342759139 -40.651037357687208
1.682130316778071 61.107504962088591
-1.362787284971242 -4.679267641288432
-28.260974280951782 -15.517409842860022
9.187519219107697 -33.724979249685639
-14.230771907191187 20.110067964245452
-6.849959281653202 -5.873887698299236
4.960005456941335 -2.456851239448009
11.730208807807639 -1.395020417197939
15.747004149292566 21.575903404572472
-11.302935400384861 21.081343839232584
-15.408962404686022 8.951262006867454
23.087678021055705 -12.402825926464349
9.318826103834214 2.739015039524212
-23.611028505624958 -24.373381090137752
21.203300334748388 13.813142230232884
-48.378143462911410 -13.261862448056352
14.222838688936292 0.667734298719969
9.033024645226680 8.106234826397436
37.107621554765700 -0.945366525109316
26.563930356086484 16.696272229997682
10.330506264718657 3.124838630611283
20.892459345941102 6.912541622063687
1.985141283307112 -0.602891527718860
2.669884528710559 -22.422060327008694
11.473814863108617 7.974625962604800
-1.767128780300002 -23.326786177945028
-5.122450113282508 -6.939232754872750
-12.656457802708321 -13.572343495543782
-9.732002448036530 31.623974547633644
-24.308380536159802 -11.092803801066015
28.544775684391638 -12.426670451965819
11.904880380962808 21.595891213572358
-13.660924354888962 3.753569695234091
56.034381677238507 2.526963779691322
3.098985012380015 9.568617111559078
4.339128464327692 3.308470704847364
20.782686893511297 5.481494345937479
34.450083843287558 -29.090298929639307
1.405377870361012 26.256696717378173
30.082282825389242 -10.727236372835677
10.634131019869935 4.844322165242425
-16.694862066146030 -7.017918338356245
44.130394354336282 5.639982590081750
6.642160537206337 -15.945074298476282
4.071162757908959 25.558369854683498
-2.766607571126301 30.631376413780654
-28.277111927054307 15.071398707298714
11.657554500642169 -29.808563662248474
22.319281602849582 17.159619918570481
10.476116680579475 9.334724135575716
-59.687347146941114 -3.479005357653417
-43.802427856410993 -22.512070962938367
19.757485323746245 -7.324495254960469
-39.903842028446192 10.709895088650939
-14.053630191593145 -35.101803680887137
-45.438443850369147 6.314157908097819
-3.610688827362588 -19.267436525208907
18.907314248340871 -33.469977419885815
-2.458983980797515 -23.222715997080272
13.439690121103849 73.008491301187206
17.049947834599138 18.026299085761078
-16.882810482096691 -10.558085029294604
22.165111165181408 4.648373361232027
13.981975852066272 -22.427747107314019
26.805154967208171 28.043904365405083
-15.599884409949327 19.410514744634298
-15.690238495670693 -43.621745739852898
-30.399456562694802 20.014166642903483
9.638552335735714 44.317654885210800
-9.743020790991832 -10.786692400880428
-17.831408068653225 25.239140401136719
19.931868088332354 2.328413213452773
-22.402694722131379 -13.499980071031278
7.339537313610668 3.257454149598546
4.012614927574357 -5.283304502953452
3.329930740970772 8.705137876136776
-2.194077052764596 -24.954652874483905
16.004725220895903 -18.699009377011439
14.632804653288225 42.674915765088777
-14.654679904228383 -11.068001062950348
-18.495075747387112 -25.493671438582918
-25.256740604481333 -21.679021201290809
9.602064030676743 -12.066270582118591
37.534763358577990 26.554328396868140
-14.420317826819884 14.024081171832778
-30.893098839017579 12.793076924898156
-0.187283782025240 45.851999156538085
-16.070369961208296 20.053865860438350
-22.825356510437651 -21.922641874448797
-4.974870227968553 -54.302118448504451
0.956113382860915 -1.335148908370789
-36.171285001066416 -12.035205728105980
24.114656028507259 -1.333032599678178
-19.027225572141024 6.700602714619883
34.480655003089481 22.703970078722403
8.894970047021507 -15.390439417652997
4.776933784562316 4.152557819528414
-20.817139949918026 30.747925307844447
-2.485013487177297 -29.605479465396289
-11.517829660463132 2.950217433510177
-44.803325108512219 -26.247764458784605
10.088831359553442 -10.103197605164469
-25.511118920467315 -28.314591995742038
-1.413254469455242 -12.155578738417869
-24.969368179513104 9.805073136588209
3.889235131724097 16.356296056585460
5.217325837723005 -81.870770618089665
-27.866624408341700 -0.646295242374400
4.116192821720606 -21.089258804025079
15.377388513996191 -7.276463524750458
-2.054122282103024 -0.865439908188534
-28.167935806917150 30.321959823920178
15.238530744316412 -6.200245021098906
-1.287810168424507 -4.581779422697405
23.367399935205590 6.083924490675668
3.792096403377342 -1.119034997507721
-18.890117800077569 -12.054842610304677
29.917276014806664 15.204883110474338
13.449468111359861 -7.391052695695493
20.135206946808459 -5.051452894879074
10.620305786877239 -18.349415585734480
4.131756756068911 27.179135160527498
37.784667650217955 -46.442285864104903
-1.554574843073350 -13.754249107216584
3.481442908351355 -28.799031205974003
14.552722833438002 45.171010234295935
11.422379244349719 -1.462087198245518
-8.663378688365512 -19.684854458167916
5.190692940382148 -9.741602756776096
2.819954547229041 -7.568407805967221
-0.074570906444111 -21.386846624122928
-30.399593709395067 26.754128479938522
-57.571292229832977 -60.505236707570099
3.126709136455223 53.874419224939011
37.948935540335938 16.386571800063102
21.970514599738806 -14.299713161378454
-13.787723596768149 9.172213440631303
-8.179098548492648 22.760486315661083
0.632579892105287 32.462815466379233
-33.432679814345200 39.691177921959174
5.509823437534081 40.025154384432518
7.848382889660150 7.372970711483023
16.133111166305415 -12.866012365537721
17.279302750197218 -34.559696458857992
19.396528799018292 -29.775601595188228
-22.623634882900539 19.940328945046595
-7.408624011443163 19.723938513536844
17.287037845481674 52.764647213146766
49.026852362810402 17.596199693502967
-2.136455330327082 20.109553972770058
15.949938362252707 -0.191644763232212
11.034477627115415 -6.610227202647183
-21.701085712640577 -41.846245566799176
-25.118671719110463 -61.482129527761195
-4.622489603005541 -49.766437512716287
12.754256926191932 28.294935862707753
3.545604483796235 -15.868137728775675
-23.357730507194542 17.564514785744851
-26.764902358661843 21.148613663022690
-33.454599089849658 12.849354866695126
41.726728999981439 14.603266967283862
13.572406412491089 3.708353524054899
-5.822221983435380 -42.852662266022229
-10.200021325377756 20.702217163409490
-27.836091383682948 9.543042714744320
20.921019106324923 -4.473541342989010
-8.531470331059984 14.157671976539252
9.161545235790831 -22.005969772657590
1.741842978674244 13.129386525441125
-20.642799005262191 -6.956868942829467
-2.146284603138929 -36.736699568329449
-8.365415900411840 13.176508758824548
-18.037163383968576 13.511869556423811
-8.720768328888969 -6.210135868373328
-20.644318415729067 29.491851973655837
-22.727011388765753 -10.334592609003165
4.294441715039727 -15.159535659129034
11.452154243390410 15.063264557631053
-18.350814276419083 -1.833294218504315
7.397100440225836 -7.771523405460377
3.893644913386219 61.335610423336767
-32.503125715496630 -35.670722900310970
3.720019340204156 -13.004139921211353
-12.861537301463501 -2.957222356518873
-9.973642766258783 -15.822661203870760
-20.751294070592383 38.159873634578403
16.049316032261110 -19.317360704963011
11.938805681805846 1.308779642772127
-17.481768412131817 16.866368697376089
3.978394980306634 13.990208022838260
-4.295201159157269 -36.130256683623024
0.111550866245004 -11.383339571786953
23.858630080604218 -22.899511009875958
8.155478986604905 -18.336288266128786
-0.557864228817146 -13.091558543606507
-36.901938086457250 20.859659443056266
-51.395824095433142 44.430275283732733
-8.929108998921773 -20.601973570226260
5.282952292392589 7.566690470619404
43.469723430914144 -4.939939834445762
65.243810614509712 1.097449651197614
-6.877750950257282 -30.361548633259705
26.247586340514371 -27.597680131287301
-26.722929088094652 -21.122632600897745
-31.335101324015334 26.316802758430555
-36.439153922426023 -12.535187223998070
9.140130089199907 24.186626664460700
29.558786959901557 10.157032088768107
-4.051042391178539 25.168201673238645
-13.599212491274358 35.164465339166206
-12.639732036508034 -9.123201546382777
-2.448664221398464 -12.985750545623855
2.969487189225501 -44.139187755862672
9.345174170013458 -12.091715105935087
20.573058316141825 1.877517028702794
26.497855517937513 -8.217834319796422
-6.875473284065484 23.835941030829325
11.765411372483770 15.149046870964440
-32.146118986184369 -5.810117621135274
-19.802432689563432 -15.937362977489391
18.828110730752968 -9.931125869884520
21.770642777527538 23.133536311419611
-28.137092781665171 -30.123196785380198
-7.061593669535450 9.174806793407255
7.088456919453333 0.049699274795834
-5.016294009043182 -23.324499057124267
32.105123031967736 9.236768236765892
-48.115007692928074 -39.759666270837251
-24.206495502135166 -49.880606864206740
-2.232718746046935 -9.027071879291686
44.817051750279774 -12.378245164484625
8.519603189476538 -19.993327139227308
-16.212009161338120 -29.834535684653357
-7.904677809103956 2.814896854167709
-10.770291365601949 9.689411319147707
5.463679027346592 -31.672683265417025
43.089260389408423 36.868978544797457
23.195735396738819 -12.602070944527046
14.711950306889188 8.302092787581920
-12.671051309475077 37.420441251885244
31.468841806497473 22.225867260422476
-21.007245205488072 -7.050763431127439
47.689951857179501 -3.291838367859800
8.206043215132084 3.332309821276830
3.906859419782102 -14.471788200322692
63.000932414037663 31.149078114927903
-24.616027982379663 1.513502292010569
-3.909906985395070 12.429228173487658
-23.401496781702871 -14.204015219352865
3.683351131160836 -11.373319596737517
15.253531768627026 -11.632551151181405
-44.179069211842048 -26.230643184792818
-22.806237500680322 27.509904410696901
-17.649039045377705 -9.777930395427823
12.825611143578039 8.859269801618227
34.641426307174910 3.090310100195343
-3.325595084624772 20.576468031119795
-14.135156639653911 45.395087921672491
6.400695609139087 -24.096790591311045
-6.350274529227293 25.283365649086463
-8.076660311025638 -3.352463420885051
-9.088084959717840 -51.388044176756161
5.151788171420578 -15.575780171273415
-8.199950618003662 39.920054595255763
22.758913679315466 19.445169003241684
-6.950991616534457 -34.697772574846361
-20.198399960212715 -46.507394646735818
35.497839908812651 -4.225147642383372
11.340797607207689 16.211727818072720
13.010122313312218 -29.539678774698544
10.114679199058887 -2.297099122749185
-8.282869359096081 -0.567454549700026
-6.352502972831972 18.170604612743116
0.443286771750822 -19.870918035563104
-4.023580743235360 32.996401518446461
-8.269128804332903 5.096605780860877
-8.524623221526001 -19.228318026055145
1.081750319850417 -7.177417337569564
28.328387827394415 -19.540694698353679
-14.187404877321340 -11.443259403761537
46.726040427350377 -13.059113348469868
-8.898577801409719 -4.129175644910664
27.701973734115281 -7.136299494513991
-2.805962873913244 11.065902439246011
0.600523450842742 -17.576192985782441
-7.145281362657505 -67.408073940687729
-8.280817749474608 -38.570412133231827
-37.413279358668724 -49.840608312228738
23.134038096255843 -0.190388611334058
50.165729088678916 18.155737037160002
-0.488725608522328 11.615520982888453
16.332889137426033 -16.581307267638774
-16.479843482715115 -50.134718924814415
-3.254929701742436 -47.918764784990039
-23.583638222081213 13.805676662055090
32.331420960311057 -9.177524182327783
52.245317780124722 18.887623378453522
-4.528465266580576 13.774510086718527
-3.848364247835959 -8.601661220573382
-10.387361467015666 25.721649678226310
7.914061156681964 1.793329355434758
-30.646789889949858 -8.760617786116681
7.856980346852970 30.873197838744463
-8.902094925190024 -28.728525967762451
3.740413757663080 45.780707065728656
-34.850488564533691 9.074150568317460
19.423709723250795 11.956524647762524
13.089624162431301 -7.179366602678042
7.437453515135727 -41.613856120751080
15.206756748302126 7.880107897503869
6.818192218951558 -0.866754826337885
36.074038708327073 3.658428185734880
-53.637172223711708 -1.039697463178468
18.751995735162382 3.133496739018124
33.704346014653112 2.158510765389928
-30.934094638667535 -3.817083250214454
10.693653362504190 -33.199270411401351
-9.931717009958337 -30.685145832007660
-31.279509442674829 -14.926477764267180
-24.877015372070037 12.578429282946761
5.891834211533916 -5.338092106445473
-2.384657250116272 29.297479806618004
23.989732727575880 15.413096714215044
-4.914182664176112 -18.394816716881564
16.037333256532389 22.646664527324631
29.543554178883159 17.679586755360397
19.211081127873062 3.488780436738232
-25.495075446041689 -5.304631073105279
-7.146865577046895 36.764125458748104
64.415523664019631 57.089609309916220
-23.953755991789240 -39.544904946652920
-16.987983895633150 12.888514964042344
34.240455261635653 -12.020511960117137
-9.922127012352247 -13.997547004011698
2.062211670095522 26.998854306314289
0.707012870458211 32.836196592053973
-28.036762797558058 41.810403475332798
-37.996034306305312 12.933493652138418
17.490590650628260 -26.457710204342998
15.986820571967284 16.532039518200694
4.633176111231263 1.258874376474925
-2.633748243839718 -31.352523158064390
13.425094734762455 -28.118580211957529
-10.294118482878012 -7.649783888968630
11.557464575173524 -4.509665632748844
20.686986674398796 -16.713370213469162
34.230836584832424 39.720219483520474
-27.103578339989870 14.556283019657767
-21.590362770688547 8.103223322935087
5.856910263063341 -5.409197732495951
59.640313663831058 -1.998059992938644
2.531217118426884 14.274785882837106
-13.587829790337944 -36.595629890048400
51.549913158105745 -17.060905988750527
-1.295853117500316 50.933269726597182
28.281390850976969 22.259053296249764
3.602136849948748 -7.393519981012724
-7.505731544488510 7.809651350980691
38.641630687945565 -18.796090161159256
-13.408276462597538 -1.620161062296486
-10.772726364534606 37.883638358437722
3.915945495087996 -46.669885432627474
1.735647101351995 -22.386741192718169
26.080481268994717 4.909565635227810
7.132994371897900 -1.944597491602964
28.945223569557339 32.812993400786802
-62.464900726563293 3.016880441869617
6.465695685871370 -44.965013151477628
85.894029412893317 -3.126005278684768
-1.189009131735083 27.521316611246100
-19.930753315790909 43.750124246543862
-27.449846327125069 1.895977675826603
49.935071134058660 19.781024550299666
-39.770073460457944 19.052995364341498
-18.565117259955286 -2.536724770557450
13.842444569578824 -12.537367535724174
-19.428133267681151 5.941631596277182
32.904959431213278 23.518897910680618
-7.382867284754611 23.895901201548497
-12.633000173635521 -8.946833911771234
0.943351917096629 -20.982531664359175
-0.657563816208687 0.328994072594048
6.755199344873837 -2.759391605229563
-4.566828379614511 -37.067329148043683
-42.324053034957295 2.459811747687301
-17.760611943421996 -13.434806474094865
-51.254766715189923 53.195271433449776
16.192807121008144 -13.767426588042072
-15.541666631449827 -9.421813078852106
17.889069116415367 -3.468655952732964
-15.223904007595344 -55.942072569278686
-10.406703392536176 -3.524418797690258
-23.883061529627454 68.612299815727624
-2.720575351223373 17.662310380165419
-4.884723840888635 -19.487903377231987
5.970399110512628 -19.745904104480619
-14.019859396873414 5.325874688447061
-9.436905662851832 -9.107247027788416
9.127296403415107 9.893602864713232
8.255132884719750 0.244943179636780
30.197752519938074 22.697783381532940
-29.957533215349176 -2.191767076415973
3.058311324679403 -13.907272631873548
31.718134049086650 -0.170789619912054
36.148550764017124 -34.077223286728490
21.307108936501741 5.766693437677529
-9.727283573656269 -52.393121058692365
-9.469798503899707 -14.237245349333262
16.648400079257605 -12.332306009312651
-6.813407164105042 7.660305815255063
14.688191050960965 18.160738113752988
-16.745257451556974 -35.554292104684279
37.422878586741533 11.854224666070269
-20.496317963782445 12.486684067144184
-12.498856707600206 -33.180344330310213
3.225731473966380 -38.373423609355648
5.019471110442293 10.241910312078552
14.835568152486360 26.311932580395261
-4.782109989233643 -3.018598663028614
-16.056879333554139 10.042355772657629
-8.657488911235811 -36.131957554351175
-7.819528103038916 1.371588302033337
-16.516723648301710 13.148095804626507
49.381074826802710 -30.644220193854640
-36.115155982558058 27.768996603158566
10.774645674461143 7.351195342439359
-8.111854696104471 -4.156352848185069
5.330458496430252 12.991506681068039
-40.894295159337723 -13.574607111810240
7.262219868950859 -8.317737782976648
14.867866027465272 -29.701738296058220
56.239650173996736 -23.670394237316494
-4.833759483720629 -47.043822709610637
12.638589303840071 13.084138584223869
0.412907584645339 -22.327235748700346
-14.836016417465158 2.247203043334571
-16.864834597199195 -2.127112790135607
25.879552459172782 8.524101151158840
31.240238488822715 9.128426203200986
31.494964431908461 -12.234490339037620
17.042500066951572 17.633106163938635
-32.545348725156956 -17.324981623031036
-3.188265691793175 -15.287803955043547
-10.981811639649440 17.334504855329627
0.754459817628202 -23.310082884412108
-21.160602433378102 -22.255325105357173
-19.686708463470318 17.811399465031919
12.046120373673169 45.053299096845912
17.750237974109428 18.421617705733365
-18.711572320063347 -23.364431423030958
-18.627366266454374 -11.619983803949257
-45.059502198512028 -41.448843092428639
-19.672186540045011 1.477851978898344
-15.965142194811230 -20.183683025358498
-7.403240968993824 -2.795330813374056
-32.313640749400449 19.255792512593167
-10.162446154758330 -34.552721789422122
-11.355415739581650 -14.674414040571859
-0.120349031165505 3.559756656013668
-11.187046164099286 32.525336528225694
34.937264080492419 -13.089385361737321
-23.413614288625990 -13.231690743730246
-27.251508209842033 9.178709084019943
-27.176321254838278 -40.206075190422425
-16.594419405044672 -13.979544601708611
29.323413052959694 22.421094258211870
-13.762163820095699 19.120938230840572
24.066054977115950 -7.493153452985523
-11.080890715681559 -21.824203142552658
-41.819829988956819 -13.374423530585606
2.628365382185119 6.880507541805089
15.551164507518633 6.617056776491297
34.508105879597935 -17.879184205217733
-2.562270875385841 5.170509876639079
21.274549689220088 25.935082681636491
-27.281383635870387 8.770296373642360
-1.545275012154374 -17.987045286483024
20.523616305057132 47.551409125942577
19.280731266793630 3.788446177272236
11.715574419315493 14.415405524493996
-3.215130605128590 -49.905879709215320
-6.810500974191465 12.532659442624389
30.113194859754230 8.654889880762276
58.942318888369194 32.755202583266367
7.808144953384781 19.473410701131979
-24.826404477894645 34.512775135638471
27.301803206756141 -12.831133809649772
40.652555738067996 26.754885886926662
-20.979860345957718 13.715214859381289
13.431784671785838 -0.911638881302624
14.921997856313336 15.518399039691650
-1.938537136689680 34.741127945210678
19.234257540910683 -36.258944140087465
-51.833638113668862 -36.403313558766008
-46.789725219492283 -18.956964980135645
-8.016329330807933 9.669013678007452
-7.429396291462544 14.441143091620804
-19.210015532762768 49.688829258499545
14.206119949232036 -23.903963084765735
1.833241855768439 -54.301691112686086
4.204057825636068 5.957289886993294
20.770619850831331 0.592269772483834
-48.517723079429899 28.208602161878481
24.681988333725894 -35.364593166138008
-41.937650356405463 54.476233966570483
33.960770495492042 20.528035527467807
21.469424145244727 17.276025219981758
-29.804027095733485 -12.409578243453964
-7.877729694256159 -14.022117642990390
17.092040782020767 -11.606677477680083
15.602227186612891 6.857063883279581
1.919512266444322 -27.815630540970666
4.692124289219204 -8.804541814222869
5.111957835044241 -19.746226786792779
20.171549100887432 5.373208692918205
0.300534662549632 -23.949108011517961
-25.035088922542620 -3.724743727339354
-35.335620738025881 -25.581387946872233
-13.624131037529846 -21.772606604332530
5.924607450357370 -41.333315363390518
-7.019019765073691 -9.492498004088530
17.413956480676980 -19.247213023375057
-4.230938563193857 -2.307221403658631
20.627440795603182 50.889527938949961
42.679854533343892 -23.770617814905226
58.064984227438352 -1.443838307895728
-39.813698076825446 18.990229932421958
-20.059713228439687 -13.004295472069721
42.301455755286653 -14.147449548818011
-2.699265719148419 21.176874895813778
21.201541548928503 -7.157343343486889
2.328540087434445 12.887098561119254
10.692067438241105 -37.189876184529538
2.046387055392098 2.375705886975795
-3.319544443250486 5.448877235256756
18.992082231369046 32.384237257185369
-11.752029721285476 3.465556913739274
16.217950919250690 -16.942832198333782
-21.999543104502393 -36.925629482901428
7.591362800747778 11.046323952201513
11.524093092174633 5.676166226312822
16.827485188605280 8.840239280156332
-2.350754026667099 20.487496962185698
-4.431741652550091 -10.461424444290513
-29.700857789019857 -3.256078830310482
19.196868865379859 -15.383386856450819
-63.415140944178980 25.144038684961441
21.063152811023581 20.141943843275996
18.714524873686482 -17.452247459828836
3.392165398284938 -32.937017306050905
77.724083304555734 -36.999204136975010
28.577560588357947 -10.581317736078978
20.967162147587270 -30.161914218366768
-45.202529765420053 4.126580854880983
3.568490887619965 -25.392278255980990
-5.386428339907516 -14.500497772722266
31.403761760903336 53.804510136961618
19.704772158376922 -21.611278858918038
21.176099560918431 -5.588479317753640
7.666204534309673 -24.770122582979923
43.984175099040584 -22.752134332578688
-11.455576276285097 -18.631961750069213
3.892325961665394 57.164188242586100
9.991050468832000 5.787128761652163
2.971545680566053 18.655340451842097
5.819326356154585 -34.553921920485962
17.477387237446429 -10.043196342160023
18.863170446847235 31.872709935764547
39.601270639124650 29.380119006787123
-22.526482212305694 45.054755819717521
24.732654877106182 -9.509809449003614
-13.414491996730010 3.702185596304689
17.557637312641390 40.553915489526169
36.967801331924193 8.668736570171179
26.592172749295454 -31.111908136173081
12.437737827661444 -9.899852882646883
-24.342128996423291 -14.913369625114830
23.863722927033233 17.590924826742874
5.425320359742244 0.564798241548445
-4.226918044760093 -10.638827309942089
0.142510675791873 33.437479239894039
-15.927767899196297 1.177324156926085
6.577893750252350 10.557452046606800
-41.471786807003667 -1.325783978512090
-2.376088433976688 -31.447341492379660
-4.285375041439549 -22.140800462221691
-13.683946949769961 -24.356902822549376
-36.465232764787785 5.602513235202055
1.460630429145663 -6.914364619775143
-13.543515845776287 -27.913698887692995
-26.091034951402630 51.638971152431068
13.462367328962223 4.595715704670924
18.176451861580542 5.146351318447402
-11.850600616263934 -41.258084636452260
-15.891766475647561 -5.183259109255256
58.180077770111673 1.225781795066356
26.334324838117691 34.098843084254625
-82.367957363854529 18.048214570696693
12.418069648707714 -6.146531931520073
8.098831189451198 43.459222448199753
-13.695295023611944 -4.690060590509558
7.651589748604591 11.703485212285473
1.336272591605192 -15.980174411353584
9.387660173778450 -44.226654543936007
26.633297619491120 30.837313083061634
20.859359091844937 -3.508705512518455
-17.862006852592284 12.183269782778339
-31.695721081278062 -23.464920543683430
-0.669899176671420 -15.596421146904540
-8.518968945342667 8.326659842844727
19.215629681254665 -2.999447419777643
14.739848915270194 4.635505053543585
-15.357840783398427 -9.849472361262343
6.081095561096712 -4.877732835332822
2.649052603739730 -5.829126018226481
-7.519702081980684 10.672831310140189
-9.605289629987755 -4.741693720754230
-6.425994485608403 -12.466077958560486
19.525501031033624 -1.694614310059053
16.984599774977102 -22.234867444875892
-31.461591996650132 48.306128418224631
38.347317521225065 0.942871196879381
-67.259895177342429 28.896801625188772
12.121103803788147 -5.648545611692764
19.258289002909212 3.633840836549644
31.497456812141429 0.874036736578009
-36.878356043931433 -46.411456184268225
-38.170975985790790 -43.014498021853562
-1.949171076393264 -28.373558585260401
9.207954814540763 -27.984223844928337
5.485420430863757 -12.292478335018222
-39.971744567974163 1.487514127797957
26.925119350053667 29.200991847216009
35.654473808643459 0.762935562702503
-6.642255254689989 -16.892614936534606
26.101419506871828 -12.611344702064534
-19.804379652645181 -7.456692142736357
48.524692868695723 -13.637146451722803
19.339275443202222 -18.029735451251163
10.770847351341232 42.443392109867119
-50.561024321691072 -20.345849139691524
-30.052910745539677 -12.852599390052813
-4.758529510958119 21.612277154693214
2.906187393044951 -41.987897070939233
-1.611855328209900 -40.786325317765304
-11.632466899437993 -1.469589929238688
-7.560269692543839 11.743321979324916
-3.862843640369399 -5.527542496345188
-8.533132210487921 -3.014424974110219
-21.704352508554543 31.720106042641923
-21.131311091051753 5.466828980008214
41.953853745695639 -16.764612423751785
-1.569426430474827 54.137766966432146
14.160477463584396 -1.755469300778923
-36.989691290516006 -29.133227558739915
-8.254353634412590 -4.957773840939280
-11.888826917957061 1.051565017241118
-34.363594280784255 -26.040184165111402
37.805044017197872 13.327879731825666
-9.122100549535174 -50.676824715424246
-16.597403155532440 -9.072480277799688
-0.764306693592958 23.463329520620665
-59.104098796932860 10.088629541162515
43.893977050780457 -27.787397266074571
2.396318091999703 12.363662688902291
-19.250908661411465 18.912476632776304
15.630825626338988 37.942512840274915
-5.990458611485630 -30.307677984370834
8.912188715139472 -38.121379705857940
-23.333528271248344 14.174651861767616
-27.655849401279117 -49.128194876799469
20.422289820866215 1.029130472171088
-9.298001444686300 -45.460174531148994
14.920366005045469 0.850672692657205
-34.777282022986576 17.599937728730268
22.034379218981815 25.189980038572404
10.892569555388810 -0.212338181597489
10.954776627331066 -60.212427385948445
-2.729687586739947 17.750719814771372
-8.849354324183967 -11.777489921958127
-27.730394568419317 46.379495424121778
-24.680336594329205 -20.351892873131415
-13.540441197930264 -20.300962493068486
-23.338306046342552 19.180059847348616
34.924878620128766 -24.600750319497301
-39.653873693582334 12.192390343426947
3.376536480976784 7.445391883917328
-7.112400689121336 -8.498843113909688
23.116238941055009 45.263111345332973
-13.830006468823907 -8.097088870965081
4.153201177564396 -9.250964054935803
-29.049906109881089 12.583173122559634
-3.476807396444868 -17.906871452055039
19.212924766658510 -11.685394148563811
3.116374240929864 -10.000792729514004
-3.068742163950773 -27.745383751593391
-11.123854580993378 -43.061911068702322
-8.771893561798807 10.085640999392394
-8.775592613165083 -35.434977433596586
-31.689131898098982 -4.727185710636668
17.501915522928503 -20.127446885462820
23.678003976869544 -46.206607274280920
26.097273193124153 4.083287681987121
50.260203483085085 12.230446313786926
19.270905900186438 20.639346504120898
-1.262443507286679 -10.836485665512313
10.242533313637544 15.453076093770466
43.259115897487938 -6.199301762735708
21.221407370125579 27.971650768246786
50.406006609379915 -43.598394591225265
6.294533515649821 1.468038211178878
19.750576134638809 -10.158857243052077
-32.870662196040868 6.887538089526838
-16.666419681476082 -29.392367440885344
15.446875485347547 -20.670986031447558
-26.303341063376621 -18.868771704057153
40.458858368092187 15.016126850038733
-26.400608188681677 -26.643449132552508
13.678503068638348 -0.104423590796793
3.093611224237441 11.010328849744338
41.388582620708078 53.298278962586693
21.331001109865344 -38.100666117801836
72.160728518758049 -0.557342925119460
-19.833892596961121 -25.696343649304609
-15.892047562305123 6.643194240822966
-11.455552107521985 43.600805840986091
-30.704717443706212 14.718986549389744
-3.780961329034088 -34.413739350870081
-41.389993122421011 -16.660736738183630
-7.209905246224211 -2.169177902260794
34.874096814382391 -6.310456463131653
-22.159691137705284 -1.788052366773256
-10.495977928322995 3.890116254905332
46.961204335099019 28.720368806792521
23.254467434536124 -23.737914246204880
-35.967901519937243 -1.051130360733456
-44.812619170790249 12.330002730623164
5.713033998451649 -38.663889437027272
30.639748843243257 30.463626974201304
-16.282049722201027 -15.385550057497932
8.146583224409444 29.686776456981672
-20.134722143631951 -19.398659428891662
-2.004714723721903 -3.460578868065098
-31.605499326295060 29.844157182192010
-45.550597190942796 -19.206538849070650
23.891894591983707 24.455121102286594
65.309450651090629 17.174240649596172
-22.421216867193412 -17.456863605107138
-5.644175945021394 -19.290294436935120
-18.025362071195389 -2.294832341704800
-41.638814562434092 -38.560574692064520
-33.843638227536935 40.463171189827086
41.824238794048739 -19.884059528704139
11.883074252612072 -33.535371185822441
14.144974625484512 15.605653628745154
17.074040724524604 -21.258511182324213
-30.365255209115425 -39.007708569308598
-22.241071063230741 12.832997121478769
-56.704075011574183 -14.514581869127962
17.038683567151981 -0.127090387853914
-13.477194538571837 -9.150146403277132
9.376832664962414 4.795935316877781
-22.491687624901886 -42.049167798226541
0.708472460692440 22.318474806300753
-40.004957890498780 -3.866866950955588
-20.437095791908412 -15.906596913241037
-17.392642536176965 5.393741558055152
-33.261090562674561 -28.339951032341162
-53.120657501784216 22.697064644463961
63.533528308205199 1.804091012499472
39.915200231299551 17.540352663343189
18.433124380586033 14.262049085220946
-5.819385361636703 -12.765710340972475
-11.580198290091886 -11.691461538266532
-43.199873648150231 -44.081703684663701
15.441592178779574 18.055736942618246
-8.384404933587168 -7.679509570897988
-13.674605760746051 28.425073495861287
-33.135915318937641 -27.311751032390458
-25.623496822476120 -12.646186281106010
0.828413574083426 0.336425752037765
3.131628552872725 25.656476854105772
22.066319787812382 21.811110563707075
-25.812954900188636 6.603202340305097
-11.272813379111483 4.106734365017433
-33.268335926161136 6.598804458737974
29.759711040190904 -21.227881100959841
-42.550106905248185 -3.142211505090334
1.978913094511941 -27.857321510165832
4.683125173999835 -9.321310878575533
21.591807885645554 45.316566308761359
26.253141635500818 -8.129027909531461
-1.228695089327339 -25.861961435813246
31.466014731339762 -2.555397860692859
-8.429092109190249 12.123588844574474
-25.038225294847006 29.840502644512693
-37.228548947590276 17.440174088594468
-0.491603709613519 -7.771164985767347
-5.123445710427876 9.746984977974730
20.531566629534712 27.403838939533692
11.830092096398280 -54.565120962165679
-33.354698935669909 32.903436121457879
16.699463593164122 -8.713983580801115
-35.574865764753909 -42.639492834419315
20.994519811348496 -0.234684189319081
-32.908614320993919 -9.847261337426245
12.786485532025802 -3.790269284746786
-36.298979835130361 10.158690678045520
-51.992355154670427 -13.652317103055267
-26.836212684047926 6.182972616457835
1.099729136846264 -51.982229383574655
10.698005933675413 -59.450644460087105
34.081406394137019 -18.530772536542312
-5.645498134487513 -4.398180708433078
38.535524199887931 -6.247590292605670
-21.052163569273841 -40.574994624801228
3.730399034326790 -24.865570550763579
-29.762983937891143 12.574375070102137
-36.546753397319598 -33.270056366545404
2.920690735381804 39.354402964641615
-10.625091188889860 -13.025149884677779
-0.161192707623380 13.813925591665921
-13.526353911657509 -2.705284273757516
25.268382414447451 -0.167982364355698
-10.781046565496958 -1.657554756917167
14.267206270022552 -35.184823089646876
29.197170175405148 -12.051964141282820
-51.863089016687553 -13.013018066016597
14.339579579412906 -3.498167415682962
-36.071115722841604 37.253792557308721
-20.948184325089013 -0.000907237634437
-13.372965193341066 11.503748958577512
-10.780739489479936 10.827268274295308
-17.045390802920380 5.566740731494028
7.813796759335061 -21.600114959401413
20.376756551767883 -13.883787450223020
27.787733036917377 -23.241772444197927
16.842816234594078 9.387209791256618
4.806718158348311 -26.420807288740757
-4.683364779802077 21.089548312266913
0.611416060178005 1.323744209338082
1.454464300529632 3.696654411251834
-33.947617577151910 -15.098092686158836
16.789859673421997 9.831338472210343
39.797023538525615 -30.519821125152617
13.106100303340149 22.055317273479123
18.809714926823052 -50.497107500459279
13.971243412357557 21.316459317877843
8.927299618411194 13.160654132275591
-19.251158952605760 -10.743267989758435
7.678975196120856 35.725087703946826
-12.592007159735953 -0.749733519362980
3.631824529691827 11.630240732457093
-2.388351945919513 -3.653907787862435
-7.175402290291029 35.685125330589578
-34.160958915352786 6.088682809193818
-26.070367826973520 -35.751179764491859
9.524139896164012 -26.831645641940881
4.987220778643151 33.522581444475385
-34.112720099630685 2.344767905526428
-16.754100146070051 -22.563709633702022
6.308136309672276 -13.032268437493475
-14.328565958949591 -7.822651581259527
19.783858260518681 29.325566205743016
-6.642691511951119 -8.489951776177556
35.781731594447876 7.127555622709822
19.965507331747524 6.229582734599216
32.897008741822638 -5.747737551997845
-4.642567647155432 28.396728430708002
55.743163063986955 -22.446754412047170
-33.458562879298810 -34.296741336609450
-18.267043856788710 4.530079926692085
22.990019854679485 37.070278491013816
18.898842548911141 35.064845678235649
4.510947962845378 4.864504241624126
18.714150645344862 28.864190936565603
-28.693547531438384 -36.776196456502547
9.590442762253026 -2.939125152088321
-26.602837065774292 -23.326975017947323
-11.187763344480805 31.080672381332768
11.699488155342589 -25.899465102991677
-42.078359921228333 4.387826561886233
6.070788387896421 -8.236081568983579
23.759094310421808 36.098336666133044
-31.676334917048820 11.855740316319217
6.471573694763214 -14.309321773770034
41.411909697708246 -11.331904894126005
25.156343137384692 -11.421363893164179
31.159078580361975 11.723774625435469
32.144418035275173 -10.615433797983140
20.930098105705905 -22.157611918747993
-39.204325209713325 -5.774067766344529
-24.775538204759602 -3.354069364526473
25.893418618409520 -5.869695870542892
1.551996803920040 -29.070522789336014
24.177695986939717 -2.410541920890954
-16.836287059723880 -29.406891894874789
-32.465609579794602 -26.676809070713666
-27.528192433210279 -15.887526868515055
16.547534264196063 38.810049586362744
-49.247473727920713 4.742052970671101
16.889784823728956 -0.162059875975099
25.262350944957092 -15.489926956473846
39.060992609493361 -28.783625398891402
-47.874261698817904 37.153306841626787
-2.453892002449549 -20.346032987385367
9.438956490704983 -11.739674892149415
-16.981879169513494 -33.193556214775612
17.221594984978690 42.357294402456624
-19.316290978702824 -22.137180101059265
-44.539866794002947 -14.246419155663196
-17.544756937827437 -8.044550431395221
-28.421302646126989 17.481421348405217
-55.204608815040238 -0.672014234059549
-1.331327564777646 3.625295063482737
17.234540298015816 -16.001029535467829
19.335082135852382 -12.823470270596529
26.765433086152722 -0.293813624677913
2.099770972040566 -28.497541096198677
-22.220765128291372 3.148640367446672
-12.498573852147643 -32.482860382790832
10.126520132768244 -4.691391431249828
-18.731338988904810 -15.895301776693092
23.943063746667335 -17.960569421329701
5.019429185853579 -20.251674495936971
19.624504500693838 -13.166461350496478
-54.575891815049793 -44.889970701455972
17.028228262745401 -10.021060381928836
28.089248054695847 16.001738752256660
-36.278512341145856 -24.130631458810861
-41.986507925256817 1.772844729911809
-26.100658355996707 -7.675313462205353
-19.161485425902576 -37.308020211991845
-17.131931694676442 7.183595661409509
-59.924132097895267 12.291719090226241
0.142117769094922 -12.520087482656605
23.235309813125912 -30.496074797810220
28.614972969534296 2.545756997109462
-22.687129666397301 -11.466625612869445
9.556123377896506 -19.365884351579279
36.150362305474310 -1.729579279324664
-47.432534094049721 -5.353613623026237
-6.431371404266441 21.632626301933524
-23.555130668646193 -7.298421857295020
-22.746774218958969 -16.471974528526626
-9.805532559942320 19.586272121193385
12.899228335745747 4.989394617509779
13.075297753587437 23.625083734237510
-7.528010174973432 7.040778837488410
-19.213432039568644 -19.072795341333936
15.476183112518290 32.134462441070553
-22.858207316955461 -44.318043870513733
-5.380079833693054 -29.095394462272001
-3.305934566941984 -16.127614385334322
17.871774612744627 67.141766701912701
-32.374093552823247 35.773407367525827
5.826766624170236 20.444331557935381
-26.706180534999934 -35.589105607215593
-5.851638155035549 -2.089585544834156
-12.096900979727332 -56.146538015052556
-23.141442522000787 26.606869112380522
22.863694199715663 22.152411089603181
17.112482459885442 -11.400422964016812
59.536802744564497 -31.341833969431633
28.335086827012272 55.983116668389847
24.233507456323217 -24.078580379831429
8.515702144951247 18.532648113593364
-17.074415989613602 -46.222536768889967
1.983486239503364 -36.182767478754414
16.601027854084048 -13.277023343241442
18.022472817817931 -12.972815758592073
-6.146621317491713 -5.811486540697135
-15.399819291333614 -4.844927140760118
-7.453176982645183 4.229544074745264
17.325601037794392 14.334049838873659
-11.889489556819640 20.975614772500059
-25.934411748030065 -53.203209275054476
27.599608199468975 -6.539113489288025
3.184350397919598 33.945681019574955
0.629377509684623 13.990323726752237
-8.822006818033714 11.364243894519550
17.331295510258101 -34.487390239114511
40.267296293166751 21.455556681417896
-1.143990562318351 36.198344965284996
9.874332008007013 -56.173276710249219
52.016069085648162 -23.924732935335424
-4.201801872969640 -5.482549678775950
-10.372474499754128 -22.107522446977431
-42.359211344977808 3.617415179555718
-3.403137364420870 0.226509339212465
13.142507597384835 20.614885771387122
-6.737266268577581 -2.182334667620931
52.042683296406288 -23.478630908771414
-14.992098060547022 31.366005485762230
0.635952905406723 -7.319059329499378
-15.762089723523511 27.993612819686621
-10.009308141918916 -2.057217033270533
-19.095764853096366 13.757955850751044
25.782071489016566 -20.809119054143078
17.010652491751003 0.955826134022582
9.505032721179768 21.147034774089292
-58.710240032473187 16.670105634724553
6.016630453418763 -49.561542952581512
31.726074523701868 -36.384905415798130
36.556574605337218 1.269773375874956
-35.509971007165859 8.028513942627173
-8.151111011065540 0.465268417213629
33.589263528041528 -50.742064321312888
-28.334300218959331 31.431281174661571
6.955149541379420 -18.156590107934171
31.736906203917961 12.742925217743384
-1.945685936765960 31.523731931002182
-23.788953766266705 12.272497595435603
-23.765762306792432 -49.085612739600926
12.285570653710318 -0.539313046973237
-50.792181967466767 -43.976545938782493
8.884893526869146 54.846905701475734
-10.576999566291409 -8.393382193159947
4.743005381007597 -24.057867524867952
-20.470157805284572 -6.676991974047388
13.892803531935670 32.093756731435299
3.186184999683960 -5.938939562998148
32.333018840383751 29.261535620500400
-29.962208612707091 26.752953318198593
-19.388295962282022 -2.652995119957729
-9.592450650669546 23.001330433535646
9.599634949844569 0.100444347409283
-59.813205676451524 8.048558869166442
36.418411766175176 -32.404991281703900
-7.513591639178616 -33.115657958608395
12.642844565680999 -26.445137411083003
5.517631174394529 -15.561746704223893
20.937934060174140 -10.141031007275604
8.835798958462558 19.427185197980005
5.339344237047389 11.672467469543694
-4.405519692130150 -35.206217885570169
3.337800831073597 -39.471871865544273
-32.354540197215350 -31.295144057590790
4.710909838562726 -17.922560547594948
-8.707904839465215 -5.774019360766853
-8.424315160555002 29.322161264348871
-45.578472654521903 -12.092032894463458
-13.809386117140161 -2.812097862866452
42.917211036275908 4.281849406946667
-8.883845675932552 20.033878696477892
26.665972624888042 34.670273013125872
3.683985976183713 21.776673340217521
6.627234284383218 -40.099087529874943
-19.411250898001992 14.744669050874039
2.809337747288554 -43.015585596901950
-18.158424295185949 1.805958328507470
1.347131371974168 -16.309587603190668
-21.670690379006960 -15.703392830297252
-17.411633961079122 19.441198408048432
-41.114543703176707 -26.694269901892710
-33.049996501861528 -54.069275043041735
-33.776786392558400 16.039893366811910
-16.427333074523180 31.125646509174143
-31.712364445237363 -53.288659465422306
13.458842331600298 -23.717765920612507
3.012381359879151 -2.083331358306698
30.278702567686839 -10.074330571886264
14.858450765808865 -0.258083220657595
-7.186988830801928 3.493627726946936
-19.460323512657993 42.476916588669859
1.823689309875502 37.184872508432328
2.405740481185399 26.396389179178669
58.898403766488663 11.101099617661164
12.484063052043094 39.476483855479415
44.494016257978878 38.225656822966918
41.052637083415220 -13.921785924596360
7.395770435732175 -13.763645361495701
-19.383133911895957 -32.695336564699808
-15.516827063321847 -26.388534936233583
-3.036129859043822 11.018975338536064
-22.586594448993697 7.315791694749468
33.268442859638640 14.062648104885744
22.904687769825866 -52.665620441830534
21.576834332154608 -3.153816814038821
31.315720466573268 -12.419941441224605
-52.004054971458679 39.099701406452802
-44.108205743797512 51.960499490491145
34.146151648881222 1.402664661987266
45.347771569297855 34.932919759061626
-20.298828852110635 -40.583581411010059
-2.639171424658661 8.084986606839362
13.877619871949319 -23.391266634414663
-40.709286194723077 -16.115360934594062
-12.741289134351995 6.631765843739612
-19.575448791561890 -12.631783169221674
13.342580890867636 30.221271443636528
10.474647480277435 2.514710717796320
4.161227823448630 -0.246124560831987
15.685098945549923 -15.056333569045886
-17.552205779409316 28.289820929142628
-34.284210675914814 26.485308389744588
1.745966351310643 14.409096823351101
-18.327050344522355 -49.199567146242764
-50.303073872944815 -13.763507373571482
14.214818324461055 -49.903924634130767
-8.867099278226711 20.217295070952627
-9.364423025323465 -17.545372115887943
-9.521669858999914 -36.620259071916202
2.994646314685479 -29.931948735856771
-4.136320832719395 -2.208651387303153
36.066910714437235 5.002982053878696
-40.808226465898095 -14.002185751323264
-52.225405260698935 -34.406166216978512
8.761893759723005 -22.753027131943572
3.383862150186751 53.958673671589743
16.645259873537213 -13.444076193171220
-23.141223473698975 -25.894304370038448
-41.093766450072550 43.531436341713615
-25.171831843958159 -32.433295767962932
-34.577427065089651 30.862177951381799
4.058050858410809 10.041935288811374
19.727635020367124 -12.109571739272941
21.573128274120982 -1.549826493888659
41.963117259853242 -12.124304247190439
50.204523112691604 -15.196859260698444
-3.099768857084427 -33.621036630188840
-6.778344562152847 24.260209969248404
7.890938678414669 13.344383395487375
-12.715020355534429 -25.415322994768982
6.916815744452679 14.454164964446120
-29.403114330657814 27.656307676325095
13.292061303073151 4.438816681380858
-29.752657710009064 50.535694427110961
7.995830085055667 8.614062669149884
-27.371080386945192 47.150153930448845
38.709534150635434 -24.420380305642926
-16.133430777169941 17.577497511280512
22.708841444160338 6.367239502909350
-18.306457990619336 27.776002921772125
-17.767760270000952 18.260847524158859
-12.010911746325641 6.625334687681981
12.943989275492484 11.885520263229346
31.136724243570011 -3.651470195522736
14.026603913373973 -14.530766102555772
-38.666472941571001 11.203340221982842
-2.306106570246007 19.724026892917568
10.143674672724078 43.234666736974930
2.737340591585208 -11.202779508954295
-9.998732025646863 1.323409003744936
5.768931468343149 -14.949652846795312
19.756313089621028 -7.498984798125446
12.788550128255826 -36.627393384265361
1.921548167092359 -12.916676277544290
28.587664357498642 6.552223450820585
-3.922381475382644 11.821587578210927
-42.964083546769139 -22.883805503948945
1.401949049175759 54.570531338248095
82.802539905472784 50.332051151771978
-40.309340096762334 48.801066155179832
42.491089570060488 19.991620593492751
-11.989534187790746 38.946602688278865
-18.005086239617370 2.696992681658917
8.450579577934997 7.523706827261880
-37.219600687170995 20.917026577087583
-6.867553691905546 -2.671164023903398
5.668203127742075 15.265882973345812
-5.115775122252798 41.423682243600283
-34.031351656575445 1.183443472452192
-59.566877591039990 -22.422165257387320
-54.012276652198068 -8.783992288728797
15.909293319351606 -7.780177975964962
-25.620656796928113 3.473658645445005
-2.000372209001960 -4.448628947995401
-14.569442998592496 1.271574830732713
33.823183161094363 -5.437630279680670
-33.520209147273285 -14.153533919188575
23.953627701633749 20.708888879806771
-2.660850316282471 -1.125343162518985
8.342995579162434 32.809929848200042
-17.988523471572719 -52.705645241189110
49.751405410350614 -33.705086097423383
7.130475280914112 29.164034758388027
-11.279330227036438 -7.704287152247131
26.396260590891277 41.755966611901663
32.706964813667213 -13.571139857730723
-19.764930186845081 13.733774858294296
31.926102114663767 -11.740272482241032
2.166769070108873 13.740702458285526
-7.889817731649660 41.520168230473978
8.465443409617853 -4.546991244715015
-24.555511305197399 -4.342302993686066
3.173525098264317 -11.870569553920497
-18.933938994585564 -21.762483224447365
44.107675164126718 -9.245369418829270
-0.033488347178335 51.708556551681447
10.567975943564447 8.691677215564674
11.488341399239122 5.937189083181046
33.975836684965905 -3.377461887657470
12.855806314482980 -24.159343995976911
9.977409082103785 -8.310395020030672
4.855810634309202 -10.070499816980380
-15.396347674372045 13.707760866569346
9.795954190982540 27.292088309229538
1.613536521404466 36.635499687082877
-49.699294081705830 5.769253707142367
-57.609909579233232 -40.233896907420814
-26.965857521376222 -2.723671751299328
12.956321425151872 15.828943055450003
-16.087614271450409 4.820226880767565
12.764786326701078 -23.056801110529562
-15.893063119773286 27.502576458950404
1.930793490160210 34.704631407603721
-44.599070842081659 37.807099731434683
71.716423415344423 14.208291041683266
-27.184602376305058 -2.926146118467341
-11.887269667012491 4.303451119620715
-35.244481286190847 -46.043695976512417
-15.883390716617207 46.102520242073432
6.759320001259535 14.323362094443317
-2.833463036202278 55.232054729540245
27.353732276133758 12.145903222014988
9.925882996986523 56.489462738273083
-12.873015873179325 -48.782417289553948
16.676202656423264 -11.703018408589926
29.417079171556903 -2.917945708673924
-16.968878474449941 -6.245789262888849
19.451307300054186 53.282302375211657
-30.130377799684968 -27.146165234876570
0.087961811459429 14.532325078246997
9.293561824351331 -10.251241350973363
29.569301801768791 6.344305219955125
-17.197271278360219 39.787279995775641
3.956422028296655 32.429098721015784
-26.587697288393450 38.812185293769765
7.372231198112538 -12.923226722514014
10.304640962871392 14.510850173862481
-19.225543655828808 -10.440893533233604
-24.572184093018745 -23.758104326328617
-12.805851857784644 38.571459562305051
-11.113770784074301 -44.810983172716689
-5.798291947492618 -13.190901142397086
