0.000000000000000 0.000000000000000
0.000000000000000 0.000000000000000
-42.034149725822502 0.000000000000000
-45.110456374446152 0.000000000000000
-30.761727696694667 0.000000000000000
-29.998430235737786 0.000000000000000
-27.929088080185871 0.000000000000000
10.969014364847913 0.000000000000000
32.303463657664601 0.000000000000000
-62.692514620010030 0.000000000000000
20.005845051642353 0.000000000000000
-2.157615241551050 0.000000000000000
-3.506755595302105 0.000000000000000
-12.067518084220396 0.000000000000000
-12.756572562547031 0.000000000000000
-30.452888396772337 0.000000000000000
-14.496971428013438 0.000000000000000
-16.712501536959024 0.000000000000000
30.563125347513374 0.000000000000000
-27.212635384050820 0.000000000000000
37.317382663686040 0.000000000000000
32.863027543340770 0.000000000000000
8.014022596839673 0.000000000000000
8.808333610159682 0.000000000000000
-0.774200012505868 0.000000000000000
-5.206839012889060 0.000000000000000
51.800801044266827 0.000000000000000
-74.101713723181675 0.000000000000000
-22.036129162035433 0.000000000000000
25.631447939665797 0.000000000000000
-1.487263941014390 0.000000000000000
19.048701867756588 0.000000000000000
-0.816052683507210 0.000000000000000
-13.173587701562735 0.000000000000000
75.274207422662698 0.000000000000000
-62.155645464838109 0.000000000000000
13.839934761938688 0.000000000000000
-10.351221445008278 0.000000000000000
16.322429582225684 0.000000000000000
19.281156360896748 0.000000000000000
-24.321315929882356 0.000000000000000
9.226296721142383 0.000000000000000
-41.065109836374695 0.000000000000000
0.980170892065490 0.000000000000000
47.613083801493168 0.000000000000000
18.909339427835942 0.000000000000000
3.390229240779920 0.000000000000000
39.815314211500286 0.000000000000000
30.683324115518559 0.000000000000000
-15.540308958116036 0.000000000000000
10.532081909252161 0.000000000000000
0.000000000000000 0.000000000000000
-26.746380650035000 11.182577955811421
28.889302829496540 -13.287245136941825
23.407034641275896 -4.866250294162584
29.576985124971927 -35.248758329602339
-3.381669852661641 -24.753114666378092
-28.170338729892400 -38.727008078070916
13.262312954489255 -59.864955169120229
-3.883444813449466 -32.937498421031627
-12.551614054528205 -2.407564354908815
19.344492197996086 -40.883865848591689
-0.264054245978392 33.192513796838263
2.149779503619207 26.806783400345836
-30.849560608710778 -20.801266689728504
6.793934948950525 -5.820797124667225
15.197322140205587 -24.356095829640829
-0.386891601059057 10.348424626932703
12.302652819588610 14.366084036708978
37.921627817987506 -14.356224043625529
-5.988242671105104 -5.289417751357455
10.174979076568670 -6.283652228177523
36.005462637044950 -1.868209645316086
-3.229580861758052 18.851507162286900
45.342570512111081 36.927965218536116
-21.781491750493498 -15.072020456251243
-9.381739684660619 23.905961913716389
6.502385796407056 6.659535130453594
17.311240400704587 3.347955294054052
55.406237478814809 -11.761560117408740
8.361720115604506 -0.458070780861847
23.620008734761655 3.616338035940355
19.295364254302257 6.922701955743936
10.373643706720550 -6.265652134291985
0.306423303199138 18.580271107362623
-50.597002645751822 -23.215130825636354
-15.833253542778481 18.539061909422976
19.017849033516558 -4.068619757044798
-19.641163138806100 -26.497302615514212
12.822542556106281 0.707106313620878
39.100966677382992 55.306006297856896
40.246484591629418 36.251541175961052
-35.758541034959144 -23.227559934829721
10.418783244790450 9.633163047324784
-48.831499761087585 -44.997749766942398
8.866282629771788 43.789514145259460
-23.354356347847617 16.948733101309479
29.039484229726735 28.533511590050502
10.083023105710232 2.535079278175415
26.432844442128509 10.892132185493582
-71.778939066310926 -3.581852439280210
30.114465405973917 20.921368830568124
49.978803334144814 28.487231181790079
-10.655246543455014 53.740613235062867
14.120476411786997 -35.834627397408447
11.243615194197627 9.130233417597296
50.634037570847603 26.222264095302073
8.358715404705233 -2.425689270669889
-13.317404523574135 -10.978267823246746
6.880052401221706 22.488796197132721
-8.614526497655740 1.063189829092303
-9.379787010738792 -6.384756477245756
7.522657337929025 4.989531979501789
14.238971229903363 3.484650329460787
-11.488104202158070 22.390738202856028
3.730990523518360 4.826096321959544
20.435553467103574 -33.900590486496107
-13.072964016045582 10.786249104079179
-10.568556793793947 8.308254424483321
-6.592328503980923 -19.388979641492838
-6.106976792752185 -8.874391288625311
15.596288852111755 -32.860409480883867
7.388743967351772 56.130600478780131
29.319199292136787 52.178548970934877
13.512680023909056 -14.115930887298481
-27.964671134120682 -32.015600319263243
-16.139134862003889 13.304057534150967
-40.999684708023608 -4.246018612331787
-24.680041339492576 9.492006700906819
-23.505127206062618 -23.119927573412184
-28.188246531003774 -9.497146280275699
-37.610683438644720 -30.968010098770627
8.155977713060189 66.481720522885311
3.174421377404369 41.912916924212894
43.254728276900714 8.764089015130750
11.476608144886983 -10.520929198156283
30.164212931385503 -4.836800478125818
25.604856751779963 -15.076289008870496
-48.023468957003942 -2.330560710815194
9.780909546540304 11.705195763223745
34.574463653087413 21.568646743817780
-1.656731829932552 41.812862683533560
24.715957204073987 22.868565089850190
9.995596789991025 -5.115038375765037
33.426488247017033 -36.167098972230377
-15.407343925508808 48.954582135976558
7.732935832331645 2.704649082567143
0.730799829120039 28.370784757940740
-2.111717088416075 -10.609047673777273
16.543934772385967 -36.789333595515345
-4.801467418075250 14.881686004033257
-35.491870336651012 -2.593654243770985
-13.165427872651223 -6.912660624406994
2.590262960423374 -13.197502795882649
15.981312744889824 -2.871954746262332
1.751551038068025 -5.215673181919557
-7.620539664367875 38.385714790973857
36.064317649785174 -30.777918585356492
20.124111475327666 3.139165733054281
-36.672564660064808 16.020238417183581
-23.893400170912411 -0.800845435609331
-36.202131125411690 9.129482836889837
-1.995835842232744 26.719676071658757
-11.059118806144410 -11.201335182718781
35.853819299199586 -48.727947019364180
-5.580971481810518 41.544723442668378
-31.132042547511610 21.836023290115403
-6.122991523141932 -16.952464891484109
-4.626003993441035 -12.761033442367751
14.166802433834603 10.802260675250636
-22.818682237389812 -50.948933136828842
-15.621153530656343 -3.308805602627082
30.710748237629648 9.594344200674987
6.385943657126041 5.342916666497059
0.285215889003054 23.853007411494019
-35.056699228720902 -6.387540509081117
-36.100403086188322 -42.843106520418928
36.374547047591079 44.867032765324090
-7.391241918583150 -7.588882225082532
12.596963561120260 -30.010422208397092
-23.504497320011033 25.657625363988863
6.489937989234461 36.316634624172089
-26.970241995473224 -36.350196313248709
13.949901245439344 20.155728951384852
-13.852254322912758 95.501552401076253
19.016243457432068 19.809557602870196
17.781412778846857 5.319122704471421
15.925278284772270 -33.378877762439437
10.712612774715259 1.799299790517551
-48.515405390278083 -9.646949790179900
-55.495614890770788 -6.833145855487552
30.070693898029131 2.174333658058755
-1.534323651552351 11.957063362730240
-21.135184658494680 -10.068158558025063
-35.177344234644750 12.073366783029051
-12.050521100682728 35.096466078187724
-21.998933772764175 -18.001892581185441
-26.152057448030003 -15.096062409851355
8.359063776318461 -23.255360796279525
15.717904620586223 -47.972431546555597
31.844723762642499 11.113444612398725
20.713732991143722 -6.942498343862712
-9.357091964404422 38.241358435295197
-0.696797418757624 -35.807829038763693
-4.347097694920764 28.762408500187771
-21.330353501585762 -22.912012126834970
-5.432105716418532 -6.051144780790811
12.131248443355123 47.919969735395782
-7.652448549446903 32.270624042817190
-12.172387877696430 -17.935620489143691
-4.560384594665326 39.843105520366599
4.622629573875266 -20.119271068238316
16.986808555031452 9.342672622349088
16.126541489524904 -1.771509014559418
-30.260020593809578 13.185455283703757
30.406338409121840 29.226109444729509
25.645122935828699 -9.138795946744509
-11.423988473610283 12.312161355232670
-19.536881058146054 26.150638649399355
-57.760353047692604 -19.729454778253896
-53.340414680307894 7.460708012665452
35.452439357540833 -37.176249651888782
3.523176049639354 -3.435406541019795
-15.526594681845094 27.957439781363551
16.961795528389860 -9.157229384869414
23.704083424258897 -30.970378886666584
0.747105784636122 3.111391065536846
10.836054875894281 -23.297306958825306
-43.623436335863346 27.162185629064968
39.337530876525094 -16.406417551919667
-28.655388176268126 12.062111832038894
-3.735356541449089 -28.709059990756497
9.962401547351535 58.557924181538674
-8.199625036273726 4.507495454087820
34.573123431703607 -23.516014567155352
-64.776787070388536 44.546932687131438
-1.159346733166912 69.847123645409397
-13.857961990344712 9.910707802983586
23.159691276377924 -4.985677515712125
30.888285534679106 1.283253449338989
-33.272611399343106 -43.146006645857597
-20.044958202960551 -24.528855504764174
0.973358737960025 -2.902278787851960
23.535980562613805 18.790235331512346
1.715729686775348 27.368504623903728
24.883886376475711 -1.379074020003018
8.223445662670455 -16.697016918149977
-16.316497201350035 -26.661990153953418
-7.693687549637466 7.468560302706517
33.715153091590800 -22.440901058309596
28.828119543756564 4.199407015268747
20.322696128209607 -5.862325769340616
25.629807931494277 16.588260216956481
24.214748054061115 9.059867760800962
-5.759909463988842 23.762488520592687
-11.584327191430607 4.071756527561567
9.182392370035060 21.482738912886447
3.547067395476077 33.993155913160457
13.813226502021049 -11.995007051458568
-0.541278676030396 -17.628048802607310
-23.510683374686394 -28.492714368376856
-14.889265195447424 -8.565804267617336
30.119122511152579 -6.780537713243760
-37.071068069516748 26.780646071937067
-8.902923591248966 3.959350755432572
-18.941195599563081 48.207437109295341
21.005304893951955 -23.010860641144689
21.507050647390546 20.537840684215350
-21.926957617523250 0.253999668100878
-12.022501182977217 11.433269163253263
27.919740297200832 12.361943112150559
-23.557749564739726 -21.192501505503916
3.604402735622912 -8.069534029239078
-24.678240477863788 25.516244418680362
-15.441553858376802 -27.446553519806216
-2.009103631137247 27.116906342160171
6.239383397607756 4.452328986919641
-21.059961718252033 16.717844612692357
-4.560992330220818 -37.229571005067086
43.358610923014297 -21.152370301149357
6.733605694878530 14.453814658884259
19.365390114244402 -33.162939552629332
-44.263889433160671 -8.267926077843565
-16.332376278524006 -3.003628833969428
5.510637346552455 12.150236349908443
9.056831270245620 1.186468553921902
20.033203758800163 25.907040469748978
13.462654763614280 61.505614487443793
46.861489705830799 19.041351183267182
-3.878373431609994 46.921922152528637
-11.855171878616424 13.728255033907782
-27.134296778062879 -22.712451210326059
17.696125090153039 19.951338603341814
0.129666722027174 3.550736226332186
11.310969642501643 -9.096275664928832
22.272877978075577 -7.363265058420019
-5.024659603830577 27.627219660101343
-4.400183000429378 -5.986778222596256
44.918861693636728 -31.062227167391722
-8.442599701917821 0.910901122694197
-27.503156891997435 -2.004158030285797
26.487765209893158 22.373042811696955
6.119655969213956 -14.687491583170130
-14.438321356020255 -1.218440656435608
15.058792455139743 21.029912243569289
-40.444014026500774 5.006806706893498
-14.614369717073689 -15.606240661532073
29.373152546675950 11.813824057132772
8.306010936602481 1.894228036961372
-62.684000131349926 17.469033222784937
-14.106185403401753 12.184821904491708
-31.101428640624945 7.092921568972812
28.819534923426822 7.721448999911316
-11.260814122974937 10.484910933005223
-31.282708833059665 -35.250654763633911
26.456020588436594 1.195531652500293
-49.931956852245605 -10.684751171468115
-4.667474074402486 28.714450198537495
5.550120423511840 16.603074712910946
-38.032782434359049 -26.966423428637956
-27.259812357313283 4.541257567068973
9.643035442622251 -10.035074970245542
-20.104789936253265 -8.377155561790390
-46.929168337410900 13.247842927312748
-12.166581007078159 -9.810679063231964
-34.664945825192945 12.089886917017282
4.835141907194410 19.118242749479585
-6.488244981290684 11.728057161666213
33.661635478139594 -14.579392222416038
2.756932868353837 14.629308057952136
-18.023660766330281 -16.373522948517618
63.024908580108857 25.964257993277517
-49.655824530513705 -27.119869663798347
-45.899331680338591 -41.602424989481385
40.684868790701550 14.350940673616922
-29.450417799609863 -11.122392428382566
-5.825672854733361 26.225888427339601
15.433304624309361 -15.279806329193594
2.765163698643538 26.727918788081642
-24.942195436649769 46.933980465276179
-4.335490819885830 3.219835066245479
-12.864419966565579 -16.786341179492688
11.512035531943411 -42.685399508069075
-15.555958564651613 -7.788874199325861
-1.064521025373842 4.134169728804577
-8.649576274648632 9.300602839770285
-23.519140755870644 -4.630899303785439
-0.712970252196230 -10.018343001411719
6.769022359822751 -3.806188161848131
5.482941263604276 -36.759531083733656
-17.419734675953819 -9.381434057697531
-10.260487199507883 45.018921434832343
-1.590388512271137 28.107665827988686
-26.833740253916989 -26.551628566714406
-3.802704183315332 -15.936269483552282
-27.612185316848525 -0.505496114891723
-5.019624459165228 15.095581814213908
-10.957552363510924 -7.274771981917783
-17.199723736247037 -11.997601267783820
-28.278596004689994 -15.155691123587534
-25.014547427397090 -11.714290581259393
22.257392108812709 19.808387100416500
-6.719869892315994 -36.962279862414150
-8.532587461702512 43.683520601556644
1.798673316197146 18.410942321337384
23.737005880359284 0.734113230092188
-26.185909333130411 9.170129378129687
-35.842773816883764 -19.700085252346074
25.999614847633147 -45.610190009495170
23.522167884981087 19.931967370468541
-8.281288448138941 -16.006986861177502
23.462047612845982 -42.158195510411154
-22.792314768144429 -30.498905335792315
14.273791267921103 -41.153513262347225
-31.985940047107221 49.449523961254314
6.830151763934170 11.455378513271258
27.242819201822410 -29.873817907944723
-65.024414734480558 -31.268260822114659
20.933002229860200 -22.762453638014229
-36.475365402111656 -10.590834334716963
38.117133361450477 17.150554179561997
-5.032484773193252 57.933396375054180
-6.560204825473861 -36.000207221233978
30.473084410264782 -52.428816772782987
6.244602722722182 -19.209621760551947
30.229096126025858 -8.004221866596978
24.985957297032670 19.328314008717093
-29.863633685792045 5.679368258862688
19.876998475812979 -29.470629698317119
83.262938859214273 5.608141270682313
-44.489921506667990 -13.159841982607453
0.819815356252980 43.556695255342611
-12.219123962811869 -0.722172032613077
5.399514807265962 6.819192829906958
-23.932675788693231 -28.733127403498777
-32.304509449866927 -5.092750827161135
-0.087406063113366 -37.156466612000692
28.990325841240011 18.441119710672179
-40.996569714042209 -40.321711682632099
-41.638747106472543 -4.479435049989971
28.388115744890101 12.960508129260790
-36.998488139366167 2.739456582395693
-16.585655855839022 -5.763242154718401
45.673842041079482 -8.054081790431546
16.875861866321539 21.921740117144672
14.098218203725139 -29.085632396209171
7.465320999558732 9.324965801928606
-3.899924447775044 -15.478788726355303
-18.249590245062496 7.427646982568361
-4.304642040139163 -53.403470272622968
-11.639848477761344 15.230488971712703
30.852032822888127 -22.335302473403658
10.608747146199784 26.046569161077734
50.030745982164973 -58.221809891517132
37.290548552781658 0.668301461791787
10.715692097321300 48.767816556742062
-8.386234352828803 44.254603497228437
1.475835777699341 -4.047155654707045
-33.547677632143660 -4.995079070341424
-16.492702309827326 -21.792875093203882
-19.917310743423343 -17.721245936014604
66.502274494913252 -11.027046908783852
-3.597006503491097 4.860187542655714
-24.298790089611956 -51.777569254412128
13.849470066632996 13.655719173477053
18.797418727218453 -9.846572829553157
0.239804584181407 -3.403914653228285
-8.320599760858597 9.991440380945406
25.232944282058035 0.149583090633100
-11.578245572091328 31.362962101852652
6.458318212195973 -8.518457890963276
16.205082833171126 3.390974878241760
-32.861759367619690 41.017026158810765
3.502610938081119 -37.316675877447793
33.879752182132961 1.147412458062617
-20.655794152774966 -8.465422456737114
28.159020953968398 -10.480276058116845
-19.938217866821397 14.505489066698500
-7.255019224759986 -4.443424279897567
-40.969908288485165 1.612263339921792
-7.341225770163580 -39.740202360391933
4.390718967790235 2.830951354725488
21.311951885224598 11.809778950939071
11.601026656330983 -9.076642676155361
-22.777030617939122 23.264715538108817
-35.969181886203742 -19.455715482970454
11.436490359812963 -46.311178543748518
-37.140719045732475 33.432361389605639
29.983983570257063 -14.471852607293229
-27.731962972438517 30.737431333034760
19.602442888957142 -13.096007334201980
32.628202586739299 17.977701382709721
-15.363209825695538 -49.333517780728194
12.993710064591564 -7.608734162967681
-10.581793248434286 -26.043613861031531
-18.340856463396836 -3.587759750784524
0.716115732119428 13.853287110666832
-44.659509792758591 6.322351029346875
-24.343626029501738 10.885992209438848
14.369358036877962 28.107788852368401
26.531484233985577 16.093998718878492
23.126493162351970 58.444870868842777
39.296303667506251 8.065810180719859
-15.607004751080838 -23.317356013772592
8.848697460972094 -9.814248268028685
-25.341338103087569 0.579755197419925
11.142473004532974 -9.450589058150928
-7.774688818602908 -15.908708971759092
11.990214539961016 10.940677390868039
-12.679507325306163 -8.111265807768891
-14.504826365442511 -29.237818181299467
-36.703923070758897 -34.912879109025099
14.440367157992016 -7.391912340354574
14.531829855338133 -19.377270399937878
22.549553679037775 -7.984457587032273
0.957808230084080 4.204800088774549
-16.033268696911719 -9.071548576347627
-13.776625889184105 -22.957776166057418
-5.277152405149751 -6.753110555729349
-11.286843679087053 -18.539811781021672
12.579526658117580 -58.476612016812403
-11.000368542434510 17.026942324255224
1.337893491112123 -16.965212873258288
-3.572406786545672 20.352074219840773
17.512207642484121 13.789778972976283
12.296318963575670 -15.530856217001382
10.919408502991075 13.087416944328693
-1.223696028098681 -3.805963167188116
19.262344837410485 -18.690280556653786
-11.733697919578830 -17.241108265210041
3.209808885635379 -19.673676141596413
-12.842076515759514 -31.026660442618152
5.459702576026777 -49.422142400482059
9.303737373554064 32.633249483669552
-18.641697237937873 -7.540815560384067
-26.729193886409277 -16.158467716818922
-8.472378267911330 0.786118390258853
48.396699905781269 -7.448347789430595
-42.953325808045840 3.370930885249542
-31.742040213524074 8.102732931157508
-26.581508777192759 -19.681957617163917
9.863880166734067 -9.637661807078128
-27.158234281000080 18.348888677959280
-28.437620103877592 38.794243640661890
-16.221730962993217 -10.283050003546723
-16.768129664448534 29.861815009121283
22.831663968902546 -36.270835905452579
0.691662656272019 12.109065701671101
-23.620485618753477 22.199166129315959
13.605165183206289 -6.478199258597017
-67.884512650028242 -45.900276701665263
21.959550234783869 25.050752192082332
45.842814790621297 6.430445843344270
15.677249827534402 0.463696030567523
1.068672572014576 -9.545089432888544
-1.179304468867470 -2.946394746137515
21.279899160751686 22.662558420937998
40.940694198439857 -21.232525281344572
13.506461461548254 10.083353039053002
-23.612510141340191 -0.642380834868796
9.485340925112913 9.082056719967747
29.092442820212096 23.203711297510125
-13.611608167131713 -12.413721670118823
2.519849257459075 -1.002897432325740
24.951786598215332 10.978979943233892
-49.409848704522481 8.003485765982226
-16.539044229487772 -13.636278002775125
13.560693645744589 -42.777656791388729
-33.369137809879540 -17.753218353137740
31.443428398182004 6.884988184008079
-17.861029816455730 -3.574679177542418
49.903503146994439 -24.850770708465543
20.782000581378217 -32.685433792068864
-47.742753192695012 -14.300793335782950
-35.460276783267453 8.016514175363243
-15.783692477923497 3.523195359237941
16.249365122034742 0.911098275040925
11.143024428581253 10.028813177428786
15.277093751410110 -40.215386837984148
-30.734364812692000 -16.382176797159826
-42.850481252787013 -14.111739277310258
-33.013436987381695 -2.539380147835780
-12.459420305438289 0.671057287068513
-55.861980318076895 -10.946290669749134
24.117700077300547 -22.357344618436162
-5.575875308990384 -10.365465594244363
-15.120623114586691 27.930956161409917
-18.783839688056851 13.306593349366738
16.357155429922308 -28.784247135029055
-17.416364392753426 15.600072335740839
6.096295766970933 -15.412393724497663
26.954000530953628 44.625632841606233
-9.200584949239159 -12.197945532301279
28.643040896674492 -12.247083853567075
9.629285139162292 8.682337485647979
-11.456963032671098 -17.382458165471345
19.316152677850820 -18.756917152923034
-19.369923139273311 -14.041264811646563
9.980760735957235 -22.284719094648565
14.678667009097330 -3.645724691800904
-1.500083250151093 -23.710563924684543
-24.283701375974029 -34.652742140310494
8.940900499433493 1.855987829289195
41.153300739921995 -6.756068261076252
-36.232075480166415 27.186612870195532
8.242683966665986 -3.305033181779356
25.677259302578374 34.839241342350228
-2.769909068995272 40.111135201989640
-22.904010147596310 -1.440173051538018
-14.310694627831470 45.206447484125022
-26.386406226476744 13.294135709275011
9.774002023322213 -8.869204961453304
1.649632966898248 10.836995312109689
-26.912382621506083 23.134086505070645
-32.048713007128391 8.974386999605212
15.768727734191010 18.033379239582196
-35.874600699180959 -3.481756671570990
11.894080990162312 -18.357947372118495
20.373245808534314 1.594012119579090
-22.467903800665962 -32.305698401401358
48.087017643631441 -9.356329453164193
-1.009161714622944 -23.788793535890999
-12.228516813281917 40.683564377143348
-31.889000694559030 -5.387053618885184
-63.882247632683779 -19.701690799423623
-4.621240779446086 12.111599473852984
1.236096785472330 -8.056669016368684
-4.645150834516271 15.235058337474408
-45.995762670588938 25.234027836580292
5.647790407967964 3.019704042605892
-18.353397452971471 -20.651542592208276
-16.165661979237566 19.588548020573029
33.046190912473321 20.995566672852291
21.172955059401069 12.401211493646757
22.813070585535474 21.319532478363296
8.158422189524188 22.279832543801046
-19.567798043086707 -10.218270750347436
3.194701620381966 -5.073711565420706
14.726125026613495 5.107897324032284
42.344769765179997 -8.509618024511266
20.426668468228559 -33.949427312760648
21.394639869362457 4.279027032155189
-10.222357667531059 -7.756255364720635
-4.692397146318739 -7.506518240226829
12.247485921954675 12.868098071441246
-17.904595614299623 21.574699193133185
18.052313507874153 51.799749091035935
27.099134734033104 -4.032961807333741
30.543684734893560 -41.176260032518563
-20.011791398479282 -11.980659905031542
33.724730650380280 -13.862933188907878
-27.220786993956441 33.538222318266932
18.934630784942570 -27.061585050676729
2.083190812642347 19.147003498046153
22.879657851746369 30.560253958509701
19.889152118986040 -36.500392524447477
-24.729057996001021 -16.883080766663166
-0.528516939249429 -25.459954992351975
-19.585662513267643 2.042398621788872
-2.617135377183008 15.548736013596297
16.398573395663984 -8.503529228612500
-23.888184992401833 -8.144016921766420
25.857700625529926 3.582172668223969
-11.430143653456392 31.482105033097049
-20.974706023117545 -30.375635079869898
-16.827487487993018 -7.182964958765921
-32.650269633917830 0.382907755566860
3.149158076877055 -9.067812503064363
15.530614811066227 -9.686203977562078
22.675418209041627 -3.459553331343997
-11.490671797083264 -2.578461930864577
18.205618613509117 5.182386622714571
32.800956935804351 28.446812107791033
19.749002901839798 -13.475824394407629
-7.630999717177818 -0.913317392569745
12.703855625514484 34.661121951810166
-40.206412349193656 9.854336513364643
19.710268318216869 6.601359548973475
-21.420883919145503 15.377275415376458
-6.660492976229360 5.012212560171209
-16.267284010053306 29.053476371546846
-31.270899551233597 1.732432178319209
11.689912601999831 -33.149114055083494
-0.198494805555209 28.336612290656660
3.855516335789122 -8.987665733258366
-20.211711950107382 -25.287693701952357
-31.040569343731818 -5.891535727271108
-30.457488675393119 4.824302040234744
-0.033049049418647 33.798763600746760
18.480115574391512 77.234155888192049
-37.019391231227488 -73.594594171773807
-19.258134924534033 -23.090661432322168
-39.855632903949036 -8.475590725841100
5.027855077366158 9.009070732022316
-25.577919000211512 -42.147719484666169
-7.390388574330599 19.571113907036807
-25.659915079391151 -9.709755811835242
-23.348915202161827 -27.751673486580273
-15.971174452896253 -30.689164528593480
22.563209855190753 -18.838158233362797
35.795771207929491 7.247439691769437
-5.087328610545407 -20.815844097452899
-4.057752387866698 25.739404224214049
-0.078686131478521 35.441727250087524
2.809226434181470 -17.602073055483299
43.865754710979246 8.623741462582656
35.837584808510272 29.774093004472352
-20.236900366294410 -25.311820344140965
21.202302157858146 19.312154490597031
-21.926502903957683 25.246876357719252
6.290640966724451 -3.201774041294864
57.725898513109925 -17.263818517838121
4.139999157754933 26.525505112905140
14.682391804958298 3.390253337934981
2.350625974423166 8.805675162730649
-1.373326034759235 -5.563362915182395
-8.133606116097329 9.108036685757392
-52.084340830068456 -28.839016365368359
-41.089937990981440 12.317541832874451
24.253869250048275 22.856441908694546
-48.581240092921021 -28.326245501792080
-33.970736366566527 39.146111440947458
-18.285965642403170 -8.982155105913691
-3.956382956136874 -50.294407314487557
13.017070951055354 4.076273451719617
-30.415444395522673 -2.831873888768745
24.308071080699207 8.632154409376321
-28.300995867298237 -2.317522988364913
-52.829064848276104 11.562908895850263
2.103838349890657 -37.064116764405391
11.156783968105513 9.421908230028670
-20.952586929784950 -20.319066541179456
26.175985404255364 19.524356425771767
36.893433537764459 -32.852437819780690
1.193652078764974 18.916139487794247
11.857954071617012 -27.466447095064652
-9.074566850440482 7.604560422765417
-40.895562226477487 7.672622737310404
38.249358877640539 17.631527072618280
-26.428979728951806 49.440500498497734
-15.797102642927870 -3.365759887166494
-19.580146977898536 8.623694028889345
-12.758565577054107 34.360901771835131
26.750806823864490 2.791143060236907
0.992118748565792 6.393046540656413
-7.155360782185086 -7.460924532716875
-12.706422770389974 30.491874343917900
28.413180353217687 7.439559920491942
15.154888646619849 37.069859999469614
-4.565249818640506 2.630829672925692
-0.454228261666709 31.803038834786030
22.109365707889346 -8.415648871890367
44.468165386602443 26.234085901747722
47.406516414728266 36.775490308151468
-18.611150301516879 -12.752651320603540
-18.591511184157159 -22.786747662599183
-7.055002934859190 -8.164287287743470
-35.898280374502107 28.908057135257280
-12.454000954705332 -21.485956707436795
30.343548743183550 1.681065196369968
22.858803000075170 25.605845357303046
-0.978676025958706 -18.722563434110491
45.887039847982336 21.638046032087683
-23.141312343624179 -19.861328658914545
-28.141490810865704 48.705239642178306
-25.363353934594528 42.637263103357178
-7.383608867069756 -3.234767041579913
25.506321777050758 29.648358208662430
30.014279769785499 -20.745362793531150
0.430619096613745 16.957437856064008
64.001773281865397 14.172302403911230
-41.456401299689482 6.290689272875729
15.870976179168737 27.086341492417592
-1.147474350819277 -1.385958011564190
-37.831190385978609 5.090770364919363
-6.505166707474693 -11.825285101264374
21.025884247162431 12.479800435765497
-28.211921154377620 -22.786636617732324
24.206552493137004 -33.032528600637072
27.294974531605696 -25.949761340780270
2.158706383330795 -21.301577772425059
16.250385251575114 -12.197157010756094
32.259209387463592 12.528471870092369
-43.282256578985987 0.561236383650425
37.978464746497444 -12.477742485108546
-49.514261028483865 6.770559969252107
-10.057771730653087 46.585825162791181
-14.076753373489140 -42.895886172547733
33.659685214258424 47.534407419399798
3.662502300626058 -30.955611093005405
-26.816291430528999 -4.052923764025164
45.518933467660915 -8.043670826253161
21.042865885976813 -21.823336092743546
22.659308305047841 -15.834236390723239
12.842277114895431 -30.713178691423181
-38.254351050063391 24.667045618487887
-42.954854128516594 9.794318416336782
-26.297789354537411 11.867726246811275
-25.764254055397590 -22.348206598769835
-57.471315035489603 3.078907566332215
4.243784450133434 -33.862446173861663
2.456218751701650 18.305632700002079
13.800967493730761 0.342206216175464
-0.590490647019141 24.063718635596228
1.708210615711761 21.160084535791476
-29.437742633291435 -18.722552037188056
4.908429147269382 -16.843813005366123
32.184793937751913 -14.578140746891528
-19.976120135603768 -13.310482068748447
8.431518111187726 -26.745760805651702
-8.322619536821847 4.553191718996597
7.307678606279330 -1.965730700459343
-24.915478467888015 -43.917699296722127
8.828750272795400 -16.490571556465991
8.940112274629040 -12.465988616501361
36.130943024050907 -36.509876918116440
-5.227782639791828 44.749898608166404
-13.559760365588343 -1.475932939482399
30.495417396927067 -36.715953989738850
9.368376155903830 -14.747818028891864
-29.757296154877164 4.033822349271760
8.860040288429774 30.909710966190168
-15.940815133928812 -47.104210083674658
-9.508252310960726 -14.405958254619081
19.690501787903926 11.535357240122867
50.544052784669859 -15.451912491074296
-17.892443342653742 -17.734691156796629
19.170523474036088 -1.011403474532613
-44.512571345779108 -30.130586425030312
-26.476563986176760 -0.914672269891541
14.888647592789514 -18.042369279989217
53.482158331837077 -23.244009334325593
-24.690914679638098 25.020807245661796
-14.529955327038389 -8.370996890677525
-53.469789794822333 1.442173785515759
-34.116359187446804 -58.280965694900594
43.803829031080362 12.140015547611839
22.354424754914302 37.349347629846193
-31.016920949706932 12.248801149175994
6.533013692877164 1.816650160885929
-34.552312023862143 21.204945065643582
-36.688916877506522 55.090058558840717
12.558341018011001 5.848408366442732
14.574909888981896 2.807128619696164
1.550909057762460 -22.013022363382067
47.670946956032047 -16.068306653876078
8.082738825111100 5.536089416463731
-10.229405057535759 -12.523116219420990
34.426818341348358 2.361365414262658
-14.731513253440426 4.492712878548589
-41.973436012025772 13.142465181903546
-28.410399961589910 19.329652007021267
20.774308520016824 2.619432463087861
21.758433202349266 -7.287550676527481
8.647977899194538 56.088309608994010
-12.324658680679283 -20.691023955663717
-52.679743551190427 41.769262314553480
-0.638145747789430 -26.759478198245738
-18.684424545241981 84.173045954220925
-57.033346178183457 -2.728022542769783
16.999236718923189 -22.234274034235117
-10.383891334868050 19.927336690765692
-18.602136890697878 9.094344350784821
40.662311890315507 -36.161275361807981
-39.471856737153139 -18.103117405263156
-16.438909053738623 -12.182382347900594
-34.827524942889966 8.513939956546556
-36.110220460848510 -33.562962041408014
2.068514507099540 -7.515115082228307
12.997762267670112 -85.790803487466405
17.349890585203021 21.730560949742976
-37.738689873857659 15.995926292860199
-14.180612376122808 31.204762840408492
-3.164377967918818 18.444274397065890
18.434864152413596 12.462811590547748
13.869346702091603 -18.401637757068482
9.226475492962795 -25.647823071888698
5.556586636707081 55.688367213208238
29.040934108415861 7.341546597233880
-24.576150583154085 24.734552513989794
-29.112836265718133 -8.575151641588208
47.563172068718494 22.837418410274427
26.926304658180225 -15.872812550294601
-27.571627052401425 -11.663636552106125
27.200804189707281 56.300770054916832
-7.693781686101079 -21.936264094934010
23.188208959583772 13.026036944859721
-19.218993282967311 -13.501422388829024
2.910561899215221 -26.539899301551547
11.579464326241306 -23.532446433039553
-6.784925254128908 -13.733639682023284
0.407665617451466 -30.163363774545058
3.763534930989454 11.344494964738956
-12.981624438288772 -27.219401429236544
-0.100895397573723 -6.669492228969200
28.502863302263314 19.453531752409482
-76.606754000022548 -24.932844173112432
11.108966856726749 -18.661736213017242
11.508228448063294 9.642623943599355
13.883800371213081 40.403827418323885
-18.184732106731506 -2.787044495536715
-18.521454475406923 -0.338112832369100
-2.214204676697759 -21.451436352419694
18.459401131258257 10.582738245152450
21.995978273352602 -15.191355414866607
11.378185428265274 -1.018397322904928
36.679228469486972 -6.994888340961737
-2.529985741227246 0.880767557844464
-16.318515039274924 -29.578457658128251
33.152796354510627 -8.551801349356785
-25.289491442325641 27.252367558950777
-35.069351624097280 -27.520413454755822
3.495733784055733 -37.689034570465545
-61.526581434718217 -12.074131387995827
-30.459706520599386 -33.205178951650048
31.922151356131284 21.086569416254388
-48.015958940652219 14.739641053860668
24.617589171197807 -3.049414024574660
6.849602055248054 16.391576587449290
17.085079349273251 -31.256622835468818
15.681718670546042 -33.303201190833967
-25.771680452012571 28.295312459236154
2.956440597787648 22.197644638786372
19.342843678316608 -10.882890169849816
-11.328359295499006 28.224328877136013
-64.754220629611055 36.215820011898849
-6.445890352588734 -25.879865515267372
-20.087149001255440 -10.564713227023024
-8.417268745570299 -15.677176506956382
3.391494638038006 -4.316885630250019
-15.705510702066741 -21.508097035970536
-19.891149844037660 -7.278882382652519
16.077735309354331 -7.934669532001542
4.367190506843710 -26.766336578483298
-43.481286424042764 -32.267349955549790
8.669818937842750 5.095655672940430
12.904272855326175 -21.169465255699109
-49.624837823486693 26.272872704590867
30.386364399433475 -7.859897963911170
39.031401921827594 28.318364539465239
-6.512216009376843 -41.533600760420967
17.577530375462526 39.046450586155508
-62.454024531434008 -13.771899853822294
-36.369959315646000 -12.262548295297950
-40.200950764044244 -37.848218828362143
37.593604635342011 -15.758127787167147
-29.069107019279073 54.603591415914273
-11.316456527490827 -9.414021631723910
21.881920407914276 23.755467454717941
-6.999144422566608 56.172260174990747
0.334111620285878 -11.777086055603366
33.322635381506316 -6.396335928241377
-24.323316212448422 -5.989431649975531
-39.011890396847967 38.393184250898649
-11.996709535724046 4.530876185824956
-2.462950171732907 12.813092644753535
-0.764501707478911 23.359970782044748
-27.117438251654498 1.395845952814634
-2.190998857042263 -8.705030061709213
22.063179454778457 -19.049930401763223
35.341169219384028 17.150034066928612
15.150502938540988 7.601400467682210
-25.458939125632956 25.359213888866414
-9.234348853618254 14.546145956001906
8.761637092442372 -1.552256187245184
6.703783428470608 14.674915012693159
58.183453764364252 -18.517065506388651
18.480939203188427 -2.864581949808077
-26.189571338323841 11.271778100312661
-15.121367307970699 -23.403378601427526
-8.235710929292610 4.537961400475324
4.545945304913588 2.141712778265035
40.830218268693201 17.483618179491881
-7.057760447028312 20.425929047340080
21.389239436048246 34.583847996404806
-22.407278034567646 8.759497174645565
31.945889622743366 13.796344572036068
33.495228557611881 -46.606354095107065
19.962612092990987 36.357219176109879
26.952960569539318 25.673853834751721
31.044898746290595 1.613409273837348
3.245470044567375 -18.492297646661413
-31.614688844518035 3.922245344442935
-17.229537989555030 -31.913602385152839
16.466735672469806 40.228194045112375
23.320290791765625 -16.220813736506962
-48.586169129031084 12.038725733776531
5.154606939515250 3.299255223274199
12.812832274161225 -1.573013842322975
-48.609324917911401 -11.279668854355329
17.655291345237028 -29.195572115301363
3.191796732682334 -30.721236351053061
-26.406616370198321 -27.268520365242424
-10.776651432503023 -17.157165617250822
-13.682669355993465 3.714771116105144
3.220294311015069 17.346009745608438
7.507200135139179 -7.108614269663088
16.510251466008217 9.900453372043593
33.204093595657945 4.739720313224264
13.691590448524243 0.091285767020142
-7.350009507623330 -2.033869344078899
-7.444517708521223 9.152910413304351
-1.104305508796618 4.505925875666535
-11.237843990325331 -7.124010465097376
-2.418780677889643 -17.624267056481749
-14.651871582479162 -20.135195430984346
-4.057591340741206 -15.596928679358815
43.784990394915432 12.535045639250388
-11.550576070622498 2.023056778388173
34.538707273000938 -33.914953876955806
15.302601119560405 47.583808822593873
24.026961651690943 -21.776378579155914
41.745595889058748 26.100560198759979
-38.672083033307068 40.276808821764604
-8.370615546494070 -11.853235717798603
6.413649991461463 26.934535289778566
16.114290051610006 -42.722302338242883
-2.948778063385906 29.032556442008914
3.869646159552982 -39.342872492315202
-35.779472098475779 -7.675424207695271
-1.455247496050770 -40.603021943224043
-16.190391906069458 -12.991635082895849
2.928329380819724 25.039296609381843
22.926611979182862 12.425984690424141
26.433871104120918 6.490164410513469
37.298261511364373 -34.323269933271767
-10.221570414620995 -13.255566639339513
18.796462508310402 54.711238123002566
-19.030628966242183 5.027663889923955
46.569639607443435 57.403042060332496
-41.618037434602854 -7.607486284685727
1.465221382181315 -22.361623895369846
18.252167785740340 35.899363366637807
-11.556524514928535 -16.492496980195856
-37.504714272903549 -23.115245181651300
-22.328960290865435 -22.831920355652297
-10.322259625011947 -19.530163253041469
-21.477483546634385 20.889164220574365
-67.723547605177288 8.320656735671138
-3.376198617982246 19.572488903839592
54.500941641409248 30.730771097962624
-8.596273278354740 -2.795143202025293
27.470076692463923 45.505227633290538
1.874165519337017 -38.253162341864815
-13.870585390741937 -4.415527334278952
1.409378701110299 43.189587949596685
-33.436127195580490 -49.698898451804901
9.980452271965088 1.947555268467528
-15.033604934400602 13.028976116091526
32.130942202635467 57.011363996161371
-28.951879331181711 -9.054273294937133
51.351581247739290 9.054430545886150
-3.007162818356773 -5.321078197265862
7.292786225931926 -26.941490483438354
9.508946590328136 11.074408772959305
21.001350623190284 -3.025695753526775
-24.753540433614049 -21.314475160753819
31.800568129547514 32.798687812121983
-7.690407501599985 -48.800202728703582
-8.941971490856842 -8.287969259854298
10.039325174904304 23.083820974052031
-15.891903779974115 13.713941207952157
-28.989880004267679 -23.396725336112766
15.782593780683316 -76.762323365737643
13.526951586579735 5.893863556030794
8.695350166134304 -35.516840484842916
-28.476133154179717 -40.385959635043818
-11.731175685707360 -31.539339388151568
13.634561630688603 21.210623229273228
-25.739586071510907 -11.220959497952174
-9.879776751746123 -38.160622557549885
-18.059784328637587 -31.677836600937816
14.175559621150775 36.105152145104945
13.878963512945980 16.497364947885838
-19.555360118221916 -20.081487712799351
-19.204910532318060 -26.930898330918797
-19.083023413916088 -18.881250964011485
-27.177057511623545 -19.561224011839034
12.131906899733783 -12.042963111494606
19.601016942089316 -20.019391239722786
66.493287978886087 -10.776144617679121
-37.116009173217144 19.917132333396001
35.084911753514191 -0.933043678572748
-16.310120666403325 47.667801021586513
-8.232388743221625 -14.533511225183352
-21.728081845512207 7.998394498755433
0.050621254978395 -8.833814675031210
20.955650249936156 -1.551300720192643
-26.817293602726355 -12.468644085257878
5.856849761674694 -25.493877680148657
-26.150517870301822 36.613348952718219
14.455781646041851 -8.780486664990605
-19.070908176634241 -10.140727062432163
49.495070822497127 9.764191289554971
-1.671429981092401 -7.225116175430744
-22.642841594379270 -23.303812803668414
8.569877045039572 -3.276615339741979
-7.487757588998612 -26.346946671438687
-13.177992920558898 19.156008549123513
-6.172532530192842 40.902420566995467
-31.415322793593727 32.149552994452698
40.148704921711101 -12.972479208327904
17.851527410970199 -13.953732561060429
10.595223609170249 -10.886845528444709
-30.272438477714957 -23.578396349392484
36.989019549608216 -11.297150537256602
-42.534742675032206 -9.020083321123137
7.126569417001585 15.309336293832096
-34.936385053716904 -52.094648396464351
-2.972718032184193 -9.050462915451501
29.698750730689849 -57.714760680974450
49.061316182675128 31.138084620410503
26.032040954843509 -16.790185131335747
-18.672267847731074 -7.128013590137450
38.836573003431468 26.540794630372375
-30.737394423790430 -1.736281435237023
-5.829269216688038 21.477575725953731
17.960641588390118 -8.369867845940231
10.693170428092994 39.539567052229103
31.758695347899167 -16.226922997589611
-12.182148732231189 10.250611768305381
9.800484177193757 25.994299417213814
-31.217101506795427 3.759377068409298
-34.940743959577837 4.018303421242704
25.068176667210587 26.809502493782134
46.133962642956512 21.808205396974092
-32.867056690855392 5.290742946986626
-18.502949717941746 -42.567548884769494
-38.874610700654486 19.549810961839690
14.898820360469461 35.777115675109179
23.258682728204477 -4.704260348862585
-40.196747237249717 -72.008493459409436
-48.398499160862251 -35.630545350343205
-32.844482868838426 -35.734296456803833
-37.129271364527192 9.697527591967736
-13.501556168922967 -16.926418080819747
2.651079510602911 -30.215753759971822
-41.205440433452509 -20.615061018507276
-31.901077381410992 18.980484870840463
51.705047428821850 -20.234939024620815
-17.312150953927084 25.148920735922960
25.447782976274784 -6.568559841093442
0.880051039684502 -18.385673750943184
-20.230965025602121 -8.543527889014683
-40.538183066765072 -19.245145448972742
49.836412754073599 36.286535045022831
41.715940500999942 38.409321914310652
-1.537096926521676 -3.053890456522075
-21.174949883933639 -23.366894567212317
9.289325539275028 -47.559943279249971
-0.102371698857685 32.200920655775839
-18.396801548750599 8.712227404948571
-32.724750410122461 -27.227532670001789
10.445134218078570 15.562698156232498
-14.550523099015461 26.890249828442872
25.739080221219165 26.764711303470889
-48.184593636458921 6.608953480962189
12.339081758624282 16.345944823226315
5.221183752604877 -10.110422835300378
3.918460445003576 -22.843112969875641
2.131193498740161 0.773067240482125
3.170863427992637 -7.602562806702426
25.089085654661567 23.494014061539275
30.259538632506757 -8.975437137024402
32.317576664443095 8.978756568491885
-8.139738841587834 -13.491349663343112
0.319693360521936 -42.525582257844057
-25.479468813856801 31.312455094313158
-6.758532030955813 -26.467508680800940
-32.465773668856748 17.449153238959461
-12.765413348019328 -27.595665524009668
-10.561225797218103 -40.391311508083582
4.586435434563983 -7.117793571317793
-44.932644953399532 -4.678469535771857
9.996812061380036 -18.132258920023794
-40.015940126751602 26.668658278117420
-12.375451999629284 9.927796221814727
-27.354911856281010 -60.105412360263252
2.304822890275711 -1.405234020968998
2.117775744120766 -16.720746345160929
-12.277915061143219 -6.092627755466129
-8.735946873479485 30.691515119517351
-48.381479714461840 29.254329306238017
-17.515449201799051 2.257371183526622
-18.104976491062722 -25.075941251605073
-6.983716581744940 18.499264380859955
-16.024771683836800 14.039445945286495
-12.823727785442575 26.188428843889103
-16.820560783990377 27.888265616847239
27.257218777609715 -39.558205524343371
38.003418107639035 -32.498517435068884
39.593276393442125 -43.078011011640470
-1.647146413189223 -10.708231975641805
-46.785967321101140 14.913278057881266
18.955227029273264 -0.351669124773330
-28.406882743297299 25.921458250496144
-12.945343591121443 5.632978024062939
-5.373909316737494 -9.378670354676290
23.289051346844801 7.922092185400427
-20.187835496872630 -10.925729215285049
-0.241266447760193 -1.114427067383415
-13.505947587478692 0.671853061106023
-15.913828177587650 20.838357089084358
4.662065368612620 -2.114682510827704
39.108195398374825 10.590158474515405
2.027733110343447 31.753205189939639
-39.755521699569393 23.215327975513770
-5.206985576106922 -24.260156567563076
2.075818557243238 -28.848563645413993
-24.012701994497547 -17.437802656400745
24.169968991397500 -29.188165907189916
33.875500849920670 34.809088504778416
1.150763038674143 23.149048759499106
15.674386505924090 24.426766204563663
-26.564769221237068 -0.937275166072197
-16.247419309560772 -32.205132830290772
5.322634063465202 -34.628268441485723
14.183937231318865 0.967466962216479
10.129972649576908 51.427662531730093
33.163011457754415 -21.371334802171276
13.069184268172586 15.204581216310343
10.738393663936449 10.117178773195024
15.228193473789123 -11.959993367376343
41.302729911424393 31.413492599188370
16.624987178034797 43.968882074881520
3.677326967666963 17.319793094926386
-26.321143117142498 23.173577046343919
-14.532573702828087 -23.631211220716178
12.300967696352776 -25.091457861780846
-13.309703299939342 1.387082141532461
19.562045116307516 -9.920517228008928
0.754851411272249 -16.525734438109296
9.718551286357563 12.754878252146510
-21.736674225983087 -32.453492522012567
-44.728883728260982 3.437213797178243
23.875134421097563 -35.330286169557084
-16.529236549988298 -5.569237335529647
21.017101502373485 -36.775059800199926
16.950980530228321 22.923959654821417
-46.820403908215475 16.144730409255509
12.766467040352138 23.330761665518203
-2.803232369290993 3.477580447535528
-6.346017642093195 -13.150898427246746
-7.773059414626829 -6.494312321575039
45.593802368826715 -16.960480026304122
-23.709867301524827 26.313006957376128
-58.825995971254315 7.923891978032017
-25.305773281571604 4.535793229854876
25.805234001625852 13.204989270212293
-30.464293612958183 -1.394537192722893
-34.402135532425937 -2.501674713293577
33.971958001388927 19.074855214416292
-8.678410142823259 -1.248196275158866
8.145927639089253 37.433803969561104
10.175216831086948 -17.028442139962152
3.005265060203409 -23.918168467377640
-1.242411733862092 11.751403972958441
31.443047283350833 -75.638168679865245
-5.813247990370416 23.922508965441036
-13.602160211503710 26.182409217087351
25.051228031094595 -10.285727127220374
-34.752101377681520 0.335714541913537
5.414847728122604 4.364740093984783
-37.584629029960908 14.535189472597711
13.688327298684651 24.419122346795834
-4.511126197011659 -0.993927047835526
-13.840051383063855 -18.633110101908393
40.399228236421230 -55.990497070430244
28.327591064891987 3.659321155129553
40.587697008786868 45.125202855951613
5.973312536333906 -23.840289915410224
2.952612358487013 34.026198875638173
9.554868693899172 -5.113926693013743
19.442410689727261 49.476436997911541
10.640060527912645 -9.150392692160709
10.694888628992906 17.278789024823254
14.437793613177078 14.472353569272569
-31.407560931413634 -30.297065168127791
-19.009015045847161 -18.169546212237769
-11.656779430801828 1.350538075945496
14.632131100817508 -21.596753088606413
-2.617824782026315 44.732131461312193
34.686589679520964 28.760704476173316
-4.463107568934789 -5.305004626809035
-34.607232828468668 18.094317727942911
-11.193278159171877 -6.051457928361224
-19.211320400773154 24.394542059983692
-48.998334385621483 7.665445988992317
-8.314488136985206 -23.632424641691976
-14.683604023960719 -15.808067976556444
-34.457623551461808 9.134474239343739
14.575803174343456 -14.557864428455924
52.069154697799576 -15.599654746813673
15.122187497525905 13.459291263650542
-56.315233658472287 19.107624423793350
-32.914156810813921 -1.200147347161604
-53.592649732925750 6.716124308136463
-12.119958515431165 20.203340118937192
3.476723572987476 10.170054022169182
-8.706279685937259 -6.001831868687058
31.346999201588154 25.606940736291147
-44.416897008999740 4.590222184762582
25.616671979395136 -35.100213811309807
32.123901276686361 55.658480765645805
31.219371568682430 17.856043315578543
46.291225725324928 -29.213276364764070
-18.596109947200826 -2.310015864577502
60.822027597889388 9.090784895341804
17.166373627878670 15.422396073779872
-28.751713194956526 -24.588024064093645
30.386105672938363 -8.861595256263062
-20.216775557566553 17.481513789733736
6.679977752747045 -9.055799285292482
43.108475911756628 -14.111967465555360
43.268381969207120 26.643572753392082
18.001072283750545 6.158404210012389
36.061526072013265 -18.157869421925724
-10.258571407882140 -5.828104920865988
-8.374230168389197 29.739461436318074
-21.205759731390696 -36.093210742900958
2.710448037345986 -40.693455917473479
26.080001276122871 2.105727346193002
-18.179288101835436 8.385949717934611
-36.346127818188279 -19.451480537484233
-4.986105546103311 -13.750883311919811
26.879294769946547 68.819620161736978
-27.799856660840440 16.570201641148014
-12.209722846082771 11.014261571080928
-18.662832402329780 18.066203941159866
7.265620868866595 -27.851454679240970
29.977084971347015 -18.806588864567775
-13.983421463712908 3.705150757236597
15.507959281810088 -12.334035366042107
10.124003437221718 -32.728856224879891
29.439648264221042 -43.604828203993371
13.028117112071467 -21.715468419378006
-84.942053700402568 44.414234000126569
-20.911090962809038 -6.566701845710753
-22.690376368278212 12.397720401141923
-11.576141976378405 -98.929311003338043
9.880610797530691 24.198092003486266
-5.965081352296217 -4.199992537905038
19.370585353757349 -41.000202475258327
12.633462870710042 -13.091547630195311
50.743439880530758 14.212027961620839
-21.446631511973035 41.898452677323426
-24.608389592343560 29.686294665738782
-40.458915623043403 -38.955131024302254
23.890332969256050 -33.644229418773932
10.391931617562815 32.647502005204387
16.112488545312672 -6.027990644205865
-11.950438796685440 -35.203605367944988
20.613498872419679 -3.025473539023239
-36.202009766129997 16.108329301827133
7.595119457995639 3.841822432361677
-52.840307236459793 1.198129732975134
-23.258841602656634 10.429528688380136
13.107287337516594 9.691482149538800
-44.777600145051750 23.005691727924244
2.441417842574235 32.537674260159626
28.042235637420919 -17.865287039599874
-15.639248308597667 18.908130949446470
2.413251774618876 5.675950608490438
30.962659656348301 13.874357889095590
-33.352049225855964 -51.852704391824432
-52.230824174788260 -4.499576427097149
