0.000000000000000 0.000000000000000
0.000000000000000 0.000000000000000
-67.679873387850094 0.000000000000000
67.267985398680835 0.000000000000000
50.637707901639125 0.000000000000000
10.619044056086100 0.000000000000000
-31.431732094664277 0.000000000000000
-12.563810931467286 0.000000000000000
21.149664136488855 0.000000000000000
38.327311379279763 0.000000000000000
-7.620074143199646 0.000000000000000
6.765814420516850 0.000000000000000
-26.740571878988071 0.000000000000000
-21.865069248558587 0.000000000000000
-25.424178516479941 0.000000000000000
48.455595359568875 0.000000000000000
-21.811735161723032 0.000000000000000
-43.737691756784770 0.000000000000000
21.059882851582248 0.000000000000000
-41.498964947718001 0.000000000000000
-5.931993019284201 0.000000000000000
-7.966612317513404 0.000000000000000
-61.217023908720748 0.000000000000000
-74.061788411379482 0.000000000000000
11.908756669157720 0.000000000000000
24.797552989225938 0.000000000000000
-40.046443151794954 0.000000000000000
-18.949049849860035 0.000000000000000
3.756631897706591 0.000000000000000
19.226122320223102 0.000000000000000
19.100827227731923 0.000000000000000
50.917948744175789 0.000000000000000
21.918302170044985 0.000000000000000
-1.948154658235846 0.000000000000000
38.637973584044602 0.000000000000000
-5.136282000042303 0.000000000000000
11.401325362867702 0.000000000000000
20.365166406579814 0.000000000000000
-17.975732262890293 0.000000000000000
6.094657950454889 0.000000000000000
-64.941040307572877 0.000000000000000
-4.135132298842189 0.000000000000000
-26.350493183691647 0.000000000000000
11.835356890274619 0.000000000000000
-12.159313225126029 0.000000000000000
16.186837029173454 0.000000000000000
-39.480626052956808 0.000000000000000
2.517201757301771 0.000000000000000
28.922747457148802 0.000000000000000
-35.671224422629400 0.000000000000000
-15.682671918155767 0.000000000000000
0.000000000000000 0.000000000000000
-2.975040620267537 -18.659451173309321
-6.405831761491272 -5.384896141082842
-25.630565354155419 9.167103481121343
3.359354159852272 -19.872879908151610
12.873205226940819 12.816062839906532
13.241932600210919 45.225641668786842
-18.055879839541838 -35.510367881716512
-16.228895820881551 15.392975111754847
3.789965364196649 -2.693779905817476
-5.329119454522568 11.001626740761543
24.331268538718493 -3.807080809766838
-12.326710277891600 18.669993625527066
22.460669927788292 -10.762248950169250
-22.559754484514634 32.499737885403796
-5.566750117318310 9.382438764021554
24.672401165752941 -17.864228283503763
-28.108013347285958 15.084049751815066
0.466513995062582 -1.211154274848268
26.186362875752565 29.205193751033004
-0.179186715424337 23.467019318400105
-10.099801232826962 21.115774673895743
23.508662841137106 5.278469933327048
-1.555935122907479 -1.775323740015803
4.016902733236271 6.965000402711132
25.274349714168217 -23.100918299743000
13.730381620253929 -32.052079194470203
4.844047411020331 4.434074184386184
-32.172620933106877 22.547238129000739
-21.753165019625740 -6.957584967609704
13.521282597561383 11.343478500825523
-2.081716192909183 29.588529346556257
-41.276774800557867 -41.801187772846696
4.918669667241580 -20.746009568958915
4.333143636743457 -5.793752461960498
28.620921365506177 -12.003896699857565
33.949855018233286 -13.144423559538533
41.827894520855551 41.413913612146153
-32.336425728440865 -23.315996735793668
-9.140945252665551 3.914654022177555
-29.079908423409876 25.062748397024833
-26.881401978781778 -12.029716042341482
-7.146346857531482 2.764524492875595
26.783402058806846 16.880143771850982
-12.000890603599077 24.576372599766596
-41.354331021873470 -24.885537005558582
-4.156658304076600 -39.898722543700181
-16.502136398126471 -33.899400756249648
-1.467059972469010 30.809614950305601
28.672116655923922 -0.692254802470715
-0.383983970039612 -27.679636524510535
11.877649829851945 -31.988674811836713
36.065682729541322 2.193553183454787
-43.650676178525075 -32.268200015695975
31.638092584979212 8.719289152590028
17.459094202892793 4.534647580161309
-33.554278100619484 -1.694927967113074
9.191121412786552 24.885552271074836
-12.747710483238476 -1.744786541988710
22.832682158356278 -22.120026886036289
-32.372717993557643 -11.922491507789772
-20.586254230295072 -64.838542568414169
-11.126879013429901 21.301942203209755
13.075008434250373 7.066451120231743
43.358847350241987 2.631667034644098
-2.323566226918498 -9.547110082963988
42.164759375149472 3.377966654776604
3.285651509148485 15.252936286805729
5.043325797191691 14.677264025614665
-3.302981188516344 4.345015255701798
63.850064193196935 -21.393857887104268
-13.142665253941153 5.228597017770713
46.827868806606290 -7.762439648548361
-5.952947889127075 25.727457731879984
-11.595189319990867 -5.406367417024102
1.465846022373186 -9.168751723994184
4.244919484484632 -25.752661563387086
-18.993194865410171 -24.283823089141361
19.108013839009093 -12.793303576699897
-8.780144496277760 -21.767386510188746
24.438816245292148 -5.670630630345994
10.193987636662849 -14.396772106255792
-15.552134296697089 -1.834904580553716
-6.559935836638043 31.155083717527550
34.871470937909130 18.215891554625983
-8.557046814962687 -8.844718766926826
-0.638971036121706 16.296664825698844
-53.302368411154220 42.683625757913326
-13.432056828836421 9.495202235272398
39.615071524926080 -5.500214410813555
-0.594254781367230 11.574199497459023
25.257246107347537 -1.531129933010100
-25.677548398371769 26.729244703243271
25.115194961049944 -5.408964380142960
-18.746925136708050 -35.792064771893202
17.776785934790382 -26.729172079234633
-65.872674989127972 -19.388351149859588
-20.601656012300289 -0.250293398684808
-35.612004207108626 1.797586011347658
-8.978087501638484 -5.087055949274518
0.009384346750337 1.983240697100064
29.987334555417345 -14.512328393220026
-25.091370968330647 -11.987362707581783
-18.783388054970708 19.845933656544705
-18.118750507150608 -8.434588134457517
23.730885807901146 7.143393098709034
-20.565867465322714 -8.939857719554928
-15.026471269506578 15.374786790794536
29.915222054285515 -6.995689908633717
-30.175798384145853 21.842518430281622
24.771570717389864 13.474270599569101
-41.768758113216414 32.048368421072105
4.200446178199658 -4.759900455401540
44.049083775824919 -26.950541244688409
0.769928066687042 -19.568738336548869
-22.518851592491163 8.799819803739332
43.000153326287666 -34.901772330034618
-14.662988845681090 46.423122779029370
14.384919517220942 14.898072013956241
-1.263493593259883 16.277578569054647
1.834600986390838 -29.013030958194701
11.577051605739769 -10.404367885707913
-18.605041475500705 21.670007976954697
1.719182004618391 -3.056504138314884
4.390649392430571 15.615890442485401
-13.360726313482356 7.867890304103563
-18.950350476181541 20.514425102712146
-26.663950822269207 -30.823845640906828
-31.526952490308034 11.329022590742445
-13.715803405114443 5.012775485671415
7.255840395338343 -36.120153015881591
-32.337670255387138 32.533861162377953
-27.432531465489141 -14.574410036374813
18.278360390159783 2.289587898789277
-16.690312001925047 32.326778534807481
9.081165577088074 -45.513666614850855
13.808615430352912 -5.157391872913315
11.230344137756321 43.926127609883345
-23.258673504317223 -7.780177687664988
12.047574622869252 -41.464897213300731
-56.822061862223137 32.223953925514309
45.536055767729835 -6.476509794938886
17.716757522963817 39.626178885838613
1.388410851398769 -26.902019003045716
-22.714306503099582 -6.850688882563754
35.894987653152548 -48.288485301792655
-20.353227878318730 -11.998758278600391
25.489188930507499 -35.615563864060292
19.394149915287251 4.612613685861115
-9.672156122592646 -18.475695163455605
-4.949168755145489 -9.607477023702845
15.218125421785304 -17.975068258997943
8.988859626352733 3.405603549800833
27.184052439206933 4.141221987842176
23.659185925233754 -42.239299250479910
44.868676970946375 -50.878211717128693
-15.421337404396347 -40.427191311868754
2.831724848078151 -16.741319971366075
30.595630654202154 -32.905066923260399
24.649802041589890 3.794940832188287
28.009872090969196 -6.253791872836362
22.213943579013964 -10.374498504214293
-10.364943733745367 24.217947693576210
2.959416786225596 -53.477730273784594
-9.686651112425201 -25.108452161133584
39.555316544755208 29.563829784307966
15.884309064796538 -3.529982256013825
25.340665667006757 -4.571477475720920
-3.604645592428917 0.587875680266932
-3.736623274750480 6.244539813380120
34.122236232317086 -21.174646380896835
-25.919422536626030 -6.668003644843202
-6.861838051708740 4.089939867450004
-5.693644323236815 14.190236284747927
16.325410053110815 12.116130257171765
3.608773371611953 -9.746397521730302
3.229522936538550 -35.167048027564455
-20.463794257999055 -0.617764000313304
35.502161096868825 17.573010759923598
8.385737867744751 9.765957176102452
4.089098416816973 -20.933976391476165
35.098541300304547 -20.753670994492758
-34.840897919870095 51.757871522115643
19.564496937016905 -21.424153214086328
5.223678169546938 0.820880406264665
46.750233473387425 -18.553570416118060
17.899409598149678 -14.594189205665938
31.096720578944133 2.685830958397845
74.450448029882310 6.333257868947706
14.004189499279667 -14.780478230342737
2.469344774595474 -2.202813867619021
-4.206304627194938 -6.542355129067217
19.978130284097041 -5.321330250418140
36.938505818014967 -43.350077421092656
-4.711767827970412 18.877370995346972
-9.470812979310605 -19.802303598538114
17.184194191980460 -0.555774108937622
10.987109027112934 32.135750646757884
-21.217991425788028 17.501829981400547
-28.792795682393397 14.803729480425085
-5.130594189294405 -14.297000218636736
6.279108386005271 -10.619964982335052
25.416417128599718 -0.412845788557090
14.570768297933688 -1.850494872551553
-26.854671425656399 22.676533786552742
27.765267760776414 10.809673981345059
-11.165538879175276 5.099384886695693
-11.764605908323436 3.258246445392995
16.357594690216612 -36.315015473421767
0.078142658958903 2.642390649387208
-27.444438273804096 -53.705695110807298
-28.615773958096291 -25.006372539441589
-11.373471816600855 -21.974295461686992
19.240025348586201 -33.602748543119553
-23.172637791759811 13.636914386375313
5.093136015237524 -0.312623530745197
-3.061359214051053 -0.402876648318948
-9.231520653631478 1.289735360465018
-11.701110597127535 2.820364636935385
38.571463765907090 -24.700965089293945
-30.121922878177909 -15.343382995188771
-11.875637933931515 -35.199056498632338
17.157898354391417 -26.091042796242718
-14.769422963127749 5.641393056929669
20.128262308202945 -25.491852915711544
9.079391409866078 29.794293661630540
2.714344530608958 -28.886746195810897
30.867894232421246 -14.843830756105868
-50.107479975127774 28.778891027649660
-19.652087403888611 8.348069647157107
2.135025570584412 23.983383334869291
-8.848247910621021 -11.108645403177221
0.585030276545310 -19.512568614152741
8.186818047749410 3.999830449524741
7.162023593400143 35.817205585800764
-15.707266815552803 56.073653933523154
-13.232190485357174 -46.292860376318920
19.683196306472183 33.275690886384659
49.585423425460547 -22.355679983365416
19.773269566592926 -35.746351029753832
5.784229515088574 -4.616332917509070
10.384041723655683 -18.122746241034207
-20.344820337261709 7.056028984565320
11.354142778512621 28.770462506095132
-5.103968952569568 -64.483277509289607
10.073480115903271 7.028331695500739
6.010003459935008 18.224000143562510
20.846299694974775 26.298020558968268
21.362708885913179 -36.342305159619478
-0.189663679597444 7.101820713240960
11.733145766128745 2.965811775064789
26.089031862573673 -34.923733682744420
-54.528391868649642 -22.495657258401316
9.189189579114654 -20.118384287643924
7.012515423546617 -39.559690533350292
-24.729871873373504 33.499872921580199
-25.684882248805366 40.734020448454267
-11.567905140322399 -15.729281831457483
27.022711045847689 -0.547108031098427
-11.582002220457710 14.026584467931031
-13.017307743305031 -5.685875373509980
1.969665729246486 37.656966474337075
-40.793585454942587 -26.771991727289915
-20.133390061268909 10.901854213190715
31.524752790835855 15.507480362565959
15.426610278625466 1.230789943497851
9.786958596176678 11.151189333087340
12.484899014155742 8.473866012131866
45.317953705340017 5.787798297212239
15.740136904596673 -30.563530498983440
-15.401092273215561 -52.329055019344260
11.527574139971451 -43.999484189486964
-5.892080963822726 3.680730561672934
4.065997212279319 3.578441818494607
15.653746793638545 -14.594069965524636
-17.246444771376630 -23.199803952781842
32.738585702742434 1.349283016892516
-3.921527765035784 -21.179551804231977
24.124045904987256 -20.498422967729358
36.919977368284329 14.224233319099177
-5.447186745456739 -21.466231602266156
4.110444553387117 -28.161719958961367
-38.850278542793994 56.825409465548908
14.010317357893774 -41.471082683171289
-45.358702688834910 -1.469583753847188
26.477832498807302 -33.210899700742381
-5.968344314322267 -31.209438313512003
-20.349347579571404 18.885568658140706
1.836828256237187 -17.015813768355379
-4.405764529628137 -51.449945082122916
7.961271211288636 -25.991827235660331
-12.661931640535903 35.533024392123473
-4.915772360803030 -16.851372841700485
-13.753212882743327 -0.142327295620884
2.892636285847049 9.285897781718093
17.513674724936603 10.421186466242606
-71.750055818148667 -12.953809088266498
36.161528674959492 25.354037492501607
4.887044565254004 -5.556483645435501
-13.942017342194765 -20.314992090813430
30.906506214942432 -14.272525721528430
13.606313628927337 19.995387269722556
-3.656724057989134 5.220747203342051
-3.433419038748784 20.637298954390875
0.305073980432402 -17.668436926770593
31.953563084970781 0.391239772650843
-6.191406083545243 3.800172351826087
-4.557155948312010 10.465481318090641
-2.425492754178241 -24.211560210287058
-19.966832300060272 -35.927905765816107
7.130488667943859 -21.275726497501644
5.148838004453133 -44.738335956775245
-6.123477107674232 17.154559920022464
11.040478022330296 -43.053221763702396
19.908013478970382 -7.561812805452258
22.143468133973837 -16.288335639599897
8.361447093048779 26.619343797249680
-16.071801397828072 4.137411911453999
2.720818781728579 -38.847208359485847
-18.460959817835633 71.299034984714126
4.317796061044255 -4.358293719283182
13.852021613813214 -32.099094917824694
-10.703603198742236 -3.092199265848512
1.870763563236087 18.721907037748480
20.296049582468488 -22.407521729778381
-29.168268483517679 11.476855695299871
1.983641219180202 4.727008918524304
22.686114858852036 35.448829585313831
-33.740170123682546 -8.894564784929791
2.585980319051186 36.352322863225965
1.025365331484584 -6.584633292819052
15.176339791419354 32.634033991959846
46.019884353128745 -9.649960987302705
9.061905659976865 -41.296898141238223
25.705470136073981 1.522181556240733
-34.734482063646560 -5.921125455674240
-26.629193573994446 -1.948052763283198
-26.452404094959622 5.381950569970039
7.466969686609549 -27.111605717365222
17.220507357442290 13.821833183405952
28.046386692310836 3.228840057619645
41.361375236676118 -20.438904855847582
-36.708686188000300 25.020344987006236
-56.303250095594834 26.978312885545250
-29.335265610646633 -46.425266623362042
35.908084770524589 0.747511595919367
36.885595677386924 2.070464555053917
9.189590997993930 -10.015356632929054
49.758977461865207 31.380142844021901
-6.752151240614066 -8.792471736269727
2.169040689625277 -2.653389872656587
33.890559879478687 30.696452249673545
-23.900692822009812 -2.200935959416813
29.462533752440322 3.298823241684094
10.566505904920980 -30.836194160814262
1.430415660283732 36.343776625481333
3.575358699689526 -9.381452531573983
-22.324904742406794 -0.347177332488664
18.526479141274141 -54.828312439358207
0.592214849674635 19.400540747087135
-44.249886619856952 -8.887865333274465
0.011326043536336 -9.192326080094647
-2.144003246780130 -21.745570673534530
-20.043278932326587 -29.738798723766415
-12.220439532620833 -8.856165380546150
35.574996454018432 -19.773177645413760
-25.461236901755164 49.158271434512564
25.213037713273351 11.137408156485565
-33.117618804147988 -18.397454143222664
-38.104719465300100 -2.706398243227110
15.058809807844201 -17.770934270303012
35.743640904502087 9.057994880673878
-1.381495992133386 -4.362795240494235
-18.650172822938831 4.695789315420310
15.268533640121287 -52.477683297998425
0.502163698336952 3.336916846742271
-10.842305883115110 32.904493154332791
-0.484116349832945 -2.853214400230635
34.264252597040709 7.656043707354622
12.750349190824014 28.652916376242196
29.629763595885702 16.474530416255316
1.398198526375480 38.804720476252420
9.372872388257745 -11.332493326488303
58.202078280970149 -54.773912905736019
11.262338029149458 10.058563633788017
-3.748764844725064 -31.446859099369952
2.038354446446074 20.572684073264359
3.663899175494543 -10.569772619351896
9.461712751599144 -34.233057697517467
-27.443847142531787 -25.313999249704182
26.041830647407330 8.339186494959081
0.010162521164792 36.452682655772009
27.648478035980464 -28.117474611344786
21.345686753605452 29.504305585747833
8.303005248804681 23.320216531281407
17.843477539734039 -45.724076585125225
8.466606066021775 6.461943563345197
-13.652158346831728 8.228062334563344
5.220108545136812 2.298486922071835
-1.420969240996101 -5.432970125877572
-25.845761326877788 -22.652889271755960
10.138234903296842 18.454620543688488
6.913594572543091 -10.353969950930807
42.650218194730556 -20.051924580289992
-6.691119554306369 6.123011522779663
23.439804262529943 -2.563293988746319
62.860989192529253 13.008707169423552
-21.316792736150212 28.525870468402207
-4.703881599442305 -34.235701693107892
-20.473638454506769 -1.212071052419856
-11.489214348449519 -60.678384398261393
6.824549145337208 50.964002154264271
-57.887591215699665 -29.091678147921417
-0.581534676857956 5.948000334585174
-8.263830463377740 10.955163205250793
-8.531472531520192 -21.165253225131693
11.756728091488560 23.825413347040801
-35.211593589412402 11.460376065220743
-35.280621214525716 -9.785206057375364
6.408818108265039 -0.799561620412622
21.787772087167227 31.942861661885992
18.378071775319810 -26.818219356021633
-12.888720561437010 0.664870727078198
6.020152088850654 9.308719221453151
-9.865200193513301 24.816549753032863
-0.522381194445804 -13.988570419835895
-12.857250996232958 -22.968376040728266
-15.704670678096193 -48.963996626684548
20.259736723901476 -19.997601838760787
23.677273198418444 8.466738148099816
-1.446171755693999 4.750885880930903
9.560097462761533 -44.392227452603244
8.822989944257809 -16.155043684723271
-2.220336651091411 4.407280449502473
15.220860484283051 22.803518447625940
13.988979018973746 10.570724198262678
17.198359600991793 -21.342182605143574
-11.893349367727611 -6.897918595424725
0.426188177004344 14.672745527452779
-17.197858185833031 -22.972008797946806
3.503859698630349 -49.724827407644902
43.164577759911481 1.359869947066069
2.135613621968742 -11.807575760839054
-11.358300738754165 -19.071762386955644
-48.844355860769809 -32.619795095211003
11.693447473862648 -2.120049339374923
37.593405747072211 25.405809687933900
31.924752929200508 -12.516967135525411
-25.990538577836602 36.170342899568176
50.636065141363432 -16.550271597747312
13.959820224145751 4.119819869503409
-28.561769377428043 -26.233299273088292
-39.785351415402083 -18.333526258333020
5.152012355657843 0.533955770588286
13.950672215209131 14.443192041843192
-11.337990642599365 -10.357670062289394
22.588448534542032 4.500057566922025
-5.057255474652790 5.116016609774596
-10.207626825466559 -32.418258275321392
37.204729089299633 -15.341495548525257
-6.409502758808532 -37.546281347739082
-7.910635914359576 7.486982784556105
2.977775900354805 12.755579892286672
-13.885075576894145 19.343767455044937
37.924834001762036 -28.182020463563845
10.108768268089122 -5.076027653914574
52.700582097580103 10.622957929348742
29.112140345084143 -18.548005920420330
7.082891798877269 -20.384822641769230
-10.121173147116451 -47.268356803506052
-37.853733628414325 -4.829951362522231
11.426448581898349 -18.029687005751217
-11.679190509222765 -31.481781644911518
21.816715242216969 -7.750843176244371
-25.998416412699900 45.959839039398197
48.797411943191101 0.914727578518235
21.259638690742250 35.740361219215863
-20.923218859283629 6.288539960499205
-7.583274599077212 21.641545279739340
21.584132683847390 9.163413356587505
33.146063165632057 3.390480292231537
12.505550887563965 -13.001120462965751
-4.231376259323411 8.382393087585649
-20.993668756587631 48.289958264068723
-7.601513033461853 -20.863931996190342
-5.802288681498230 -21.262735015905537
29.087597670461683 -30.171523489929104
5.222455941153545 59.458459289130900
-9.606334508244064 16.958576781386064
11.030945573674726 -24.152704062955504
-8.355431260726823 -51.169540615011350
33.912349937120197 23.184132564202155
-1.431430664254813 44.231182940360235
-4.303671795831859 -8.658302648885424
-5.115490934099352 -50.921301393913815
4.713657264720911 -5.025732008997515
-15.064879417164137 28.097892727117546
-28.542840346056870 22.088228271737446
-5.417809533446759 3.294438395833416
-20.948707587143307 -39.920711404035700
40.649549482206709 33.104954678015645
27.186549096768527 -31.792544329266590
-12.046232376923532 -23.776935978928794
36.980089389872767 -27.139720239993473
-20.969821767752748 -32.551445752433700
1.519907671623873 2.266570835083725
-19.319889182110970 -6.226771989106839
-4.811543166529678 9.689021145772697
-3.223379247643742 -34.500105222342647
-37.494800314211417 -23.504214026661234
20.186423503348497 26.088189306999940
-7.858110819639118 -6.708340018285551
2.633004195230731 -9.872542320282038
46.596489472957799 -18.645942257097584
26.633804374772030 7.593451980047725
-30.636133162018659 31.934392243787581
-34.275316896637939 22.874650545675117
9.821620493226028 -14.315251350156874
-24.641444222676636 16.017626106603903
25.276536221128417 -18.193797094970165
-33.551725599929028 -47.794048313666977
-33.657784245750818 -1.931398040327044
-37.081945956057190 10.203896154005077
-20.029329776395315 8.920012863883771
-22.976642974555766 -11.514100295352939
14.905720627469758 -29.276368911601310
-9.671190010755922 12.862220695859133
-8.800821937232840 42.342493377960366
24.941438669509669 -8.059522307355708
28.692786935221907 7.384292776843399
4.107810825944767 46.538986544392081
38.916965678313339 12.755268140990996
-32.469986188181494 -11.109086950470278
11.300822341456515 20.274390566232633
14.819792383340118 11.580483923109494
31.106067404023779 -41.118448057099116
29.714813300957935 -13.930293292901645
7.097753828012689 -21.425372557356436
-1.337048738618977 66.132693614126424
-6.867057849601279 -22.715694086885524
19.387164698899568 -2.436756167591996
-7.394950406830253 -10.454953146699705
11.880239625808171 1.647759607713311
-22.411783511431121 -6.942697264370275
-4.596434639400469 14.859147807456255
32.528710351538557 16.096978779858937
25.970332308260623 -8.508787311145316
-19.495865452545438 -37.739587603651366
-12.035011753076372 -22.113597380258593
-26.092339491519393 -4.248899893174723
12.360542626371847 39.731260909128771
-28.615625929406146 -44.367183039708735
-24.837865803034198 22.563393929831701
-36.547949795917248 -16.079825686173329
-3.543299269623511 -37.791074263103880
1.366844404892120 -21.193296992192622
11.660541374479328 -47.922277441743447
14.274974841992673 4.102671229132450
-14.746741419383866 20.799854348345221
7.447877421152956 -7.501421322991401
27.497606175628249 -18.737502118462402
4.196899681940324 -2.587625200801171
-1.800464060933934 19.464444000549282
-11.635025583401454 -0.963016568156374
18.119319683441322 -6.407512650532894
-28.995426414329444 -12.515559511891215
-28.952642753776392 -19.590713461723730
17.196806974406421 30.048936598736162
7.396841564838828 -43.967129132168523
-45.216721795553539 -22.660282807316158
-36.948416991022278 -29.923817704703197
51.935316922788864 29.388440437535760
-2.708317526725491 -25.423880554189903
30.492462983994827 -2.574381809678210
-47.278883462785586 26.171672248511300
-19.633446353054275 -24.788544143346801
-22.927997111411084 6.884286484515614
10.116436939292905 -22.712653695392884
-20.811964478936613 5.733071766483693
-3.774589360018882 -21.235977416483042
-0.948946433109043 21.544250660390645
-29.787369861252767 21.888858133683314
-11.220330157352929 -75.880247135439532
-6.149478857187099 13.993927750794741
-14.675525813478920 26.425769412590817
-4.238878242905382 13.704912307320527
11.950486893694187 7.019708854419062
-36.272682405891793 11.077183248440047
18.250941491425674 13.343683543645971
11.460052432715450 7.401739220052148
-7.360318324644229 -10.794510053879502
-78.117649578505919 11.732747682105487
14.130881856974238 -1.477774193591720
-5.289236114445165 14.027009660091492
2.241065421416896 4.311680976954317
-36.956606943986756 -20.033943444447846
0.235972703623224 2.436805839809700
-14.251539786637005 -16.694234635107559
16.772295077590432 4.529442771907732
19.251684470978599 -7.613417164290785
-19.032003236257935 43.548393443647640
5.893564547156270 -51.701203995832792
15.462418627985715 -29.151215084900002
25.355586521365268 -69.233117843116730
-56.637939808123377 -32.631151576759528
-13.793141823098772 1.908528100642404
13.345837465428259 -0.882685693629415
1.793650474991983 34.910704740216218
18.957284057350137 -25.003053913129474
13.374247678265167 31.661755929314239
-18.701410632132106 45.534963032970474
-16.705406475761034 -15.659567355468679
-1.421155221983051 -8.656855996799797
19.539817417406017 13.612332899248443
-14.717093264155311 -26.836982106493444
-12.855967155083173 3.901655979084790
29.852296066225534 14.296471408354950
28.233170062239726 4.791109598950955
34.891300094000158 -0.256974875074510
-13.150767968361826 24.412034953642838
14.069787948988511 -9.804657514756702
-47.999870598983414 -47.621872297371048
9.460552259537012 -2.081134543945531
-6.056898149929012 32.763865766142160
-5.515916615509579 10.715785356320209
15.055857986758273 7.881168172978589
12.053338649629364 -16.436746550062722
-4.940308108681911 -29.706995642520194
18.075611417509716 -21.115645466243489
8.648493322333342 -5.825184183067416
-0.364597585987752 5.616065824743794
10.740743326871813 -10.564635260476464
1.696318994323537 10.534809287374806
-42.011971767011410 -14.538583722770451
-2.025918945316975 -17.554968606704620
-10.392275292537608 34.128845718727639
-2.210345109326586 -35.165386677207593
-18.366568232531456 31.519808946289135
30.701637781383592 16.717356929041173
-20.373498940097214 -18.761756979768766
2.806672940351143 -33.648329629437853
-56.344511426918551 53.999064917987951
6.387054814133472 -15.103936557780127
33.047859268763133 -26.423341755376065
14.089724605743072 -8.563325654978447
-8.591435296812827 -16.972767680772478
-3.336047125884400 12.519617133137501
-7.295822666928173 26.556662070556438
12.641309660711526 -29.161524264063218
8.496825372535792 -21.684623597506803
-2.023203285903353 24.022721378671882
-8.654804460496171 10.977777838489446
-38.846264667478216 -2.360373595163656
-35.508539559952112 14.502949153505357
-38.285042264273358 15.629936328019570
-16.613873393944900 11.099706153105481
-1.193493032653496 -21.714488468464371
-1.580733682726951 -24.926481156849754
6.708581659431981 7.306054453044108
-24.506526256435944 10.480747253220501
-4.048666478338247 -13.868800313131388
4.814474110556541 -2.151575202934136
16.650687345321536 -7.458791946677079
-14.555687581358086 33.680886073516497
37.704217700659882 74.539713950932395
-19.831472215067802 4.498565378678062
22.592819863416807 -6.740569527917582
6.224014788866356 10.878842050013942
-22.458850296583176 -19.868819545281315
-31.186357082388152 -2.146091663061565
12.195856300475029 3.795790175626762
22.804803327420718 -9.287255213954236
42.958331593426976 -34.495205756445742
3.876333162126609 -36.572593291923120
-6.195947479884429 -16.295431396350054
26.372686302618678 25.127473368595254
-4.686956921954793 -0.746897903150378
-30.581592309509585 -21.784696293065540
6.063709177741369 -28.152564692061802
-16.837360023128074 14.994636998880900
31.472175652476572 24.716218462846964
0.262543895074499 -19.204045878015251
-34.273738423698369 -4.402429411338489
-9.892747420347865 -22.387515916234218
11.764725687058693 12.751520027893973
-6.397578492790357 38.429786752617403
-25.655600236834225 12.505418901513456
-3.792830083159249 28.783286784432203
35.675797707307147 6.600871577214313
-24.886935596582671 -19.048056081878475
35.510665595129460 25.095737245592179
-0.702336728842245 6.319669353040799
24.597619933867833 29.739249085293185
-1.531131867490482 -26.034404722424224
-41.749255766676477 -4.417815776855927
8.807041751671390 -31.018248522068784
-30.629469095125277 -10.270730413261482
13.596760988934658 14.143148968490992
-37.883293286306419 18.383061647497424
13.675197598235771 60.888040117978406
0.911831717224135 2.376275253841486
16.197436925270427 -12.667139607456628
-11.400105691089367 -13.075271226616078
60.863321722089623 -18.696622006977805
8.765475480565810 -40.555848398947738
9.596233171540929 0.598699986073675
-3.572117354891480 -7.512920348231596
50.182933571121040 -8.365764745071802
-16.110935468477180 44.214374821361091
5.158361458136902 -70.565304886339703
2.372570745811362 25.342888568538701
-36.292018186420059 -30.642573690404078
28.315862552610408 -32.515633980281507
38.795696295628133 -17.411677546519783
27.955076806671116 -14.461672097330698
45.191530901098780 19.932437150303549
27.459813073295113 -41.222592202690137
-47.320612576210628 21.613904587043784
6.800740471551691 -12.765214461460769
-2.744376181018007 -1.666532192200475
5.989912187660929 14.520334948553300
36.100859416228076 -3.593113361385650
-32.885481547318619 -10.169642392665239
-23.814960883449668 18.783696482372388
12.563347836132131 -16.474220403854886
-10.698361044043141 21.313406105317696
33.346890001456849 -9.966714744685646
10.358314358487545 -19.466625976017763
-24.006140053018708 8.086149370937232
-56.459764066008255 -6.671157944754570
-35.788532746126187 26.415838891410115
5.970834630149370 -1.155599871806052
47.807921218177221 -26.385874628227704
-2.289893574117185 9.845949980304395
-18.672397704024633 -35.183922032437522
-13.076685384876898 -9.832084714810064
-30.552056142846020 31.790065005346261
-32.250325260279190 -2.152215994408742
1.713884869582872 29.056307285928167
-38.366956434906541 -45.098294510204340
-46.424767063095295 -32.389821814584828
12.959173146680397 7.731686156057277
-24.108167595433411 71.726560920420880
-9.943064165618523 -4.583677826047783
2.922711231104565 -43.831390473858569
9.290196837937962 -4.569887070615722
25.330678923299438 -7.277651282256490
-14.999572563270712 13.148441669532811
23.476305706950654 4.344914791712315
-23.847552374414708 -16.516039465319764
22.345196369412349 -26.207767034083357
7.227338451502596 -28.990912646383478
29.762379072795113 45.822475939816123
5.700924709966783 31.414660458742752
-22.179280626815572 3.858015803814914
17.815908091464152 -7.096291863205478
-15.117368890937737 19.747577393772602
5.614256206610286 48.572794290943548
-35.426456961753551 9.247931685764087
8.415672958738305 45.829672595032122
4.437460252177670 26.663007432576244
-27.012940707297872 26.682336877459868
-30.050963193726620 -33.143690921110789
60.693813926760704 9.707500920868991
-55.851030430901943 36.150093466422611
9.543585034276528 16.283479450565064
49.169004886231910 15.838577930770937
18.345586472950579 14.768828109962300
33.942844665867177 -6.963449693382274
14.380058128876607 4.252650007389410
12.353549004496704 -11.005843957979556
15.048308208930990 11.056045351323840
-15.291571089558467 53.715347409997307
44.273959700667909 14.982321207421160
-21.680131863032241 4.991629748154029
-11.669126869697202 -42.361681474262042
35.928072760229846 -8.049206502690611
28.003586888166957 30.081264385376844
-6.140712711091327 10.755278243325554
-5.352920380442158 -14.906885891502490
21.339836980350217 20.783165778576411
-10.555480918701884 0.353862697133595
12.781663984270917 -18.672571372376357
52.417987935453382 -21.515321162347824
-26.828535706652236 27.284973797216953
12.627428583670136 -3.562901134876672
-53.248624300879591 10.816114024803500
8.079315282018554 -34.585957266079177
30.966920352695702 42.079114556732193
11.067471642341808 -9.340433930676513
-6.785249962134653 -6.830400389663572
20.138917706418212 17.825371818799780
16.504042027557166 -16.240127747590805
38.182793758476400 0.492810237707950
-1.872379174931714 5.839457406407868
13.607639371182920 -4.877360976914058
-16.230769459394100 -0.253253211774262
19.366428371181765 6.108120079864760
-29.993775236838001 -6.373317484233279
21.897118421091022 -3.660069471749853
9.288074999545056 21.864239409878511
-18.051514043663165 -10.452946173357741
-13.380949822207814 -8.065161896028254
-42.895183729819522 -23.690615877094984
-50.499939542573799 -43.763772988783408
12.430297983847364 -23.500732347057323
-21.529830610239415 14.845616427459918
4.851108648245184 -29.050908805014814
24.113812669116506 -17.990551229190622
61.496891926177568 -49.843018153870020
7.514814463184778 -53.818468266091521
-10.481915717880010 -11.461833818787964
14.841029636480107 -3.406101619139783
26.247543049255384 37.238389274344286
8.877844604394721 -23.665030873615610
-3.121371708590460 -27.021903295272310
-21.366897243350422 17.201497620485185
9.870282398731955 -13.644401485475637
-12.945226254594573 15.750441071487234
28.569199036880875 -10.885129075704180
-35.271713906147255 -5.767565973173276
-27.300772651931432 -16.567040511490237
4.756898212816901 26.971972580309004
25.077423909336655 -36.630023656717476
21.441623386233516 5.873168049534281
30.216177305147962 -14.004957021719759
17.089445470123575 27.540986795519697
-9.127189475078350 -6.425649046818999
0.149825789467240 -7.115615503728198
19.539240409708594 -20.310039201838723
-15.153319925049294 -13.204400012628488
-39.769255668364778 -3.194869954922487
3.986525968929115 10.790304786915886
-8.112148121089387 -41.895045236764517
-34.127582707411705 -3.797055661920990
-4.121088680934033 -13.028624056721338
-20.365793554773436 26.809855702913772
9.304804439286460 54.869673454729224
-5.608421649857888 18.751914460874293
22.421078560997795 -30.144325597120524
4.325843613975600 1.172588174386100
17.117900012311797 -10.989671965362845
20.501697253828453 -4.835527858335990
-32.285252612513389 4.931335869086084
-14.535432857680512 -19.864521530980110
21.171956945649029 5.241081873944820
-12.233316468042345 -36.644731752883047
-1.205321205875536 -18.679929044260781
-17.559710910454676 -2.867876651278896
12.279558747408315 -17.105079045026994
-3.080896027722992 -3.849598502085902
23.080555855688601 -2.785861588791539
-16.231117663589284 -16.217932073177995
2.444816408173758 -12.264535970367879
2.243840979748191 -41.175005082918965
-11.997148437036692 22.153153237708942
-0.816037553723854 -29.853873511555236
32.925150694049798 -13.460029490387154
-61.723783056898270 -28.229245014927063
-3.299279627468702 28.853575202689935
-0.857770478985939 42.100688066099366
-6.755789030451793 -2.295590697566482
-30.570305529499418 -34.716014015097265
-10.665267461731849 -9.105148443316004
-27.834775629332263 -11.658770963839187
-29.656117879654236 -35.085971890669605
-5.750919544091436 -10.046322843801486
106.001277405711463 -27.655392020031865
-14.446350946519766 -34.867840689845863
-25.595548545270127 15.918751883166067
-43.780069220921568 8.825050246013483
-7.776702924335857 47.998708441233404
7.519671522696227 -9.821709911663190
3.136857867685579 -17.240564051963595
19.501426091775361 14.032310692528315
-15.554485892428406 -26.961593026637100
33.935885471318471 20.954735729513480
22.715583628901200 -14.875316558015317
-10.285973183998159 -51.788838796747832
55.103550323387402 -21.196689698245049
-11.663089533279788 28.505419205205072
24.747997398075231 11.746446505270578
-7.720059982165660 11.503425226595830
8.018123658300025 -10.281458009721572
18.702671945219620 33.182327821790658
7.398385485987386 17.619728204991208
34.298827744502987 -36.535834880973205
-36.526301532870505 -42.472625168931316
-33.324274959089628 -34.065550878536087
-24.534848000355517 -9.024336244046424
-10.717244434676001 15.048245323889233
1.719280637334157 -10.353482757869774
10.055093005640934 38.870864379938503
32.972337592863923 0.086503541066537
-3.126995236258283 43.447916907774832
28.714937704021104 8.488465964276202
54.791911792368602 5.360068721549202
22.066888372836505 39.885068602418471
4.817124090479580 16.405674787200439
31.211047808035229 1.942715837237436
22.414001555502495 19.048063881224849
-24.524123302414857 -13.393600601149515
17.244563021686922 -37.981776952566470
14.331221681659136 17.103706880546568
-9.109181234280932 -27.651442950539668
18.769409324918310 -18.285342595908890
-14.483239574121818 3.589206845285426
-38.340490448444250 1.467331550093410
-44.544477198319967 -24.300298120180248
-18.278589178717294 12.726765220612371
7.299695239707629 -24.705000330714558
23.159698865594518 33.245864689051317
21.775723609790781 -61.639171850663395
-8.220620140513399 37.651267212822312
27.654879112184581 -19.731546807101484
-16.281555985451984 26.501642165367311
-20.172294121703274 -29.038781647827030
0.747739293328557 -11.724922824544945
24.500775023774370 10.882013793180871
-11.831847314014370 -7.848425075361089
0.374794352688937 -27.046490443298953
-2.583805612115759 9.242016397162018
11.609940147077072 35.015393133493092
-50.501314219267947 -3.799874133670579
8.950184262233657 42.550801824660375
1.976436901870830 -0.766982482298225
3.926008623384031 32.744868089392142
-11.289525989239689 -8.416730967066277
1.068993868928787 55.857236498513331
-24.226312661771182 18.258627812258286
-11.528150724726638 13.001767216765625
-32.011510391459723 18.503266814407642
-20.119221521234742 -22.310657832835499
13.050459358874770 -14.086015458415433
-7.891706548827137 -54.187281154612648
41.687250441071953 39.531144118571319
-6.512735525682679 9.302270736569628
-0.689715507369172 -11.888007789492693
-46.256668045362616 13.533074739908255
20.384290400551158 3.485781957810268
-10.981963714913592 -21.688182939492233
21.291150415925600 34.855165416524599
-13.188712200943845 -31.809104255086311
-31.453738736065766 -27.589272026717559
8.787633613246756 -8.392311293061132
-33.528613208709999 36.785199431041868
-5.117006423632132 -21.608182795947723
-3.664578585652916 7.535257831377914
-25.538984565242050 25.121606257981366
21.474909311150768 -44.645768443249757
1.787959530453482 -6.318663021060855
-8.325497911742973 6.689184557607256
-6.555758760043449 49.262526036484324
19.632437838107414 21.202129493874796
-9.826595684060068 -31.213247311889681
-13.167059660473768 25.871314583527074
-30.570618919841845 -24.027815788312932
5.830073820394110 14.207100562834247
-3.549986483633455 -21.478823992076482
-7.627789335229888 23.814340494985167
3.703701931910163 -21.975501580941447
-0.187227692567892 38.688963870235668
-29.993220823711919 9.917719227598740
-24.385634266424155 33.616406760134552
26.218818391997761 22.241743836902732
13.989320173841751 -20.011161218718435
17.468130752196071 16.550150734766397
37.535403200351794 21.939078163040634
-19.453768185342369 -36.447620179204073
11.473016482952399 7.905444571937583
12.094663023514114 17.094736901310746
-12.667947815883645 -20.495843147588012
16.332207310346099 -47.144934450854500
-44.750692401691886 2.502764388901885
-1.121450218777721 3.509612759688277
2.552247908171839 15.606635936125112
13.735127931520964 16.353807612341999
37.092487696707686 9.092838830913170
-5.191853165928894 -50.366556289714950
-7.288761103289547 22.969028916540896
-21.185504462949499 -5.307868849514680
-15.855828249063061 19.083840213825024
33.817062176239823 -4.296186194602146
-8.559976845732900 -49.810719526168292
-4.259428555205209 -23.917239902639743
19.723913666425322 -30.180294823492318
-2.076190677401757 72.872323593672832
-18.111529706627650 -9.407128424560860
4.752186027501113 -16.467131300568976
45.976705637632961 2.625011441143620
12.405996356734889 -4.999275364636254
-0.153343027566796 -12.105285055975603
21.665822069600917 -0.953411226524557
3.927327360383322 67.183379603087658
35.155126928432679 17.465243654575890
-32.824776331048987 -24.892677709652624
-8.288520644131712 -7.245637486115898
-2.584952726102362 59.789828820415828
0.419879002441140 -22.438433377230449
-28.581546584862451 -9.482200959757602
51.162496553808467 10.126122288836564
6.543592024678689 4.888887098265621
12.743550776397157 -48.983141298398422
-18.954042906009452 -35.375455947401584
2.196252848874863 -12.941678421821882
31.207643504903114 -28.857041897106956
6.103929732061329 -12.704922853861706
-3.360971585022383 -11.472181528683475
4.627522292076658 17.146118923451468
34.002039315605280 -54.297433660942247
-4.874322308312474 21.524946904153950
24.045500400337485 -21.897206253437407
9.326166366925435 36.273318431754312
27.958259487287233 -9.625337392002978
-21.450476644658423 28.503857340661813
13.282610267392727 3.441197543005988
18.955757659511388 10.440672584057127
-11.152296676569366 -12.097778059556790
-26.430513754306798 8.757114232696198
-30.156443771452903 9.945483683105657
20.208889680291410 11.506740332851487
70.671329575227190 -78.102276279040538
9.860191249319389 18.932701647986121
-52.830748517267644 31.961385653569515
1.135303648775912 -10.409002619125790
4.372153697696851 28.467771396952784
51.598785177823196 -11.955866326119629
-29.572660308143096 -20.769153077053591
6.466927763396494 -34.782943324903833
-25.792057241082816 11.263747268302073
32.587603318681104 -10.678291248323086
38.425018013096889 39.223463999456406
9.994424154110570 42.533902429955269
-43.434221739528297 -43.505244227840180
-33.690147399501875 -4.530939094427084
-2.790676848398127 -8.777349608711154
-16.349149247743597 51.910954708535328
24.348427256904117 -1.355696614485843
-17.357043807401460 -27.167085343265008
-24.677493466836090 34.722951396958301
-4.413255453470397 41.169284765307026
-17.456745148284416 3.100500058903403
33.474124276769494 -24.466720722622306
-46.385669622252415 50.962705205315409
60.769355908822604 -1.613087593010170
36.953800554905513 -10.103104954853681
12.852064134811847 10.713273973418714
29.721310637250408 0.678687742291094
-53.894999088828939 -10.861499051775139
12.115138341254001 5.510069467702288
16.300023036436503 18.478877233160222
7.617831114033527 -12.230730405920843
-0.494072101926748 18.787020741862602
21.867883871505448 22.299036067454242
-25.673201956950152 24.526633565319393
-21.147099821744959 28.159533726409684
5.138483773692106 1.172023880885650
-36.603139333334909 13.156923675876712
-22.569947277809138 4.623847829609194
-9.382890670454680 29.463631374189124
11.144621979564805 17.094555699735963
-37.028539207885785 8.464453993894754
18.172407801584185 -12.097990895360097
-53.283923037894709 18.469588924267221
35.811084829266782 9.177281565146785
5.681285127368579 30.355568888102329
-7.237382155210152 1.225273847694385
3.521408102386432 -9.313669020087440
-24.305242032305422 -16.439822409873589
-0.489366811077655 23.268010085861171
-16.124439532992000 31.000916967232435
1.481635791452308 -1.730782878799389
8.793301747295006 17.538871398909759
-2.502822479526152 60.508386379210897
28.539043125736619 23.937550721694361
-18.933225120014935 -0.725546594364589
-3.688770848115828 -22.536848260531055
10.683128096634311 36.837378028749860
-26.906699755501695 -1.130293672082649
22.094604057566730 -16.189165704674188
32.049946109554774 -19.160090413552151
17.816159769921608 -14.470198194448004
-26.284731207178645 -31.746226813287073
-29.312954204826660 -13.365457636405628
9.042779601003129 0.338346194354896
32.008063277013953 -21.848974168005419
3.190883854269668 17.337767063969540
33.960238153651950 -13.069983605775924
13.310051553472121 0.882660355074043
9.002490177658533 17.131743173590184
7.241655787159748 0.807112738009795
-11.658621652044445 17.513487499459568
-15.718842452344383 24.268709052234374
14.816944658930986 36.384988817520259
28.590612806288085 16.067019085967427
36.783934309076962 12.025554462350410
31.578611905895620 18.188441988488368
20.780341541870015 11.584354749877546
-8.105637760057226 22.075235694685961
0.949771132323913 -16.791815243473238
-25.084802811423781 -21.352088057774118
-8.777652534941589 23.477248357178123
6.699163659459893 -59.166955952915416
-1.233953558405866 16.649469399498649
-31.684212838172911 3.261557060999971
42.794048584406255 -27.657542009880121
-48.525657890206638 -3.708792639988294
-13.053944998423729 11.380269130055137
-9.974834346569276 -9.905196375918509
-11.204356633085780 -55.821701420681727
-22.434672693755562 -3.531265318600086
20.346953917850282 37.538170407865621
-10.997901235783043 27.395292045629596
71.797610260098068 10.452445752578329
30.517943373441312 -10.475934684552000
1.931569771866266 -3.355056228224455
-1.649028578227560 -0.213494479806081
13.159706673545557 49.504625956630335
42.528761406425950 23.369876677889028
-19.162528397155903 -63.708367020087039
-32.008656139390368 10.452008923614880
18.930097486387929 20.557395926606560
-16.476413350839938 23.354327505331824
34.681237710652390 -4.789825418469901
10.929683403427896 21.329049255108618
-12.264877958467787 -17.140801625914321
-21.357927844708946 -11.509509155615454
-14.627081482744986 14.651381916971266
5.530686736596033 37.127444298819576
15.663663746808842 14.061846064510089
-2.052344369505783 6.393424333187778
53.469086008725476 -75.373407318736412
-12.284535636034036 -67.971478623677470
-9.657529089362550 -35.335385406683784
41.117130426470368 -5.717545832719663
36.782287951253601 34.360067292528470
34.228899561536011 37.688205227870661
13.969949254904158 -8.722531564567413
-15.065708244201650 29.099407209343013
2.492951579575778 23.276201805787654
27.205801562836765 16.258050192457087
-5.455091847776273 17.589241555975395
2.003531153256379 -20.421083304310102
-27.579691446071326 53.497803314193732
-21.984853846632586 20.693123093602040
29.797314556733486 -8.214972276755200
-20.308299349533993 8.317232026406231
24.975629640349197 14.578449334479517
-3.078921461157805 1.439033884217903
14.774029202346060 -2.506905191613584
17.892937496180348 28.985964626358527
-3.423982486258544 -25.189104991976329
14.674187735012945 -2.111990366195757
-39.129994846415734 -4.361913801753118
-11.220397876029164 14.304043986232317
20.379557463386160 1.138230794387779
-3.716636086574243 -17.165426831127188
-26.463932839043586 49.564438978463521
2.774734330334173 30.121120818496301
-22.180529951637279 -26.477156011767740
2.900037449888758 44.405854751379778
-31.052046252051593 -34.639383810421435
0.551248727676379 27.715394364613154
-10.289255573269211 -17.075065027498631
51.068359795912691 4.533191385753394
10.334244250143025 -1.174699186857115
24.460387981679176 -21.095044433309990
7.256322778700978 3.787594571118007
-18.768912320673799 24.815391038556566
-10.309942934475119 -8.192669882867230
-51.525584540955215 6.158016193448618
-49.273056491674225 9.271301838796857
21.595757446104002 -5.623749059150601
5.993584374726545 36.602019241631474
-30.847361441855693 -18.197265605167750
17.970656177586925 -33.526515282182459
-16.411368727025245 -44.019126939475747
-35.952843598750597 -16.942958532210593
-29.334120763633553 -49.165492820611341
47.651049253971770 -13.079553730227827
-4.854972486605300 -25.634634194087731
-9.450483514396437 4.066769909161593
-5.361045561937643 -59.326897907127247
-32.688337061212387 -56.675138255188394
-5.063783708703538 37.034142622591368
17.938527593821117 3.621091576984145
22.095034764500078 -15.233376817071960
19.977295036695935 -0.571216621720450
18.055524143381120 8.108493107713228
13.340490745792938 1.989420252594277
-21.030116108763494 1.436970933919440
26.689665702741902 15.836278232235282
-1.407062874895162 8.364995722549297
11.646730646014911 20.137596331073276
-30.937928466713448 -5.641880762221724
-13.530356950446620 -37.261147929174967
-2.051906148183583 -19.737169821506036
10.700966571267045 -12.950600316038841
13.572745840607855 -30.984060207272066
4.624687823978837 -18.527953846578857
-51.567609217427993 -19.119508304192674
-12.436171222886667 35.995031480327505
-32.070904577226202 8.221214198825850
-54.370357037845423 27.567351503221879
-6.206082663148031 24.618623012150927
-71.650353209177084 7.164990405108690
29.171297204358272 19.474940521219128
6.200393715912886 1.437167912990101
31.128285980265275 -9.509100161904627
-3.916985107627481 -0.681363744780037
-2.998497392572466 -41.013876309498556
-6.017686929719953 -54.230182016966545
-9.695979955876723 27.096842899792101
47.677707143999832 -20.254673068191757
-0.473689406786579 13.491676004801541
37.844858123879369 12.360045187088415
-36.234567833021963 17.411294517133097
-4.812534667746019 25.288926597338929
-18.314422879853481 26.419585543103427
61.207453293910795 -20.472350041938110
32.656073813376757 -12.259016270402164
29.294729309583921 -8.383333998988599
20.737099399928038 -12.004165847024975
6.449978383441387 -13.070566402934494
0.605987680581464 -45.275695719672107
42.232203173305592 57.296694967081933
-14.656717892095459 -8.620646001467852
46.601369579958522 19.749827969575623
-5.535494324281943 10.457814407453952
-12.201925343624271 -33.321792237363894
11.994283794826060 23.362494138512503
40.086469001268796 5.833446582168955
16.256583856644497 -27.617240368358107
29.963582619785939 33.608246288622389
19.183869637291675 -6.205286217794761
-11.904619007767216 -19.024216569763460
44.384393332589610 -20.741744087122104
-50.178390611687476 -3.566935551006664
-29.644995397951899 -15.493863333308649
6.726883032644387 4.122999012130657
29.509590126512613 -11.058120352326625
16.054489804578047 -6.301560430083778
-9.660566335359601 -13.173975288334660
10.300405887644340 -20.509926669151007
-55.133257706386637 33.330190741813226
-35.471268331056393 -8.328404912923052
-40.986664622402934 -11.808395487946957
-1.792841733648944 15.959178479841775
0.694215349873496 -11.279473025491548
9.770646951516261 -15.548572622398005
-21.644127387874320 -5.234701492180590
-36.732377051989921 17.776174512060308
-42.338278649773308 -2.379938336025130
-42.375004299307001 8.464610321242835
10.174128386693249 10.083235009370348
-53.467163764343091 -42.376938484350362
8.760517284538214 3.152472059256061
-13.979616275735232 -0.310029984512226
1.547835746930021 40.695717836873570
-2.251933548383774 19.820002031607586
-10.016463816924093 19.022920829355776
4.618737797018276 31.266976610504706
0.781998228903530 10.707239772614296
-48.835049953491996 16.279118326586111
13.844032805073301 -32.955407291224681
23.506378860472019 -15.085517450988778
20.959329867572709 35.573819030044682
47.068477428100287 16.695300718084649
12.189575952910568 46.783172759364945
31.008027140540289 18.081048093256204
26.521616361917882 43.180754780921937
26.608293250553103 23.481773616688958
17.526038988032592 -18.446853392110974
18.465055455798520 -54.249313617893812
10.842843079614033 -17.903907309057757
