0.000000000000000 0.000000000000000
0.000000000000000 0.000000000000000
17.299164407958482 0.000000000000000
6.422566461358286 0.000000000000000
19.982816905233289 0.000000000000000
-17.198896269478901 0.000000000000000
60.219215246862809 0.000000000000000
11.380323185739142 0.000000000000000
-28.132149573798344 0.000000000000000
-31.764090276114715 0.000000000000000
-10.866603764220152 0.000000000000000
-67.963707288140213 0.000000000000000
69.277659067552349 0.000000000000000
20.006669976118417 0.000000000000000
-3.044887566239537 0.000000000000000
-2.527628871937895 0.000000000000000
-20.444298642144712 0.000000000000000
-28.517191512391744 0.000000000000000
12.451341405680903 0.000000000000000
-60.596432544909277 0.000000000000000
-25.673944865600483 0.000000000000000
4.505482490878519 0.000000000000000
-11.299393864644545 0.000000000000000
24.560471241469145 0.000000000000000
3.883718692766251 0.000000000000000
45.934615877364571 0.000000000000000
33.058342098907069 0.000000000000000
-8.692401006170929 0.000000000000000
49.682145937956911 0.000000000000000
40.117821314955236 0.000000000000000
-29.004247098989065 0.000000000000000
44.276983515012532 0.000000000000000
-31.999674082501720 0.000000000000000
-17.230705747588132 0.000000000000000
58.831833110352598 0.000000000000000
12.310731366484738 0.000000000000000
41.132226888076957 0.000000000000000
4.244517117147116 0.000000000000000
47.148533407089737 0.000000000000000
14.202082796813055 0.000000000000000
-34.200633269821658 0.000000000000000
-39.668610150115377 0.000000000000000
21.902853636394600 0.000000000000000
-12.597535157811627 0.000000000000000
-43.891618444914705 0.000000000000000
-8.795632786501230 0.000000000000000
31.658724785077414 0.000000000000000
-86.263484104275264 0.000000000000000
-17.548744615734204 0.000000000000000
33.901018109198588 0.000000000000000
27.962026874396972 0.000000000000000
0.000000000000000 0.000000000000000
8.910495437064752 6.737711968331602
-2.018768601735542 11.109330455361352
-39.850967056676609 24.184608732281447
-21.017811893141623 23.154670051102102
4.060382212371233 -31.132520027945404
8.880458228592618 -5.555616822446133
-20.808059817101505 49.222163515493598
-6.908580882135233 -6.021252700906450
-32.773043344627887 25.442907722978372
-5.780928717501168 -55.718819347162622
-20.271431396673957 6.411385397578995
-0.253961344375590 24.409096674112046
9.568800455997341 26.209578271164482
-10.620009139199361 2.683732191027438
-19.831479831937326 -18.633958426758927
6.348074590098288 -5.720944015997198
3.126261973323444 -4.465190844691065
12.922223733756963 -32.525297957845325
13.902838197966048 -9.813998021033910
16.881161527285716 -17.115116918294511
-9.161306863594035 9.103955843551963
21.857871693513037 24.332509816760062
-0.627872124977582 -9.092896173348500
22.592087943067682 -4.801625933561353
1.055313613402469 43.225799827188098
10.086780531766580 7.080729777884539
-0.959153046322172 13.620565041985543
-42.559610076003203 2.794441492230065
-15.064105858490361 31.962555327283809
-50.123377918595388 9.723952699213422
53.372276581611608 4.602061079664353
-1.137856578344901 13.192275349988133
-27.980517568883482 -67.145678646729934
-51.439344518887786 7.103562383338990
8.323985025437292 2.534539711271824
50.463073201796689 -32.968002420433798
-12.215231989611727 -1.730697697653888
-3.634883838235685 -5.268527628521632
-41.416116511597565 44.254552196742239
11.974639989892150 -13.006572143085444
-21.274032600071159 -29.916716337977949
-3.092881239718338 -2.717354724049167
47.555697955606846 26.362748261179707
7.072499810492030 -10.441746744337548
-20.021187869332682 -32.178228251127805
24.950962372957427 28.582804102638999
-24.366284937815607 -23.377482623391046
-17.750690667548714 8.802969732321241
-0.184146022819581 66.542077319971170
47.271187054021766 -42.163450418197002
-0.154418569330673 3.727121263936797
27.319501463361853 1.582495269836518
18.648551134374308 -30.742945832035957
-23.621886024645303 -13.598120516299298
-23.016841486531682 -26.881367204144237
-3.596119855999007 4.822911769260401
8.900663530529007 19.245809447569556
-10.378003271154698 -3.669191100458473
18.999131128788928 -10.265907041216789
-4.965559336102168 -44.301516045311992
17.154302262616664 -27.126623000885072
5.233459010612139 43.867667187185873
10.656569517577442 -36.035461834771624
11.099083234091530 0.549371284130609
7.573260091078137 58.353229479356159
18.386898415727497 12.520991609484758
-29.619939167920109 -31.408902321483659
-31.889877455287024 11.621672809821163
-24.793467861167017 -13.991341771523560
0.252471533291894 -5.454069645555846
19.532736106212244 25.598201623579300
-1.114721860328921 -30.191561962072011
18.653644589597160 9.229574032047189
-3.939777326805642 -20.604315046865956
-30.632997371508075 18.789939654699214
-39.949864722407071 -8.302036429426234
-37.292599413870740 37.235367063335374
-20.812728419197633 -5.792643978431749
-16.368217920375606 6.459966775618709
-39.610412578582661 -30.801479254454083
8.798825279181278 32.650669663171826
-11.110448020929503 -16.384786205544881
-9.123715024346716 -19.737408459720619
-31.973252493337107 53.693053930673507
3.873679625322301 17.274843009507240
66.020083437519702 -45.485881201554882
4.700383089282306 -41.676493544590706
-21.898150287338449 24.582844511600150
-39.899132396289566 37.973330375719996
-6.225380459944105 29.305358779654359
-26.806450657284373 -5.902433698190333
-13.505836961732301 6.497260845477006
-8.026756965952615 -7.134435356016158
18.653037746839523 13.575041116776433
18.548201764303240 11.939687719864880
14.237365363084635 -28.227549032712634
29.850915379026159 10.964028560378100
26.105219602903830 -29.794424642615610
-20.895298677757541 16.375580954160995
2.436207418950427 -77.343706869632314
32.820927272321839 12.419043607710879
-21.102974282976895 -33.510817029995614
-29.605981846386079 -10.290671336872377
15.102948423292396 -40.733967386394504
-26.826200072488252 -11.891421452346483
23.574327941558259 -5.571971187275229
-0.610177374181046 -3.477817931750399
-26.452766058415900 21.084245631235255
25.743513652093114 38.759935211799217
24.234351705164968 20.324104828788627
-3.514296549009801 0.611859275434402
22.323415416067245 3.829216222233633
21.269793480578947 -36.534081533686660
9.598994124474080 -16.380482087427467
-9.144494219932840 -11.990576270015591
-16.665319795418963 -21.068647399712937
-10.503096329921998 14.277580277907353
4.310164026057652 -5.062293616256659
-22.146467658361079 21.704454308806909
28.164202105490901 9.043752740329712
7.186553255975866 28.503660247380971
-5.273128501016253 0.059281459506478
-35.516414036329834 -50.378191136548665
-29.285872595294634 -25.765182738624819
12.369539817268537 -20.542201340607054
38.682337659451626 -38.401789322931663
-4.142992847708417 0.625493051705707
-15.861250431410003 -11.286441440854126
-9.692389620841539 -5.161681667590774
1.985384359381505 -9.115867940964755
10.032700005784944 -18.259928780768547
14.854796762627501 20.323596169348928
-45.362367307225817 -53.529389389905191
23.249758611365241 17.565192499271063
-22.479254680541693 35.243309386102872
-11.136263200848358 -9.461702276632600
16.021232248619985 2.903058483145604
2.141562222386767 -0.596709055368000
13.384905273578232 -36.772552721022180
-15.094095512953546 -4.723749241641019
14.852240625371229 1.879596957326002
56.858585422615889 15.118957401086782
23.114883185341135 -33.686541973357542
-5.144616893500171 -16.859562463090938
-33.128350443016807 42.510443010072827
5.495449366185012 25.374111840813853
-6.764082519782656 31.889810368608362
-29.721334274853472 18.310804115813088
-34.203103331826640 13.947229182080118
-9.109365362790861 -7.168839452244920
-10.316992003184527 -14.542370142067796
-1.071730182718362 -2.689713154408914
-11.801204870075905 -10.503541719034382
20.682048472792935 33.653815515083345
-34.697315674492032 -38.122711866559882
3.021867981354703 -19.850898285760433
11.874165253229140 -0.649342287371922
-7.950070998200646 -0.800542787450879
0.160860054345905 2.487249869707654
7.597597110516564 -18.753101905559426
-12.532862226576677 11.440434352120107
-53.167873745308832 -55.289601673167070
2.416539170818381 -32.216167796325330
37.572590338999419 7.619020697302337
-5.303543311591775 15.459074764926548
-11.897854562306589 17.014083140485429
-17.302298801461124 19.027410342902826
-14.310517232543457 0.599953939661990
-36.027941758726541 -6.114781910548266
7.515629453843029 -24.759753720307476
-3.667818801436420 -4.638984201931007
11.465196367883570 -4.284124749134338
-20.159029310995809 -20.262557518162232
-19.975369448148985 -19.929760749563535
-14.579704276129101 -27.625302857228938
-32.760287982626380 10.825120325916931
7.719703261691242 -9.498158483199177
16.677062696963922 -8.729498854880969
-24.023366283930244 27.300996126874249
-25.213160894494106 6.821289479590419
10.911200540198386 -14.331797809552542
-7.192206778748118 -20.314195921713015
-11.819581898851242 10.475323475005389
-15.038290801677785 5.066839380215910
-9.529809015765933 -60.078933356146784
-40.945346085377061 -9.590369310257785
-14.662187599432714 20.219353575280024
-10.286404623848737 -2.296220227855458
9.066390229545796 -7.104017246533689
37.107374655211743 -55.245756156036535
1.341689792996412 -15.878371954558554
45.383669578120191 -3.845057558806501
-30.921708491623260 8.434519114496412
11.706964511522790 -35.978987713777727
-32.462957925257776 -32.576128901407763
9.935263850088056 18.399930989639024
40.706626302948330 8.621965456399860
-36.929343768149231 25.262368762689103
20.617477443752424 14.412625815655289
-13.552108622472550 -39.590925178987092
-6.170337660636219 2.697303056980105
5.284365688317183 -10.454452318731654
6.417412308278488 20.900418975816130
-7.107693990249977 9.679866113898743
-33.102361860148974 -27.353802659243279
2.088282950851520 -6.348637976445226
21.968329021354123 2.944673890712462
13.886144362016399 14.650707334455243
-0.566415915189382 -10.439700662496296
18.819374057912199 11.833004378898504
0.770796798614077 -23.841060345517704
41.723800527932191 33.751915816348557
-14.207081834951646 17.655330841241053
-4.123786873360592 20.710422185793522
-5.677344954365844 -2.288858146847396
27.738804101759925 -33.774557814595575
-20.402214738475820 -12.895205858983802
9.660928632930013 -14.461503542793036
-27.003993208543328 1.460682971826217
-14.682303265482108 11.402891204720575
33.495106023034381 -33.787237253477116
56.435460954730523 13.661082227941309
20.035151248957412 -18.814956783176370
-1.707277112269230 62.176813471992425
24.781750204045277 7.199120350970448
28.029709431577391 -30.892149369331783
-11.305689860451881 37.744236675523808
35.063866964690469 12.017943332773289
-42.987399079642103 15.369454577717802
-14.152411563801911 -8.618074882784116
-1.363700808973960 26.171716398442971
-20.701710735456711 -16.659306885662492
5.106458568384274 -20.667176874323740
5.450401271721117 19.523991882696635
-0.582092869408377 54.766023870744469
14.748681152029281 -29.460285586765551
-10.284702288642787 7.200595604717720
-11.242201785382196 23.254506223718096
11.270201590884412 -7.947283243529379
5.480174576996627 -4.638128195291999
-7.266498515034624 -10.870210960634186
-52.803339354936604 8.342292941814758
24.632986648887723 -1.813337739485539
8.640770143333537 25.351826096927695
-1.348367888982558 -2.215898015814995
-2.429789763292846 -49.764682035118746
0.300724814888658 10.368798774774074
-9.912632794480633 -0.578615007554691
28.279341933199518 -3.795645640850358
41.425835650299739 17.448119602132554
50.435580834689077 -17.346815260734381
-1.843994767732551 -25.058333725871943
16.194866118377401 -27.005867562835945
3.806021882548145 -3.237156121712940
-4.845150324623189 -6.983396311167435
11.592063936421244 -8.899438549719290
3.643977955390926 -40.649883186473190
-1.091013651779238 -6.306518720596333
46.556080592447287 -18.049729943059866
-19.282091041493242 -0.439095583536464
31.101057174013579 -10.645867641020248
-2.578499293745733 -13.572892808196478
3.783988435246436 10.432864089587516
3.825492936003239 29.979684089265554
-42.320590681556588 -6.074004916028134
36.344926203877471 -12.930804297419968
1.287872675919705 24.933779092233802
5.457220292482459 10.459514023050183
6.820262985342024 33.703801039077419
-36.043891493167102 7.634891259957004
9.599378464847510 35.860921513280566
30.664845750376099 4.877763426917913
-3.256644394381918 -29.562194698164269
25.865039509883605 -40.876008118366720
-18.606211938385133 57.814595115037413
28.080311823492526 23.322372913586502
-25.247218130613287 10.234334803831757
-60.212236301900070 48.748847328382304
-0.445141466896850 -26.886537210689127
3.291852584361494 7.581633810051759
-38.459469384684759 15.546287299243478
35.263499300180634 19.035773237545026
-6.334908122410771 54.668669110748787
37.035940382074628 -9.352302285993424
0.431834400774047 13.642233724686172
-15.979410223409548 -11.268969133286735
-30.041760352877752 13.506881276754168
35.946826693844727 -3.994816611226114
-27.063491054858947 28.615833234069498
4.586884520631660 3.975204491730909
-11.141021682965832 2.468129524764231
-1.688764290043147 2.977861413721794
-12.532887432137301 -12.222176417475223
34.186660211956628 8.666696866395453
-32.151548953478247 20.901884556144783
-33.486070871068144 0.713705738730641
-17.704775903025315 8.359828023191390
-20.398081007156204 -38.090604942726642
-14.835408703564104 -25.336813633831614
-40.380841855967113 -18.024500710214205
-3.239498925097208 -36.766959801863017
6.608381470085201 -43.938218281578855
12.539251701750899 -2.232095790513093
-0.343026728703410 -17.155429429856483
52.880211762417801 -17.604324281452019
-0.694749890736218 -28.596450025599005
-12.257215990847330 10.647013838380309
33.423726622075755 -15.390469818735983
-33.015437910096693 6.649150307424675
-25.504919813234526 32.320163370632351
25.373752941903938 1.249863745304896
-22.674593425640960 27.383775656700035
-5.172240597675006 15.616606317739896
11.174319140012985 -28.778910136209706
-9.276032796268227 35.956484686081566
-26.792732093987873 49.211019044944962
36.770093927758460 44.752082219105631
-21.359168548811226 -7.757692492458262
3.507639219967253 27.882142821252248
-0.129136533294192 -3.147326535223560
-22.928132126264231 -16.683171769990462
-7.955866127040408 12.948924786434311
6.438431063911031 5.797128525392996
29.079761815403135 4.201205800101286
12.352404737183837 -11.005011117087868
9.900733088406627 -4.490273807258555
23.078342206287022 -2.973747362444509
15.002624061651327 6.050614010516441
-27.961348332941441 -9.255858979756653
33.521490590362738 12.856466473925739
-3.937012320486630 16.188971191173142
28.580865850181905 31.101910879088511
-19.667915792327065 10.023085097480163
-7.152978965244928 -9.604691733676312
29.103074805211790 11.506602136727537
-24.911818081372815 -26.424596733741833
-4.498979694043805 8.548105978345705
16.589575158279739 -25.786671164619012
-15.200571541908582 -22.774969943312243
23.382836112180648 2.613360950329425
30.101607411933770 -4.552569383497885
6.992590507990903 -27.934581128632423
-45.072651236235963 56.962645509635557
8.240805440258612 20.586110135421123
-26.816095281542022 -1.650134269473249
18.393122072822120 36.290008034885375
-21.559371442415429 -15.305607322743699
-11.317261935457015 3.866112667798026
-62.718760517205979 7.945314723709731
-13.988043336299153 -28.571398479525026
31.452183387885910 -0.525476637034857
-7.550688286225278 -0.422315040104280
10.686949961454522 29.773645047267635
-33.115405566370157 -28.757902292536851
-22.872234238569401 -30.224190015439987
18.997429575282712 -32.723832921726945
2.354932835066382 11.261238451471453
23.722537802418593 -16.059419504735398
4.560669599851077 31.270055088459245
-0.340512471316160 15.292923427535774
23.458982839662450 -22.783242630026042
-36.643158887439533 -34.201458022693068
-19.471066000047557 -9.472901564704197
23.616449097240341 -3.498740454275570
-55.672882624639918 17.137054004378687
27.403099149408831 -8.561346948690185
-8.183114056172892 -33.618896016536425
-29.145035709346732 25.865904360302217
-10.855607486456226 -0.912021089244479
-14.215796132800566 -13.051591056645373
-46.708166779822257 22.519011656190436
-8.602149453194974 -3.573136043742905
-27.690015624220482 -7.902129701594827
6.249949664599682 64.162059884114711
-16.258036823663161 -26.999748514502055
18.720395008116771 -14.865788439415981
-13.386201799701389 -31.088098902529900
-1.152405332773888 -29.212281786292614
0.223645026542424 5.588314994270910
-19.008639855938721 16.446781883480973
-22.797178484116955 14.038611254814546
-19.196884224544991 33.941432486033293
-4.283284550502731 45.803158290134924
-2.311996681243282 2.920606587136569
41.397061872214223 -25.910350248568264
-23.764660110986661 19.562806770183165
11.266290535699310 3.871858171073304
-36.609909813586619 -11.870361200573011
-7.626388243568937 -38.565950730231954
-21.421422982711658 11.772014288233452
-2.970898105855568 11.213410726620333
17.769895422218298 5.371486674957322
17.048208259017944 -24.176686368388417
5.991009345843296 21.973495672446813
38.134776427903880 3.040186865468995
1.117892096704749 -10.239905982242869
-16.617899186245261 33.731289592505412
4.992931222828832 35.323161802119770
-52.417641205804586 45.861232620238631
-17.240894697617371 17.952003239599460
24.645285134656223 30.494749017786791
-26.072847506326653 4.483456112642284
5.396510273444048 -58.749979362339545
-65.602650337043684 26.460671078404591
26.925712798937134 25.532690798858486
-65.821295143137547 -55.208661206231838
-40.305049463736367 -5.290853976650729
-22.103567680552398 43.937676469109043
-6.508552833303654 35.506974990387356
-37.640026064267005 -26.706782779452436
-59.376242329617476 21.969470718364729
51.632431653214823 43.890123159369487
14.740965042314770 -30.457218337608502
11.147981392011724 -59.800577863248193
14.872271922143110 -17.125092642155511
-48.490549320237477 -18.945811626094162
1.866757431424130 12.454238224013206
-9.116987311681154 -5.668387144603868
28.242627737978147 -9.558799802217916
-25.415698805103560 -53.354528276126807
-28.599495186110271 -7.699660872585285
19.651833904046946 47.777841928561188
5.167596039457642 -13.102449554786379
-8.202656603247004 9.878706115916604
27.228731618336568 -0.919866561657851
31.116461406994269 20.436624263157270
35.445105397244603 -26.298828744548373
6.509274421622818 -25.979075505906888
4.020796447571825 16.577427614480833
8.166541481590851 15.858209219558141
-21.514656325520839 -16.237047579526710
22.418442852612294 8.873289326503029
2.126281529274407 2.610499342484408
17.569709705186650 -7.820776270418708
-19.582457344404968 20.053461788603403
-8.482864402022184 -24.626754381021009
19.631681699870917 10.388729836326377
27.657933593877740 47.929818103523850
8.066420770827868 8.178303044606338
-8.330697653858659 -22.088910491686647
-27.538177813296588 -23.382039808705866
-34.925368749723120 -31.222764040052603
15.934191007573473 -12.293533889833947
-7.914319251038989 -16.162145897695257
-4.375425588385449 -16.783386773725393
18.742358197487651 26.908780748103766
9.508779228512934 -17.905675005820218
20.423438779084282 13.558583377483487
37.573691085999947 -27.418382695708562
26.786701807906457 21.638614533796488
-44.925146893035524 -8.912715448473021
24.066490096087023 27.432377494860074
-23.206351944135488 -56.792144407004443
-1.771248450178656 -20.396277205037190
23.676857895988373 38.658859515869104
34.324454372506658 -5.395598204335240
10.520085707251816 -14.648976235631070
-19.547462380227437 -1.342438077885222
-0.262158248195528 0.271822695169336
22.546421654418619 -14.489040637818780
-18.094329012114898 2.064190720826761
-12.495360330122322 -8.767563821828757
21.091544074676282 18.901893520487235
-11.080021174552471 11.499344645536885
-25.174216780423833 -13.849407176146300
20.806733289499491 -16.189675624989764
-15.621859145175828 23.783919295116757
16.775885027111457 -15.761547797467578
15.171186939523935 -8.059620300286692
43.257015766433717 11.841929586131066
-5.141313071158620 -20.963198686189472
12.455027715536584 11.320755893533363
1.143401422980210 -9.666730363336184
25.966529018581397 -21.199933965107995
-26.639509783061232 20.347145926272020
-21.699256846549197 -88.002556400743075
10.354981774904804 11.779372709884226
28.027456597287014 -10.881738227527956
-3.256250141431609 4.051946511522915
-0.328917028784454 18.100468089530203
5.520595406512658 -25.439733502380584
18.391250749247572 41.923409662260433
-50.147143026620142 36.188163220668848
-38.087301896391352 -36.323335502099901
-16.723891172710751 -5.869488976545373
-50.311457179633429 -8.544729068957064
37.341277497685468 26.355138519344894
-27.689294348028422 -27.145440366189849
10.582892121347090 -3.791888125053307
-18.684851222889595 7.625743589164786
-27.972906023939284 14.816222179568573
-40.403770025648498 -4.908148350866938
-12.970900367152655 44.798149412952981
-24.302839896111497 -28.421506004945719
2.710038563966280 19.453652481109799
-22.458726308763982 -12.472076275205392
8.617895212541059 -5.450106820277469
28.273617866422150 7.676816825537652
20.874036385898343 11.927772613905979
-15.380473282024456 17.023800666497774
20.890963321770457 2.180834374941158
-40.079366790238069 20.228757669507306
30.511022316757437 -9.187391928274781
12.854414513789823 -11.926395570044640
36.716596268364505 47.225288863028510
53.682153652425114 6.038996055165804
-3.782023513626311 16.688522638301642
-14.458014432258585 19.995088494003685
-1.002642390426443 -27.474551742040234
-21.500323115767607 -3.134114456277939
11.645701542520806 -22.385307346591198
-18.207990188828479 39.894475709947216
5.970114497146065 5.930871121876754
17.331878543684553 2.812652784108078
-24.490398456668125 -31.513003551166971
9.994524799786419 26.816742151691244
20.785023044555821 11.740836947050475
-26.918767493680090 -45.198730663473270
-41.965156748682347 59.892708942801733
-5.754457844780545 -5.968989366773393
33.570018716787175 -38.330332002689353
5.263772047232790 -49.674924208165677
-52.495206318921333 -47.083656180137083
5.567682683388144 47.173647382054980
-38.833836039637376 -15.662664145679805
63.749660607027693 -21.238987888114444
21.193667036245813 55.554217453238316
47.511760633159383 -4.063246777828309
-7.253604447960991 -40.682025928344757
8.477240043813820 6.849300302311552
-2.792225598956887 -6.888266872742931
3.599871744832837 34.745464316350422
-2.981046455469950 25.457072218330133
-2.111872954011498 -6.806615925169453
7.512471830763372 -47.895383502368652
-9.592652378556181 -18.984174660993467
-8.083181176308329 -11.420139560073842
6.173525563213795 1.747488109240598
-21.110619475162785 4.757110741961839
-8.153649342412454 -3.008907695792129
-2.049045807436507 -37.538277224253200
32.274965964321758 -7.793128942369404
-30.856503178104848 0.240357586948068
18.617221403674481 -13.306631633423589
4.135416533173019 0.106200015297858
-16.867306178306670 -8.855555960855490
-15.982188413442152 1.657298939788554
20.279819802978164 35.011297062479755
4.031961480739771 10.647518625937833
0.959646905570826 -25.342357078023010
-46.623143377154804 13.894697003333290
6.173531344478588 51.093142371580655
21.513368119798908 -47.995862406119230
11.243351675654862 43.671351280873054
6.731083901132111 -3.025292442012615
30.257993513756073 12.139628209851054
-44.984464669009263 25.297871512139530
46.262088066448939 0.861291429514254
17.206749711455601 -17.867493537046105
9.201794157699728 32.930168062717577
30.900961466922560 -19.789954296285988
13.282649301066151 13.709478529306553
6.220475508190876 -19.047819540172377
28.649349967245310 -1.367653920500842
20.821557912823405 -28.054250953551954
16.641483029254331 7.237371663158322
-17.117227366494777 0.420895968636040
-28.131514411037678 -4.385590093318904
-38.256641459900337 13.032030272691514
6.386295222858193 19.087394451228750
36.076593705444452 9.332473897553932
4.473785475439628 28.569264867220905
5.290324722712006 -21.739235603184007
32.878872767518025 44.999747581179797
11.642926667370581 -39.864174177616491
11.811398740826261 35.141710418207303
33.302142641524327 5.906261864138042
-22.526308623146861 13.246048577703833
49.836669531612053 8.585201306278901
39.224463816689543 35.539178475849951
-5.611715554063298 35.767631044551415
-19.390402461732752 -5.280014834552577
3.699449047857824 -9.246057452035505
22.326903976088264 -10.919486757121566
3.866154240186617 20.879527143658418
-32.447990113587423 -1.113130732695486
-10.885784489964252 10.790481639585767
-5.763085950145665 11.860756405953881
24.919143918414797 -6.295188408599937
-43.409971001721935 14.505250296019980
3.490338715717416 59.542862551986190
-57.153835541197303 -47.215031926610934
-5.519347474709541 -3.194965544222578
-42.264826703802619 7.956859609895939
-0.697636439929658 35.248416312594173
-10.791088611747263 9.157924959549687
3.548479337030953 -12.173136243314294
-14.661232105995634 1.706225540128772
-21.857157667931393 14.526828324457774
-48.899134060784455 -15.579833045067469
-11.645392813301889 -14.133353913510069
-18.231177501136621 26.662378096211960
-31.770184574586736 10.376480320531510
14.507261628145558 -44.184847321482643
42.273113650830126 -14.134240369928159
-1.168386031111669 -0.055236758345714
-21.543490763627030 6.410720517091191
-25.327372577204990 -9.184291530896664
-6.339388386043648 -25.213608039390600
32.077967638379370 -8.519201849071409
4.760485372993172 13.096784602681412
-11.713066676683280 -29.243511834068642
-10.704070366851495 6.717144556778021
14.882143367175562 -27.764278548289120
2.945807020189991 -7.489617364213241
-10.102239735298500 -34.283549379226244
-32.659333416187984 5.977794933091379
11.195205922505352 18.986913546634682
-25.298105794383275 26.231844315371177
34.390476160873796 -33.510366181527949
26.629552353090993 45.692580946622741
0.562605084441347 31.031081271387553
33.899370300595315 -0.313978567156517
-10.258767919293261 -27.017967171262089
-40.611175725415315 0.620370938042412
8.786937596088540 -16.105089203778682
-5.993274788628833 -22.027170182718056
-0.907835143964012 -13.314013000115473
-26.431705867325025 -34.596099354936584
-17.079274628165159 -9.247197216860606
-34.321963404111159 24.524498515964488
-28.937989391530035 -4.505666915847902
22.940544792910380 10.212022753267217
-19.738348912277537 -10.389235705040644
32.071103048505343 14.503508107088319
27.913369440419061 -7.313076366263216
-30.511288890809261 2.097004639202029
-9.821467445196564 16.010445401431493
17.083705031623357 31.145364546479776
-29.494501082117878 -18.707089019412855
-31.534644456121978 -20.985152606906663
-12.782307621841365 -38.569933647275931
-3.599321476906070 -13.894396096897429
-3.199833675220774 -32.256944357665709
-10.554203374263295 -16.005844694088413
16.321594616830414 -24.424240503927699
8.341569525245236 -21.772878926820606
-2.320335863179105 48.886901230916791
19.534970102279964 -0.727878173983339
26.117052371050342 7.566169575305201
-2.624251714452837 6.632130005919977
-21.276364843127542 38.524728648120735
11.933926430207867 1.712450272281098
14.387925343816603 -6.381830965959077
40.654428402243127 12.450404456883868
-26.475190079094602 9.348460231263960
14.849871785008022 -27.581391130124757
6.252749192063483 -35.548569113751881
21.842463156156413 8.036378318249477
-0.725197064251284 -0.790317860875714
-9.296434424302207 7.061194119792933
46.907597164212468 18.053948730530855
-4.354977097184024 20.361236358251730
12.261140964988051 11.026780539225095
-59.459964251398397 -23.209012321472382
25.787067859608001 6.800220526971938
-28.053961941944983 -50.919061141202405
27.001138363361413 32.521400664658472
40.187639805069146 48.807390371590841
24.809678784457837 -21.048040856185814
-33.671037625818308 -9.938430538115897
-0.774898905534592 -42.880485341797502
-22.429833113058852 -25.055009113436935
-1.908804348497219 -28.782563373903741
-21.990498622464120 7.838784138975932
9.296670600425134 20.164851019831250
-12.460957368173156 -31.631691506716788
1.604095004953514 25.098237425411732
7.817878608184905 -26.425033928711098
15.703536731046304 4.240313883415060
31.404505403302728 -16.831308355314796
-5.679759522920873 6.124955558155892
24.371466223568689 -8.194670908618944
-0.230466166685170 23.944078315980146
-16.230919775003564 -19.221783487162735
29.320428252485691 -6.707265303491610
0.464647620869050 6.230032819357013
-33.134151761942029 -9.408470648141998
-25.571523061456876 -12.050407966274243
4.652157997943867 4.735325277139109
13.706659141641529 5.766675146626735
24.196692389786531 -5.564856546572527
-1.388057183031841 12.550561602622215
42.758830562796973 -9.139004579244599
-0.355607189944111 -22.689957453917422
-2.332550619327149 4.921201409051918
-20.416702077334577 -3.087938034344202
-10.716256731207300 -3.435437729571707
1.769050678450680 13.875906605148300
16.428324170706880 6.360367120709595
8.126095843991141 6.477787423714661
8.519768528562325 39.454646424642981
57.604408494196633 -14.176017833075639
2.833105871518497 17.236072017335040
-41.268057168918709 -4.849497042744418
50.239296141959990 23.273354941309872
-39.597818865025225 15.581779911906152
-19.193867921288440 -22.825283806950249
-27.898008112518490 39.993836408342013
-10.280687488895454 22.134506062998703
42.015621199985908 -26.268782555299104
-13.928780676237794 4.883459943152310
41.275328900344569 10.795260275742317
-10.980372005765124 -16.434346507058759
-7.154246206444483 -4.874245257180762
17.808792562354771 1.750187251229281
-8.042567153432939 19.834172917473186
-1.485361438921081 24.953159342345820
3.293237994170595 -8.328725772045591
-5.088976758968151 23.497465710697952
-7.534242036480641 34.638726463486357
-36.198261998325918 7.715616735522063
18.781457098233151 12.649788930543508
-25.543099199321727 -19.088512720141861
19.186063466573067 4.107445630143586
25.179494074842662 -52.664122885704536
17.137172955306887 -3.526550843515787
-18.077539871637050 4.651170988708208
-25.522598931607913 0.822833018386616
-21.788632698326595 -21.497985247029874
-29.611395464849092 -29.873741320805856
5.746987245314451 -32.621847072301833
-30.405801998774383 -34.763518534308560
-25.434862123763185 15.690353136499287
51.553813321837616 -16.129426074223122
-12.506075351985070 -18.305151621221601
25.832100208643734 38.312034327451393
23.187426208246698 50.510678017198110
-65.874318385209122 -17.075921476380810
17.480184685678850 -3.272392850623527
55.383246388550951 -50.496233440788025
12.726840487125701 4.770628949255929
-2.892771614583864 1.118860886477628
-43.875181308684979 -38.198915571143559
7.749798404757472 17.509084962253628
-21.216875360601581 29.343629786889771
3.174636389833827 -2.002786584247981
10.354489249422782 35.356879241947368
-40.126381438219539 -19.459293757389023
-19.196331411884980 61.715357055922553
-21.718592281047250 27.492201328566995
13.115883624709026 -19.717876807928565
8.084616498885380 -12.873585018196543
-19.030186872675454 11.968542176721737
-16.829550959782829 -18.792626260731115
-21.721735605999740 -4.790093870470487
1.873886329758876 -4.528575333352696
1.209635695835392 18.647804707852863
-20.338331827190423 -13.296839260379992
-5.726856079823730 25.267470772216392
25.952542920054412 38.671339986448217
-18.684235320627817 9.740698223086966
22.970780692609274 10.379041458228830
-17.270449481252609 28.537228801574347
-1.221320376220223 0.928766620577920
-14.323404220416544 9.248350242470519
7.007814136032637 10.595479812966714
14.661011120335711 35.839017575564988
8.820959309310949 14.074738699993448
22.391908897937984 27.151065225224443
14.238138893335098 39.463981014842602
-6.587423436675834 0.176355694256870
16.580715673203017 -1.418322271104830
-11.506254933995548 -34.000370301507779
55.936704308431281 14.807253217100962
-1.491802196238489 19.214346693865267
37.037142789323653 -49.789650165303243
-23.218944204047066 -23.349582238378929
17.458559012422032 -13.709215969822438
-19.553348117578178 39.281122923691875
10.131573883667048 8.981086662779219
14.520200001000612 -15.826537736324934
3.150716629552589 40.756362124109287
15.333796246186287 -17.294383580472694
23.602239921229913 -18.374898480049339
-11.055968262435911 25.413638567380428
-22.097242866907507 14.374173262310027
-9.511129502384488 -12.959449762507598
5.697198283199272 -14.213386112555851
5.309048570836910 -17.620644524842096
29.813646276815511 17.948540679403028
21.028461234874705 -20.799466979229852
-47.043559761331061 10.092483222367516
28.521597070285331 19.821624009637855
30.815609780286248 -11.092454784856576
3.623797798567194 -3.003004791161173
3.960794805869106 18.285420606871686
14.889272680102055 17.248874796960340
-55.102577201472897 -0.690455370053134
24.172272751963256 -2.154585424357107
22.890736294423693 6.217076675060829
5.328561579460355 59.707320136104158
-33.463008487473374 -18.429189450497667
10.004673227176415 4.695216427669897
-56.564380235401131 0.404424515709436
5.428864127429829 37.250883005525274
29.078187210171027 19.601832803525213
55.315106549068624 8.190293340938034
-18.403319469019529 -12.237246272659773
-2.779511303043162 49.962614011101550
-23.007636969263189 -27.151707033334169
-17.122109856985158 32.339672717210142
1.276010060084819 -11.298477802250204
-8.603302770726106 20.386653529940947
-8.662476567467547 32.399266955387844
-6.625404801791991 2.550739781448707
18.629362486308779 -23.673171145448066
15.312818143683744 -7.866158457247969
29.843580202340423 12.088229978273644
1.977863256522861 8.722367979573795
39.916244721257804 -28.827093733099694
-22.509551850351645 -4.787325233854959
-10.525213436687133 -14.348667942988831
-13.304515098844533 34.571299437217647
-14.837090235330045 6.442796002968026
13.913247444958142 17.126257778158418
-25.425711522237943 7.967036901104444
-30.768619395685540 -6.035150173824052
-10.110991190926748 -20.692190523438914
-73.182198038227796 64.567310645097365
-3.998559049834036 6.041286705132250
88.316710675358351 -39.210801786118992
21.576926108455190 12.134983099588441
37.090491257104034 -66.783139542846016
5.942146054306876 -31.204713403979117
3.530269025728181 -16.773116503787449
-43.508567555728590 15.967657750834707
37.888379202190762 -28.412733499154601
-36.872481360619197 56.525275696812656
37.417772230943584 2.796014287506309
30.757682674633283 5.404753534202325
16.162653372293700 -7.203142105737475
13.840639085967759 20.855565939746533
-21.163162761333783 15.004642164266491
31.532865001862206 3.275025449259271
-10.331371651505179 53.883970969207219
8.023515906521459 -3.031393011872207
10.354780136707534 -13.475613371648301
6.387859290698316 -27.205099287761218
43.752017836827960 47.398996791953515
-29.276748106635541 -21.131625275610286
19.732265311369957 -18.223744208891418
10.813538897931677 8.612171772162849
-15.920384965288742 8.657105195497445
-3.260272545230494 -13.190008885499950
7.548103177829526 20.882513415129644
-8.718659365567257 33.296895113211185
-10.242956794093471 10.748600617749824
-44.355580338834059 3.330784841926532
21.270326821884581 12.286991505956703
-31.325920562100432 -33.945140051779113
47.207295504224689 -42.020543898679740
-29.720307661520092 49.104743671480570
11.397849686956185 -16.440430361048215
11.917878916404083 -26.446152714689823
37.881758080662500 7.882999887773232
-9.609595467505301 -30.640863863198650
6.451214298031661 15.366098061212412
-3.596198303309374 -11.569379942540886
10.298825101859924 25.092464741752632
-46.639427401096619 -2.028905734846680
7.036181054717464 -43.534105172912398
-38.458037001536006 9.269727562528308
2.501167393835845 -12.200102206703207
0.515046562207453 15.431269540384518
-5.022227806537490 16.719594219455924
3.299182221077931 14.808174223197430
2.768988284480236 56.579884367596428
4.095012771379696 1.621559228312065
9.935888788584933 -28.835384712850857
22.838779406767642 38.547017044837538
11.405046737080150 -17.138282224605181
-12.111070149916310 -34.263764806129629
-10.437141896982121 28.790764058818283
12.645973496034630 -13.713120377296759
-14.540797062076003 -31.333566701286422
-50.939255869375188 -11.308171845399331
17.066436627480854 -40.885609433454789
-26.746666255388451 -11.999467584685368
10.570285865157354 2.568803351362400
12.628768261359767 22.747087352039781
9.402615103688751 -16.986895165745018
-0.743409139437077 25.093538204053267
-10.713222397836942 -7.707236904851911
-9.732746847744540 -19.275152489352831
7.238676949858018 -21.622933331158965
-18.513303882332860 3.989151987275127
14.056110864468256 -26.352959819319995
-43.794655714601944 -24.354474002432003
-11.743126604237982 -18.150223556192351
3.060122485361857 4.429451403013242
7.566666271535353 14.030074543175932
10.899854941324362 2.841567601297613
-2.212463373167011 31.456095114121563
-4.747293091686291 18.437224550745825
-12.697828598300749 -22.671431889958228
2.370472727285122 -0.351332896544109
40.991288837020164 -7.228018947301307
0.573028886376768 3.183029863687644
-30.541315167649561 -22.188441901786380
11.842890045052105 -17.213074220351714
-68.041943499308374 2.945394432031518
13.566571638198790 11.124171039863391
-12.230665532775634 -11.942175965974791
11.241388795807763 -14.233523704971839
-2.410018668831893 40.291941982055619
-4.370090532096608 -16.307724815649166
-39.689240279321027 -19.049528510144349
17.025136797304931 80.790494128316766
34.122051678089392 33.803697815439307
-5.716760277213249 -23.913145054287504
16.249649795476206 -27.417083672197972
-47.911194645399021 3.891005943287345
-13.450994493165153 2.614894631218518
27.933195912464388 -37.963241523763557
-14.669113786205770 -37.517502160246252
-0.248532497697463 14.437328470405220
29.050514936250512 14.324804784541504
-45.382587983420272 6.116198711031616
-0.807399701500966 -4.760908025167685
0.517127937147652 48.747818479267977
-3.465508395664846 -11.695511113995442
10.086796520288393 21.349843649915691
25.060496147147123 26.395330308212575
21.283547960712987 -7.307071489302300
-44.226364154451595 19.795228946693033
-12.895733077156351 6.515432819646293
-9.713784103333030 -7.048768349033457
-4.309459441068084 15.793791445300910
-5.092099605301661 -11.413685519439882
-10.276674219616828 5.749858348297712
-16.346932225523346 40.167838777097934
21.257493310466185 11.824537559505771
-33.529783371475609 -8.279641144829490
-45.972882771323590 -11.339403485806839
-1.447369681847372 16.383101101465012
-22.490003316719601 22.531294771997633
12.748267259801009 -30.243453227994081
-0.171955780735846 -20.936984896991390
-5.231761597696535 -30.359282180196981
-18.582699318838650 -42.684837914301049
-19.392931375190813 22.552209906099051
6.295973922282636 1.685858720397781
-16.871449373061946 6.523393561590725
7.269984903512952 13.173729527684030
-50.684052711210150 -15.221030505643112
11.885367773802768 -42.216954215986291
10.749253040415240 8.943239471307246
1.987314944369344 26.147637928742789
-21.256134796650578 -50.587277270172976
51.632417048268501 -13.526224150622252
6.800486965054521 -30.120746699991194
-6.019897470878684 -17.377197142393495
-27.121352703192542 43.255927326970877
1.985203038987644 -39.533499698710621
3.183876531592155 31.178220602982030
-25.731331890120124 -25.446783482005234
-4.393021769581978 12.584281206486745
13.137753174907928 21.551661075599593
18.473393824233352 21.707968712569649
4.717353394383835 14.684453454143069
-44.690392786692989 -19.240656468214461
-10.269096642334501 -38.171737474148550
-44.626879250531601 10.315817213426341
12.556164834458592 25.783977134716167
-13.575626384534795 3.120082535995416
-14.068348324927397 -1.472390815178610
-5.550148010804467 -6.360653434661525
-22.688212533425251 -52.931005282446691
-2.300375015426682 -27.490907089020912
15.567452058487813 11.248587796561765
8.030851186782670 -25.220674528704631
-55.365318040769274 10.671946744428210
-22.564962342540415 -3.605366207359768
-4.346060328146105 23.616095034866689
-4.368140873381161 19.997133085042471
15.188281091171318 8.155257964880981
-31.681327378639324 -18.918577427128490
-29.738398299243745 33.086940213632758
-35.932878957162259 21.722908983308130
-2.070383884428487 -16.051843278754077
-42.292050467047666 4.032723950689864
-6.048886173076593 -8.627672189287315
13.156513989339391 47.410330904281238
13.063469890703994 -40.561777703172254
8.459464070474223 26.624323816289824
3.904647425229766 -13.282619997065597
26.197809393638266 38.196959884044517
-1.638780169787661 1.383214564081086
5.040947173998026 1.181576357566484
16.343906448220540 22.047313103618439
-21.345341142066960 -27.627805907050384
19.444315775033036 -14.527295398297907
38.603105166673394 29.535314883295960
0.386167824301083 -26.280975657300989
-0.337170137077559 3.094226587799244
24.704181392626403 -2.413329365057255
9.590322177658363 14.350898295796515
-6.241881461636739 7.336377997621627
-14.589136302481981 39.058887111604101
40.511565789812494 -37.626442404714879
23.633338172187020 -24.176193425865996
-9.916786319650678 7.476055068195530
7.318375518979834 18.289564114125003
2.774737282630090 2.655189837398534
-18.609979363304973 13.553557383317848
2.710412686642113 -24.784942663104047
13.888745181950991 14.536505220481711
-8.413706086078989 -5.201962402449562
60.879251843126461 16.360274212208672
-13.633879868761515 4.970239071396850
20.342097031714417 -6.293459554584230
28.338077079733566 25.855440369142080
57.082986964853831 60.879293691118065
-24.140791454357885 -17.398919132284174
-7.118774583767548 -22.638902154790461
7.140001131559425 -33.333686508932566
-20.543021935622740 8.826162447647867
-45.543695487274178 14.326524901078736
4.218856279651820 12.337937811641750
-24.312429281119169 20.563403759569397
30.404155289016266 -11.565130790998056
8.953086624754913 -75.935347682383849
38.823707369791506 8.700318874108744
16.530787565184792 -25.713961001238300
-62.478935047400157 -29.677092710920373
33.755224439572487 13.117735142957482
-35.863552015345846 -2.541338909467285
-5.387206074931592 29.751442369643240
-30.184705464507001 -9.289238040460500
1.805676410860029 12.183795346727257
-26.235137622629537 -13.864323361304310
-31.402477431373828 -35.786799635150345
-5.232507465567461 2.397760356786333
23.364550581093770 -34.019159704042409
1.687697667156189 -12.024828421306433
7.385546361745450 -18.470948453687175
-27.326604676174519 43.184817329064288
-0.502232407534692 31.053809765835400
-12.928461975887696 41.525616594703770
30.090735990229735 55.156595535999777
-0.693779925061179 27.513027500759161
-20.304584535480345 9.640353523281670
-0.109404762184343 22.825147887321631
-8.689981919922289 2.066763712743866
53.329823865259094 -11.972220724961032
-0.073938874262995 -4.617054580733177
-12.246049906794529 15.976050977557007
-45.020640884743457 -28.633615634392065
-12.600779919261756 61.350781409987718
4.072166954936990 -0.375483598987112
-32.553616379686886 20.466170310304832
0.965574078124583 7.773293532977926
58.087095281087841 17.834217082666157
-14.209302190366481 4.707812283636030
5.905923941308132 39.574647554112467
1.133741305594162 14.075858535435884
91.029738957909913 15.177897791759145
37.553751257401458 50.645282398173819
-3.815234128596331 -45.193994382212864
4.119325741393228 -34.564907485845396
-9.144133913345978 16.621386704099983
-0.288667018232149 45.205986793238687
7.159191154170000 16.687519166480691
15.917227433768677 11.532192180849631
-14.641742855528145 -14.320649681138995
-5.593339318116581 -22.897130550908081
11.402624219807112 38.756406804954601
0.961438642067005 -6.932979117827442
-27.696654049781891 32.863699676135944
18.663369946312809 -43.247669056756834
-19.180379856916737 4.381160858141701
10.415184873434800 -45.540836388599928
-3.080891163749128 -48.461644734041457
18.630681034083050 2.430435602313802
-0.868661752272950 -40.451301565179904
5.690188186344873 5.410739816763654
-7.436658513723850 16.849794712279362
-17.917592875128744 6.452794682849591
-43.659505308124913 8.953772777422749
-28.363619375591103 -6.193021596352440
-5.469645781129903 -19.846944512205567
31.138986530845759 -42.515680585740419
0.372741204620828 -9.801861709069824
-38.950550233953635 -17.120639454440848
11.135737337957094 25.151605368088916
-25.513980464352166 19.439298287408175
-40.572751075375763 -26.604900433627797
65.188156680069227 -22.238666643387358
10.200068866137020 -23.297776741962476
-21.346002326916700 -61.136760369091398
5.273639605581575 -21.605298780049193
-41.594074745303480 13.942937951713384
-10.128557466241064 -13.112064469566253
25.207091731587891 -29.800339450229611
25.764536977668886 0.543704997247021
-15.078922680111020 32.619302406522955
-31.583405801968592 -4.513691749924855
6.339381702201006 -37.823182250131360
4.590442472338205 -15.096315687463338
16.853471957795094 3.999835125930826
-7.466592773311767 -4.169181373394571
-29.605829477310138 -18.821410022865990
-9.096040202017665 23.307697024049215
24.130021995457113 39.311866277521325
-17.235564502084127 -11.873255607127692
45.739519164851856 14.370496819099388
7.025980087799583 -15.578865235597821
-39.781329843435714 34.399565125488657
30.948355881920204 2.986052607917935
16.416662134207616 15.587438959310365
3.491011015617011 13.038802787498668
-17.222271349061401 -23.821612373185079
20.798063887281973 16.352390230347751
-15.099291667270867 19.697249935198631
-13.786492926800372 -52.639394527246253
4.446979890862322 -6.913700083833156
14.234667691373156 -5.286138416031767
20.638802967856623 -8.675447845353045
5.375266104250075 -48.632302024881014
30.775141560965480 -18.773583170199785
-11.309475757475937 6.093107512029373
-1.530744930061661 -2.335857281304218
-1.745560655742377 -45.589623276317333
-23.646378494512604 0.896369392365380
-55.966788357246408 34.598159474840941
18.805578991723323 5.096031250288489
26.388514835567314 -4.756783404210557
43.268747206553108 -24.670299898276109
-10.547905745142158 5.045211862388070
-11.918523364093934 -27.019281219758206
-34.949796896349959 3.299480030832837
-34.822223611532287 -0.862409145655771
26.349931344964460 38.591130720583209
20.443527121559935 14.213320760465198
19.449539667796049 -1.454505824284154
14.986881851631379 -11.559278909007078
-0.624753410237508 -21.569316930696505
-21.910790908323435 29.043448359133215
-16.122015781062803 -2.232282526865579
26.676376419566761 51.219094811297474
-28.707460079423228 -55.610367839472126
-42.528978970886314 21.932647937832414
-20.501596985658644 14.573962513732031
-4.149326030780946 -12.068586364447542
44.422941426390693 -42.815467694323466
9.542054802205341 46.461601186848490
58.286095770536384 -5.388508368040695
-6.953087894817044 -38.220125289724109
-35.441417937237411 -17.947569550565753
-19.495708641324349 -13.723948156497901
9.558878785220026 36.488197270690989
3.222123571591339 18.779539392833179
-11.363276148029257 9.102037495101520
9.953429336124099 -17.649362120081001
14.262714281769853 0.490247723196126
-5.156807653362976 19.828835180946101
-6.018379705782353 22.445545225023842
25.617638769794695 -66.654536457437104
-20.063687685535818 -18.758261964607588
14.604482691888652 2.934585600366689
-6.030781712062365 22.570247280969657
-9.606300931009455 3.770657272921851
-11.121002955754459 16.480181960299873
-9.199533800751000 13.167788867517535
9.333010524765056 13.945081017204311
-10.232396426903675 -47.704985694105616
-25.438092260327753 -16.401586781866595
-34.556068283531175 21.298382895650370
36.860695953113400 22.424845822533960
33.219920099932779 1.386012299713861
16.284835453544794 35.146088558187131
1.244042293394480 5.514859354815312
34.819655968393953 17.481926394456153
-33.173865618701726 -20.032680400783736
16.652606030960044 28.252014855879288
0.152964696675294 -9.088469508864623
-26.389965449792690 2.790981522441906
-38.703861507660669 2.338475362950248
21.584715875505829 -4.323862884093446
32.760616330963870 9.537775121973596
-35.811847615261094 -0.309303603108498
-42.730199781671409 -6.264820895829397
13.201397404996007 33.758999603179099
19.827147968910563 -2.175861150760877
30.987175346659019 -3.955304030072117
-6.829253104217255 39.833236356667037
1.564587275791708 17.415400063666773
-1.809903828753726 -53.053046149963478
-13.572566413869634 5.600488331283830
-5.560839231315272 -8.304251352611455
-26.829560464607216 48.902409536782763
-13.186994066304667 29.165941511599129
-18.161943041385392 20.863712481601599
37.756795529390239 -33.870462818473591
-13.335591541155702 -13.800364061511575
18.632123947083937 9.731436029962834
1.383940498201506 6.851259399752774
-2.905068935473412 22.311123492887685
-37.738982471456332 -28.065733883777316
-19.056022412031272 2.078269654566538
-24.558792130227207 -29.414815057487342
-33.659522497582444 -6.161857037699703
59.676013393649235 -40.218521935032882
-0.377996650424706 33.064399404846455
-24.014503059029842 14.570982408556640
-5.749661270168923 10.336177440939908
-47.529466820833598 0.150385251529677
17.353441749305265 69.188263170278191
18.895138871099579 -3.893813279542088
16.333929763351168 -11.883780742493766
-63.962285269806699 -16.489528319479447
10.481175157491185 0.835759968226790
13.956323969447233 -21.656319787486396
-5.978174199393125 -20.645091874569598
66.118345467391578 26.188989925371473
-4.733457408772827 -32.107320410776943
-27.943853070982559 49.508411474592762
-20.636266104129135 4.918633974664851
4.832189037344136 37.305399751494633
39.702860607165725 -29.469059986923408
64.970653492309182 29.067803978971842
-21.215435272947627 -38.178906068366132
-103.967664765233280 38.723905359778570
0.933829210871132 -63.824670932715570
-11.522938179850380 -6.572590602235442
-41.993283451006761 20.234465375826332
-40.650886377585572 12.677718753660679
7.163055530099603 8.376786071436273
31.704596940494898 -14.871446711475874
-41.195375798110440 14.193697935156944
0.322717162503368 33.310052191044498
41.079577003810542 -23.301393663305383
29.413992452887570 -12.739996005812687
-8.906728515853789 45.731895049318908
-24.723713785736290 17.609963662634414
34.506417079490554 -10.459550351947183
-11.602497244719013 27.868355671084871
-13.418988959806150 3.440365130401065
-17.641547277648037 31.303624010587892
40.041864352580070 -4.461700634220796
-23.821494925017198 -50.145682732140862
10.118109724266873 46.650624131912281
-5.227162209654524 4.391664366319277
27.279216332331529 -3.708363716836188
6.743937469230057 4.336327111108250
49.192541307003069 -39.151286028562104
-56.066554726176960 -50.950418362506014
-20.634608427095518 62.804834443345001
13.441131261468284 54.944590908077167
-29.753962100914546 -5.014646267340937
24.543726254530288 15.151213788779488
-8.135110674392168 14.086309444468599
-15.189108370784108 -4.925022015798331
18.371960012492142 -24.853739650884258
-1.822131749735948 -24.777070241303029
-24.018635680509593 0.658785373936633
-20.017172188229296 21.137839321850702
-8.106042606682452 37.323904973679426
13.261992607826214 -39.072898319375724
-46.773167267228125 12.113384756184946
-24.018949723445129 39.590173178634778
18.005385598181409 -6.189655587896854
10.761223769470332 28.331776108587768
